4.553163647651672363e-01
4.549713134765625000e-01
4.546235203742980957e-01
4.542722105979919434e-01
4.539193212985992432e-01
4.536875784397125244e-01
4.534862637519836426e-01
4.532777965068817139e-01
4.530625641345977783e-01
4.528404176235198975e-01
4.531153440475463867e-01
4.536651670932769775e-01
4.542035758495330811e-01
4.547293186187744141e-01
4.552448093891143799e-01
4.559054970741271973e-01
4.568443894386291504e-01
4.577776789665222168e-01
4.587033987045288086e-01
4.596224725246429443e-01
4.605358541011810303e-01
4.613301157951354980e-01
4.621120095252990723e-01
4.628913104534149170e-01
4.636682868003845215e-01
4.644421041011810303e-01
4.652827084064483643e-01
4.662779569625854492e-01
4.672734737396240234e-01
4.682692885398864746e-01
4.692653119564056396e-01
4.702616035938262939e-01
4.711184203624725342e-01
4.718495905399322510e-01
4.725823700428009033e-01
4.733164310455322266e-01
4.740523695945739746e-01
4.747896194458007812e-01
4.753388166427612305e-01
4.757399559020996094e-01
4.761417210102081299e-01
4.765453338623046875e-01
4.769483208656311035e-01
4.773519039154052734e-01
4.777511358261108398e-01
4.781434535980224609e-01
4.785363674163818359e-01
4.789298772811889648e-01
4.793239831924438477e-01
4.797186851501464844e-01
4.800844192504882812e-01
4.800162613391876221e-01
4.799465537071228027e-01
4.798772633075714111e-01
4.798063635826110840e-01
4.797358810901641846e-01
4.796637892723083496e-01
4.796673953533172607e-01
4.797439575195312500e-01
4.798203110694885254e-01
4.798967242240905762e-01
4.799726605415344238e-01
4.800483882427215576e-01
4.801238775253295898e-01
4.800919890403747559e-01
4.800219833850860596e-01
4.799501597881317139e-01
4.798780679702758789e-01
4.798054397106170654e-01
4.797320365905761719e-01
4.796593487262725830e-01
4.794597923755645752e-01
4.792133867740631104e-01
4.789666235446929932e-01
4.787195026874542236e-01
4.784719944000244141e-01
4.782241582870483398e-01
4.779759347438812256e-01
4.777307212352752686e-01
4.774909913539886475e-01
4.772497117519378662e-01
4.770081043243408203e-01
4.767674207687377930e-01
4.765251576900482178e-01
4.762825965881347656e-01
4.760409593582153320e-01
4.758057594299316406e-01
4.755715429782867432e-01
4.753359854221343994e-01
4.751011431217193604e-01
4.748647511005401611e-01
4.746292829513549805e-01
4.743925034999847412e-01
4.740922152996063232e-01
4.735555052757263184e-01
4.730193316936492920e-01
4.724836945533752441e-01
4.719485938549041748e-01
4.714138507843017578e-01
4.708798527717590332e-01
4.703463912010192871e-01
4.698613286018371582e-01
4.696152508258819580e-01
4.693701863288879395e-01
4.691241681575775146e-01
4.688791632652282715e-01
4.686331748962402344e-01
4.683872163295745850e-01
4.681422710418701172e-01
4.678963720798492432e-01
4.674493670463562012e-01
4.669560492038726807e-01
4.664630293846130371e-01
4.659716784954071045e-01
4.654796421527862549e-01
4.649882316589355469e-01
4.644981622695922852e-01
4.640077054500579834e-01
4.635347425937652588e-01
4.631543457508087158e-01
4.627754688262939453e-01
4.623960256576538086e-01
4.620178937911987305e-01
4.616394340991973877e-01
4.612624347209930420e-01
4.608857333660125732e-01
4.605086743831634521e-01
4.601543247699737549e-01
4.599185287952423096e-01
4.596828818321228027e-01
4.594473540782928467e-01
4.592120051383972168e-01
4.589777886867523193e-01
4.587427377700805664e-01
4.585078060626983643e-01
4.582730233669281006e-01
4.580383598804473877e-01
4.576177895069122314e-01
4.571532607078552246e-01
4.566896557807922363e-01
4.562256634235382080e-01
4.557635784149169922e-01
4.553020894527435303e-01
4.548405706882476807e-01
4.543805718421936035e-01
4.539205431938171387e-01
4.534697234630584717e-01
4.531100988388061523e-01
4.527499675750732422e-01
4.523912966251373291e-01
4.520291686058044434e-01
4.516702890396118164e-01
4.513130486011505127e-01
4.509553015232086182e-01
4.505990445613861084e-01
4.502430558204650879e-01
4.498867690563201904e-01
4.497352242469787598e-01
4.495921730995178223e-01
4.494489133358001709e-01
4.493055939674377441e-01
4.491633474826812744e-01
4.490199089050292969e-01
4.488765895366668701e-01
4.487330317497253418e-01
4.485893845558166504e-01
4.484458267688751221e-01
4.483409523963928223e-01
4.482894241809844971e-01
4.482376277446746826e-01
4.481855332851409912e-01
4.481332004070281982e-01
4.480807781219482422e-01
4.480279088020324707e-01
4.479747712612152100e-01
4.479213356971740723e-01
4.478676319122314453e-01
4.478136599063873291e-01
4.477668404579162598e-01
4.477299153804779053e-01
4.476926028728485107e-01
4.476553201675415039e-01
4.476176500320434570e-01
4.475799500942230225e-01
4.475421011447906494e-01
4.475038647651672363e-01
4.474656283855438232e-01
4.474269747734069824e-01
4.473883509635925293e-01
4.473494887351989746e-01
4.472658336162567139e-01
4.471806883811950684e-01
4.470944702625274658e-01
4.470090270042419434e-01
4.469225108623504639e-01
4.468367397785186768e-01
4.467498660087585449e-01
4.466637372970581055e-01
4.465764760971069336e-01
4.464899003505706787e-01
4.464021921157836914e-01
4.463151991367340088e-01
4.461717307567596436e-01
4.460264146327972412e-01
4.458807408809661865e-01
4.457356333732604980e-01
4.455892145633697510e-01
4.454422593116760254e-01
4.452960491180419922e-01
4.451484680175781250e-01
4.450005292892456055e-01
4.448521733283996582e-01
4.447043538093566895e-01
4.445549845695495605e-01
4.442612826824188232e-01
4.437933564186096191e-01
4.433255791664123535e-01
4.428580999374389648e-01
4.423905313014984131e-01
4.419240951538085938e-01
4.414565563201904297e-01
4.409889578819274902e-01
4.405214786529541016e-01
4.400536715984344482e-01
4.395867884159088135e-01
4.391185939311981201e-01
4.386500716209411621e-01
4.382555782794952393e-01
4.379971623420715332e-01
4.377390146255493164e-01
4.374788701534271240e-01
4.372188150882720947e-01
4.369566142559051514e-01
4.366942942142486572e-01
4.364295303821563721e-01
4.361643493175506592e-01
4.358964562416076660e-01
4.356277585029602051e-01
4.353558719158172607e-01
4.350827336311340332e-01
4.348058104515075684e-01
4.345726370811462402e-01
4.343639016151428223e-01
4.341509342193603516e-01
4.339334666728973389e-01
4.337108135223388672e-01
4.334834814071655273e-01
4.332509934902191162e-01
4.330225586891174316e-01
4.330166578292846680e-01
4.332967698574066162e-01
4.337225556373596191e-01
4.341775178909301758e-01
4.346162676811218262e-01
4.350124597549438477e-01
4.353423416614532471e-01
4.355701208114624023e-01
4.357394874095916748e-01
4.358522593975067139e-01
4.359160363674163818e-01
4.359346628189086914e-01
4.359160065650939941e-01
4.358645379543304443e-01
4.357841908931732178e-01
4.356813132762908936e-01
4.355575442314147949e-01
4.354180395603179932e-01
4.352634549140930176e-01
4.350980818271636963e-01
4.349227845668792725e-01
4.347372055053710938e-01
4.345353841781616211e-01
4.343285560607910156e-01
4.341160953044891357e-01
4.338993430137634277e-01
4.336793422698974609e-01
4.334572255611419678e-01
4.332320094108581543e-01
4.330046772956848145e-01
4.327757358551025391e-01
4.325465261936187744e-01
4.323152005672454834e-01
4.320832192897796631e-01
4.318512976169586182e-01
4.316182434558868408e-01
4.313847720623016357e-01
4.311635792255401611e-01
4.309930801391601562e-01
4.308215677738189697e-01
4.306508600711822510e-01
4.304792881011962891e-01
4.303087890148162842e-01
4.301373064517974854e-01
4.299668669700622559e-01
4.297956824302673340e-01
4.296255707740783691e-01
4.294548034667968750e-01
4.292851090431213379e-01
4.291149675846099854e-01
4.289448857307434082e-01
4.287759363651275635e-01
4.286063611507415771e-01
4.284378886222839355e-01
4.282913506031036377e-01
4.281696677207946777e-01
4.280487298965454102e-01
4.279271960258483887e-01
4.278057515621185303e-01
4.276852607727050781e-01
4.275637865066528320e-01
4.274425804615020752e-01
4.273222982883453369e-01
4.272012114524841309e-01
4.270802140235900879e-01
4.269591271877288818e-01
4.268391132354736328e-01
4.267183244228363037e-01
4.265976250171661377e-01
4.264778494834899902e-01
4.263571202754974365e-01
4.262366294860839844e-01
4.263107478618621826e-01
4.264221191406250000e-01
4.265329241752624512e-01
4.266435503959655762e-01
4.267538189888000488e-01
4.268626570701599121e-01
4.269721508026123047e-01
4.270812571048736572e-01
4.271897971630096436e-01
4.272981286048889160e-01
4.274060726165771484e-01
4.275136291980743408e-01
4.276197552680969238e-01
4.277265071868896484e-01
4.278328418731689453e-01
4.279386103153228760e-01
4.280441403388977051e-01
4.281492531299591064e-01
4.282677471637725830e-01
4.284372925758361816e-01
4.286073446273803711e-01
4.287766516208648682e-01
4.289456605911254883e-01
4.291146993637084961e-01
4.292834103107452393e-01
4.294522106647491455e-01
4.296208322048187256e-01
4.297891557216644287e-01
4.299575090408325195e-01
4.301255345344543457e-01
4.302936196327209473e-01
4.304613769054412842e-01
4.306291639804840088e-01
4.307974278926849365e-01
4.309649169445037842e-01
4.311322867870330811e-01
4.312992691993713379e-01
4.314663410186767578e-01
4.317135512828826904e-01
4.320296347141265869e-01
4.323459267616271973e-01
4.326624870300292969e-01
4.329792559146881104e-01
4.332962930202484131e-01
4.336135387420654297e-01
4.339310526847839355e-01
4.342488050460815430e-01
4.345668256282806396e-01
4.348851144313812256e-01
4.352036416530609131e-01
4.355224668979644775e-01
4.358415901660919189e-01
4.361609816551208496e-01
4.364798367023468018e-01
4.367998540401458740e-01
4.371201694011688232e-01
4.374408125877380371e-01
4.377618134021759033e-01
4.380831420421600342e-01
4.383764863014221191e-01
4.386574625968933105e-01
4.389401078224182129e-01
4.392222762107849121e-01
4.395061433315277100e-01
4.397895634174346924e-01
4.400747120380401611e-01
4.403593838214874268e-01
4.406458139419555664e-01
4.409317672252655029e-01
4.412194788455963135e-01
4.415067136287689209e-01
4.417956471443176270e-01
4.420841038227081299e-01
4.423742294311523438e-01
4.426638185977935791e-01
4.429550468921661377e-01
4.432456791400909424e-01
4.435378611087799072e-01
4.438293576240539551e-01
4.441222846508026123e-01
4.444144666194915771e-01
4.446841478347778320e-01
4.449393451213836670e-01
4.451937973499298096e-01
4.454477429389953613e-01
4.457025229930877686e-01
4.459558427333831787e-01
4.462089836597442627e-01
4.464623034000396729e-01
4.467145204544067383e-01
4.469659924507141113e-01
4.472180306911468506e-01
4.474684596061706543e-01
4.477184116840362549e-01
4.479689598083496094e-01
4.482179582118988037e-01
4.484667479991912842e-01
4.487158060073852539e-01
4.489638805389404297e-01
4.492123126983642578e-01
4.494598507881164551e-01
4.497069418430328369e-01
4.499549865722656250e-01
4.502018094062805176e-01
4.504072368144989014e-01
4.503200352191925049e-01
4.502318799495697021e-01
4.501428902149200439e-01
4.500530362129211426e-01
4.499623775482177734e-01
4.498709440231323242e-01
4.497789740562438965e-01
4.496860504150390625e-01
4.495924413204193115e-01
4.494981169700622559e-01
4.494031369686126709e-01
4.493075013160705566e-01
4.492112100124359131e-01
4.491143226623535156e-01
4.490167498588562012e-01
4.489176869392395020e-01
4.488189220428466797e-01
4.487195014953613281e-01
4.486194849014282227e-01
4.485188722610473633e-01
4.484176039695739746e-01
4.483159482479095459e-01
4.482134282588958740e-01
4.481102824211120605e-01
4.480002224445343018e-01
4.478456377983093262e-01
4.476907253265380859e-01
4.475354552268981934e-01
4.473798573017120361e-01
4.472238719463348389e-01
4.470675587654113770e-01
4.469108283519744873e-01
4.467537403106689453e-01
4.465962350368499756e-01
4.464383423328399658e-01
4.462800323963165283e-01
4.461203515529632568e-01
4.459612071514129639e-01
4.458015859127044678e-01
4.456415176391601562e-01
4.454811513423919678e-01
4.453201591968536377e-01
4.451586902141571045e-01
4.449967145919799805e-01
4.448342323303222656e-01
4.446712732315063477e-01
4.445077776908874512e-01
4.443437457084655762e-01
4.441792070865631104e-01
4.440141320228576660e-01
4.438484907150268555e-01
4.436927139759063721e-01
4.435472190380096436e-01
4.434019625186920166e-01
4.432548880577087402e-01
4.431082308292388916e-01
4.429599046707153320e-01
4.428117871284484863e-01
4.426619708538055420e-01
4.425123929977416992e-01
4.423610866069793701e-01
4.422090351581573486e-01
4.420570135116577148e-01
4.419034123420715332e-01
4.417499601840972900e-01
4.415947496891021729e-01
4.414397180080413818e-01
4.412829279899597168e-01
4.411262571811676025e-01
4.409676492214202881e-01
4.408093392848968506e-01
4.406492114067077637e-01
4.404891729354858398e-01
4.403273463249206543e-01
4.401656091213226318e-01
4.400020241737365723e-01
4.398384094238281250e-01
4.396730661392211914e-01
4.395078122615814209e-01
4.393406808376312256e-01
4.390265345573425293e-01
4.387062489986419678e-01
4.383850991725921631e-01
4.380620121955871582e-01
4.377389252185821533e-01
4.374147951602935791e-01
4.370897710323333740e-01
4.367628097534179688e-01
4.364357292652130127e-01
4.361077845096588135e-01
4.357788562774658203e-01
4.354489445686340332e-01
4.351170063018798828e-01
4.347851276397705078e-01
4.344522953033447266e-01
4.341184496879577637e-01
4.337835907936096191e-01
4.334468245506286621e-01
4.331100583076477051e-01
4.327722787857055664e-01
4.324335753917694092e-01
4.320929348468780518e-01
4.317523241043090820e-01
4.314107000827789307e-01
4.310682117938995361e-01
4.307247698307037354e-01
4.303794801235198975e-01
4.300341606140136719e-01
4.296880364418029785e-01
4.293410778045654297e-01
4.290027022361755371e-01
4.286777973175048828e-01
4.283513128757476807e-01
4.280250966548919678e-01
4.276982843875885010e-01
4.273699820041656494e-01
4.270420968532562256e-01
4.267127811908721924e-01
4.263839721679687500e-01
4.260547757148742676e-01
4.257242679595947266e-01
4.253944158554077148e-01
4.250642657279968262e-01
4.247328042984008789e-01
4.244020581245422363e-01
4.240700304508209229e-01
4.237386584281921387e-01
4.234069287776947021e-01
4.230738282203674316e-01
4.227412641048431396e-01
4.224081933498382568e-01
4.220735728740692139e-01
4.217392802238464355e-01
4.214033484458923340e-01
4.210676550865173340e-01
4.207312166690826416e-01
4.203929603099822998e-01
4.200548529624938965e-01
4.197159111499786377e-01
4.193751215934753418e-01
4.190344214439392090e-01
4.186919033527374268e-01
4.183495044708251953e-01
4.179145395755767822e-01
4.174250364303588867e-01
4.169338941574096680e-01
4.164431393146514893e-01
4.159517884254455566e-01
4.154588580131530762e-01
4.149663448333740234e-01
4.144733548164367676e-01
4.139788150787353516e-01
4.134848117828369141e-01
4.129903018474578857e-01
4.124953746795654297e-01
4.119989871978759766e-01
4.115032553672790527e-01
4.110070765018463135e-01
4.105095863342285156e-01
4.100127220153808594e-01
4.095155298709869385e-01
4.090180695056915283e-01
4.085192680358886719e-01
4.080212414264678955e-01
4.075229465961456299e-01
4.070234894752502441e-01
4.065247476100921631e-01
4.060259163379669189e-01
4.055268168449401855e-01
4.050266742706298828e-01
4.045273363590240479e-01
4.040279388427734375e-01
4.035273790359497070e-01
4.030278027057647705e-01
4.025280773639678955e-01
4.020283520221710205e-01
4.015274941921234131e-01
4.010276496410369873e-01
4.005556404590606689e-01
4.001470208168029785e-01
3.997373282909393311e-01
3.993287980556488037e-01
3.989202082157135010e-01
3.985117375850677490e-01
3.981032669544219971e-01
3.976937234401702881e-01
3.972852528095245361e-01
3.968766629695892334e-01
3.964681327342987061e-01
3.960594236850738525e-01
3.956497311592102051e-01
3.952408432960510254e-01
3.948319256305694580e-01
3.944227397441864014e-01
3.940135240554809570e-01
3.936030268669128418e-01
3.931934535503387451e-01
3.927835226058959961e-01
3.923735022544860840e-01
3.919630944728851318e-01
3.915515840053558350e-01
3.911406397819519043e-01
3.907295465469360352e-01
3.903180360794067383e-01
3.899063766002655029e-01
3.894932866096496582e-01
3.890809714794158936e-01
3.886682391166687012e-01
3.882552981376647949e-01
3.878419101238250732e-01
3.874273598194122314e-01
3.870133161544799805e-01
3.865990936756134033e-01
3.861844241619110107e-01
3.857685625553131104e-01
3.853532373905181885e-01
3.849058449268341064e-01
3.842913806438446045e-01
3.836770951747894287e-01
3.830640316009521484e-01
3.824502229690551758e-01
3.818366527557373047e-01
3.812233507633209229e-01
3.806081712245941162e-01
3.799952864646911621e-01
3.793826997280120850e-01
3.787704110145568848e-01
3.781584501266479492e-01
3.775477707386016846e-01
3.769364356994628906e-01
3.763254582881927490e-01
3.757148385047912598e-01
3.751045763492584229e-01
3.744946718215942383e-01
3.738851547241210938e-01
3.732760250568389893e-01
3.726673126220703125e-01
3.720599710941314697e-01
3.714520633220672607e-01
3.708446025848388672e-01
3.702375590801239014e-01
3.696309626102447510e-01
3.690248131752014160e-01
3.684191405773162842e-01
3.678139150142669678e-01
3.672091662883758545e-01
3.666058480739593506e-01
3.660020828247070312e-01
3.653987944126129150e-01
3.647960126399993896e-01
3.641937375068664551e-01
3.635919988155364990e-01
3.629907667636871338e-01
3.623900711536407471e-01
3.617899119853973389e-01
3.611914515495300293e-01
3.605923950672149658e-01
3.599939048290252686e-01
3.595688343048095703e-01
3.591797351837158203e-01
3.587914407253265381e-01
3.584036529064178467e-01
3.580161929130554199e-01
3.576295673847198486e-01
3.572432398796081543e-01
3.568577170372009277e-01
3.564725816249847412e-01
3.560882508754730225e-01
3.557043075561523438e-01
3.553212285041809082e-01
3.549385666847229004e-01
3.545567989349365234e-01
3.541755080223083496e-01
3.537951409816741943e-01
3.534152507781982422e-01
3.530363738536834717e-01
3.526580035686492920e-01
3.522807061672210693e-01
3.519039154052734375e-01
3.515281677246093750e-01
3.511529564857482910e-01
3.507795631885528564e-01
3.504059314727783203e-01
3.500325977802276611e-01
3.496599197387695312e-01
3.492872416973114014e-01
3.489149510860443115e-01
3.485424518585205078e-01
3.481701016426086426e-01
3.477973341941833496e-01
3.474247157573699951e-01
3.470517396926879883e-01
3.466790020465850830e-01
3.463060855865478516e-01
3.459335565567016602e-01
3.455610573291778564e-01
3.451891243457794189e-01
3.448173999786376953e-01
3.444463908672332764e-01
3.440756201744079590e-01
3.437056839466094971e-01
3.433360755443572998e-01
3.429672718048095703e-01
3.425984978675842285e-01
3.422296941280364990e-01
3.418624103069305420e-01
3.414948880672454834e-01
3.411290943622589111e-01
3.407627940177917480e-01
3.403979539871215820e-01
3.400328457355499268e-01
3.396686017513275146e-01
3.393055498600006104e-01
3.389421999454498291e-01
3.385802805423736572e-01
3.382180631160736084e-01
3.378575444221496582e-01
3.374964296817779541e-01
3.371358513832092285e-01
3.367766737937927246e-01
3.364174365997314453e-01
3.360593020915985107e-01
3.357008099555969238e-01
3.353437185287475586e-01
3.349862396717071533e-01
3.346295356750488281e-01
3.342739343643188477e-01
3.339179456233978271e-01
3.335632681846618652e-01
3.332085013389587402e-01
3.328547775745391846e-01
3.325006663799285889e-01
3.321470022201538086e-01
3.317946791648864746e-01
3.314421772956848145e-01
3.310907483100891113e-01
3.307388722896575928e-01
3.303883075714111328e-01
3.300376236438751221e-01
3.296870589256286621e-01
3.293378055095672607e-01
3.289881646633148193e-01
3.286397755146026611e-01
3.282912373542785645e-01
3.279437422752380371e-01
3.275958299636840820e-01
3.272483348846435547e-01
3.269023895263671875e-01
3.265557885169982910e-01
3.262104690074920654e-01
3.258647620677947998e-01
3.255203366279602051e-01
3.253020346164703369e-01
3.250958919525146484e-01
3.248904943466186523e-01
3.246847391128540039e-01
3.244800269603729248e-01
3.242746591567993164e-01
3.240700662136077881e-01
3.238651156425476074e-01
3.236612081527709961e-01
3.234566748142242432e-01
3.232531845569610596e-01
3.230488300323486328e-01
3.228457570075988770e-01
3.226421177387237549e-01
3.224394917488098145e-01
3.222362697124481201e-01
3.220338225364685059e-01
3.218310475349426270e-01
3.216293454170227051e-01
3.214270174503326416e-01
3.212257623672485352e-01
3.210236430168151855e-01
3.208228349685668945e-01
3.206214308738708496e-01
3.204210996627807617e-01
3.202210068702697754e-01
3.200200200080871582e-01
3.198204040527343750e-01
3.196201622486114502e-01
3.194210231304168701e-01
3.192212581634521484e-01
3.190222978591918945e-01
3.188230097293853760e-01
3.186247944831848145e-01
3.184260129928588867e-01
3.182282745838165283e-01
3.180296719074249268e-01
3.178323805332183838e-01
3.176345527172088623e-01
3.174377381801605225e-01
3.172403872013092041e-01
3.170437812805175781e-01
3.168469071388244629e-01
3.166510462760925293e-01
3.164546489715576172e-01
3.162589967250823975e-01
3.160630762577056885e-01
3.158681690692901611e-01
3.156727254390716553e-01
3.154783248901367188e-01
3.152830600738525391e-01
3.150891363620758057e-01
3.148946464061737061e-01
3.147082030773162842e-01
3.145449757575988770e-01
3.143819272518157959e-01
3.142190575599670410e-01
3.140552937984466553e-01
3.138927519321441650e-01
3.137304186820983887e-01
3.135682642459869385e-01
3.134062886238098145e-01
3.132437169551849365e-01
3.130818605422973633e-01
3.129205107688903809e-01
3.127593696117401123e-01
3.125984370708465576e-01
3.124369978904724121e-01
3.122763633728027344e-01
3.121162652969360352e-01
3.119565248489379883e-01
3.117972016334533691e-01
3.116383254528045654e-01
3.114789426326751709e-01
3.113212883472442627e-01
3.111644387245178223e-01
3.110086023807525635e-01
3.108538389205932617e-01
3.106993734836578369e-01
3.105459213256835938e-01
3.103919327259063721e-01
3.102352619171142578e-01
3.100745677947998047e-01
3.099098205566406250e-01
3.097442388534545898e-01
3.095794022083282471e-01
3.094157874584197998e-01
3.092535734176635742e-01
3.090925514698028564e-01
3.089314699172973633e-01
3.087722361087799072e-01
3.086136281490325928e-01
3.084555268287658691e-01
3.082978725433349609e-01
3.081398308277130127e-01
3.079826235771179199e-01
3.078259825706481934e-01
3.076696097850799561e-01
3.075135052204132080e-01
3.073568940162658691e-01
3.072009980678558350e-01
3.070456087589263916e-01
3.068904578685760498e-01
3.067355155944824219e-01
3.065800368785858154e-01
3.064252734184265137e-01
3.062710165977478027e-01
3.061169683933258057e-01
3.059631288051605225e-01
3.058094978332519531e-01
3.056553304195404053e-01
3.055018782615661621e-01
3.053575158119201660e-01
3.052486777305603027e-01
3.051403164863586426e-01
3.050318360328674316e-01
3.049238026142120361e-01
3.048159182071685791e-01
3.047079443931579590e-01
3.046004176139831543e-01
3.044927716255187988e-01
3.043847978115081787e-01
3.042774796485900879e-01
3.041706383228302002e-01
3.040636479854583740e-01
3.039571046829223633e-01
3.038504421710968018e-01
3.037442266941070557e-01
3.036378920078277588e-01
3.035319745540618896e-01
3.034259378910064697e-01
3.033195436000823975e-01
3.032138049602508545e-01
3.031084537506103516e-01
3.030029833316802979e-01
3.028979003429412842e-01
3.027929365634918213e-01
3.026878237724304199e-01
3.025511801242828369e-01
3.024120032787322998e-01
3.022721707820892334e-01
3.021324276924133301e-01
3.019935488700866699e-01
3.018540143966674805e-01
3.017145395278930664e-01
3.015758693218231201e-01
3.014365136623382568e-01
3.012971878051757812e-01
3.011579215526580811e-01
3.010194003582000732e-01
3.008801639080047607e-01
3.007409572601318359e-01
3.006024658679962158e-01
3.004632294178009033e-01
3.003239631652832031e-01
3.001854419708251953e-01
3.000461161136627197e-01
2.999067604541778564e-01
2.997680902481079102e-01
2.996286153793334961e-01
2.994890809059143066e-01
2.993502020835876465e-01
2.992105185985565186e-01
2.990707755088806152e-01
2.989786863327026367e-01
2.989260852336883545e-01
2.988733053207397461e-01
2.988204061985015869e-01
2.987681031227111816e-01
2.987149059772491455e-01
2.986615300178527832e-01
2.986080050468444824e-01
2.985543310642242432e-01
2.985012531280517578e-01
2.984472513198852539e-01
2.983931005001068115e-01
2.983387708663940430e-01
2.982850372791290283e-01
2.982304096221923828e-01
2.981756329536437988e-01
2.981206774711608887e-01
2.980655729770660400e-01
2.980110645294189453e-01
2.979556322097778320e-01
2.979000806808471680e-01
2.978443503379821777e-01
2.977892458438873291e-01
2.977332472801208496e-01
2.976770997047424316e-01
2.976208329200744629e-01
2.975644171237945557e-01
2.975080311298370361e-01
2.974434494972229004e-01
2.973787486553192139e-01
2.973146140575408936e-01
2.972496151924133301e-01
2.971847951412200928e-01
2.971195280551910400e-01
2.970541417598724365e-01
2.969893813133239746e-01
2.969237267971038818e-01
2.968579828739166260e-01
2.967921197414398193e-01
2.967268824577331543e-01
2.966608107089996338e-01
2.965949475765228271e-01
2.965286672115325928e-01
2.964630424976348877e-01
2.963965535163879395e-01
2.963300049304962158e-01
2.962633669376373291e-01
2.961973845958709717e-01
2.961305677890777588e-01
2.960639894008636475e-01
2.959970235824584961e-01
2.959307432174682617e-01
2.958636581897735596e-01
2.957965135574340820e-01
2.957293093204498291e-01
2.956628203392028809e-01
2.956176698207855225e-01
2.956071794033050537e-01
2.955973446369171143e-01
2.955863475799560547e-01
2.955763339996337891e-01
2.955654859542846680e-01
2.955545485019683838e-01
2.955442965030670166e-01
2.955332398414611816e-01
2.955225110054016113e-01
2.955112755298614502e-01
2.954999804496765137e-01
2.954893410205841064e-01
2.954778969287872314e-01
2.954663932323455811e-01
2.954552769660949707e-01
2.954436540603637695e-01
2.954327166080474854e-01
2.954210042953491211e-01
2.954092025756835938e-01
2.953981161117553711e-01
2.953858971595764160e-01
2.953746914863586426e-01
2.953627109527587891e-01
2.953506708145141602e-01
2.953393459320068359e-01
2.953272163867950439e-01
2.953155040740966797e-01
2.953032851219177246e-01
2.952910363674163818e-01
2.952768802642822266e-01
2.952592372894287109e-01
2.952415049076080322e-01
2.952239513397216797e-01
2.952059805393218994e-01
2.951879203319549561e-01
2.951697707176208496e-01
2.951510548591613770e-01
2.951326668262481689e-01
2.951141893863677979e-01
2.950959205627441406e-01
2.950772345066070557e-01
2.950584292411804199e-01
2.950398623943328857e-01
2.950208783149719238e-01
2.950018048286437988e-01
2.949821949005126953e-01
2.949629127979278564e-01
2.949435412883758545e-01
2.949240505695343018e-01
2.949047982692718506e-01
2.948851585388183594e-01
2.948654294013977051e-01
2.948458790779113770e-01
2.948259413242340088e-01
2.948059141635894775e-01
2.947853803634643555e-01
2.947651743888854980e-01
2.947449088096618652e-01
2.947248220443725586e-01
2.947043478488922119e-01
2.946913242340087891e-01
2.947231829166412354e-01
2.947552204132080078e-01
2.947867512702941895e-01
2.948188781738281250e-01
2.948504388332366943e-01
2.948814630508422852e-01
2.949123680591583252e-01
2.949434220790863037e-01
2.949747443199157715e-01
2.950051426887512207e-01
2.950357198715209961e-01
2.950657904148101807e-01
2.950957119464874268e-01
2.951265573501586914e-01
2.951561510562896729e-01
2.951859235763549805e-01
2.951131761074066162e-01
2.950341403484344482e-01
2.949548065662384033e-01
2.948744893074035645e-01
2.947928011417388916e-01
2.947112023830413818e-01
2.946290075778961182e-01
2.945457696914672852e-01
2.944622933864593506e-01
2.943781912326812744e-01
2.942926883697509766e-01
2.942073047161102295e-01
2.941216528415679932e-01
2.940349876880645752e-01
2.939469516277313232e-01
2.938590347766876221e-01
2.937724292278289795e-01
2.936893403530120850e-01
2.936045527458190918e-01
2.935188412666320801e-01
2.934314608573913574e-01
2.933427691459655762e-01
2.932523488998413086e-01
2.931610047817230225e-01
2.930687069892883301e-01
2.929746806621551514e-01
2.928797304630279541e-01
2.927830517292022705e-01
2.926846444606781006e-01
2.925852537155151367e-01
2.924849390983581543e-01
2.923828363418579102e-01
2.922793924808502197e-01
2.919715046882629395e-01
2.913665473461151123e-01
2.907586991786956787e-01
2.901463508605957031e-01
2.895310819149017334e-01
2.889117300510406494e-01
2.882890403270721436e-01
2.876626551151275635e-01
2.870317399501800537e-01
2.863979041576385498e-01
2.857595682144165039e-01
2.851182818412780762e-01
2.844732701778411865e-01
2.838242053985595703e-01
2.831717431545257568e-01
2.825147807598114014e-01
2.818548381328582764e-01
2.811825573444366455e-01
2.803469598293304443e-01
2.795107364654541016e-01
2.786720991134643555e-01
2.778308391571044922e-01
2.769889533519744873e-01
2.761439085006713867e-01
2.752978205680847168e-01
2.744495868682861328e-01
2.735998034477233887e-01
2.727482020854949951e-01
2.718944847583770752e-01
2.710392475128173828e-01
2.701814472675323486e-01
2.693231403827667236e-01
2.684617638587951660e-01
2.675999104976654053e-01
2.667357921600341797e-01
2.658616006374359131e-01
2.649643123149871826e-01
2.640685439109802246e-01
2.631717622280120850e-01
2.622759342193603516e-01
2.613804042339324951e-01
2.604849040508270264e-01
2.595899403095245361e-01
2.586944997310638428e-01
2.578001022338867188e-01
2.569065392017364502e-01
2.560120522975921631e-01
2.551186382770538330e-01
2.542255520820617676e-01
2.533326148986816406e-01
2.524402439594268799e-01
2.515475451946258545e-01
2.506564855575561523e-01
2.497757524251937866e-01
2.491116225719451904e-01
2.484481334686279297e-01
2.477847635746002197e-01
2.471233308315277100e-01
2.464618533849716187e-01
2.458004653453826904e-01
2.451403141021728516e-01
2.444808334112167358e-01
2.438214719295501709e-01
2.431633621454238892e-01
2.425053566694259644e-01
2.418486028909683228e-01
2.411925345659255981e-01
2.405365854501724243e-01
2.398819029331207275e-01
2.392286211252212524e-01
2.385747581720352173e-01
2.379221618175506592e-01
2.372696995735168457e-01
2.366185337305068970e-01
2.359680682420730591e-01
2.353177368640899658e-01
2.346687018871307373e-01
2.340203821659088135e-01
2.333722114562988281e-01
2.327253371477127075e-01
2.320786118507385254e-01
2.314331978559494019e-01
2.307891994714736938e-01
2.301446646451950073e-01
2.295014560222625732e-01
2.288590073585510254e-01
2.282166779041290283e-01
2.275757193565368652e-01
2.269355058670043945e-01
2.262954413890838623e-01
2.256567329168319702e-01
2.250577509403228760e-01
2.245775163173675537e-01
2.240984290838241577e-01
2.236186265945434570e-01
2.231406122446060181e-01
2.226625233888626099e-01
2.221849858760833740e-01
2.217079401016235352e-01
2.212314903736114502e-01
2.207555770874023438e-01
2.202801555395126343e-01
2.198053300380706787e-01
2.193310409784317017e-01
2.188579142093658447e-01
2.183840870857238770e-01
2.179120332002639771e-01
2.174399346113204956e-01
2.169683873653411865e-01
2.164973616600036621e-01
2.160269021987915039e-01
2.155570089817047119e-01
2.150876224040985107e-01
2.146188318729400635e-01
2.141505777835845947e-01
2.136835008859634399e-01
2.132157385349273682e-01
2.127497643232345581e-01
2.122837305068969727e-01
2.118182629346847534e-01
2.113533318042755127e-01
2.108889818191528320e-01
2.104251682758331299e-01
2.099625468254089355e-01
2.094992548227310181e-01
2.090371251106262207e-01
2.085761725902557373e-01
2.081145644187927246e-01
2.076547443866729736e-01
2.071948647499084473e-01
2.067355513572692871e-01
2.062361240386962891e-01
2.056983709335327148e-01
2.051605135202407837e-01
2.046231478452682495e-01
2.040869295597076416e-01
2.035505920648574829e-01
2.030153870582580566e-01
2.024800777435302734e-01
2.019452750682830811e-01
2.014116346836090088e-01
2.008778750896453857e-01
2.003452777862548828e-01
1.998131573200225830e-01
1.992809772491455078e-01
1.987499594688415527e-01
1.982188224792480469e-01
1.976888775825500488e-01
1.971588283777236938e-01
1.966293156147003174e-01
1.961009651422500610e-01
1.955725252628326416e-01
1.950452774763107300e-01
1.945179253816604614e-01
1.939911246299743652e-01
1.934655159711837769e-01
1.929398179054260254e-01
1.924153119325637817e-01
1.918907165527343750e-01
1.913666725158691406e-01
1.908444017171859741e-01
1.903214752674102783e-01
1.897997558116912842e-01
1.892779618501663208e-01
1.887573748826980591e-01
1.882367134094238281e-01
1.877166181802749634e-01
1.871977448463439941e-01
1.866787970066070557e-01
1.861610561609268188e-01
1.856432706117630005e-01
1.851260364055633545e-01
1.846100538969039917e-01
1.840970218181610107e-01
1.835867762565612793e-01
1.830766201019287109e-01
1.825671941041946411e-01
1.820591837167739868e-01
1.815512627363204956e-01
1.810447424650192261e-01
1.805383265018463135e-01
1.800333112478256226e-01
1.795283854007720947e-01
1.790248751640319824e-01
1.785214543342590332e-01
1.780194491147994995e-01
1.775175482034683228e-01
1.770170480012893677e-01
1.765166521072387695e-01
1.760176718235015869e-01
1.755187809467315674e-01
1.750206649303436279e-01
1.745239645242691040e-01
1.740273535251617432e-01
1.735321730375289917e-01
1.730370968580245972e-01
1.725434362888336182e-01
1.720498949289321899e-01
1.715577542781829834e-01
1.710657328367233276e-01
1.705751270055770874e-01
1.700846403837203979e-01
1.695955693721771240e-01
1.691066175699234009e-01
1.686190813779830933e-01
1.681316643953323364e-01
1.676456779241561890e-01
1.671597957611083984e-01
1.666746884584426880e-01
1.661909967660903931e-01
1.657074391841888428e-01
1.652252972126007080e-01
1.647432744503021240e-01
1.642626821994781494e-01
1.637822091579437256e-01
1.633031666278839111e-01
1.628237664699554443e-01
1.623451560735702515e-01
1.618671268224716187e-01
1.613893806934356689e-01
1.609132438898086548e-01
1.604375839233398438e-01
1.599626988172531128e-01
1.594893932342529297e-01
1.590164005756378174e-01
1.585445255041122437e-01
1.580740809440612793e-01
1.576039046049118042e-01
1.571348905563354492e-01
1.566666066646575928e-01
1.561999320983886719e-01
1.557341963052749634e-01
1.552682965993881226e-01
1.548044383525848389e-01
1.543415337800979614e-01
1.538788974285125732e-01
1.534174233675003052e-01
1.529566794633865356e-01
1.524975299835205078e-01
1.520393192768096924e-01
1.515809446573257446e-01
1.511245965957641602e-01
1.506685316562652588e-01
1.502140611410140991e-01
1.497600972652435303e-01
1.493068486452102661e-01
1.488551795482635498e-01
1.484037786722183228e-01
1.479535549879074097e-01
1.475046724081039429e-01
1.470560729503631592e-01
1.466090679168701172e-01
1.461625546216964722e-01
1.457167416810989380e-01
1.452725231647491455e-01
1.448285579681396484e-01
1.443857699632644653e-01
1.439443081617355347e-01
1.435031294822692871e-01
1.430635154247283936e-01
1.426237672567367554e-01
1.421860009431838989e-01
1.417491585016250610e-01
1.413143873214721680e-01
1.409044116735458374e-01
1.404949873685836792e-01
1.400875896215438843e-01
1.396801024675369263e-01
1.392746120691299438e-01
1.388694345951080322e-01
1.384654492139816284e-01
1.380621790885925293e-01
1.376594454050064087e-01
1.372587233781814575e-01
1.368582844734191895e-01
1.364590674638748169e-01
1.360605210065841675e-01
1.356631666421890259e-01
1.352665126323699951e-01
1.348703950643539429e-01
1.344762593507766724e-01
1.340824067592620850e-01
1.336897462606430054e-01
1.332977563142776489e-01
1.329063177108764648e-01
1.325168311595916748e-01
1.321276277303695679e-01
1.317396163940429688e-01
1.313522458076477051e-01
1.309660822153091431e-01
1.305805593729019165e-01
1.301959604024887085e-01
1.298125535249710083e-01
1.294297724962234497e-01
1.290481835603713989e-01
1.286672353744506836e-01
1.282878369092941284e-01
1.279083341360092163e-01
1.275301128625869751e-01
1.271530538797378540e-01
1.267766356468200684e-01
1.264017522335052490e-01
1.260267645120620728e-01
1.256530284881591797e-01
1.252804696559906006e-01
1.249085292220115662e-01
1.245377659797668457e-01
1.241675987839698792e-01
1.237989589571952820e-01
1.234302148222923279e-01
1.230627074837684631e-01
1.226963698863983154e-01
1.223306208848953247e-01
1.220250800251960754e-01
1.217301785945892334e-01
1.214356422424316406e-01
1.211415156722068787e-01
1.208487227559089661e-01
1.205566152930259705e-01
1.202645748853683472e-01
1.199735179543495178e-01
1.196834892034530640e-01
1.193935126066207886e-01
1.191048622131347656e-01
1.188168898224830627e-01
1.185286417603492737e-01
1.182420328259468079e-01
1.179554834961891174e-01
1.176702305674552917e-01
1.173856556415557861e-01
1.171008050441741943e-01
1.168175786733627319e-01
1.165350154042243958e-01
1.162525042891502380e-01
1.159712821245193481e-01
1.156904101371765137e-01
1.154098957777023315e-01
1.151306629180908203e-01
1.148520857095718384e-01
1.145732402801513672e-01
1.142959818243980408e-01
1.140187680721282959e-01
1.137428209185600281e-01
1.134675219655036926e-01
1.131919473409652710e-01
1.129179447889328003e-01
1.126445904374122620e-01
1.123712733387947083e-01
1.120992004871368408e-01
1.118274703621864319e-01
1.115560680627822876e-01
1.112859174609184265e-01
1.110164076089859009e-01
1.107469201087951660e-01
1.104783713817596436e-01
1.102101504802703857e-01
1.099431589245796204e-01
1.096768006682395935e-01
1.094104573130607605e-01
1.091450527310371399e-01
1.088805645704269409e-01
1.086160838603973389e-01
1.083528324961662292e-01
1.080901995301246643e-01
1.078272834420204163e-01
1.075732856988906860e-01
1.073216274380683899e-01
1.070702522993087769e-01
1.068203300237655640e-01
1.065700948238372803e-01
1.063207164406776428e-01
1.060719043016433716e-01
1.058239638805389404e-01
1.055762693285942078e-01
1.053288578987121582e-01
1.050822809338569641e-01
1.048368588089942932e-01
1.045911237597465515e-01
1.043462157249450684e-01
1.041021719574928284e-01
1.038583666086196899e-01
1.036151051521301270e-01
1.033721193671226501e-01
1.031305417418479919e-01
1.028889343142509460e-01
1.026475727558135986e-01
1.024076193571090698e-01
1.021673455834388733e-01
1.019278764724731445e-01
1.016889438033103943e-01
1.014508605003356934e-01
1.012130007147789001e-01
1.009753942489624023e-01
1.007391661405563354e-01
1.005028784275054932e-01
1.002668514847755432e-01
1.000316143035888672e-01
9.979721158742904663e-02
9.956302493810653687e-02
9.932934492826461792e-02
9.909649193286895752e-02
9.886384010314941406e-02
9.863143414258956909e-02
9.839980304241180420e-02
9.816925972700119019e-02
9.793839603662490845e-02
9.770827740430831909e-02
9.747840464115142822e-02
9.724987298250198364e-02
9.702125936746597290e-02
9.679288417100906372e-02
9.656583517789840698e-02
9.633871912956237793e-02
9.611182659864425659e-02
9.588567167520523071e-02
9.566032886505126953e-02
9.543514251708984375e-02
9.521044790744781494e-02
9.498655050992965698e-02
9.476282447576522827e-02
9.452936053276062012e-02
9.428784996271133423e-02
9.404686093330383301e-02
9.380583465099334717e-02
9.356565028429031372e-02
9.332623332738876343e-02
9.308736026287078857e-02
9.284841269254684448e-02
9.261053800582885742e-02
9.237294644117355347e-02
9.213553369045257568e-02
9.189920127391815186e-02
9.166336804628372192e-02
9.142750501632690430e-02
9.119268506765365601e-02
9.095812588930130005e-02
9.072429686784744263e-02
9.049040824174880981e-02
9.025757759809494019e-02
9.002523869276046753e-02
8.979262411594390869e-02
8.956126868724822998e-02
8.933039754629135132e-02
8.909946680068969727e-02
8.886957168579101562e-02
8.864016830921173096e-02
8.841101825237274170e-02
8.818203210830688477e-02
8.795408904552459717e-02
8.772666752338409424e-02
8.749914914369583130e-02
8.727244287729263306e-02
8.704645931720733643e-02
8.682097494602203369e-02
8.659543842077255249e-02
8.637095242738723755e-02
8.614698052406311035e-02
8.592274785041809082e-02
8.569985628128051758e-02
8.547745645046234131e-02
8.525504916906356812e-02
8.503374457359313965e-02
8.481279760599136353e-02
8.459264785051345825e-02
8.437255769968032837e-02
8.415363729000091553e-02
8.393538743257522583e-02
8.371724188327789307e-02
8.350012451410293579e-02
8.328394591808319092e-02
8.306799083948135376e-02
8.285338431596755981e-02
8.263961970806121826e-02
8.242654055356979370e-02
8.221406489610671997e-02
8.200312405824661255e-02
8.179321140050888062e-02
8.158386498689651489e-02
8.137620985507965088e-02
8.118107169866561890e-02
8.099024742841720581e-02
8.080071210861206055e-02
8.061251044273376465e-02
8.042568713426589966e-02
8.024021983146667480e-02
8.005625009536743164e-02
7.987373322248458862e-02
7.969268411397933960e-02
7.951307296752929688e-02
7.933469116687774658e-02
7.915786653757095337e-02
7.898233830928802490e-02
7.880791276693344116e-02
7.863470911979675293e-02
7.846249639987945557e-02
7.829115539789199829e-02
7.812054455280303955e-02
7.795051485300064087e-02
7.778093963861465454e-02
7.761146873235702515e-02
7.744237035512924194e-02
7.727318257093429565e-02
7.710406929254531860e-02
7.693479210138320923e-02
7.676526904106140137e-02
7.659544795751571655e-02
7.642526179552078247e-02
7.625468820333480835e-02
7.608369737863540649e-02
7.591228932142257690e-02
7.574028521776199341e-02
7.556806504726409912e-02
7.539546489715576172e-02
7.522246241569519043e-02
7.504920661449432373e-02
7.487566769123077393e-02
7.470188289880752563e-02
7.452790439128875732e-02
7.435375452041625977e-02
7.417898625135421753e-02
7.400445640087127686e-02
7.383006811141967773e-02
7.365566492080688477e-02
7.348129898309707642e-02
7.330698519945144653e-02
7.313276082277297974e-02
7.295865565538406372e-02
7.278469949960708618e-02
7.261090725660324097e-02
7.243730872869491577e-02
7.226374000310897827e-02
7.209058105945587158e-02
7.191766798496246338e-02
7.174501568078994751e-02
7.157263904809951782e-02
7.140054553747177124e-02
7.122875750064849854e-02
7.105728983879089355e-02
7.088612765073776245e-02
7.071528583765029907e-02
7.054478675127029419e-02
7.037514448165893555e-02
7.020772993564605713e-02
7.004053145647048950e-02
6.987388432025909424e-02
6.970763206481933594e-02
6.954176723957061768e-02
6.937630474567413330e-02
6.921124458312988281e-02
6.904641538858413696e-02
6.888215988874435425e-02
6.871829926967620850e-02
6.855484843254089355e-02
6.839179992675781250e-02
6.822915375232696533e-02
6.806675344705581665e-02
6.790492683649063110e-02
6.774350255727767944e-02
6.758248805999755859e-02
6.742187589406967163e-02
6.726167351007461548e-02
6.710172444581985474e-02
6.694232672452926636e-02
6.678333878517150879e-02
6.662475317716598511e-02
6.646656990051269531e-02
6.630878150463104248e-02
6.615123897790908813e-02
6.599425524473190308e-02
6.583767384290695190e-02
6.568148732185363770e-02
6.552569568157196045e-02
6.537030637264251709e-02
6.521514803171157837e-02
6.506054103374481201e-02
6.490584462881088257e-02
6.475201994180679321e-02
6.459859013557434082e-02
6.444554030895233154e-02
6.429272890090942383e-02
6.414046138525009155e-02
6.398857384920120239e-02
6.383706629276275635e-02
6.368594616651535034e-02
6.353520601987838745e-02
6.338468939065933228e-02
6.323470175266265869e-02
6.308509409427642822e-02
6.293586641550064087e-02
6.278701126575469971e-02
6.263852119445800781e-02
6.249026209115982056e-02
6.234252080321311951e-02
6.219515204429626465e-02
6.204814836382865906e-02
6.190151348710060120e-02
6.175523996353149414e-02
6.160933524370193481e-02
6.146364659070968628e-02
6.131846830248832703e-02
6.117365136742591858e-02
6.102919578552246094e-02
6.088509783148765564e-02
6.074135378003120422e-02
6.059782579541206360e-02
6.045479327440261841e-02
6.031211838126182556e-02
6.016979366540908813e-02
6.004583090543746948e-02
5.993109941482543945e-02
5.981679260730743408e-02
5.970217287540435791e-02
5.958829447627067566e-02
5.947483703494071960e-02
5.936152115464210510e-02
5.924862250685691833e-02
5.913586542010307312e-02
5.902338773012161255e-02
5.891132727265357971e-02
5.879940092563629150e-02
5.868788808584213257e-02
5.857651680707931519e-02
5.846496298909187317e-02
5.835426971316337585e-02
5.824371054768562317e-02
5.813355743885040283e-02
5.802353844046592712e-02
5.791378766298294067e-02
5.780443921685218811e-02
5.769522488117218018e-02
5.758640542626380920e-02
5.747772008180618286e-02
5.736898630857467651e-02
5.726082995533943176e-02
5.715293437242507935e-02
5.704542994499206543e-02
5.693805590271949768e-02
5.683107301592826843e-02
5.672421678900718689e-02
5.661761760711669922e-02
5.651140585541725159e-02
5.640532076358795166e-02
5.629918351769447327e-02
5.619360879063606262e-02
5.608828738331794739e-02
5.598334595561027527e-02
5.587852746248245239e-02
5.577408894896507263e-02
5.566977337002754211e-02
5.556583404541015625e-02
5.546201765537261963e-02
5.535844713449478149e-02
5.525481700897216797e-02
5.515174195170402527e-02
5.504903569817543030e-02
5.494644865393638611e-02
5.484410747885704041e-02
5.474213510751724243e-02
5.464027449488639832e-02
5.453878641128540039e-02
5.443741008639335632e-02
5.433627590537071228e-02
5.423507839441299438e-02
5.413442105054855347e-02
5.403412505984306335e-02
5.393394455313682556e-02
5.383399873971939087e-02
5.373441055417060852e-02
5.363493412733078003e-02
5.353581532835960388e-02
5.343680456280708313e-02
5.333815142512321472e-02
5.323918908834457397e-02
5.314087495207786560e-02
5.304291471838951111e-02
5.294506251811981201e-02
5.284756049513816833e-02
5.275016650557518005e-02
5.265299975872039795e-02
5.256867781281471252e-02
5.250249058008193970e-02
5.243656411767005920e-02
5.237065255641937256e-02
5.230529606342315674e-02
5.223966389894485474e-02
5.217416584491729736e-02
5.210880190134048462e-02
5.204357579350471497e-02
5.197889730334281921e-02
5.191393941640853882e-02
5.184911563992500305e-02
5.178442597389221191e-02
5.171987414360046387e-02
5.165585875511169434e-02
5.159157142043113708e-02
5.152741447091102600e-02
5.146338790655136108e-02
5.139949545264244080e-02
5.133613944053649902e-02
5.127251148223876953e-02
5.120901018381118774e-02
5.114563927054405212e-02
5.108239874243736267e-02
5.101968720555305481e-02
5.095670372247695923e-02
5.089385062456130981e-02
5.083112418651580811e-02
5.076852440834045410e-02
5.070645362138748169e-02
5.064422264695167542e-02
5.058200284838676453e-02
5.051991343498229980e-02
5.045794695615768433e-02
5.039610713720321655e-02
5.033478885889053345e-02
5.027319863438606262e-02
5.021173134446144104e-02
5.015039071440696716e-02
5.008917301893234253e-02
5.002847313880920410e-02
4.996750131249427795e-02
4.990665242075920105e-02
4.984592646360397339e-02
4.978531971573829651e-02
4.972523078322410583e-02
4.966486990451812744e-02
4.960462823510169983e-02
4.954450950026512146e-02
4.948450997471809387e-02
4.942501708865165710e-02
4.936525598168373108e-02
4.930561780929565430e-02
4.924609512090682983e-02
4.918669164180755615e-02
4.912779107689857483e-02
4.906862601637840271e-02
4.900957643985748291e-02
4.895074665546417236e-02
4.889193177223205566e-02
4.883361607789993286e-02
4.877503216266632080e-02
4.871656745672225952e-02
4.865821450948715210e-02
4.859997704625129700e-02
4.854223877191543579e-02
4.848423227667808533e-02
4.842634126543998718e-02
4.836856201291084290e-02
4.831089824438095093e-02
4.825372621417045593e-02
4.819628596305847168e-02
4.813896119594573975e-02
4.808174818754196167e-02
4.802465066313743591e-02
4.796803742647171021e-02
4.791174083948135376e-02
4.786217585206031799e-02
4.781297594308853149e-02
4.776348918676376343e-02
4.771446809172630310e-02
4.766516014933586121e-02
4.761631041765213013e-02
4.756755009293556213e-02
4.751850664615631104e-02
4.746991768479347229e-02
4.742104932665824890e-02
4.737263545393943787e-02
4.732430726289749146e-02
4.727569967508316040e-02
4.722754284739494324e-02
4.717910662293434143e-02
4.713112488389015198e-02
4.708322510123252869e-02
4.703504592180252075e-02
4.698731750249862671e-02
4.693930596113204956e-02
4.689174890518188477e-02
4.684400558471679688e-02
4.679661244153976440e-02
4.674930498003959656e-02
4.670171812176704407e-02
4.665457829833030701e-02
4.660715535283088684e-02
4.656018316745758057e-02
4.651328921318054199e-02
4.646611958742141724e-02
4.641939327120780945e-02
4.637238755822181702e-02
4.632582515478134155e-02
4.627898335456848145e-02
4.623258113861083984e-02
4.618626460433006287e-02
4.613966867327690125e-02
4.609351232647895813e-02
4.604707658290863037e-02
4.600108414888381958e-02
4.595516622066497803e-02
4.590906947851181030e-02
4.586331546306610107e-02
4.581728577613830566e-02
4.577168822288513184e-02
4.572581499814987183e-02
4.568037763237953186e-02
4.563502222299575806e-02
4.558938741683959961e-02
4.554418474435806274e-02
4.549871012568473816e-02
4.545366391539573669e-02
4.540869966149330139e-02
4.536345601081848145e-02
4.531864449381828308e-02
4.527356103062629700e-02
4.522890597581863403e-02
4.518432542681694031e-02
4.513947293162345886e-02
4.509504511952400208e-02
4.505034536123275757e-02
4.500607401132583618e-02
4.496162012219429016e-02
4.491749778389930725e-02
4.487344995141029358e-02
4.482913389801979065e-02
4.478523880243301392e-02
4.474107176065444946e-02
4.469732567667961121e-02
4.465365782380104065e-02
4.460971802473068237e-02
4.456619545817375183e-02
4.452240467071533203e-02
4.447903111577033997e-02
4.443538933992385864e-02
4.439216479659080505e-02
4.434901475906372070e-02
4.430559277534484863e-02
4.426258802413940430e-02
4.421931505203247070e-02
4.417645558714866638e-02
4.413486644625663757e-02
4.410833120346069336e-02
4.408182948827743530e-02
4.405527189373970032e-02
4.402917250990867615e-02
4.400276392698287964e-02
4.397638887166976929e-02
4.394995793700218201e-02
4.392398148775100708e-02
4.389770328998565674e-02
4.387145489454269409e-02
4.384548217058181763e-02
4.381929710507392883e-02
4.379313811659812927e-02
4.376701638102531433e-02
4.374125599861145020e-02
4.371510446071624756e-02
4.368907213211059570e-02
4.366340488195419312e-02
4.363743215799331665e-02
4.361140727996826172e-02
4.358549788594245911e-02
4.355994984507560730e-02
4.353410378098487854e-02
4.350828751921653748e-02
4.348241165280342102e-02
4.345698654651641846e-02
4.343125969171524048e-02
4.340556263923645020e-02
4.338014125823974609e-02
4.335450381040573120e-02
4.332889989018440247e-02
4.330332577228546143e-02
4.327810555696487427e-02
4.325250536203384399e-02
4.322702065110206604e-02
4.320156574249267578e-02
4.317646473646163940e-02
4.315098375082015991e-02
4.312561824917793274e-02
4.310060292482376099e-02
4.307529702782630920e-02
4.304993525147438049e-02
4.302468895912170410e-02
4.299979284405708313e-02
4.297460243105888367e-02
4.294944182038307190e-02
4.292422905564308167e-02
4.289944842457771301e-02
4.287437349557876587e-02
4.284933209419250488e-02
4.282455518841743469e-02
4.279956966638565063e-02
4.277461394667625427e-02
4.274968430399894714e-02
4.272510483860969543e-02
4.270015284419059753e-02
4.267531260848045349e-02
4.265081509947776794e-02
4.262603446841239929e-02
4.260119795799255371e-02
4.257646948099136353e-02
4.255208745598793030e-02
4.252741858363151550e-02
4.250269383192062378e-02
4.247808456420898438e-02
4.245381429791450500e-02
4.242925718426704407e-02
4.240472987294197083e-02
4.238045960664749146e-02
4.235598817467689514e-02
4.233154654502868652e-02
4.230713099241256714e-02
4.228297248482704163e-02
4.225861281156539917e-02
4.223428294062614441e-02
4.220997914671897888e-02
4.218601062893867493e-02
4.216168075799942017e-02
4.213746264576911926e-02
4.211357608437538147e-02
4.208941012620925903e-02
4.206519201397895813e-02
4.204108193516731262e-02
4.201730713248252869e-02
4.199324920773506165e-02
4.196922108530998230e-02
4.194514080882072449e-02
4.192147403955459595e-02
4.190698638558387756e-02
4.189537093043327332e-02
4.188345000147819519e-02
4.187176004052162170e-02
4.186014458537101746e-02
4.184853285551071167e-02
4.183692485094070435e-02
4.182523488998413086e-02
4.181362316012382507e-02
4.180171340703964233e-02
4.179010540246963501e-02
4.177841916680335999e-02
4.176681116223335266e-02
4.175520688295364380e-02
4.174360260367393494e-02
4.173192009329795837e-02
4.172001779079437256e-02
4.170841723680496216e-02
4.169681668281555176e-02
4.168521612882614136e-02
4.167353734374046326e-02
4.166194051504135132e-02
4.165034368634223938e-02
4.163845255970954895e-02
4.162677749991416931e-02
4.161518439650535583e-02
4.160359129309654236e-02
4.159200191497802734e-02
4.158033430576324463e-02
4.156874492764472961e-02
4.155686125159263611e-02
4.154527559876441956e-02
4.153361171483993530e-02
4.152202606201171875e-02
4.151044413447380066e-02
4.149886220693588257e-02
4.148720577359199524e-02
4.147533327341079712e-02
4.146375507116317749e-02
4.145217686891555786e-02
4.144052416086196899e-02
4.142895340919494629e-02
4.141737893223762512e-02
4.140551760792732239e-02
4.139386862516403198e-02
4.138230159878730774e-02
4.137073457241058350e-02
4.135916754603385925e-02
4.134752601385116577e-02
4.133596643805503845e-02
4.132411628961563110e-02
4.131255671381950378e-02
4.130091890692710876e-02
4.128936305642127991e-02
4.127780720591545105e-02
4.126625508069992065e-02
4.125462472438812256e-02
4.124278947710990906e-02
4.123123735189437866e-02
4.121969267725944519e-02
4.120806977152824402e-02
4.119652509689331055e-02
4.118498414754867554e-02
4.117344319820404053e-02
4.116154089570045471e-02
4.115000367164611816e-02
4.113846644759178162e-02
4.112693294882774353e-02
4.111539945006370544e-02
4.110379517078399658e-02
4.109226539731025696e-02
4.108045622706413269e-02
4.106893017888069153e-02
4.105732962489128113e-02
4.104580730199813843e-02
4.103428870439529419e-02
4.102277010679244995e-02
4.101117700338363647e-02
4.099938273429870605e-02
4.098786786198616028e-02
4.097635671496391296e-02
4.096477478742599487e-02
4.095326736569404602e-02
4.094175994396209717e-02
4.093025624752044678e-02
4.091840237379074097e-02
4.090690240263938904e-02
4.089540615677833557e-02
4.088390991091728210e-02
4.087234288454055786e-02
4.086085036396980286e-02
4.084936156868934631e-02
4.083759710192680359e-02
4.082603752613067627e-02
4.081455245614051819e-02
4.080533981323242188e-02
4.079972207546234131e-02
4.079382121562957764e-02
4.078825190663337708e-02
4.078232496976852417e-02
4.077665880322456360e-02
4.077070951461791992e-02
4.076509177684783936e-02
4.075912013649940491e-02
4.075340554118156433e-02
4.074747860431671143e-02
4.074174165725708008e-02
4.073572158813476562e-02
4.072995856404304504e-02
4.072398692369461060e-02
4.071820154786109924e-02
4.071213677525520325e-02
4.070632532238960266e-02
4.070030897855758667e-02
4.069447889924049377e-02
4.068836569786071777e-02
4.068258404731750488e-02
4.067644849419593811e-02
4.067057371139526367e-02
4.066441580653190613e-02
4.065858945250511169e-02
4.065240919589996338e-02
4.064648598432540894e-02
4.064035788178443909e-02
4.063441604375839233e-02
4.062819108366966248e-02
4.062222689390182495e-02
4.061605408787727356e-02
4.061006754636764526e-02
4.060380160808563232e-02
4.059786349534988403e-02
4.059157893061637878e-02
4.058554768562316895e-02
4.057924076914787292e-02
4.057326167821884155e-02
4.056693241000175476e-02
4.056086018681526184e-02
4.055451229214668274e-02
4.054848849773406982e-02
4.054212197661399841e-02
4.053600504994392395e-02
4.052969068288803101e-02
4.052355512976646423e-02
4.051714763045310974e-02
4.051098972558975220e-02
4.050463438034057617e-02
4.049845784902572632e-02
4.049200937151908875e-02
4.048588499426841736e-02
4.047941789031028748e-02
4.047320038080215454e-02
4.046671465039253235e-02
4.046054929494857788e-02
4.045404493808746338e-02
4.044779017567634583e-02
4.044133797287940979e-02
4.043506085872650146e-02
4.042851924896240234e-02
4.042222350835800171e-02
4.041573405265808105e-02
4.040941968560218811e-02
4.040284082293510437e-02
4.039650782942771912e-02
4.038998112082481384e-02
4.038362950086593628e-02
4.037701338529586792e-02
4.037071391940116882e-02
4.036408290266990662e-02
4.035769402980804443e-02
4.035104438662528992e-02
4.034470766782760620e-02
4.033803567290306091e-02
4.033161327242851257e-02
4.032499715685844421e-02
4.031855240464210510e-02
4.031185060739517212e-02
4.030539095401763916e-02
4.029873758554458618e-02
4.029226303100585938e-02
4.028552398085594177e-02
4.027909785509109497e-02
4.027234390377998352e-02
4.026583209633827209e-02
4.025905951857566833e-02
4.025259986519813538e-02
4.024581238627433777e-02
4.023926332592964172e-02
4.023246094584465027e-02
4.022596403956413269e-02
4.021914675831794739e-02
4.021256417036056519e-02
4.020579904317855835e-02
4.019920155405998230e-02
4.019234701991081238e-02
4.018573462963104248e-02
4.017893597483634949e-02
4.017230495810508728e-02
4.016542062163352966e-02
4.015953466296195984e-02
4.016151279211044312e-02
4.016372188925743103e-02
4.016566649079322815e-02
4.016777127981185913e-02
4.016992822289466858e-02
4.017182439565658569e-02
4.017394781112670898e-02
4.017574340105056763e-02
4.017783328890800476e-02
4.017966613173484802e-02
4.018172249197959900e-02
4.018376395106315613e-02
4.018547385931015015e-02
4.018748179078102112e-02
4.018923267722129822e-02
4.019120708107948303e-02
4.019285365939140320e-02
4.019479826092720032e-02
4.019672423601150513e-02
4.019839316606521606e-02
4.020021855831146240e-02
4.020185396075248718e-02
4.020371288061141968e-02
4.020531848073005676e-02
4.020708054304122925e-02
4.020889475941658020e-02
4.021045193076133728e-02
4.021223261952400208e-02
4.021375626325607300e-02
4.021544009447097778e-02
4.021693393588066101e-02
4.021865129470825195e-02
4.022035375237464905e-02
4.022173210978507996e-02
4.022340476512908936e-02
4.022482037544250488e-02
4.022645950317382812e-02
4.022777825593948364e-02
4.022938758134841919e-02
4.023097828030586243e-02
4.023231938481330872e-02
4.023381322622299194e-02
4.023512080311775208e-02
4.023665562272071838e-02
4.023793339729309082e-02
4.023943468928337097e-02
4.024085029959678650e-02
4.024208709597587585e-02
4.024353995919227600e-02
4.024474322795867920e-02
4.024610295891761780e-02
4.024727642536163330e-02
4.024866968393325806e-02
4.025005176663398743e-02
4.025111347436904907e-02
4.025246202945709229e-02
4.025356471538543701e-02
4.025488346815109253e-02
4.025588557124137878e-02
4.025717824697494507e-02
4.025845229625701904e-02
4.025948047637939453e-02
4.026072472333908081e-02
4.026165604591369629e-02
4.026287421584129333e-02
4.026384279131889343e-02
4.026503115892410278e-02
4.026590287685394287e-02
4.026706144213676453e-02
4.026820510625839233e-02
4.026910662651062012e-02
4.027015343308448792e-02
4.027102142572402954e-02
4.027210921049118042e-02
4.027295112609863281e-02
4.027394205331802368e-02
4.027498513460159302e-02
4.027578607201576233e-02
4.027679935097694397e-02
4.027757048606872559e-02
4.027849063277244568e-02
4.027923569083213806e-02
4.028019309043884277e-02
4.028113931417465210e-02
4.028177261352539062e-02
4.028268903493881226e-02
4.028336703777313232e-02
4.028425365686416626e-02
4.028483480215072632e-02
4.028569534420967102e-02
4.028654471039772034e-02
4.028715193271636963e-02
4.028790444135665894e-02
4.028848558664321899e-02
4.028927534818649292e-02
4.028983041644096375e-02
4.029052704572677612e-02
4.029127955436706543e-02
4.029179364442825317e-02
4.029251635074615479e-02
4.029300436377525330e-02
4.029363393783569336e-02
4.029409587383270264e-02
4.029476642608642578e-02
4.029542207717895508e-02
4.029577597975730896e-02
4.029640927910804749e-02
4.029680043458938599e-02
4.029740765690803528e-02
4.029770940542221069e-02
4.029828682541847229e-02
4.029885306954383850e-02
4.029639437794685364e-02
4.029311984777450562e-02
4.028977081179618835e-02
4.028648138046264648e-02
4.028318822383880615e-02
4.027988761663436890e-02
4.027658328413963318e-02
4.027349501848220825e-02
4.027017951011657715e-02
4.026679322123527527e-02
4.026346653699874878e-02
4.026013240218162537e-02
4.025679826736450195e-02
4.025345295667648315e-02
4.025010764598846436e-02
4.024675488471984863e-02
4.024361446499824524e-02
4.024018719792366028e-02
4.023681581020355225e-02
4.023344442248344421e-02
4.023006185889244080e-02
4.022667929530143738e-02
4.022328928112983704e-02
4.021989181637763977e-02
4.021649435162544250e-02
4.021324217319488525e-02
4.020982980728149414e-02
4.020641371607780457e-02
4.020299389958381653e-02
4.019956663250923157e-02
4.019613564014434814e-02
4.019270092248916626e-02
4.018925875425338745e-02
4.018596559762954712e-02
4.018251225352287292e-02
4.017905518412590027e-02
4.017559438943862915e-02
4.017212614417076111e-02
4.016865417361259460e-02
4.016517847776412964e-02
4.016163200139999390e-02
4.015814512968063354e-02
4.015487059950828552e-02
4.015137255191802979e-02
4.014787077903747559e-02
4.014436528086662292e-02
4.014085233211517334e-02
4.013733565807342529e-02
4.013375192880630493e-02
4.013022407889366150e-02
4.012669250369071960e-02
4.012337327003479004e-02
4.011983424425125122e-02
4.011628776788711548e-02
4.011273756623268127e-02
4.010918363928794861e-02
4.010555893182754517e-02
4.010199382901191711e-02
4.009842500090599060e-02
4.009484872221946716e-02
4.009148478507995605e-02
4.008790105581283569e-02
4.008431360125541687e-02
4.008065536618232727e-02
4.007705673575401306e-02
4.007345438003540039e-02
4.006984829902648926e-02
4.006623849272727966e-02
4.006283357739448547e-02
4.005921259522438049e-02
4.005558788776397705e-02
4.005189239978790283e-02
4.004826024174690247e-02
4.004462063312530518e-02
4.004097357392311096e-02
4.003732651472091675e-02
4.003367573022842407e-02
4.003022983670234680e-02
4.002656787633895874e-02
4.002283513545989990e-02
4.001916572451591492e-02
4.001548886299133301e-02
4.001180827617645264e-02
4.000812396407127380e-02
4.000443592667579651e-02
4.000074416399002075e-02
3.999719396233558655e-02
3.999349102377891541e-02
3.998978435993194580e-02
3.998607397079467773e-02
3.998235613107681274e-02
3.997863829135894775e-02
3.997491300106048584e-02
3.997118398547172546e-02
3.996738791465759277e-02
3.996386006474494934e-02
3.996011987328529358e-02
3.995637595653533936e-02
3.995262458920478821e-02
3.994886949658393860e-02
3.994511440396308899e-02
3.994135186076164246e-02
3.993751853704452515e-02
3.993374854326248169e-02
3.993018344044685364e-02
3.992640227079391479e-02
3.992261737585067749e-02
3.991883248090744019e-02
3.991504013538360596e-02
3.991118073463439941e-02
3.990738093852996826e-02
3.990357369184494019e-02
3.989997133612632751e-02
3.989616036415100098e-02
3.989234194159507751e-02
3.988852351903915405e-02
3.988469764590263367e-02
3.988080471754074097e-02
3.987697139382362366e-02
3.987313434481620789e-02
3.986929357051849365e-02
3.986565396189689636e-02
3.986052423715591431e-02
3.985256701707839966e-02
3.984434530138969421e-02
3.983633220195770264e-02
3.982818126678466797e-02
3.982017189264297485e-02
3.981196135282516479e-02
3.980401903390884399e-02
3.979581594467163086e-02
3.978781402111053467e-02
3.977967798709869385e-02
3.977168351411819458e-02
3.976369276642799377e-02
3.975556045770645142e-02
3.974757343530654907e-02
3.973938524723052979e-02
3.973146528005599976e-02
3.972328081727027893e-02
3.971530497074127197e-02
3.970718756318092346e-02
3.969921544194221497e-02
3.969104215502738953e-02
3.968313708901405334e-02
3.967496752738952637e-02
3.966706618666648865e-02
3.965890407562255859e-02
3.965094685554504395e-02
3.964284807443618774e-02
3.963489457964897156e-02
3.962694481015205383e-02
3.961885347962379456e-02
3.961090743541717529e-02
3.960276022553443909e-02
3.959488123655319214e-02
3.958674147725105286e-02
3.957880288362503052e-02
3.957073017954826355e-02
3.956279531121253967e-02
3.955466672778129578e-02
3.954679891467094421e-02
3.953867405652999878e-02
3.953075036406517029e-02
3.952268883585929871e-02
3.951477259397506714e-02
3.950685635209083557e-02
3.949880599975585938e-02
3.949089348316192627e-02
3.948278352618217468e-02
3.947493806481361389e-02
3.946683555841445923e-02
3.945893421769142151e-02
3.945089504122734070e-02
3.944300115108489990e-02
3.943490609526634216e-02
3.942707553505897522e-02
3.941898792982101440e-02
3.941109776496887207e-02
3.940307721495628357e-02
3.939519450068473816e-02
3.938731178641319275e-02
3.937929868698120117e-02
3.937142342329025269e-02
3.936335071921348572e-02
3.935554251074790955e-02
3.934747353196144104e-02
3.933960944414138794e-02
3.933160752058029175e-02
3.932374715805053711e-02
3.931568935513496399e-02
3.930789604783058167e-02
3.929984197020530701e-02
3.929199278354644775e-02
3.928400576114654541e-02
3.927615657448768616e-02
3.926831483840942383e-02
3.926033526659011841e-02
3.925249353051185608e-02
3.924446180462837219e-02
3.923668712377548218e-02
3.922865539789199829e-02
3.922082483768463135e-02
3.921286389231681824e-02
3.920503705739974976e-02
3.919701650738716125e-02
3.918925672769546509e-02
3.918124362826347351e-02
3.917342796921730042e-02
3.916547819972038269e-02
3.915766626596450806e-02
3.914972022175788879e-02
3.914191573858261108e-02
3.913411125540733337e-02
3.912617266178131104e-02
3.911837190389633179e-02
3.911038115620613098e-02
3.910264745354652405e-02
3.909466043114662170e-02
3.908687084913253784e-02
3.907894715666770935e-02
3.907116129994392395e-02
3.906318545341491699e-02
3.905546292662620544e-02
3.904749080538749695e-02
3.903971612453460693e-02
3.903180733323097229e-02
3.902403637766838074e-02
3.901626914739608765e-02
3.900836780667304993e-02
3.900060430169105530e-02
3.899265080690383911e-02
3.898495063185691833e-02
3.897700086236000061e-02
3.896924480795860291e-02
3.896135836839675903e-02
3.895360976457595825e-02
3.894567117094993591e-02
3.893798217177391052e-02
3.893005102872848511e-02
3.892230987548828125e-02
3.891443833708763123e-02
3.890670090913772583e-02
3.889896720647811890e-02
3.889110684394836426e-02
3.888337686657905579e-02
3.887546062469482422e-02
3.886779397726058960e-02
3.885988146066665649e-02
3.885216265916824341e-02
3.884431347250938416e-02
3.883659839630126953e-02
3.882869705557823181e-02
3.882104530930519104e-02
3.881314769387245178e-02
3.880544006824493408e-02
3.879623860120773315e-02
3.877507150173187256e-02
3.875367715954780579e-02
3.873254731297492981e-02
3.871138021349906921e-02
3.869009763002395630e-02
3.866896778345108032e-02
3.864772245287895203e-02
3.862662985920906067e-02
3.860542178153991699e-02
3.858436271548271179e-02
3.856319561600685120e-02
3.854217380285263062e-02
3.852122649550437927e-02
3.850005567073822021e-02
3.847914561629295349e-02
3.845801204442977905e-02
3.843713924288749695e-02
3.841603919863700867e-02
3.839520364999771118e-02
3.837414458394050598e-02
3.835334256291389465e-02
3.833231702446937561e-02
3.831155598163604736e-02
3.829075396060943604e-02
3.826984018087387085e-02
3.824907541275024414e-02
3.822819516062736511e-02
3.820746764540672302e-02
3.818662464618682861e-02
3.816593065857887268e-02
3.814512863755226135e-02
3.812446817755699158e-02
3.810388594865798950e-02
3.808308020234107971e-02
3.806253150105476379e-02
3.804175928235054016e-02
3.802124783396720886e-02
3.800051286816596985e-02
3.798003494739532471e-02
3.795933350920677185e-02
3.793889284133911133e-02
3.791822865605354309e-02
3.789782524108886719e-02
3.787738084793090820e-02
3.785682469606399536e-02
3.783641755580902100e-02
