8.534848690032958984e-01
8.596898913383483887e-01
8.646770715713500977e-01
8.678512573242187500e-01
8.686383962631225586e-01
8.670429587364196777e-01
8.635685443878173828e-01
8.589137196540832520e-01
8.537316322326660156e-01
8.485463857650756836e-01
8.440355062484741211e-01
8.402039408683776855e-01
8.367472290992736816e-01
8.333669304847717285e-01
8.296288251876831055e-01
8.252876400947570801e-01
8.202719092369079590e-01
8.143768906593322754e-01
8.077909946441650391e-01
8.007730245590209961e-01
7.935693860054016113e-01
7.863487601280212402e-01
7.792406678199768066e-01
7.723194360733032227e-01
7.656090855598449707e-01
7.592120766639709473e-01
7.530764937400817871e-01
7.472155690193176270e-01
7.414962649345397949e-01
7.358582615852355957e-01
7.302495837211608887e-01
7.246245145797729492e-01
7.188616991043090820e-01
7.129589915275573730e-01
7.070007324218750000e-01
7.010414600372314453e-01
6.951338648796081543e-01
6.894204020500183105e-01
6.838470697402954102e-01
6.786065101623535156e-01
6.739977598190307617e-01
6.700916886329650879e-01
6.665112972259521484e-01
6.626485586166381836e-01
6.584373116493225098e-01
6.542627215385437012e-01
6.504350900650024414e-01
6.470751166343688965e-01
6.442031264305114746e-01
6.418276429176330566e-01
6.398851871490478516e-01
6.380112767219543457e-01
6.365482807159423828e-01
6.354898810386657715e-01
6.348289251327514648e-01
6.345660686492919922e-01
6.347004175186157227e-01
6.353133916854858398e-01
6.364116668701171875e-01
6.379395127296447754e-01
6.399095654487609863e-01
6.423301100730895996e-01
6.451912522315979004e-01
6.485249996185302734e-01
6.522593498229980469e-01
6.564373373985290527e-01
6.610836982727050781e-01
6.661577224731445312e-01
6.715838313102722168e-01
6.772632002830505371e-01
6.830481290817260742e-01
6.888358592987060547e-01
6.946014761924743652e-01
7.004180550575256348e-01
7.076132893562316895e-01
7.169365286827087402e-01
7.243441343307495117e-01
7.316901087760925293e-01
7.394254207611083984e-01
7.475492954254150391e-01
7.560337781906127930e-01
7.648817896842956543e-01
7.740487456321716309e-01
7.835342288017272949e-01
7.932994961738586426e-01
8.032724261283874512e-01
8.133440613746643066e-01
8.233742713928222656e-01
8.331035375595092773e-01
8.423742055892944336e-01
8.510773777961730957e-01
8.590631484985351562e-01
8.662282228469848633e-01
8.725488185882568359e-01
8.779624700546264648e-01
8.825081586837768555e-01
8.862012624740600586e-01
8.890771865844726562e-01
8.911951184272766113e-01
8.926005959510803223e-01
8.933461308479309082e-01
8.935033082962036133e-01
8.931908607482910156e-01
8.923929929733276367e-01
8.911572098731994629e-01
8.895193338394165039e-01
8.875207901000976562e-01
8.851830959320068359e-01
8.825395107269287109e-01
8.795958757400512695e-01
8.762843012809753418e-01
8.726629614830017090e-01
8.687679171562194824e-01
8.645825386047363281e-01
8.601175546646118164e-01
8.553510308265686035e-01
8.503084182739257812e-01
8.449813723564147949e-01
8.393667340278625488e-01
8.334844112396240234e-01
8.273552060127258301e-01
8.209797143936157227e-01
8.144028782844543457e-01
8.076636791229248047e-01
8.008186221122741699e-01
7.938874363899230957e-01
7.869302630424499512e-01
7.800138592720031738e-01
7.732685208320617676e-01
7.666473984718322754e-01
7.601602077484130859e-01
7.538756132125854492e-01
7.477936744689941406e-01
7.419437766075134277e-01
7.363292574882507324e-01
7.309494018554687500e-01
7.258312106132507324e-01
7.207953333854675293e-01
7.159638404846191406e-01
7.113932371139526367e-01
7.070663571357727051e-01
7.029699683189392090e-01
6.991072893142700195e-01
6.954588294029235840e-01
6.920068860054016113e-01
6.887482404708862305e-01
6.856750845909118652e-01
6.828375458717346191e-01
6.801460981369018555e-01
6.775798201560974121e-01
6.730635762214660645e-01
6.707486510276794434e-01
6.684799790382385254e-01
6.662426590919494629e-01
6.640127301216125488e-01
6.617668867111206055e-01
6.594811677932739258e-01
6.572702527046203613e-01
6.549702882766723633e-01
6.525606513023376465e-01
6.500151157379150391e-01
6.473132967948913574e-01
6.444413661956787109e-01
6.413861513137817383e-01
6.381325721740722656e-01
6.346695423126220703e-01
6.310149431228637695e-01
6.272057294845581055e-01
6.232700943946838379e-01
6.192210912704467773e-01
6.150977611541748047e-01
6.109572649002075195e-01
6.068528294563293457e-01
6.028656363487243652e-01
5.990456342697143555e-01
5.954412221908569336e-01
5.920815467834472656e-01
5.889999270439147949e-01
5.861911177635192871e-01
5.836371779441833496e-01
5.813367366790771484e-01
5.792755484580993652e-01
5.774289369583129883e-01
5.757880210876464844e-01
5.743350386619567871e-01
5.730673074722290039e-01
5.719749927520751953e-01
5.710602998733520508e-01
5.703201889991760254e-01
5.697582960128784180e-01
5.692617893218994141e-01
5.689415931701660156e-01
5.688042640686035156e-01
5.688562393188476562e-01
5.690960288047790527e-01
5.695288181304931641e-01
5.701519846916198730e-01
5.709707140922546387e-01
5.719847083091735840e-01
5.731961727142333984e-01
5.746040344238281250e-01
5.762101411819458008e-01
5.779229998588562012e-01
5.798296332359313965e-01
5.819321274757385254e-01
5.842306613922119141e-01
5.867310166358947754e-01
5.894179344177246094e-01
5.922974944114685059e-01
5.953674912452697754e-01
5.986270308494567871e-01
6.020747423171997070e-01
6.056982874870300293e-01
6.095042824745178223e-01
6.134483218193054199e-01
6.175143122673034668e-01
6.217759251594543457e-01
6.262161135673522949e-01
6.308186650276184082e-01
6.356048583984375000e-01
6.405555605888366699e-01
6.456651091575622559e-01
6.509099006652832031e-01
6.563136577606201172e-01
6.618527770042419434e-01
6.675018072128295898e-01
6.732837557792663574e-01
6.792267560958862305e-01
6.853456497192382812e-01
6.915595531463623047e-01
6.978245973587036133e-01
7.041472196578979492e-01
7.105008363723754883e-01
7.169120311737060547e-01
7.233383059501647949e-01
7.298077940940856934e-01
7.362795472145080566e-01
7.427847385406494141e-01
7.492859363555908203e-01
7.558175325393676758e-01
7.623474597930908203e-01
7.689278721809387207e-01
7.755313515663146973e-01
7.822059988975524902e-01
7.889564633369445801e-01
7.958807945251464844e-01
8.030736446380615234e-01
8.108319044113159180e-01
8.198677301406860352e-01
8.384860754013061523e-01
8.439810276031494141e-01
8.490718603134155273e-01
8.536697626113891602e-01
8.578945398330688477e-01
8.622952699661254883e-01
8.679466843605041504e-01
8.758050203323364258e-01
8.855706453323364258e-01
8.955925703048706055e-01
9.046474695205688477e-01
9.123690128326416016e-01
9.189592599868774414e-01
9.246962070465087891e-01
9.297616481781005859e-01
9.343195557594299316e-01
9.384369254112243652e-01
9.421864748001098633e-01
9.455848336219787598e-01
9.486544132232666016e-01
9.514212012290954590e-01
9.538818597793579102e-01
9.560542702674865723e-01
9.579234123229980469e-01
9.594967961311340332e-01
9.607789516448974609e-01
9.617678523063659668e-01
9.624699950218200684e-01
9.628875851631164551e-01
9.630261063575744629e-01
9.628924727439880371e-01
9.624922275543212891e-01
9.618367552757263184e-01
9.609319567680358887e-01
9.597938060760498047e-01
9.584282040596008301e-01
9.568555355072021484e-01
9.550828337669372559e-01
9.531444311141967773e-01
9.510364532470703125e-01
9.487795233726501465e-01
9.463955163955688477e-01
9.438883066177368164e-01
9.412854909896850586e-01
9.385886788368225098e-01
9.358190894126892090e-01
9.329982995986938477e-01
9.301244020462036133e-01
9.272249937057495117e-01
9.242960810661315918e-01
9.213551878929138184e-01
9.184203147888183594e-01
9.154840111732482910e-01
9.125694632530212402e-01
9.096690416336059570e-01
9.067971706390380859e-01
9.039657115936279297e-01
9.011639356613159180e-01
8.984094858169555664e-01
8.956977725028991699e-01
8.930298089981079102e-01
8.904075622558593750e-01
8.878319859504699707e-01
8.853091001510620117e-01
8.828253746032714844e-01
8.803870677947998047e-01
8.779938220977783203e-01
8.756436109542846680e-01
8.733350634574890137e-01
8.710728287696838379e-01
8.688421845436096191e-01
8.666480183601379395e-01
8.645825386047363281e-01
8.625681400299072266e-01
8.605839610099792480e-01
8.586332201957702637e-01
8.567019701004028320e-01
8.547925949096679688e-01
8.529032468795776367e-01
8.510361313819885254e-01
8.491830229759216309e-01
8.473366498947143555e-01
8.455042243003845215e-01
8.436780571937561035e-01
8.418554663658142090e-01
8.400345444679260254e-01
8.382124900817871094e-01
8.363813757896423340e-01
8.345494270324707031e-01
8.327087163925170898e-01
8.308621644973754883e-01
8.290202021598815918e-01
8.271596431732177734e-01
8.252777457237243652e-01
8.233667612075805664e-01
8.214350342750549316e-01
8.194744586944580078e-01
8.174828290939331055e-01
8.154575228691101074e-01
8.133957982063293457e-01
8.112951517105102539e-01
8.091527223587036133e-01
8.069722056388854980e-01
8.047386407852172852e-01
8.024615645408630371e-01
8.001260757446289062e-01
7.977347970008850098e-01
7.952923774719238281e-01
7.927824258804321289e-01
7.902163863182067871e-01
7.875951528549194336e-01
7.849279642105102539e-01
7.821817398071289062e-01
7.793701887130737305e-01
7.764756083488464355e-01
7.735131978988647461e-01
7.704653143882751465e-01
7.673482298851013184e-01
7.641434669494628906e-01
7.608599662780761719e-01
7.575075626373291016e-01
7.540676593780517578e-01
7.505612373352050781e-01
7.469796538352966309e-01
7.433245778083801270e-01
7.395980954170227051e-01
7.358036637306213379e-01
7.319437861442565918e-01
7.280217409133911133e-01
7.240413427352905273e-01
7.200073003768920898e-01
7.159147858619689941e-01
7.117751836776733398e-01
7.075977921485900879e-01
7.033873796463012695e-01
6.991494297981262207e-01
6.948883533477783203e-01
6.906107664108276367e-01
6.863204240798950195e-01
6.820246577262878418e-01
6.777276396751403809e-01
6.734355688095092773e-01
6.691528558731079102e-01
6.648855209350585938e-01
6.606381535530090332e-01
6.564165949821472168e-01
6.522380113601684570e-01
6.480804681777954102e-01
6.439747214317321777e-01
6.398988962173461914e-01
6.358826756477355957e-01
6.319038867950439453e-01
6.279905438423156738e-01
6.241126060485839844e-01
6.202995777130126953e-01
6.165331006050109863e-01
6.128406524658203125e-01
6.092126369476318359e-01
6.056375503540039062e-01
6.021413803100585938e-01
5.987026691436767578e-01
5.953443050384521484e-01
5.920455455780029297e-01
5.888296365737915039e-01
5.856741070747375488e-01
5.826017856597900391e-01
5.795924067497253418e-01
5.766653418540954590e-01
5.738018751144409180e-01
5.710211396217346191e-01
5.683125257492065430e-01
5.656768083572387695e-01
5.631123781204223633e-01
5.606195330619812012e-01
5.581986904144287109e-01
5.558473467826843262e-01
5.535345077514648438e-01
5.510653853416442871e-01
5.486538410186767578e-01
5.463135242462158203e-01
5.440367460250854492e-01
5.418230295181274414e-01
5.396715998649597168e-01
5.375818610191345215e-01
5.355530381202697754e-01
5.335844159126281738e-01
5.316755771636962891e-01
5.298256278038024902e-01
5.280339121818542480e-01
5.262996554374694824e-01
5.246222615242004395e-01
5.230009555816650391e-01
5.214343070983886719e-01
5.199230909347534180e-01
5.184659361839294434e-01
5.170657634735107422e-01
5.157144665718078613e-01
5.144152641296386719e-01
5.131703615188598633e-01
5.119729638099670410e-01
5.108258128166198730e-01
5.097286701202392578e-01
5.086639523506164551e-01
5.076489448547363281e-01
5.066851973533630371e-01
5.057681202888488770e-01
5.048992037773132324e-01
5.040794610977172852e-01
5.033054351806640625e-01
5.025792121887207031e-01
5.018981695175170898e-01
5.012630820274353027e-01
5.006740093231201172e-01
5.001285672187805176e-01
4.996286630630493164e-01
4.991731643676757812e-01
4.987614750862121582e-01
4.983934164047241211e-01
4.980682432651519775e-01
4.977865219116210938e-01
4.975466728210449219e-01
4.973489344120025635e-01
4.971930384635925293e-01
4.970801174640655518e-01
4.970073103904724121e-01
4.969756007194519043e-01
4.969866573810577393e-01
4.970366060733795166e-01
4.971284568309783936e-01
4.972610473632812500e-01
4.974364340305328369e-01
4.976479411125183105e-01
4.978991150856018066e-01
4.981912970542907715e-01
4.985200464725494385e-01
4.988864958286285400e-01
4.992955625057220459e-01
4.997385442256927490e-01
5.002195239067077637e-01
5.007393956184387207e-01
5.013000369071960449e-01
5.018950104713439941e-01
5.025264620780944824e-01
5.032006502151489258e-01
5.039065480232238770e-01
5.046502947807312012e-01
5.054301619529724121e-01
5.062472224235534668e-01
5.070999860763549805e-01
5.079900026321411133e-01
5.089153051376342773e-01
5.098773837089538574e-01
5.108747482299804688e-01
5.119089484214782715e-01
5.129775404930114746e-01
5.140824317932128906e-01
5.152148604393005371e-01
5.162996053695678711e-01
5.174185037612915039e-01
5.185737013816833496e-01
5.197646021842956543e-01
5.209928154945373535e-01
5.222576260566711426e-01
5.235583782196044922e-01
5.248942971229553223e-01
5.262672305107116699e-01
5.276756882667541504e-01
5.291196107864379883e-01
5.305987000465393066e-01
5.321128368377685547e-01
5.336623787879943848e-01
5.352465510368347168e-01
5.368653535842895508e-01
5.385092496871948242e-01
5.401955842971801758e-01
5.419164896011352539e-01
5.436615943908691406e-01
5.454491972923278809e-01
5.472691655158996582e-01
5.491119623184204102e-01
5.509981513023376465e-01
5.529158711433410645e-01
5.548654794692993164e-01
5.568345785140991211e-01
5.588467121124267578e-01
5.608892440795898438e-01
5.629504919052124023e-01
5.650635957717895508e-01
5.672210454940795898e-01
5.693943500518798828e-01
5.716091394424438477e-01
5.738517642021179199e-01
5.761079192161560059e-01
5.784044265747070312e-01
5.807263255119323730e-01
5.830622315406799316e-01
5.854361653327941895e-01
5.878335833549499512e-01
5.902563333511352539e-01
5.926889181137084961e-01
5.951444506645202637e-01
5.976358652114868164e-01
6.001348495483398438e-01
6.026695370674133301e-01
6.052113175392150879e-01
6.077855229377746582e-01
6.103663444519042969e-01
6.129651069641113281e-01
6.155964136123657227e-01
6.182315349578857422e-01
6.208966374397277832e-01
6.235643625259399414e-01
6.262618303298950195e-01
6.289601922035217285e-01
6.316874027252197266e-01
6.344133615493774414e-01
6.371523737907409668e-01
6.399185061454772949e-01
6.426818966865539551e-01
6.454714536666870117e-01
6.482530832290649414e-01
6.510609984397888184e-01
6.538655161857604980e-01
6.566823720932006836e-01
6.595248579978942871e-01
6.623630523681640625e-01
6.652254462242126465e-01
6.680825352668762207e-01
6.709469556808471680e-01
6.738350987434387207e-01
6.767143011093139648e-01
6.796007156372070312e-01
6.824920177459716797e-01
6.853890419006347656e-01
6.883050799369812012e-01
6.912101507186889648e-01
6.941182017326354980e-01
6.970282793045043945e-01
6.999405622482299805e-01
7.028688192367553711e-01
7.057829499244689941e-01
7.086964249610900879e-01
7.116094231605529785e-01
7.145208716392517090e-01
7.174459099769592285e-01
7.203524112701416016e-01
7.232565283775329590e-01
7.261562347412109375e-01
7.290520071983337402e-01
7.319572567939758301e-01
7.348424196243286133e-01
7.377207279205322266e-01
7.405925393104553223e-01
7.434567809104919434e-01
7.463284730911254883e-01
7.491797804832458496e-01
7.520291209220886230e-01
7.548667788505554199e-01
7.576924562454223633e-01
7.605056166648864746e-01
7.633062601089477539e-01
7.660934329032897949e-01
7.688661217689514160e-01
7.716248631477355957e-01
7.743686437606811523e-01
7.770971655845642090e-01
7.798097729682922363e-01
7.825066447257995605e-01
7.851865291595458984e-01
7.878497242927551270e-01
7.904952764511108398e-01
7.931231856346130371e-01
7.957329154014587402e-01
7.983243465423583984e-01
8.008964061737060547e-01
8.034498691558837891e-01
8.059832453727722168e-01
8.084971904754638672e-01
8.109908103942871094e-01
8.134639263153076172e-01
8.159159421920776367e-01
8.183474540710449219e-01
8.207575678825378418e-01
8.231461048126220703e-01
8.255125284194946289e-01
8.278573155403137207e-01
8.301796317100524902e-01
8.324800729751586914e-01
8.347573876380920410e-01
8.370122909545898438e-01
8.392441868782043457e-01
8.414419889450073242e-01
8.436277508735656738e-01
8.457981944084167480e-01
8.479846715927124023e-01
8.501455783843994141e-01
8.522811532020568848e-01
8.543806672096252441e-01
8.564649224281311035e-01
8.585236072540283203e-01
8.624406456947326660e-01
8.644230365753173828e-01
8.663700222969055176e-01
8.683013319969177246e-01
8.702066540718078613e-01
8.720864653587341309e-01
8.739407658576965332e-01
8.757699728012084961e-01
8.775650858879089355e-01
8.793442845344543457e-01
8.810990452766418457e-01
8.828295469284057617e-01
8.845357894897460938e-01
8.862186670303344727e-01
8.878697156906127930e-01
8.895067572593688965e-01
8.911215066909790039e-01
8.927143812179565430e-01
8.942863345146179199e-01
8.958298563957214355e-01
8.973615765571594238e-01
8.988743424415588379e-01
9.003609418869018555e-01
9.018380641937255859e-01
9.032983779907226562e-01
9.047359824180603027e-01
9.061664342880249023e-01
9.075832366943359375e-01
9.089807271957397461e-01
9.103739857673645020e-01
9.117576479911804199e-01
9.131256341934204102e-01
9.144933223724365234e-01
9.158554673194885254e-01
9.172064065933227539e-01
9.185598492622375488e-01
9.199148416519165039e-01
9.212664365768432617e-01
9.226306676864624023e-01
9.240021109580993652e-01
9.253752231597900391e-01
9.267665147781372070e-01
9.281700849533081055e-01
9.295806288719177246e-01
9.310142397880554199e-01
9.324649572372436523e-01
9.339267015457153320e-01
9.354154467582702637e-01
9.369249343872070312e-01
9.384478330612182617e-01
9.399998188018798828e-01
9.415653347969055176e-01
9.431596398353576660e-01
9.447657465934753418e-01
9.463986754417419434e-01
9.480391144752502441e-01
9.497017264366149902e-01
9.513740539550781250e-01
9.530441164970397949e-01
9.547234773635864258e-01
9.563888907432556152e-01
9.580515623092651367e-01
9.596870541572570801e-01
9.613037109375000000e-01
9.628770351409912109e-01
9.644135236740112305e-01
9.658883810043334961e-01
9.673066139221191406e-01
9.686437845230102539e-01
9.699042439460754395e-01
9.710651636123657227e-01
9.721298217773437500e-01
9.730790853500366211e-01
9.739149808883666992e-01
9.746230244636535645e-01
9.752050638198852539e-01
9.756514430046081543e-01
9.759640097618103027e-01
9.761385321617126465e-01
9.761769175529479980e-01
9.760797023773193359e-01
9.758504033088684082e-01
9.754904508590698242e-01
9.750080108642578125e-01
9.744039773941040039e-01
9.736902713775634766e-01
9.728713035583496094e-01
9.719482064247131348e-01
9.709383845329284668e-01
9.698386788368225098e-01
9.686670303344726562e-01
9.674260020256042480e-01
9.661144614219665527e-01
9.647533893585205078e-01
9.633341431617736816e-01
9.618774652481079102e-01
9.603822231292724609e-01
9.588443040847778320e-01
9.572852849960327148e-01
9.556920528411865234e-01
9.540858268737792969e-01
9.524610042572021484e-01
9.508123397827148438e-01
9.491600990295410156e-01
9.474886059761047363e-01
9.458178281784057617e-01
9.441403150558471680e-01
9.424497485160827637e-01
9.407637715339660645e-01
9.390668272972106934e-01
9.373773336410522461e-01
9.356865882873535156e-01
9.339874386787414551e-01
9.322967529296875000e-01
9.305988550186157227e-01
9.289097785949707031e-01
9.272219538688659668e-01
9.255272150039672852e-01
9.238417744636535645e-01
9.221583008766174316e-01
9.204667210578918457e-01
9.187855720520019531e-01
9.171046018600463867e-01
9.154245257377624512e-01
9.137371182441711426e-01
9.120580554008483887e-01
9.103799462318420410e-01
9.086925983428955078e-01
9.070141315460205078e-01
9.054076075553894043e-01
9.038079380989074707e-01
9.022002220153808594e-01
9.006000161170959473e-01
8.989994525909423828e-01
8.973889946937561035e-01
8.957864046096801758e-01
8.941815495491027832e-01
8.925670981407165527e-01
8.909586071968078613e-01
8.893486857414245605e-01
8.877358436584472656e-01
8.861120939254760742e-01
8.844938278198242188e-01
8.828730583190917969e-01
8.812400698661804199e-01
8.796128034591674805e-01
8.779814243316650391e-01
8.763472437858581543e-01
8.746997117996215820e-01
8.730577230453491211e-01
8.714109659194946289e-01
8.697518706321716309e-01
8.680967092514038086e-01
8.664375543594360352e-01
8.647739291191101074e-01
8.630965352058410645e-01
8.614236712455749512e-01
8.597455024719238281e-01
8.580630421638488770e-01
8.563749194145202637e-01
8.546739220619201660e-01
8.529758453369140625e-01
8.512735366821289062e-01
8.495653271675109863e-01
8.478527069091796875e-01
8.461253643035888672e-01
8.444023132324218750e-01
8.426735401153564453e-01
8.409400582313537598e-01
8.392007350921630859e-01
8.374570012092590332e-01
8.356980085372924805e-01
8.339437842369079590e-01
8.321835994720458984e-01
8.304188847541809082e-01
8.286483883857727051e-01
8.268640041351318359e-01
8.250830769538879395e-01
8.232979774475097656e-01
8.215070366859436035e-01
8.197118639945983887e-01
8.179013729095458984e-01
8.161071538925170898e-01
8.143436312675476074e-01
8.125751018524169922e-01
8.108022212982177734e-01
8.090143203735351562e-01
8.072320222854614258e-01
8.054453134536743164e-01
8.036541342735290527e-01
8.018586635589599609e-01
8.000581860542297363e-01
7.982445359230041504e-01
7.964365482330322266e-01
7.946243286132812500e-01
7.928082942962646484e-01
7.909874320030212402e-01
7.891636490821838379e-01
7.873362898826599121e-01
7.855051159858703613e-01
7.836704254150390625e-01
7.818223834037780762e-01
7.799802422523498535e-01
7.781357169151306152e-01
7.762877345085144043e-01
7.744368314743041992e-01
7.725830674171447754e-01
7.707256674766540527e-01
7.688664793968200684e-01
7.670043706893920898e-01
7.651296854019165039e-01
7.632628083229064941e-01
7.613927721977233887e-01
7.595215439796447754e-01
7.576478719711303711e-01
7.557722926139831543e-01
7.538949847221374512e-01
7.520157098770141602e-01
7.501344084739685059e-01
7.482417225837707520e-01
7.463579177856445312e-01
7.444729208946228027e-01
7.425866127014160156e-01
7.406986355781555176e-01
7.388102412223815918e-01
7.369210720062255859e-01
7.350313067436218262e-01
7.331407070159912109e-01
7.312384843826293945e-01
7.293473482131958008e-01
7.274554967880249023e-01
7.255636453628540039e-01
7.236716151237487793e-01
7.217788696289062500e-01
7.198872566223144531e-01
7.179957628250122070e-01
7.161046266555786133e-01
7.142139077186584473e-01
7.123238444328308105e-01
7.104339003562927246e-01
7.085453271865844727e-01
7.066668272018432617e-01
7.048269510269165039e-01
7.029881477355957031e-01
7.011509537696838379e-01
6.993150115013122559e-01
6.974806785583496094e-01
6.956477761268615723e-01
6.938164234161376953e-01
6.919872164726257324e-01
6.901586651802062988e-01
6.883330345153808594e-01
6.864993572235107422e-01
6.846777796745300293e-01
6.828587055206298828e-01
6.810415983200073242e-01
6.792266964912414551e-01
6.774147152900695801e-01
6.756047010421752930e-01
6.737976670265197754e-01
6.719921827316284180e-01
6.701902747154235840e-01
6.683912873268127441e-01
6.665948629379272461e-01
6.648015975952148438e-01
6.630111336708068848e-01
6.612236499786376953e-01
6.594173312187194824e-01
6.576122045516967773e-01
6.558094024658203125e-01
6.540095806121826172e-01
6.522135734558105469e-01
6.504202485084533691e-01
6.486299037933349609e-01
6.468435525894165039e-01
6.450598835945129395e-01
6.432793140411376953e-01
6.415024399757385254e-01
6.397295594215393066e-01
6.379591822624206543e-01
6.361925601959228516e-01
6.344299912452697754e-01
6.326704621315002441e-01
6.309142112731933594e-01
6.291623711585998535e-01
6.274137496948242188e-01
6.256683468818664551e-01
6.239277124404907227e-01
6.221897006034851074e-01
6.204555034637451172e-01
6.187260150909423828e-01
6.169992685317993164e-01
6.152765154838562012e-01
6.136068105697631836e-01
6.119818687438964844e-01
6.103610992431640625e-01
6.087438464164733887e-01
6.071312427520751953e-01
6.055219769477844238e-01
6.039161682128906250e-01
6.023237705230712891e-01
6.007257699966430664e-01
5.991322994232177734e-01
5.975422859191894531e-01
5.959559082984924316e-01
5.943734049797058105e-01
5.927954912185668945e-01
5.912207365036010742e-01
5.896499752998352051e-01
5.880829095840454102e-01
5.865197777748107910e-01
5.849612951278686523e-01
5.834057927131652832e-01
5.818545222282409668e-01
5.803068876266479492e-01
5.787640810012817383e-01
5.772240757942199707e-01
5.756880640983581543e-01
5.741561651229858398e-01
5.726369023323059082e-01
5.711131691932678223e-01
5.695921778678894043e-01
5.680751204490661621e-01
5.665625929832458496e-01
5.650530457496643066e-01
5.635474920272827148e-01
5.620458126068115234e-01
5.605477690696716309e-01
5.590546131134033203e-01
5.575643777847290039e-01
5.560779571533203125e-01
5.545955300331115723e-01
5.531177520751953125e-01
5.516432523727416992e-01
5.501810908317565918e-01
5.487142205238342285e-01
5.472521185874938965e-01
5.457930564880371094e-01
5.443381071090698242e-01
5.428869128227233887e-01
5.414405465126037598e-01
5.399974584579467773e-01
5.385584235191345215e-01
5.371233820915222168e-01
5.356929302215576172e-01
5.342658758163452148e-01
5.328428745269775391e-01
5.314236879348754883e-01
5.300178527832031250e-01
5.286350250244140625e-01
5.273001790046691895e-01
5.259702205657958984e-01
5.246432423591613770e-01
5.233212709426879883e-01
5.220026373863220215e-01
5.206879973411560059e-01
5.193783044815063477e-01
5.180798172950744629e-01
5.167779922485351562e-01
5.154798030853271484e-01
5.141856670379638672e-01
5.128965377807617188e-01
5.116106271743774414e-01
5.103288888931274414e-01
5.090522170066833496e-01
5.077788233757019043e-01
5.065106749534606934e-01
5.052537918090820312e-01
5.039932131767272949e-01
5.027377605438232422e-01
5.014855265617370605e-01
5.002385973930358887e-01
4.989952445030212402e-01
4.977560937404632568e-01
4.965223073959350586e-01
4.952918589115142822e-01
4.940740764141082764e-01
4.928525090217590332e-01
4.916350543498992920e-01
4.904274344444274902e-01
4.892295300960540771e-01
4.880359470844268799e-01
4.868468940258026123e-01
4.856617450714111328e-01
4.844810366630554199e-01
4.833119809627532959e-01
4.821390211582183838e-01
4.809711575508117676e-01
4.798075556755065918e-01
4.786484837532043457e-01
4.774933755397796631e-01
4.763426482677459717e-01
4.751965105533599854e-01
4.740617573261260986e-01
4.729240238666534424e-01
4.717902541160583496e-01
4.706612825393676758e-01
4.695367515087127686e-01
4.684164524078369141e-01
4.673008024692535400e-01
4.661965370178222656e-01
4.650894105434417725e-01
4.639869630336761475e-01
4.628887176513671875e-01
4.617947041988372803e-01
4.607047736644744873e-01
4.596197009086608887e-01
4.585459530353546143e-01
4.574698507785797119e-01
4.563980102539062500e-01
4.553412497043609619e-01
4.543525874614715576e-01
4.533683657646179199e-01
4.523881971836090088e-01
4.514196813106536865e-01
4.504481852054595947e-01
4.494806230068206787e-01
4.485172927379608154e-01
4.475585520267486572e-01
4.466044008731842041e-01
4.456538558006286621e-01
4.447141885757446289e-01
4.437719881534576416e-01
4.428340196609497070e-01
4.419010877609252930e-01
4.409716427326202393e-01
4.400463998317718506e-01
4.390417039394378662e-01
4.380425810813903809e-01
4.370405673980712891e-01
4.360419511795043945e-01
4.350459873676300049e-01
4.340540766716003418e-01
4.330659508705139160e-01
4.320803880691528320e-01
4.311052858829498291e-01
4.301272034645080566e-01
4.291518032550811768e-01
4.281807243824005127e-01
4.272131323814392090e-01
4.262486696243286133e-01
4.252931177616119385e-01
4.243354797363281250e-01
4.233954250812530518e-01
4.224832653999328613e-01
4.215733110904693604e-01
4.206661880016326904e-01
4.197671711444854736e-01
4.188646078109741211e-01
4.179638028144836426e-01
4.170660376548767090e-01
4.161709249019622803e-01
4.152778983116149902e-01
4.143933355808258057e-01
4.135048687458038330e-01
4.126181900501251221e-01
4.117344915866851807e-01
4.108532667160034180e-01
4.099741280078887939e-01
4.091028273105621338e-01
4.080301523208618164e-01
4.066714048385620117e-01
4.053126871585845947e-01
4.039523303508758545e-01
4.025921523571014404e-01
4.012361466884613037e-01
3.998744785785675049e-01
3.985118865966796875e-01
3.971476852893829346e-01
3.957835733890533447e-01
3.944177925586700439e-01
3.930574655532836914e-01
3.916908502578735352e-01
3.903229832649230957e-01
3.889548778533935547e-01
3.875849246978759766e-01
3.862151205539703369e-01
3.848390579223632812e-01
3.832603096961975098e-01
3.816837966442108154e-01
3.801078200340270996e-01
3.785322010517120361e-01
3.769587278366088867e-01
3.753901720046997070e-01
3.738184571266174316e-01
3.722473680973052979e-01
3.706778883934020996e-01
3.691093921661376953e-01
3.675467073917388916e-01
3.659805357456207275e-01
3.644146621227264404e-01
3.628511726856231689e-01
3.612877130508422852e-01
3.597315251827239990e-01
3.581712543964385986e-01
3.565943539142608643e-01
3.549722135066986084e-01
3.533548712730407715e-01
3.517397642135620117e-01
3.501336872577667236e-01
3.485262393951416016e-01
3.469219803810119629e-01
3.453216850757598877e-01
3.437239527702331543e-01
3.421354293823242188e-01
3.405461013317108154e-01
3.389592170715332031e-01
3.373767435550689697e-01
3.357978165149688721e-01
3.342267274856567383e-01
3.326551020145416260e-01
3.310862779617309570e-01
3.295224308967590332e-01
3.279719352722167969e-01
3.266347050666809082e-01
3.253064155578613281e-01
3.239775598049163818e-01
3.226545453071594238e-01
3.213351964950561523e-01
3.200197219848632812e-01
3.187136054039001465e-01
3.174075782299041748e-01
3.161056339740753174e-01
3.148086369037628174e-01
3.135154843330383301e-01
3.122275471687316895e-01
3.109479844570159912e-01
3.096684217453002930e-01
3.083938360214233398e-01
3.071244955062866211e-01
3.058584034442901611e-01
3.046012520790100098e-01
3.033441901206970215e-01
3.020920455455780029e-01
3.008444607257843018e-01
2.996009290218353271e-01
2.983661592006683350e-01
2.971320450305938721e-01
2.959020733833312988e-01
2.946770489215850830e-01
2.934559881687164307e-01
2.922437489032745361e-01
2.910329997539520264e-01
2.898255586624145508e-01
2.886231541633605957e-01
2.874253094196319580e-01
2.862350046634674072e-01
2.850461900234222412e-01
2.838619649410247803e-01
2.826816737651824951e-01
2.815065383911132812e-01
2.803795635700225830e-01
2.793753743171691895e-01
2.783763706684112549e-01
2.773804664611816406e-01
2.763903737068176270e-01
2.754073143005371094e-01
2.744254469871520996e-01
2.734478712081909180e-01
2.724747955799102783e-01
2.715061604976654053e-01
2.705450654029846191e-01
2.695852220058441162e-01
2.686298191547393799e-01
2.676793634891510010e-01
2.667320072650909424e-01
2.657934427261352539e-01
2.648555636405944824e-01
2.639220654964447021e-01
2.629927098751068115e-01
2.620679438114166260e-01
2.611474990844726562e-01
2.602342069149017334e-01
2.593224346637725830e-01
2.584149539470672607e-01
2.575124204158782959e-01
2.566129267215728760e-01
2.557218074798583984e-01
2.548316121101379395e-01
2.539456784725189209e-01
2.530639171600341797e-01
2.521866261959075928e-01
2.513161599636077881e-01
2.504479289054870605e-01
2.495827227830886841e-01
2.487224042415618896e-01
2.478669732809066772e-01
2.470169663429260254e-01
2.461699545383453369e-01
2.453265786170959473e-01
2.444873899221420288e-01
2.436136901378631592e-01
2.427023053169250488e-01
2.417943477630615234e-01
2.408904135227203369e-01
2.399910241365432739e-01
2.390973418951034546e-01
2.382058799266815186e-01
2.373178005218505859e-01
2.364337295293807983e-01
2.355541884899139404e-01
2.346802055835723877e-01
2.338085770606994629e-01
2.329408377408981323e-01
2.320764958858489990e-01
2.312166839838027954e-01
2.303622066974639893e-01
2.295102477073669434e-01
2.286615222692489624e-01
2.278167456388473511e-01
2.269764542579650879e-01
2.261414229869842529e-01
2.253089398145675659e-01
2.244796603918075562e-01
2.236542999744415283e-01
2.228334099054336548e-01
2.220175713300704956e-01
2.212044298648834229e-01
2.203944325447082520e-01
2.195883393287658691e-01
2.187872827053070068e-01
2.179905325174331665e-01
2.171965241432189941e-01
2.164056599140167236e-01
2.156192809343338013e-01
2.148360162973403931e-01
2.140581458806991577e-01
2.132830917835235596e-01
2.125111669301986694e-01
2.117436379194259644e-01
2.109792679548263550e-01
2.102200686931610107e-01
2.094638347625732422e-01
2.087134718894958496e-01
2.079690545797348022e-01
2.072279304265975952e-01
2.064921408891677856e-01
2.057596296072006226e-01
2.050303220748901367e-01
2.043056488037109375e-01
2.035842537879943848e-01
2.028686851263046265e-01
2.021550685167312622e-01
2.014460414648056030e-01
2.007402032613754272e-01
2.000389546155929565e-01
1.993420273065567017e-01
1.986484974622726440e-01
1.979580968618392944e-01
1.972722113132476807e-01
1.965894997119903564e-01
1.959116309881210327e-01
1.952372193336486816e-01
1.945658922195434570e-01
1.938990652561187744e-01
1.932353377342224121e-01
1.925769895315170288e-01
1.919207274913787842e-01
1.912689507007598877e-01
1.906201988458633423e-01
1.899758875370025635e-01
1.893354058265686035e-01
1.886984854936599731e-01
1.880645751953125000e-01
1.874350458383560181e-01
1.868084967136383057e-01
1.861870139837265015e-01
1.855677515268325806e-01
1.849521398544311523e-01
1.843408644199371338e-01
1.837325096130371094e-01
1.831290870904922485e-01
1.825279295444488525e-01
1.819310635328292847e-01
1.813370734453201294e-01
1.807473599910736084e-01
1.801605075597763062e-01
1.795776039361953735e-01
1.789987683296203613e-01
1.784229874610900879e-01
1.778517067432403564e-01
1.772841513156890869e-01
1.767196804285049438e-01
1.761596798896789551e-01
1.756027042865753174e-01
1.750496923923492432e-01
1.745008677244186401e-01
1.739553064107894897e-01
1.734133958816528320e-01
1.728748977184295654e-01
1.723407804965972900e-01
1.718103289604187012e-01
1.712825298309326172e-01
1.707593053579330444e-01
1.702397167682647705e-01
1.697230041027069092e-01
1.692101657390594482e-01
1.687007099390029907e-01
1.681954413652420044e-01
1.676937192678451538e-01
1.671944111585617065e-01
1.666997671127319336e-01
1.662079244852066040e-01
1.657202839851379395e-01
1.652357280254364014e-01
1.647543609142303467e-01
1.642771810293197632e-01
1.638026386499404907e-01
1.633319258689880371e-01
1.628650724887847900e-01
1.624009311199188232e-01
1.619409173727035522e-01
1.614836901426315308e-01
1.610297262668609619e-01
1.605798602104187012e-01
1.601326465606689453e-01
1.596890985965728760e-01
1.592492908239364624e-01
1.588117778301239014e-01
1.583786159753799438e-01
1.579476445913314819e-01
1.575210839509963989e-01
1.570978164672851562e-01
1.566787958145141602e-01
1.562915742397308350e-01
1.559073626995086670e-01
1.555276513099670410e-01
1.551501750946044922e-01
1.547766625881195068e-01
1.544062495231628418e-01
1.540395170450210571e-01
1.536757647991180420e-01
1.533149331808090210e-01
1.529579013586044312e-01
1.526040136814117432e-01
1.522537618875503540e-01
1.519064307212829590e-01
1.515626907348632812e-01
1.512218415737152100e-01
1.508831530809402466e-01
1.505494862794876099e-01
1.502182930707931519e-01
1.498906612396240234e-01
1.495658606290817261e-01
1.492430865764617920e-01
1.489253640174865723e-01
1.486100554466247559e-01
1.482982933521270752e-01
1.479893028736114502e-01
1.476838290691375732e-01
1.473801583051681519e-01
1.470805108547210693e-01
1.467843800783157349e-01
1.464909315109252930e-01
1.462009996175765991e-01
1.459126919507980347e-01
1.456292122602462769e-01
1.453477442264556885e-01
1.450696289539337158e-01
1.447950005531311035e-01
1.445229798555374146e-01
1.442535966634750366e-01
1.439872831106185913e-01
1.437243074178695679e-01
1.434647738933563232e-01
1.432077884674072266e-01
1.429530233144760132e-01
1.427020132541656494e-01
1.424546986818313599e-01
1.422093361616134644e-01
1.419672220945358276e-01
1.417284905910491943e-01
1.414909362792968750e-01
1.413239091634750366e-01
1.411708742380142212e-01
1.410204023122787476e-01
1.408723443746566772e-01
1.407264471054077148e-01
1.405848115682601929e-01
1.404452919960021973e-01
1.403090208768844604e-01
1.401759237051010132e-01
1.400448828935623169e-01
1.399158984422683716e-01
1.397912204265594482e-01
1.396683305501937866e-01
1.395493149757385254e-01
1.394323855638504028e-01
1.393189430236816406e-01
1.392066776752471924e-01
1.390978246927261353e-01
1.389928162097930908e-01
1.388905942440032959e-01
1.387903690338134766e-01
1.386937052011489868e-01
1.385978013277053833e-01
1.385059654712677002e-01
1.384176462888717651e-01
1.383320689201354980e-01
1.382482796907424927e-01
1.381682902574539185e-01
1.380884200334548950e-01
1.380139440298080444e-01
1.379422247409820557e-01
1.378722637891769409e-01
1.378060877323150635e-01
1.377426683902740479e-01
1.376792490482330322e-01
1.376213133335113525e-01
1.375659555196762085e-01
1.375128030776977539e-01
1.374631375074386597e-01
1.374163031578063965e-01
1.373693048954010010e-01
1.373276859521865845e-01
1.372883021831512451e-01
1.372524201869964600e-01
1.372193098068237305e-01
1.371881961822509766e-01
1.371581405401229858e-01
1.371333152055740356e-01
1.371104270219802856e-01
1.370910853147506714e-01
1.370745301246643066e-01
1.370597332715988159e-01
1.370537132024765015e-01
1.370544284582138062e-01
1.370576769113540649e-01
1.370645761489868164e-01
1.370732188224792480e-01
1.370848119258880615e-01
1.370966434478759766e-01
1.371142566204071045e-01
1.371340304613113403e-01
1.371563076972961426e-01
1.371815353631973267e-01
1.372102349996566772e-01
1.372381299734115601e-01
1.372715681791305542e-01
1.373082250356674194e-01
1.373471468687057495e-01
1.373887658119201660e-01
1.374330222606658936e-01
1.374809592962265015e-01
1.375280916690826416e-01
1.375805586576461792e-01
1.376367509365081787e-01
1.376947164535522461e-01
1.377556622028350830e-01
1.378193348646163940e-01
1.378864496946334839e-01
1.379528194665908813e-01
1.380246877670288086e-01
1.381002515554428101e-01
1.381778568029403687e-01
1.382580846548080444e-01
1.383413076400756836e-01
1.384279578924179077e-01
1.385137289762496948e-01
1.386053413152694702e-01
1.387003809213638306e-01
1.387976706027984619e-01
1.388975530862808228e-01
1.390004605054855347e-01
1.391069889068603516e-01
1.392122358083724976e-01
1.393236666917800903e-01
1.394378095865249634e-01
1.395556926727294922e-01
1.396757364273071289e-01
1.397984325885772705e-01
1.399249583482742310e-01
1.400501430034637451e-01
1.401815563440322876e-01
1.403158754110336304e-01
1.404538154602050781e-01
1.405940055847167969e-01
1.407370418310165405e-01
1.408836543560028076e-01
1.410290896892547607e-01
1.411686390638351440e-01
1.413007527589797974e-01
1.414358317852020264e-01
1.415731608867645264e-01
1.417140662670135498e-01
1.418580710887908936e-01
1.420013904571533203e-01
1.421505659818649292e-01
1.423036009073257446e-01
1.424594670534133911e-01
1.426176726818084717e-01
1.427796781063079834e-01
1.429447978734970093e-01
1.431082189083099365e-01
1.432793736457824707e-01
1.434534043073654175e-01
1.436306685209274292e-01
1.438101977109909058e-01
1.439935117959976196e-01
1.441799700260162354e-01
1.443645954132080078e-01
1.445572078227996826e-01
1.447529792785644531e-01
1.449509710073471069e-01
1.451528817415237427e-01
1.453579664230346680e-01
1.455661058425903320e-01
1.457766443490982056e-01
1.459911167621612549e-01
1.462044864892959595e-01
1.464244127273559570e-01
1.466483026742935181e-01
1.468754410743713379e-01
1.471057385206222534e-01
1.473384797573089600e-01
1.475751250982284546e-01
1.478150486946105957e-01
1.480572819709777832e-01
1.482990980148315430e-01
1.485485881567001343e-01
1.488005518913269043e-01
1.490565389394760132e-01
1.493157893419265747e-01
1.495782434940338135e-01
1.498431861400604248e-01
1.501121968030929565e-01
1.503797471523284912e-01
1.506544947624206543e-01
1.509332656860351562e-01
1.512154191732406616e-01
1.515000462532043457e-01
1.517886370420455933e-01
1.520806998014450073e-01
1.523760259151458740e-01
1.526738256216049194e-01
1.529709100723266602e-01
1.532760709524154663e-01
1.535839140415191650e-01
1.538957804441452026e-01
1.542274653911590576e-01
1.545666754245758057e-01
1.549090743064880371e-01
1.552549749612808228e-01
1.556041687726974487e-01
1.559514850378036499e-01
1.563073545694351196e-01
1.566664278507232666e-01
1.570290029048919678e-01
1.573948860168457031e-01
1.577640771865844727e-01
1.581366509199142456e-01
1.585125327110290527e-01
1.588864177465438843e-01
1.592690795660018921e-01
1.596550345420837402e-01
1.600442826747894287e-01
1.604369282722473145e-01
1.608328521251678467e-01
1.612321734428405762e-01
1.616348922252655029e-01
1.620408743619918823e-01
1.624444574117660522e-01
1.628570556640625000e-01
1.632730215787887573e-01
1.636922210454940796e-01
1.641147881746292114e-01
1.645407080650329590e-01
1.649698615074157715e-01
1.654022336006164551e-01
1.658379286527633667e-01
1.662769913673400879e-01
1.667193174362182617e-01
1.671648323535919189e-01
1.676076352596282959e-01
1.680595725774765015e-01
1.685147881507873535e-01
1.689732521772384644e-01
1.694348454475402832e-01
1.698996573686599731e-01
1.703667640686035156e-01
1.708380579948425293e-01
1.713123768568038940e-01
1.717897355556488037e-01
1.722703874111175537e-01
1.727540493011474609e-01
1.732345074415206909e-01
1.737242341041564941e-01
1.742170751094818115e-01
1.747129708528518677e-01
1.752119064331054688e-01
1.757138222455978394e-01
1.762188076972961426e-01
1.767265200614929199e-01
1.772373169660568237e-01
1.777510643005371094e-01
1.782675832509994507e-01
1.787869930267333984e-01
1.793026179075241089e-01
1.798275858163833618e-01
1.803554892539978027e-01
1.808860450983047485e-01
1.814262419939041138e-01
1.819849312305450439e-01
1.825462579727172852e-01
1.831101328134536743e-01
1.836767792701721191e-01
1.842458993196487427e-01
1.848175674676895142e-01
1.853918284177780151e-01
1.859615296125411987e-01
1.865404546260833740e-01
1.871218532323837280e-01
1.877056658267974854e-01
1.882916241884231567e-01
1.888797730207443237e-01
1.894704401493072510e-01
1.900629550218582153e-01
1.906575858592987061e-01
1.912544369697570801e-01
1.918531507253646851e-01
1.924538314342498779e-01
1.930491626262664795e-01
1.936536729335784912e-01
1.942599266767501831e-01
1.948678642511367798e-01
1.954776644706726074e-01
1.960889697074890137e-01
1.967019438743591309e-01
1.973165571689605713e-01
1.979325115680694580e-01
1.985498964786529541e-01
1.991688311100006104e-01
1.997889280319213867e-01
2.004102915525436401e-01
2.010328918695449829e-01
2.016560137271881104e-01
2.022808790206909180e-01
2.029067873954772949e-01
2.035338580608367920e-01
2.041618376970291138e-01
2.047828882932662964e-01
2.054125815629959106e-01
2.060429453849792480e-01
2.066740244626998901e-01
2.073056697845458984e-01
2.079382091760635376e-01
2.085711508989334106e-01
2.092044949531555176e-01
2.098384350538253784e-01
2.104726731777191162e-01
2.111072093248367310e-01
2.117422223091125488e-01
2.123772203922271729e-01
2.130124717950820923e-01
2.136479914188385010e-01
2.142833769321441650e-01
2.149187624454498291e-01
2.155541777610778809e-01
2.161896526813507080e-01
2.168247848749160767e-01
2.174597978591918945e-01
2.180867195129394531e-01
2.187211513519287109e-01
2.193553000688552856e-01
2.199892103672027588e-01
2.206224948167800903e-01
2.212553769350051880e-01
2.218877226114273071e-01
2.225539982318878174e-01
2.232367843389511108e-01
2.239191830158233643e-01
2.246005535125732422e-01
2.252821922302246094e-01
2.259633690118789673e-01
2.266442030668258667e-01
2.273244559764862061e-01
2.280041277408599854e-01
2.286835312843322754e-01
2.293622195720672607e-01
2.300403714179992676e-01
2.307180017232894897e-01
2.313869744539260864e-01
2.320626378059387207e-01
2.327386140823364258e-01
2.334141731262207031e-01
2.340890020132064819e-01
2.347632199525833130e-01
2.354369908571243286e-01
2.361101061105728149e-01
2.367826104164123535e-01
2.374546676874160767e-01
2.381262034177780151e-01
2.387961000204086304e-01
2.394663840532302856e-01
2.401362359523773193e-01
2.408055067062377930e-01
2.414740622043609619e-01
2.421424388885498047e-01
2.428101301193237305e-01
2.434771656990051270e-01
2.441441565752029419e-01
2.448102831840515137e-01
2.454751431941986084e-01
2.461404353380203247e-01
2.468054294586181641e-01
2.474700808525085449e-01
2.481341511011123657e-01
2.487982213497161865e-01
2.494616210460662842e-01
2.501248717308044434e-01
2.507878243923187256e-01
2.514503896236419678e-01
2.521117627620697021e-01
2.527737915515899658e-01
2.534359991550445557e-01
2.540977001190185547e-01
2.547592222690582275e-01
2.554210424423217773e-01
2.560823857784271240e-01
2.567438483238220215e-01
2.574052214622497559e-01
2.580664753913879395e-01
2.587268352508544922e-01
2.593882679939270020e-01
2.600498199462890625e-01
2.607113420963287354e-01
2.613728642463684082e-01
2.620350420475006104e-01
2.626970112323760986e-01
2.633593678474426270e-01
2.640219330787658691e-01
2.646847963333129883e-01
2.653466463088989258e-01
2.660101652145385742e-01
2.666740119457244873e-01
2.673381865024566650e-01
2.680028080940246582e-01
2.686679363250732422e-01
2.693333923816680908e-01
2.700349092483520508e-01
2.707886099815368652e-01
2.715438306331634521e-01
2.723004221916198730e-01
2.730600833892822266e-01
2.738200128078460693e-01
2.745816111564636230e-01
2.753450572490692139e-01
2.761099934577941895e-01
2.768779993057250977e-01
2.776463329792022705e-01
2.784167826175689697e-01
2.791887223720550537e-01
2.799625396728515625e-01
2.807397246360778809e-01
2.815171480178833008e-01
2.822963595390319824e-01
2.830777466297149658e-01
2.838607430458068848e-01
2.846469283103942871e-01
2.854337692260742188e-01
2.862225472927093506e-01
2.870132029056549072e-01
2.878057360649108887e-01
2.886016368865966797e-01
2.893980741500854492e-01
2.901963591575622559e-01
2.909967899322509766e-01
2.917988896369934082e-01
2.926043868064880371e-01
2.934108972549438477e-01
2.942188978195190430e-01
2.950287461280822754e-01
2.958406209945678711e-01
2.966546118259429932e-01
2.974718213081359863e-01
2.982991933822631836e-01
2.991189360618591309e-01
2.999404966831207275e-01
3.007637858390808105e-01
3.015907406806945801e-01
3.024179339408874512e-01
3.032468855381011963e-01
3.040777742862701416e-01
3.049106597900390625e-01
3.057467341423034668e-01
3.065831065177917480e-01
3.074213564395904541e-01
3.082612752914428711e-01
3.091028928756713867e-01
3.099480867385864258e-01
3.107931017875671387e-01
3.116399943828582764e-01
3.124885857105255127e-01
3.133386075496673584e-01
3.141919076442718506e-01
3.150452077388763428e-01
3.159002661705017090e-01
3.167567551136016846e-01
3.176146745681762695e-01
3.184758424758911133e-01
3.193366229534149170e-01
3.201988339424133301e-01
3.210625946521759033e-01
3.219375908374786377e-01
3.228054642677307129e-01
3.236730098724365234e-01
3.245418965816497803e-01
3.254117965698242188e-01
3.262828588485717773e-01
3.271568417549133301e-01
3.280301392078399658e-01
3.289043903350830078e-01
3.297798633575439453e-01
3.306560516357421875e-01
3.315348625183105469e-01
3.324148356914520264e-01
3.333131968975067139e-01
3.342140316963195801e-01
3.351137638092041016e-01
3.360159695148468018e-01
3.369169533252716064e-01
3.378201723098754883e-01
3.387240469455718994e-01
3.396263718605041504e-01
3.405309617519378662e-01
3.414444327354431152e-01
3.423494994640350342e-01
3.432548046112060547e-01
3.441585004329681396e-01
3.450643122196197510e-01
3.459681570529937744e-01
3.468736112117767334e-01
3.477793931961059570e-01
3.486830294132232666e-01
3.495882153511047363e-01
3.504915237426757812e-01
3.513961434364318848e-01
3.523087501525878906e-01
3.532126545906066895e-01
3.541159331798553467e-01
3.550168573856353760e-01
3.559189140796661377e-01
3.568185865879058838e-01
3.577191829681396484e-01
3.586189448833465576e-01
3.595162034034729004e-01
3.604140877723693848e-01
3.613092005252838135e-01
3.622051477432250977e-01
3.631077706813812256e-01
3.640011548995971680e-01
3.648931086063385010e-01
3.657821714878082275e-01
3.666713833808898926e-01
3.675571978092193604e-01
3.684434890747070312e-01
3.693278729915618896e-01
3.702087998390197754e-01
3.710898458957672119e-01
3.719670176506042480e-01
3.728440701961517334e-01
3.737271130084991455e-01
3.746001124382019043e-01
3.754707872867584229e-01
3.763374686241149902e-01
3.772038817405700684e-01
3.780659139156341553e-01
3.789272010326385498e-01
3.797862827777862549e-01
3.806406259536743164e-01
3.814941048622131348e-01
3.823431730270385742e-01
3.831911385059356689e-01
3.840455412864685059e-01
3.848856389522552490e-01
3.857248723506927490e-01
3.865588009357452393e-01
3.873913884162902832e-01
3.882191479206085205e-01
3.890451490879058838e-01
3.898677229881286621e-01
3.906850516796112061e-01
3.915006816387176514e-01
3.923105895519256592e-01
3.931275904178619385e-01
3.939321339130401611e-01
3.947307169437408447e-01
3.955272436141967773e-01
3.963179886341094971e-01
3.971063494682312012e-01
3.978887796401977539e-01
3.986689746379852295e-01
3.994446992874145508e-01
4.002140760421752930e-01
4.009896218776702881e-01
4.017499983310699463e-01
4.025078117847442627e-01
4.032668769359588623e-01
4.040974974632263184e-01
4.049232900142669678e-01
4.057443439960479736e-01
4.065627455711364746e-01
4.073821008205413818e-01
4.081884324550628662e-01
4.089899063110351562e-01
4.097881019115447998e-01
4.105792641639709473e-01
4.113652706146240234e-01
4.121479392051696777e-01
4.129308462142944336e-01
4.137006998062133789e-01
4.144652187824249268e-01
4.152259826660156250e-01
4.159791469573974609e-01
4.167269170284271240e-01
4.174707829952239990e-01
4.182140827178955078e-01
4.189443588256835938e-01
4.196687340736389160e-01
4.203890562057495117e-01
4.211014807224273682e-01
4.218079745769500732e-01
4.225082397460937500e-01
4.232109785079956055e-01
4.238989055156707764e-01
4.245804548263549805e-01
4.252575933933258057e-01
4.259266257286071777e-01
4.265890717506408691e-01
4.272451102733612061e-01
4.278965294361114502e-01
4.285456836223602295e-01
4.291819930076599121e-01
4.298116862773895264e-01
4.304367303848266602e-01
4.310528934001922607e-01
4.316624104976654053e-01
4.322671890258789062e-01
4.328686296939849854e-01
4.334575235843658447e-01
4.340396225452423096e-01
4.346166253089904785e-01
4.351846873760223389e-01
4.357457160949707031e-01
4.362997710704803467e-01
4.368537664413452148e-01
4.373934864997863770e-01
4.379262030124664307e-01
4.384535551071166992e-01
4.389718174934387207e-01
4.394829273223876953e-01
4.399867653846740723e-01
4.404852390289306641e-01
4.409788846969604492e-01
4.414608776569366455e-01
4.419373869895935059e-01
4.424045979976654053e-01
4.428643882274627686e-01
4.433168768882751465e-01
4.437639415264129639e-01
4.442056417465209961e-01
4.446356594562530518e-01
4.450584352016448975e-01
4.454757273197174072e-01
4.458836317062377930e-01
4.462840557098388672e-01
4.466822147369384766e-01
4.470676481723785400e-01
4.474455714225769043e-01
4.478159844875335693e-01
4.481807351112365723e-01
4.485392868518829346e-01
4.488871693611145020e-01
4.492276310920715332e-01
4.495624899864196777e-01
4.498877227306365967e-01
4.502056837081909180e-01
4.505207538604736328e-01
4.508236944675445557e-01
4.511188864707946777e-01
4.514069855213165283e-01
4.516894817352294922e-01
4.519647955894470215e-01
4.522304832935333252e-01
4.524884819984436035e-01
4.527411758899688721e-01
4.530327916145324707e-01
4.533336758613586426e-01
4.536237120628356934e-01
4.539083540439605713e-01
4.541862905025482178e-01
4.544571638107299805e-01
4.547225832939147949e-01
4.549792706966400146e-01
4.552292227745056152e-01
4.554704129695892334e-01
4.557066261768341064e-01
4.559367895126342773e-01
4.561592042446136475e-01
4.563748240470886230e-01
4.565836787223815918e-01
4.567854702472686768e-01
4.569796621799468994e-01
4.571682512760162354e-01
4.573501348495483398e-01
4.575253725051879883e-01
4.576937258243560791e-01
4.578562080860137939e-01
4.580116271972656250e-01
4.581587016582489014e-01
4.583007991313934326e-01
4.584367573261260986e-01
4.585662782192230225e-01
4.586894810199737549e-01
4.588058888912200928e-01
4.589163064956665039e-01
4.590185880661010742e-01
4.591164886951446533e-01
4.592075347900390625e-01
4.592930078506469727e-01
4.593723118305206299e-01
4.594455361366271973e-01
4.595123827457427979e-01
4.595710635185241699e-01
4.596261978149414062e-01
4.596753716468811035e-01
4.597183167934417725e-01
4.597557783126831055e-01
4.597864747047424316e-01
4.598104357719421387e-01
4.598301649093627930e-01
4.598445594310760498e-01
4.598533213138580322e-01
4.598552584648132324e-01
4.598524272441864014e-01
4.598444700241088867e-01
4.598292112350463867e-01
4.598103761672973633e-01
4.597842693328857422e-01
4.597546756267547607e-01
4.597197771072387695e-01
4.596796631813049316e-01
4.596322178840637207e-01
4.595798552036285400e-01
4.595242440700531006e-01
4.594635963439941406e-01
4.593955576419830322e-01
4.593248665332794189e-01
4.592492878437042236e-01
4.591688215732574463e-01
4.590791463851928711e-01
4.589890241622924805e-01
4.588941931724548340e-01
4.587947130203247070e-01
4.586882591247558594e-01
4.585790634155273438e-01
4.584657549858093262e-01
4.583461880683898926e-01
4.582214653491973877e-01
4.580943584442138672e-01
4.579633772373199463e-01
4.578281342983245850e-01
4.576859176158905029e-01
4.575417041778564453e-01
4.573920071125030518e-01
4.572400152683258057e-01
4.570811092853546143e-01
4.569205641746520996e-01
4.567565321922302246e-01
4.565885961055755615e-01
4.564137756824493408e-01
4.562358558177947998e-01
4.560564458370208740e-01
4.558733403682708740e-01
4.556834101676940918e-01
4.554924368858337402e-01
4.552984833717346191e-01
4.551009535789489746e-01
4.548948407173156738e-01
4.546898901462554932e-01
4.544820785522460938e-01
4.542818367481231689e-01
4.541043043136596680e-01
4.539215266704559326e-01
4.537376761436462402e-01
4.535445570945739746e-01
4.533534944057464600e-01
4.531573653221130371e-01
4.529603421688079834e-01
4.527541995048522949e-01
4.525503814220428467e-01
4.523422420024871826e-01
4.521323144435882568e-01
4.519138932228088379e-01
4.516980946063995361e-01
4.514781832695007324e-01
4.512566924095153809e-01
4.510267376899719238e-01
4.507997035980224609e-01
4.505688250064849854e-01
4.503365159034729004e-01
4.500958025455474854e-01
4.498589038848876953e-01
4.496172070503234863e-01
4.493747949600219727e-01
4.491240978240966797e-01
4.488775134086608887e-01
4.486262798309326172e-01
4.483744800090789795e-01
4.481151700019836426e-01
4.478589892387390137e-01
4.475989341735839844e-01
4.473385810852050781e-01
4.470706880092620850e-01
4.468062520027160645e-01
4.465380907058715820e-01
4.462703168392181396e-01
4.459940493106842041e-01
4.457219839096069336e-01
4.454464614391326904e-01
4.451670646667480469e-01
4.448879957199096680e-01
4.446090459823608398e-01
4.443222880363464355e-01
4.440406560897827148e-01
4.437552392482757568e-01
4.434655308723449707e-01
4.431777000427246094e-01
4.428894817829132080e-01
4.425937235355377197e-01
4.423028826713562012e-01
4.420095086097717285e-01
4.417115151882171631e-01
4.414151012897491455e-01
4.411197304725646973e-01
4.408164024353027344e-01
4.405182003974914551e-01
4.402172267436981201e-01
4.399127960205078125e-01
4.396097362041473389e-01
4.393074214458465576e-01
4.389983415603637695e-01
4.386941790580749512e-01
4.383874237537384033e-01
4.380767643451690674e-01
4.377689659595489502e-01
4.374614655971527100e-01
4.371515214443206787e-01
4.368378818035125732e-01
4.365271627902984619e-01
4.362168908119201660e-01
4.358995854854583740e-01
4.355887174606323242e-01
4.352750778198242188e-01
4.349577724933624268e-01
4.346430897712707520e-01
4.343302249908447266e-01
4.340099096298217773e-01
4.336956441402435303e-01
4.333798885345458984e-01
4.330601990222930908e-01
4.327431917190551758e-01
4.324276447296142578e-01
4.321060180664062500e-01
4.317899644374847412e-01
4.314720630645751953e-01
4.311515092849731445e-01
4.308332800865173340e-01
4.305166304111480713e-01
4.301935434341430664e-01
4.298773407936096191e-01
4.295588433742523193e-01
4.292373061180114746e-01
4.289188086986541748e-01
4.286026358604431152e-01
4.282843172550201416e-01
4.279629886150360107e-01
4.276454150676727295e-01
4.273291230201721191e-01
4.270065724849700928e-01
4.266905784606933594e-01
4.263738095760345459e-01
4.260535538196563721e-01
4.257366955280303955e-01
4.254280626773834229e-01
4.251823425292968750e-01
4.249431788921356201e-01
4.247026145458221436e-01
4.244586825370788574e-01
4.242203533649444580e-01
4.239805936813354492e-01
4.237381219863891602e-01
4.234984815120697021e-01
4.232613146305084229e-01
4.230182170867919922e-01
4.227817952632904053e-01
4.225457608699798584e-01
4.223031997680664062e-01
4.220679402351379395e-01
4.218314886093139648e-01
4.215924143791198730e-01
4.213562309741973877e-01
4.211180806159973145e-01
4.208850264549255371e-01
4.206508398056030273e-01
4.204136133193969727e-01
4.201804101467132568e-01
4.199447333812713623e-01
4.197126030921936035e-01
4.194820523262023926e-01
4.192479848861694336e-01
4.190175235271453857e-01
4.187846481800079346e-01
4.185553193092346191e-01
4.183276593685150146e-01
4.180949926376342773e-01
4.178690910339355469e-01
4.176438152790069580e-01
4.174124896526336670e-01
4.171885251998901367e-01
4.169590771198272705e-01
4.167363941669464111e-01
4.165123105049133301e-01
4.162864983081817627e-01
4.160659015178680420e-01
4.158399403095245361e-01
4.156202077865600586e-01
4.154001772403717041e-01
4.151780009269714355e-01
4.149594604969024658e-01
4.147387742996215820e-01
4.145227670669555664e-01
4.143064618110656738e-01
4.140881001949310303e-01
4.138734042644500732e-01
4.136561155319213867e-01
4.134429395198822021e-01
4.132321774959564209e-01
4.130179286003112793e-01
4.128066897392272949e-01
4.125940203666687012e-01
4.123850166797637939e-01
4.121783673763275146e-01
4.119661748409271240e-01
4.117612838745117188e-01
4.115571975708007812e-01
4.113481640815734863e-01
4.111458361148834229e-01
4.109380841255187988e-01
4.107374846935272217e-01
4.105362892150878906e-01
4.103333652019500732e-01
4.101334214210510254e-01
4.099322855472564697e-01
4.097362458705902100e-01
4.095396101474761963e-01
4.093407392501831055e-01
4.091459512710571289e-01
4.089495241641998291e-01
4.087566137313842773e-01
4.085656702518463135e-01
4.083721041679382324e-01
4.081820845603942871e-01
4.079904258251190186e-01
4.078023433685302734e-01
4.076162278652191162e-01
4.074260294437408447e-01
4.072423875331878662e-01
4.070557057857513428e-01
4.068720042705535889e-01
4.066913127899169922e-01
4.065061509609222412e-01
4.063274264335632324e-01
4.061477482318878174e-01
4.059671461582183838e-01
4.057914912700653076e-01
4.056113958358764648e-01
4.054372906684875488e-01
4.052631556987762451e-01
4.050877094268798828e-01
4.049156606197357178e-01
4.047417938709259033e-01
4.045732915401458740e-01
4.044005572795867920e-01
4.042341709136962891e-01
4.040635526180267334e-01
4.038987159729003906e-01
4.037302434444427490e-01
4.035680592060089111e-01
4.034031331539154053e-01
4.032410979270935059e-01
4.030783772468566895e-01
4.029188752174377441e-01
4.027620255947113037e-01
4.026005268096923828e-01
4.024457633495330811e-01
4.022884368896484375e-01
4.021173417568206787e-01
4.019386470317840576e-01
4.017641842365264893e-01
4.015876352787017822e-01
4.014157950878143311e-01
4.012413918972015381e-01
4.010716676712036133e-01
4.009009301662445068e-01
4.007333219051361084e-01
4.005627930164337158e-01
4.003973603248596191e-01
4.002329707145690918e-01
4.000661373138427734e-01
3.999038934707641602e-01
3.997392654418945312e-01
3.995791375637054443e-01
3.994181454181671143e-01
3.992597162723541260e-01
3.990994095802307129e-01
3.989436328411102295e-01
3.987855017185211182e-01
3.986318707466125488e-01
3.984759151935577393e-01
3.983244597911834717e-01
3.981707096099853516e-01
3.980223834514617920e-01
3.978741765022277832e-01
3.977236449718475342e-01
3.975775837898254395e-01
3.974292874336242676e-01
3.972853720188140869e-01
3.971392214298248291e-01
3.969975113868713379e-01
3.968545496463775635e-01
3.967149555683135986e-01
3.965732157230377197e-01
3.964357972145080566e-01
3.962962329387664795e-01
3.961609601974487305e-01
3.960235714912414551e-01
3.958900570869445801e-01
3.957580029964447021e-01
3.956253230571746826e-01
3.954954743385314941e-01
3.953635096549987793e-01
3.952357769012451172e-01
3.951060473918914795e-01
3.949804902076721191e-01
3.948524892330169678e-01
3.947290778160095215e-01
3.946036696434020996e-01
3.944838047027587891e-01
3.943606019020080566e-01
3.942414820194244385e-01
3.941203951835632324e-01
3.940034210681915283e-01
3.938871324062347412e-01
3.937693238258361816e-01
3.936555087566375732e-01
3.935398757457733154e-01
3.934296369552612305e-01
3.933161199092864990e-01
3.932066261768341064e-01
3.930948674678802490e-01
3.929874598979949951e-01
3.928782939910888672e-01
3.927730321884155273e-01
3.926659524440765381e-01
3.925642073154449463e-01
3.924593031406402588e-01
3.923582732677459717e-01
3.922550678253173828e-01
3.921561539173126221e-01
3.920555114746093750e-01
3.919559121131896973e-01
3.918601274490356445e-01
3.917626738548278809e-01
3.916703760623931885e-01
3.915750086307525635e-01
3.914830684661865234e-01
3.913898169994354248e-01
3.913003206253051758e-01
3.912091851234436035e-01
3.911217451095581055e-01
3.910326957702636719e-01
3.909447193145751953e-01
3.908613920211791992e-01
3.907754719257354736e-01
3.906932175159454346e-01
3.906093835830688477e-01
3.905291855335235596e-01
3.904474079608917236e-01
3.903692662715911865e-01
3.902896046638488770e-01
3.902131021022796631e-01
3.901368379592895508e-01
3.900602459907531738e-01
3.899871408939361572e-01
3.899126052856445312e-01
3.898415565490722656e-01
3.897690474987030029e-01
3.897000253200531006e-01
3.896291851997375488e-01
3.895621895790100098e-01
3.894950449466705322e-01
3.894300460815429688e-01
3.893635869026184082e-01
3.892981410026550293e-01
3.892360925674438477e-01
3.891723453998565674e-01
3.891122937202453613e-01
3.890508413314819336e-01
3.889940977096557617e-01
3.889346420764923096e-01
3.888784945011138916e-01
3.888210356235504150e-01
3.887645602226257324e-01
3.887110054492950439e-01
3.886564970016479492e-01
3.886052668094635010e-01
3.885526657104492188e-01
3.885046839714050293e-01
3.884450197219848633e-01
3.883680105209350586e-01
3.882881104946136475e-01
3.882126808166503906e-01
3.881349563598632812e-01
3.880591690540313721e-01
3.879851996898651123e-01
3.879116177558898926e-01
3.878394961357116699e-01
3.877674639225006104e-01
3.876974880695343018e-01
3.876272737979888916e-01
3.875601589679718018e-01
3.874908089637756348e-01
3.874254822731018066e-01
3.873576521873474121e-01
3.872923552989959717e-01
3.872284591197967529e-01
3.871646821498870850e-01
3.871028721332550049e-01
3.870408833026885986e-01
3.869805634021759033e-01
3.869206905364990234e-01
3.868621587753295898e-01
3.868040442466735840e-01
3.867473006248474121e-01
3.866907060146331787e-01
3.866339623928070068e-01
3.865811228752136230e-01
3.865271806716918945e-01
3.864750862121582031e-01
3.864229023456573486e-01
3.863722681999206543e-01
3.863220810890197754e-01
3.862712383270263672e-01
3.862244784832000732e-01
3.861756026744842529e-01
3.861305713653564453e-01
3.860831558704376221e-01
3.860381543636322021e-01
3.859943747520446777e-01
3.859508335590362549e-01
3.859071135520935059e-01
3.858671486377716064e-01
3.858261406421661377e-01
3.857849538326263428e-01
3.857474625110626221e-01
3.857077360153198242e-01
3.856721520423889160e-01
3.856340646743774414e-01
3.855980932712554932e-01
3.855637013912200928e-01
3.855293691158294678e-01
3.854945898056030273e-01
3.854639232158660889e-01
3.854307830333709717e-01
3.854014873504638672e-01
3.853701949119567871e-01
3.853407502174377441e-01
3.853138387203216553e-01
3.852849900722503662e-01
3.852579593658447266e-01
3.852321803569793701e-01
3.852069675922393799e-01
3.851810693740844727e-01
3.851588964462280273e-01
3.851348161697387695e-01
3.851141929626464844e-01
3.850914537906646729e-01
3.850709199905395508e-01
3.850513994693756104e-01
3.850322067737579346e-01
3.850127756595611572e-01
3.849967718124389648e-01
3.849798738956451416e-01
3.849643468856811523e-01
3.849489986896514893e-01
3.849331736564636230e-01
3.849211037158966064e-01
3.849067986011505127e-01
3.848944306373596191e-01
3.848834037780761719e-01
3.848725259304046631e-01
3.848612010478973389e-01
3.848535716533660889e-01
3.848437070846557617e-01
3.848373293876647949e-01
3.848291039466857910e-01
3.848226368427276611e-01
3.848173916339874268e-01
3.848123550415039062e-01
3.848080635070800781e-01
3.848049342632293701e-01
3.848020732402801514e-01
3.848001658916473389e-01
3.847988843917846680e-01
3.847969174385070801e-01
3.847983181476593018e-01
3.847979307174682617e-01
3.847992718219757080e-01
3.848015367984771729e-01
3.848043978214263916e-01
3.848066031932830811e-01
3.848121166229248047e-01
3.848158419132232666e-01
3.848226964473724365e-01
3.848287761211395264e-01
3.848345279693603516e-01
3.848433792591094971e-01
3.848502933979034424e-01
3.848592340946197510e-01
3.848688602447509766e-01
3.848789334297180176e-01
3.848886787891387939e-01
3.849014043807983398e-01
3.849122822284698486e-01
3.849264383316040039e-01
3.849385976791381836e-01
3.849525749683380127e-01
3.849674761295318604e-01
3.849826753139495850e-01
3.849985599517822266e-01
3.850153088569641113e-01
3.850324153900146484e-01
3.850489854812622070e-01
3.850687742233276367e-01
3.850865662097930908e-01
3.851061463356018066e-01
3.851253092288970947e-01
3.851473629474639893e-01
3.851676285266876221e-01
3.851897418498992920e-01
3.852124214172363281e-01
3.852356076240539551e-01
3.852510154247283936e-01
3.852017819881439209e-01
3.851533234119415283e-01
3.851057887077331543e-01
3.850589692592620850e-01
3.850131928920745850e-01
3.849680423736572266e-01
3.849227428436279297e-01
3.848792910575866699e-01
3.848368525505065918e-01
3.847950696945190430e-01
3.847531080245971680e-01
3.847129940986633301e-01
3.846749663352966309e-01
3.846353888511657715e-01
3.845978379249572754e-01
3.845610320568084717e-01
3.845251202583312988e-01
3.844887912273406982e-01
3.844545185565948486e-01
3.844209611415863037e-01
3.843882679939270020e-01
3.843551874160766602e-01
3.843252360820770264e-01
3.842948675155639648e-01
3.842642605304718018e-01
3.842355012893676758e-01
3.842075765132904053e-01
3.841803967952728271e-01
3.841529488563537598e-01
3.841273486614227295e-01
3.841025233268737793e-01
3.840784728527069092e-01
3.840552568435668945e-01
3.840326964855194092e-01
3.840110301971435547e-01
3.839889466762542725e-01
3.839688003063201904e-01
3.839493095874786377e-01
3.839306831359863281e-01
3.839116394519805908e-01
3.838955461978912354e-01
3.838780522346496582e-01
3.838624358177185059e-01
3.838475048542022705e-01
3.838332891464233398e-01
3.838198482990264893e-01
