6.753499507904052734e-01
6.740009784698486328e-01
6.727383732795715332e-01
6.715682148933410645e-01
6.704856753349304199e-01
6.695756912231445312e-01
6.687517166137695312e-01
6.679649353027343750e-01
6.671991944313049316e-01
6.664443612098693848e-01
6.661087870597839355e-01
6.660249829292297363e-01
6.659767031669616699e-01
6.659836769104003906e-01
6.660686731338500977e-01
6.663838624954223633e-01
6.670620441436767578e-01
6.678820252418518066e-01
6.688573360443115234e-01
6.700002551078796387e-01
6.713171005249023438e-01
6.727084517478942871e-01
6.742470264434814453e-01
6.759073734283447266e-01
6.776382923126220703e-01
6.793532371520996094e-01
6.810649037361145020e-01
6.828359961509704590e-01
6.846300363540649414e-01
6.865838766098022461e-01
6.887011528015136719e-01
6.907721161842346191e-01
6.924508213996887207e-01
6.936270594596862793e-01
6.943788528442382812e-01
6.947467923164367676e-01
6.947893500328063965e-01
6.945675015449523926e-01
6.939896345138549805e-01
6.931248903274536133e-01
6.921206712722778320e-01
6.910129785537719727e-01
6.898319721221923828e-01
6.886086463928222656e-01
6.873673200607299805e-01
6.861324906349182129e-01
6.849357485771179199e-01
6.838003993034362793e-01
6.827451586723327637e-01
6.817973852157592773e-01
6.809370517730712891e-01
6.798363327980041504e-01
6.788483262062072754e-01
6.779730916023254395e-01
6.772016882896423340e-01
6.765293478965759277e-01
6.759630441665649414e-01
6.756097078323364258e-01
6.754923462867736816e-01
6.754391193389892578e-01
6.753595471382141113e-01
6.752659082412719727e-01
6.751827597618103027e-01
6.751204729080200195e-01
6.749908924102783203e-01
6.748519539833068848e-01
6.747336387634277344e-01
6.746366620063781738e-01
6.745609045028686523e-01
6.745069622993469238e-01
6.744766235351562500e-01
6.743613481521606445e-01
6.742306947708129883e-01
6.741248369216918945e-01
6.740416288375854492e-01
6.739804148674011230e-01
6.739419698715209961e-01
6.739118099212646484e-01
6.737432479858398438e-01
6.734712123870849609e-01
6.744344234466552734e-01
6.749449372291564941e-01
6.753194332122802734e-01
6.756685376167297363e-01
6.760210990905761719e-01
6.763893365859985352e-01
6.767830252647399902e-01
6.772012114524841309e-01
6.776357889175415039e-01
6.780869364738464355e-01
6.785523295402526855e-01
6.790258288383483887e-01
6.794956922531127930e-01
6.799030303955078125e-01
6.800910830497741699e-01
6.802473068237304688e-01
6.803562045097351074e-01
6.804028153419494629e-01
6.803758740425109863e-01
6.802622079849243164e-01
6.800504922866821289e-01
6.797728538513183594e-01
6.795769929885864258e-01
6.792705059051513672e-01
6.788529753684997559e-01
6.783294677734375000e-01
6.777048707008361816e-01
6.769870519638061523e-01
6.761875152587890625e-01
6.753135323524475098e-01
6.742098331451416016e-01
6.730135083198547363e-01
6.717772483825683594e-01
6.705105304718017578e-01
6.692244410514831543e-01
6.679269075393676758e-01
6.666314005851745605e-01
6.653428077697753906e-01
6.640808582305908203e-01
6.629126071929931641e-01
6.617708206176757812e-01
6.606549620628356934e-01
6.595711112022399902e-01
6.585204601287841797e-01
6.575074195861816406e-01
6.565303802490234375e-01
6.555912494659423828e-01
6.547122597694396973e-01
6.539831757545471191e-01
6.532971262931823730e-01
6.526543498039245605e-01
6.520583629608154297e-01
6.515107154846191406e-01
6.510116457939147949e-01
6.505628228187561035e-01
6.501643061637878418e-01
6.498152017593383789e-01
6.493403315544128418e-01
6.488664746284484863e-01
6.484290957450866699e-01
6.480208039283752441e-01
6.476382613182067871e-01
6.472749114036560059e-01
6.469269394874572754e-01
6.465939283370971680e-01
6.462725400924682617e-01
6.459704637527465820e-01
6.457597613334655762e-01
6.455604434013366699e-01
6.453751325607299805e-01
6.453626155853271484e-01
6.452150344848632812e-01
6.450820565223693848e-01
6.449596285820007324e-01
6.448489427566528320e-01
6.447473764419555664e-01
6.446522474288940430e-01
6.447470188140869141e-01
6.448512673377990723e-01
6.449524760246276855e-01
6.450482010841369629e-01
6.451361179351806641e-01
6.452100276947021484e-01
6.452680826187133789e-01
6.453076601028442383e-01
6.453270912170410156e-01
6.453232765197753906e-01
6.453297734260559082e-01
6.453593373298645020e-01
6.453633308410644531e-01
6.453428864479064941e-01
6.452990174293518066e-01
6.452338099479675293e-01
6.451483964920043945e-01
6.450455188751220703e-01
6.449276208877563477e-01
6.447974443435668945e-01
6.446574330329895020e-01
6.445185542106628418e-01
6.443861722946166992e-01
6.442508697509765625e-01
6.441148519515991211e-01
6.439791917800903320e-01
6.438456177711486816e-01
6.437146663665771484e-01
6.435866951942443848e-01
6.434623003005981445e-01
6.433408856391906738e-01
6.432222723960876465e-01
6.431055068969726562e-01
6.429532170295715332e-01
6.427988409996032715e-01
6.426405310630798340e-01
6.424779295921325684e-01
6.423069834709167480e-01
6.421267390251159668e-01
6.419327855110168457e-01
6.417241692543029785e-01
6.414966583251953125e-01
6.412500739097595215e-01
6.409820318222045898e-01
6.406955718994140625e-01
6.403446197509765625e-01
6.399860978126525879e-01
6.396356225013732910e-01
6.393141150474548340e-01
6.390446424484252930e-01
6.388534903526306152e-01
6.387619376182556152e-01
6.387762427330017090e-01
6.388898491859436035e-01
6.390805840492248535e-01
6.393175721168518066e-01
6.395684480667114258e-01
6.396735906600952148e-01
6.395846009254455566e-01
6.394551396369934082e-01
6.392795443534851074e-01
6.390568017959594727e-01
6.387923955917358398e-01
6.384875774383544922e-01
6.381482481956481934e-01
6.377791166305541992e-01
6.373850107192993164e-01
6.369712352752685547e-01
6.365395784378051758e-01
6.360951066017150879e-01
6.357091069221496582e-01
6.354423761367797852e-01
6.351751089096069336e-01
6.349089145660400391e-01
6.346494555473327637e-01
6.343986988067626953e-01
6.341627836227416992e-01
6.339449286460876465e-01
6.337524652481079102e-01
6.335904002189636230e-01
6.334683895111083984e-01
6.333945989608764648e-01
6.333829760551452637e-01
6.334474086761474609e-01
6.336551904678344727e-01
6.340160369873046875e-01
6.345397830009460449e-01
6.352837085723876953e-01
6.363353729248046875e-01
6.378480195999145508e-01
6.401258111000061035e-01
6.439859271049499512e-01
6.585146784782409668e-01
6.467178463935852051e-01
6.426158547401428223e-01
6.397789716720581055e-01
6.375900506973266602e-01
6.358104944229125977e-01
6.343069076538085938e-01
6.329728960990905762e-01
6.318071484565734863e-01
6.307739019393920898e-01
6.298514008522033691e-01
6.290171742439270020e-01
6.282567977905273438e-01
6.275529265403747559e-01
6.268872618675231934e-01
6.262432932853698730e-01
6.255995035171508789e-01
6.249507069587707520e-01
6.243420243263244629e-01
6.239349246025085449e-01
6.239027976989746094e-01
6.241452693939208984e-01
6.244030594825744629e-01
6.245747208595275879e-01
6.246719956398010254e-01
6.247316002845764160e-01
6.247785687446594238e-01
6.248313784599304199e-01
6.248958706855773926e-01
6.249791979789733887e-01
6.250828504562377930e-01
6.252108812332153320e-01
6.253601908683776855e-01
6.255338788032531738e-01
6.257308721542358398e-01
6.259511709213256836e-01
6.261932253837585449e-01
6.264722347259521484e-01
6.268250346183776855e-01
6.271984577178955078e-01
6.275925040245056152e-01
6.280034184455871582e-01
6.284340023994445801e-01
6.288788318634033203e-01
6.293405294418334961e-01
6.298146247863769531e-01
6.303001642227172852e-01
6.307955384254455566e-01
6.312984228134155273e-01
6.318072080612182617e-01
6.323193311691284180e-01
6.328324675559997559e-01
6.333447694778442383e-01
6.338536739349365234e-01
6.343809962272644043e-01
6.349265575408935547e-01
6.354619264602661133e-01
6.359856724739074707e-01
6.364950537681579590e-01
6.369903087615966797e-01
6.374680995941162109e-01
6.379284858703613281e-01
6.383709907531738281e-01
6.387928128242492676e-01
6.391950249671936035e-01
6.395765542984008789e-01
6.399382352828979492e-01
6.402781605720520020e-01
6.405972838401794434e-01
6.408966183662414551e-01
6.411749124526977539e-01
6.414337754249572754e-01
6.418653130531311035e-01
6.423150897026062012e-01
6.427470445632934570e-01
6.431627273559570312e-01
6.435627341270446777e-01
6.439477205276489258e-01
6.443208456039428711e-01
6.446831226348876953e-01
6.450353860855102539e-01
6.453790068626403809e-01
6.457162499427795410e-01
6.460481882095336914e-01
6.463752985000610352e-01
6.467010378837585449e-01
6.470258831977844238e-01
6.473506689071655273e-01
6.476780176162719727e-01
6.480085849761962891e-01
6.483551263809204102e-01
6.487501263618469238e-01
6.491522192955017090e-01
6.495610475540161133e-01
6.499777436256408691e-01
6.504041552543640137e-01
6.508403420448303223e-01
6.512871980667114258e-01
6.517452001571655273e-01
6.522146463394165039e-01
6.526961326599121094e-01
6.531897783279418945e-01
6.536959409713745117e-01
6.542144417762756348e-01
6.547454595565795898e-01
6.552895307540893555e-01
6.558451056480407715e-01
6.564124226570129395e-01
6.569913625717163086e-01
6.575812101364135742e-01
6.582480072975158691e-01
6.589800119400024414e-01
6.597204208374023438e-01
6.604678034782409668e-01
6.612222194671630859e-01
6.619818210601806641e-01
6.627466678619384766e-01
6.635148525238037109e-01
6.642863750457763672e-01
6.650596857070922852e-01
6.658332347869873047e-01
6.666069030761718750e-01
6.673785448074340820e-01
6.681476235389709473e-01
6.689129471778869629e-01
6.696727275848388672e-01
6.704271435737609863e-01
6.711745262145996094e-01
6.719136238098144531e-01
6.726435422897338867e-01
6.733630299568176270e-01
6.740354895591735840e-01
6.746812462806701660e-01
6.753163337707519531e-01
6.759381890296936035e-01
6.765478849411010742e-01
6.771430969238281250e-01
6.777247190475463867e-01
6.782907843589782715e-01
6.788423657417297363e-01
6.793774366378784180e-01
6.798974275588989258e-01
6.804003715515136719e-01
6.808878779411315918e-01
6.813581585884094238e-01
6.818128824234008789e-01
6.822508573532104492e-01
6.826735138893127441e-01
6.830799579620361328e-01
6.834716200828552246e-01
6.838479638099670410e-01
6.842103600502014160e-01
6.845587491989135742e-01
6.848749518394470215e-01
6.851683855056762695e-01
6.854500770568847656e-01
6.857222318649291992e-01
6.859861016273498535e-01
6.862399578094482422e-01
6.864872574806213379e-01
6.867274045944213867e-01
6.869621276855468750e-01
6.871907711029052734e-01
6.874170899391174316e-01
6.876383423805236816e-01
6.878582239151000977e-01
6.880766153335571289e-01
6.882944703102111816e-01
6.885117888450622559e-01
6.887316107749938965e-01
6.889528632164001465e-01
6.891772747039794922e-01
6.894045472145080566e-01
6.896356940269470215e-01
6.898725032806396484e-01
6.901138424873352051e-01
6.903264522552490234e-01
6.902985572814941406e-01
6.902737021446228027e-01
6.902541518211364746e-01
6.902394890785217285e-01
6.902301907539367676e-01
6.902266740798950195e-01
6.902294158935546875e-01
6.902384757995605469e-01
6.902543902397155762e-01
6.902772784233093262e-01
6.903075575828552246e-01
6.903453469276428223e-01
6.903908848762512207e-01
6.904442906379699707e-01
6.905056238174438477e-01
6.905742883682250977e-01
6.906518340110778809e-01
6.907375454902648926e-01
6.908316612243652344e-01
6.909335851669311523e-01
6.910434961318969727e-01
6.911618113517761230e-01
6.912875175476074219e-01
6.914208531379699707e-01
6.915567517280578613e-01
6.916642189025878906e-01
6.917799711227416992e-01
6.919038891792297363e-01
6.920356154441833496e-01
6.921750903129577637e-01
6.923218965530395508e-01
6.924759149551391602e-01
6.926366686820983887e-01
6.928040981292724609e-01
6.929778456687927246e-01
6.931572556495666504e-01
6.933416724205017090e-01
6.935322284698486328e-01
6.937271952629089355e-01
6.939271688461303711e-01
6.941312551498413086e-01
6.943386197090148926e-01
6.945497393608093262e-01
6.947633624076843262e-01
6.949796080589294434e-01
6.951979398727416992e-01
6.954185962677001953e-01
6.956401467323303223e-01
6.958627104759216309e-01
6.960865855216979980e-01
6.963101029396057129e-01
6.965398788452148438e-01
6.967752575874328613e-01
6.970108151435852051e-01
6.972433924674987793e-01
6.974749565124511719e-01
6.977042555809020996e-01
6.979313492774963379e-01
6.981549859046936035e-01
6.983773112297058105e-01
6.985951662063598633e-01
6.988099217414855957e-01
6.990221142768859863e-01
6.992307305335998535e-01
6.994359493255615234e-01
6.996368169784545898e-01
6.998353600502014160e-01
7.000287771224975586e-01
7.002192735671997070e-01
7.004052400588989258e-01
7.005881071090698242e-01
7.007663846015930176e-01
7.009416818618774414e-01
7.011122703552246094e-01
7.012797594070434570e-01
7.014425396919250488e-01
7.016021013259887695e-01
7.017566561698913574e-01
7.019076943397521973e-01
7.020528912544250488e-01
7.020948529243469238e-01
7.021299600601196289e-01
7.021610736846923828e-01
7.021872401237487793e-01
7.022092342376708984e-01
7.022259831428527832e-01
7.022365927696228027e-01
7.022398710250854492e-01
7.022364735603332520e-01
7.022247910499572754e-01
7.022040486335754395e-01
7.021734118461608887e-01
7.021314501762390137e-01
7.020784020423889160e-01
7.020127773284912109e-01
7.019337415695190430e-01
7.018402814865112305e-01
7.017311453819274902e-01
7.016066908836364746e-01
7.014655470848083496e-01
7.013068795204162598e-01
7.011294364929199219e-01
7.009341716766357422e-01
7.007193565368652344e-01
7.004847526550292969e-01
7.002298831939697266e-01
6.999545097351074219e-01
6.996583342552185059e-01
6.993411779403686523e-01
6.990037560462951660e-01
6.986505389213562012e-01
6.982854604721069336e-01
6.978997588157653809e-01
6.974924802780151367e-01
6.970643401145935059e-01
6.966165900230407715e-01
6.961477994918823242e-01
6.956585049629211426e-01
6.951521635055541992e-01
6.946251392364501953e-01
6.940791010856628418e-01
6.935157775878906250e-01
6.929370760917663574e-01
6.923411488533020020e-01
6.917277574539184570e-01
6.911004185676574707e-01
6.904568672180175781e-01
6.898014545440673828e-01
6.891298890113830566e-01
6.884487271308898926e-01
6.877558231353759766e-01
6.870486140251159668e-01
6.863343119621276855e-01
6.856072545051574707e-01
6.848747134208679199e-01
6.841315627098083496e-01
6.833830475807189941e-01
6.826261878013610840e-01
6.818664073944091797e-01
6.811010837554931641e-01
6.803295612335205078e-01
6.795567870140075684e-01
6.787793636322021484e-01
6.779326796531677246e-01
6.770397424697875977e-01
6.761472225189208984e-01
6.752544045448303223e-01
6.743586063385009766e-01
6.734652519226074219e-01
6.725711822509765625e-01
6.716817617416381836e-01
6.707942485809326172e-01
6.699080467224121094e-01
6.690286397933959961e-01
6.681537628173828125e-01
6.672834753990173340e-01
6.664198637008666992e-01
6.655601859092712402e-01
6.647094488143920898e-01
6.638672351837158203e-01
6.630333662033081055e-01
6.622083783149719238e-01
6.613895297050476074e-01
6.605838537216186523e-01
6.597886681556701660e-01
6.590034961700439453e-01
6.582306027412414551e-01
6.574673652648925781e-01
6.567186713218688965e-01
6.559818387031555176e-01
6.552589535713195801e-01
6.545495986938476562e-01
6.538513302803039551e-01
6.531701683998107910e-01
6.525034904479980469e-01
6.518518328666687012e-01
6.512144207954406738e-01
6.505917906761169434e-01
6.500111818313598633e-01
6.495028734207153320e-01
6.490106582641601562e-01
6.485366225242614746e-01
6.480799913406372070e-01
6.476410031318664551e-01
6.472198367118835449e-01
6.468156576156616211e-01
6.464304327964782715e-01
6.460633277893066406e-01
6.457145214080810547e-01
6.453840136528015137e-01
6.450710892677307129e-01
6.447774767875671387e-01
6.445024609565734863e-01
6.442459225654602051e-01
6.440081000328063965e-01
6.437878608703613281e-01
6.435872316360473633e-01
6.434050798416137695e-01
6.432416439056396484e-01
6.430965662002563477e-01
6.429692506790161133e-01
6.428611874580383301e-01
6.427716612815856934e-01
6.427002549171447754e-01
6.426473259925842285e-01
6.426114439964294434e-01
6.425947546958923340e-01
6.425958275794982910e-01
6.426149010658264160e-01
6.426515579223632812e-01
6.427050828933715820e-01
6.427768468856811523e-01
6.428661346435546875e-01
6.429724097251892090e-01
6.430935859680175781e-01
6.432337164878845215e-01
6.433608531951904297e-01
6.433487534523010254e-01
6.433539986610412598e-01
6.433774232864379883e-01
6.434152126312255859e-01
6.434715986251831055e-01
6.435448527336120605e-01
6.443149447441101074e-01
6.444364190101623535e-01
6.445718407630920410e-01
6.447252631187438965e-01
6.448941826820373535e-01
6.450795531272888184e-01
6.452791690826416016e-01
6.454938650131225586e-01
6.457208395004272461e-01
6.459647417068481445e-01
6.462230682373046875e-01
6.464955806732177734e-01
6.467817425727844238e-01
6.470816135406494141e-01
6.473926901817321777e-01
6.477189064025878906e-01
6.480578184127807617e-01
6.484092473983764648e-01
6.487728953361511230e-01
6.491453647613525391e-01
6.495324969291687012e-01
6.499310135841369629e-01
6.503371000289916992e-01
6.507581472396850586e-01
6.511884331703186035e-01
6.516255736351013184e-01
6.520756483078002930e-01
6.525349020957946777e-01
6.529997587203979492e-01
6.534765362739562988e-01
6.539616584777832031e-01
6.544510722160339355e-01
6.549524068832397461e-01
6.554597616195678711e-01
6.559702157974243164e-01
6.566544175148010254e-01
6.573771834373474121e-01
6.581007242202758789e-01
6.588315963745117188e-01
6.595653891563415527e-01
6.602982878684997559e-01
6.610368490219116211e-01
6.617771983146667480e-01
6.625147461891174316e-01
6.632569432258605957e-01
6.639986634254455566e-01
6.647366285324096680e-01
6.654766798019409180e-01
6.662155389785766602e-01
6.669482588768005371e-01
6.676820516586303711e-01
6.684086918830871582e-01
6.691351532936096191e-01
6.698533296585083008e-01
6.705703139305114746e-01
6.712776422500610352e-01
6.719825267791748047e-01
6.726800799369812012e-01
6.733679175376892090e-01
6.740503311157226562e-01
6.747201681137084961e-01
6.753844618797302246e-01
6.760353446006774902e-01
6.766790151596069336e-01
6.773081421852111816e-01
6.779289245605468750e-01
6.785339713096618652e-01
6.791294217109680176e-01
6.797079443931579590e-01
6.802756190299987793e-01
6.808251738548278809e-01
6.813625097274780273e-01
6.818809509277343750e-01
6.823856830596923828e-01
6.828704476356506348e-01
6.833401918411254883e-01
6.837891340255737305e-01
6.842218637466430664e-01
6.846325397491455078e-01
6.850258708000183105e-01
6.854004263877868652e-01
6.857518553733825684e-01
6.860842704772949219e-01
6.863923668861389160e-01
6.866807341575622559e-01
6.869438290596008301e-01
6.871843338012695312e-01
6.874021291732788086e-01
6.875948905944824219e-01
6.877648234367370605e-01
6.879085898399353027e-01
6.880280971527099609e-01
6.881229281425476074e-01
6.881925463676452637e-01
6.882367730140686035e-01
6.882551312446594238e-01
6.882486939430236816e-01
6.882172226905822754e-01
6.881606578826904297e-01
6.880789995193481445e-01
6.879734992980957031e-01
6.878437995910644531e-01
6.876910328865051270e-01
6.875164508819580078e-01
6.873195767402648926e-01
6.871034502983093262e-01
6.868681311607360840e-01
6.866149902343750000e-01
6.863461136817932129e-01
6.860623955726623535e-01
6.857677698135375977e-01
6.854627728462219238e-01
6.851489543914794922e-01
6.848294138908386230e-01
6.845052838325500488e-01
6.841793060302734375e-01
6.838521361351013184e-01
6.835247874259948730e-01
6.831986308097839355e-01
6.828739643096923828e-01
6.825491189956665039e-01
6.822251677513122559e-01
6.818993091583251953e-01
6.815702915191650391e-01
6.812360882759094238e-01
6.808942556381225586e-01
6.805430054664611816e-01
6.801782250404357910e-01
6.798000931739807129e-01
6.794800162315368652e-01
6.791489720344543457e-01
6.787978410720825195e-01
6.784272193908691406e-01
6.780361533164978027e-01
6.776223182678222656e-01
6.771889328956604004e-01
6.767344474792480469e-01
6.762588024139404297e-01
6.757645606994628906e-01
6.752521991729736328e-01
6.747213602066040039e-01
6.741726398468017578e-01
6.736095547676086426e-01
6.730324029922485352e-01
6.724392175674438477e-01
6.718357801437377930e-01
6.712207198143005371e-01
6.705958247184753418e-01
6.699587702751159668e-01
6.693159341812133789e-01
6.686647534370422363e-01
6.680053472518920898e-01
6.673418283462524414e-01
6.666735410690307617e-01
6.660007238388061523e-01
6.653212308883666992e-01
6.646414995193481445e-01
6.639587879180908203e-01
6.632743477821350098e-01
6.625878810882568359e-01
6.618984341621398926e-01
6.612101793289184570e-01
6.605221629142761230e-01
6.598337292671203613e-01
6.591461300849914551e-01
6.584563851356506348e-01
6.577705144882202148e-01
6.570853590965270996e-01
6.564021110534667969e-01
6.557199358940124512e-01
6.550399065017700195e-01
6.543594002723693848e-01
6.536836624145507812e-01
6.530095934867858887e-01
6.523379683494567871e-01
6.516686081886291504e-01
6.510000824928283691e-01
6.503356099128723145e-01
6.496741771697998047e-01
6.490145325660705566e-01
6.483582854270935059e-01
6.477021574974060059e-01
6.470539569854736328e-01
6.464182138442993164e-01
6.457848548889160156e-01
6.451541781425476074e-01
6.445234417915344238e-01
6.438976526260375977e-01
6.432743668556213379e-01
6.426535248756408691e-01
6.420351266860961914e-01
6.414186954498291016e-01
6.408030986785888672e-01
6.401919126510620117e-01
6.395829319953918457e-01
6.389763355255126953e-01
6.383714675903320312e-01
6.377690434455871582e-01
6.371691823005676270e-01
6.365714073181152344e-01
6.359758377075195312e-01
6.353808045387268066e-01
6.347887516021728516e-01
6.341995596885681152e-01
6.336123347282409668e-01
6.330271959304809570e-01
6.324441432952880859e-01
6.318626999855041504e-01
6.312834620475769043e-01
6.307064294815063477e-01
6.301299929618835449e-01
6.295570731163024902e-01
6.289856433868408203e-01
6.284165382385253906e-01
6.278495788574218750e-01
6.272847056388854980e-01
6.267218589782714844e-01
6.261610388755798340e-01
6.256016492843627930e-01
6.250436305999755859e-01
6.244890689849853516e-01
6.239365935325622559e-01
6.233862638473510742e-01
6.228376626968383789e-01
6.222914457321166992e-01
6.217476725578308105e-01
6.212061047554016113e-01
6.206667423248291016e-01
6.201279759407043457e-01
6.195930838584899902e-01
6.190606355667114258e-01
6.185305714607238770e-01
6.180028319358825684e-01
6.174770593643188477e-01
6.169539690017700195e-01
6.164335608482360840e-01
6.159155368804931641e-01
6.154000163078308105e-01
6.148869991302490234e-01
6.143760681152343750e-01
6.138678789138793945e-01
6.133676171302795410e-01
6.128908991813659668e-01
6.124169230461120605e-01
6.119454503059387207e-01
6.114768385887145996e-01
6.110107898712158203e-01
6.105471253395080566e-01
6.100862026214599609e-01
6.096277832984924316e-01
6.091715097427368164e-01
6.087180376052856445e-01
6.082664132118225098e-01
6.078179478645324707e-01
6.073721051216125488e-01
6.069283485412597656e-01
6.064870953559875488e-01
6.060479879379272461e-01
6.056112051010131836e-01
6.051763892173767090e-01
6.047433018684387207e-01
6.043125391006469727e-01
6.038838624954223633e-01
6.034567952156066895e-01
6.030316948890686035e-01
6.026081442832946777e-01
6.021859645843505859e-01
6.017450094223022461e-01
6.013035774230957031e-01
6.008628606796264648e-01
6.004232764244079590e-01
5.999851226806640625e-01
5.995473265647888184e-01
5.991103053092956543e-01
5.986742377281188965e-01
5.982382297515869141e-01
5.978024601936340332e-01
5.973669290542602539e-01
5.969318151473999023e-01
5.964960455894470215e-01
5.960600376129150391e-01
5.956239700317382812e-01
5.951868891716003418e-01
5.947489142417907715e-01
5.943104624748229980e-01
5.938705205917358398e-01
5.934290885925292969e-01
5.929867625236511230e-01
5.925422310829162598e-01
5.920959115028381348e-01
5.916480422019958496e-01
5.911974310874938965e-01
5.907444953918457031e-01
5.903169512748718262e-01
5.899096131324768066e-01
5.894991755485534668e-01
5.890852212905883789e-01
5.886681675910949707e-01
5.882470011711120605e-01
5.878218412399291992e-01
5.873935818672180176e-01
5.869601368904113770e-01
5.865227580070495605e-01
5.860804319381713867e-01
5.856333971023559570e-01
5.851814746856689453e-01
5.847250819206237793e-01
5.842630863189697266e-01
5.837959647178649902e-01
5.833234786987304688e-01
5.828455090522766113e-01
5.823624134063720703e-01
5.818732380867004395e-01
5.813784599304199219e-01
5.808777809143066406e-01
5.803717374801635742e-01
5.798591971397399902e-01
5.793407559394836426e-01
5.788163542747497559e-01
5.782873630523681641e-01
5.777509212493896484e-01
5.772042870521545410e-01
5.766516923904418945e-01
5.760936141014099121e-01
5.755290985107421875e-01
5.749589204788208008e-01
5.743827819824218750e-01
5.738006830215454102e-01
5.732133388519287109e-01
5.726197361946105957e-01
5.720204710960388184e-01
5.714156627655029297e-01
5.708057880401611328e-01
5.701900720596313477e-01
5.695711970329284668e-01
5.689448118209838867e-01
5.683138370513916016e-01
5.676773190498352051e-01
5.670359730720520020e-01
5.663897991180419922e-01
5.657393932342529297e-01
5.650840997695922852e-01
5.644244551658630371e-01
5.637605190277099609e-01
5.630928874015808105e-01
5.624209046363830566e-01
5.617452263832092285e-01
5.610657334327697754e-01
5.603860020637512207e-01
5.597156286239624023e-01
5.590672492980957031e-01
5.584170818328857422e-01
5.577642917633056641e-01
5.571101903915405273e-01
5.564539432525634766e-01
5.557960867881774902e-01
5.551374554634094238e-01
5.544798970222473145e-01
5.538189411163330078e-01
5.531568527221679688e-01
5.524940490722656250e-01
5.518313050270080566e-01
5.511677265167236328e-01
5.505039691925048828e-01
5.498407483100891113e-01
5.491771697998046875e-01
5.485146045684814453e-01
5.478549599647521973e-01
5.471929907798767090e-01
5.465323925018310547e-01
5.458720922470092773e-01
5.452135801315307617e-01
5.445557832717895508e-01
5.438993573188781738e-01
5.432450771331787109e-01
5.425918102264404297e-01
5.419439077377319336e-01
5.412944555282592773e-01
5.406469106674194336e-01
5.400075316429138184e-01
5.393773317337036133e-01
5.387498736381530762e-01
5.381253361701965332e-01
5.375034809112548828e-01
5.368847250938415527e-01
5.362719297409057617e-01
5.356587171554565430e-01
5.350492596626281738e-01
5.344431400299072266e-01
5.338403582572937012e-01
5.332409143447875977e-01
5.326449275016784668e-01
5.320526361465454102e-01
5.314667820930480957e-01
5.308816432952880859e-01
5.302997827529907227e-01
5.297220945358276367e-01
5.291483402252197266e-01
5.285783410072326660e-01
5.280123353004455566e-01
5.274531245231628418e-01
5.268949270248413086e-01
5.263408422470092773e-01
5.257908105850219727e-01
5.252447724342346191e-01
5.247023701667785645e-01
5.241646170616149902e-01
5.236337184906005859e-01
5.231043100357055664e-01
5.225790143013000488e-01
5.220678448677062988e-01
5.216209888458251953e-01
5.211790204048156738e-01
5.207418203353881836e-01
5.203125476837158203e-01
5.198849439620971680e-01
5.194619894027709961e-01
5.190438032150268555e-01
5.186305046081542969e-01
5.182225108146667480e-01
5.178186297416687012e-01
5.174220204353332520e-01
5.170275568962097168e-01
5.166378021240234375e-01
5.162533521652221680e-01
5.158730149269104004e-01
5.154973268508911133e-01
5.150786042213439941e-01
5.146639943122863770e-01
5.142508745193481445e-01
5.138417482376098633e-01
5.134359002113342285e-01
5.130344629287719727e-01
5.126370787620544434e-01
5.122427940368652344e-01
5.118553042411804199e-01
5.114691853523254395e-01
5.110862851142883301e-01
5.107077956199645996e-01
5.103330016136169434e-01
5.099617838859558105e-01
5.095958113670349121e-01
5.092319250106811523e-01
5.088958144187927246e-01
5.086053013801574707e-01
5.083182454109191895e-01
5.080349445343017578e-01
5.077570676803588867e-01
5.074806213378906250e-01
5.072068572044372559e-01
5.069372057914733887e-01
5.066709518432617188e-01
5.064079165458679199e-01
5.061501860618591309e-01
5.058935880661010742e-01
5.056395530700683594e-01
5.053893327713012695e-01
5.051422119140625000e-01
5.048981904983520508e-01
5.046589970588684082e-01
5.042662024497985840e-01
5.036497712135314941e-01
5.030325651168823242e-01
5.024130940437316895e-01
5.017929077148437500e-01
5.011722445487976074e-01
5.005487203598022461e-01
4.999234378337860107e-01
4.992955327033996582e-01
4.986665546894073486e-01
4.980348050594329834e-01
4.974036812782287598e-01
4.967686235904693604e-01
4.961307942867279053e-01
4.954914450645446777e-01
4.948489665985107422e-01
4.942050278186798096e-01
4.935481846332550049e-01
4.926590621471405029e-01
4.917677938938140869e-01
4.908731579780578613e-01
4.899745881557464600e-01
4.890737235546112061e-01
4.881703853607177734e-01
4.872628152370452881e-01
4.863513112068176270e-01
4.854371249675750732e-01
4.845195412635803223e-01
4.835996627807617188e-01
4.826752543449401855e-01
4.817465543746948242e-01
4.808154106140136719e-01
4.798797369003295898e-01
4.789432585239410400e-01
4.780013263225555420e-01
4.770219027996063232e-01
4.759482145309448242e-01
4.748730361461639404e-01
4.737942516803741455e-01
4.727155268192291260e-01
4.716325104236602783e-01
4.705463647842407227e-01
4.694583714008331299e-01
4.683669805526733398e-01
4.672757089138031006e-01
4.661804735660552979e-01
4.650817215442657471e-01
4.639813899993896484e-01
4.628786146640777588e-01
4.617744684219360352e-01
4.606668949127197266e-01
4.595560133457183838e-01
4.584439098834991455e-01
4.573376476764678955e-01
4.564062952995300293e-01
4.554765522480010986e-01
4.545446932315826416e-01
4.536140263080596924e-01
4.526823461055755615e-01
4.517503082752227783e-01
4.508202075958251953e-01
4.498884081840515137e-01
4.489563405513763428e-01
4.480245709419250488e-01
4.470924437046051025e-01
4.461607635021209717e-01
4.452305734157562256e-01
4.442986249923706055e-01
4.433670639991760254e-01
4.424364864826202393e-01
4.415047466754913330e-01
4.405749738216400146e-01
4.396434724330902100e-01
4.387124478816986084e-01
4.377815723419189453e-01
4.368505179882049561e-01
4.359214007854461670e-01
4.349910318851470947e-01
4.340605139732360840e-01
4.331305623054504395e-01
4.322004318237304688e-01
4.312723278999328613e-01
4.303439557552337646e-01
4.294145703315734863e-01
4.284858405590057373e-01
4.275573790073394775e-01
4.266301691532135010e-01
4.257023036479949951e-01
4.247747957706451416e-01
4.238471686840057373e-01
4.229203164577484131e-01
4.220374822616577148e-01
4.212821722030639648e-01
4.205285906791687012e-01
4.197748899459838867e-01
4.190237820148468018e-01
4.182746708393096924e-01
4.175255894660949707e-01
4.167773127555847168e-01
4.160307049751281738e-01
4.152853488922119141e-01
4.145420193672180176e-01
4.137991666793823242e-01
4.130575954914093018e-01
4.123177528381347656e-01
4.115777611732482910e-01
4.108415842056274414e-01
4.101050496101379395e-01
4.093697965145111084e-01
4.086353480815887451e-01
4.079026281833648682e-01
4.071711897850036621e-01
4.064416587352752686e-01
4.057127535343170166e-01
4.049851298332214355e-01
4.042592942714691162e-01
4.035333395004272461e-01
4.028110504150390625e-01
4.020885825157165527e-01
4.013673663139343262e-01
4.006470441818237305e-01
3.999284505844116211e-01
3.992120623588562012e-01
3.984965384006500244e-01
3.977809250354766846e-01
3.970674872398376465e-01
3.963558971881866455e-01
3.956450223922729492e-01
3.949360251426696777e-01
3.942278325557708740e-01
3.935209214687347412e-01
3.927755057811737061e-01
3.919914662837982178e-01
3.912075161933898926e-01
3.904242217540740967e-01
3.896421492099761963e-01
3.888609409332275391e-01
3.880801796913146973e-01
3.872995078563690186e-01
3.865195512771606445e-01
3.857408165931701660e-01
3.849629163742065430e-01
3.841855525970458984e-01
3.834091722965240479e-01
3.826326429843902588e-01
3.818573653697967529e-01
3.810828924179077148e-01
3.803090155124664307e-01
3.795352578163146973e-01
3.787622451782226562e-01
3.779905438423156738e-01
3.772195875644683838e-01
3.764493465423583984e-01
3.756792247295379639e-01
3.749098479747772217e-01
3.741418123245239258e-01
3.733745217323303223e-01
3.726080060005187988e-01
3.718416094779968262e-01
3.710759878158569336e-01
3.703126609325408936e-01
3.695491254329681396e-01
3.687864542007446289e-01
3.680239319801330566e-01
3.672628402709960938e-01
3.665018975734710693e-01
3.657422363758087158e-01
3.649835288524627686e-01
3.642250001430511475e-01
3.634679317474365234e-01
3.627110123634338379e-01
3.619553446769714355e-01
3.612007796764373779e-01
3.604415357112884521e-01
3.596818745136260986e-01
3.589227795600891113e-01
3.581652343273162842e-01
3.574092388153076172e-01
3.566537797451019287e-01
3.559002578258514404e-01
3.551472425460815430e-01
3.543965518474578857e-01
3.536460399627685547e-01
3.528975248336791992e-01
3.521495759487152100e-01
3.514035940170288086e-01
3.506584465503692627e-01
3.499150574207305908e-01
3.491722047328948975e-01
3.484314084053039551e-01
3.476911783218383789e-01
3.469524979591369629e-01
3.462156355381011963e-01
3.454793691635131836e-01
3.447451889514923096e-01
3.440115749835968018e-01
3.432802557945251465e-01
3.425493538379669189e-01
3.418205976486206055e-01
3.410924375057220459e-01
3.403664231300354004e-01
3.396411240100860596e-01
3.389178812503814697e-01
3.381952643394470215e-01
3.374748229980468750e-01
3.367550075054168701e-01
3.360374867916107178e-01
3.353205025196075439e-01
3.346049785614013672e-01
3.338916599750518799e-01
3.331790268421173096e-01
3.324686586856842041e-01
3.317589163780212402e-01
3.310514390468597412e-01
3.303446471691131592e-01
3.296401798725128174e-01
3.289355039596557617e-01
3.282258808612823486e-01
3.275129795074462891e-01
3.268011808395385742e-01
3.260922133922576904e-01
3.253842890262603760e-01
3.246783912181854248e-01
3.239753246307373047e-01
3.232733905315399170e-01
3.225735425949096680e-01
3.218764662742614746e-01
3.211804032325744629e-01
3.204866051673889160e-01
3.197947442531585693e-01
3.191058039665222168e-01
3.184188902378082275e-01
3.177321851253509521e-01
3.170494437217712402e-01
3.163687288761138916e-01
3.156892657279968262e-01
3.150120079517364502e-01
3.143364191055297852e-01
3.136641383171081543e-01
3.129939734935760498e-01
3.123242855072021484e-01
3.116584122180938721e-01
3.109934031963348389e-01
3.103318214416503906e-01
3.096716403961181641e-01
3.090134859085083008e-01
3.083584308624267578e-01
3.077042698860168457e-01
3.070528507232666016e-01
3.064044117927551270e-01
3.057572543621063232e-01
3.051132559776306152e-01
3.044703006744384766e-01
3.038298785686492920e-01
3.031926155090332031e-01
3.025567233562469482e-01
3.019233047962188721e-01
3.012928962707519531e-01
3.006632924079895020e-01
3.000374734401702881e-01
2.994123101234436035e-01
2.987911403179168701e-01
2.981723248958587646e-01
2.975566983222961426e-01
2.969763278961181641e-01
2.963980436325073242e-01
2.958241701126098633e-01
2.952514290809631348e-01
2.946824431419372559e-01
2.941159904003143311e-01
2.935526072978973389e-01
2.929917871952056885e-01
2.924331128597259521e-01
2.918781340122222900e-01
2.913258075714111328e-01
2.907766699790954590e-01
2.902300655841827393e-01
2.896866500377655029e-01
2.891458272933959961e-01
2.886064052581787109e-01
2.880723774433135986e-01
2.875402867794036865e-01
2.870114445686340332e-01
2.864852249622344971e-01
2.859603762626647949e-01
2.854410707950592041e-01
2.849237322807312012e-01
2.844097614288330078e-01
2.838984131813049316e-01
2.833904623985290527e-01
2.828841209411621094e-01
2.823818624019622803e-01
2.818830013275146484e-01
2.813868224620819092e-01
2.808941304683685303e-01
2.804029881954193115e-01
2.799170911312103271e-01
2.794326543807983398e-01
2.789519429206848145e-01
2.784748077392578125e-01
2.780003547668457031e-01
2.775289416313171387e-01
2.770602107048034668e-01
2.765952944755554199e-01
2.761340439319610596e-01
2.756755352020263672e-01
2.752194702625274658e-01
2.747673988342285156e-01
2.743196487426757812e-01
2.738735675811767578e-01
2.734313309192657471e-01
2.729928791522979736e-01
2.725558578968048096e-01
2.722221612930297852e-01
2.719084024429321289e-01
2.715975344181060791e-01
2.712896168231964111e-01
2.709847986698150635e-01
2.706848978996276855e-01
2.703874707221984863e-01
2.700940072536468506e-01
2.698047161102294922e-01
2.695178389549255371e-01
2.692340910434722900e-01
2.689554095268249512e-01
2.686787545680999756e-01
2.684073150157928467e-01
2.681384682655334473e-01
2.678742706775665283e-01
2.676120996475219727e-01
2.673536539077758789e-01
2.671005129814147949e-01
2.668510973453521729e-01
2.666043043136596680e-01
2.663623392581939697e-01
2.661218643188476562e-01
2.658863663673400879e-01
2.656557857990264893e-01
2.654289603233337402e-01
2.652044296264648438e-01
2.649853527545928955e-01
2.647671103477478027e-01
2.645557820796966553e-01
2.643483579158782959e-01
2.641433179378509521e-01
2.639438211917877197e-01
2.637482881546020508e-01
2.635536193847656250e-01
2.633660733699798584e-01
2.631821930408477783e-01
2.630016505718231201e-01
2.628263235092163086e-01
2.626551687717437744e-01
2.624847888946533203e-01
2.623214423656463623e-01
2.621616125106811523e-01
2.620070576667785645e-01
2.618567645549774170e-01
2.617095708847045898e-01
2.615650892257690430e-01
2.614276409149169922e-01
2.612933516502380371e-01
2.611645758152008057e-01
2.610402107238769531e-01
2.609187066555023193e-01
2.608126103878021240e-01
2.607161700725555420e-01
2.606237232685089111e-01
2.605372369289398193e-01
2.604536414146423340e-01
2.603749632835388184e-01
2.602981030941009521e-01
2.602292597293853760e-01
2.601642012596130371e-01
2.601033449172973633e-01
2.600474953651428223e-01
2.599974274635314941e-01
2.599477767944335938e-01
2.599059939384460449e-01
2.598696947097778320e-01
2.598374485969543457e-01
2.598100006580352783e-01
2.597871422767639160e-01
2.597706317901611328e-01
2.597548365592956543e-01
2.597466707229614258e-01
2.597450017929077148e-01
2.597468197345733643e-01
2.597540616989135742e-01
2.597663402557373047e-01
2.597846984863281250e-01
2.598040997982025146e-01
2.598316073417663574e-01
2.598657906055450439e-01
2.599041163921356201e-01
2.599474787712097168e-01
2.599965333938598633e-01
2.600518465042114258e-01
2.601082324981689453e-01
2.601735591888427734e-01
2.602452933788299561e-01
2.603217363357543945e-01
2.604034245014190674e-01
2.604910731315612793e-01
2.605856060981750488e-01
2.606807351112365723e-01
2.607855796813964844e-01
2.608960568904876709e-01
2.610137164592742920e-01
2.611362636089324951e-01
2.612644135951995850e-01
2.614000439643859863e-01
2.615364789962768555e-01
2.616829276084899902e-01
2.618356049060821533e-01
2.619955539703369141e-01
2.621607780456542969e-01
2.623322606086730957e-01
2.625110745429992676e-01
2.626911699771881104e-01
2.628632783889770508e-01
2.630262076854705811e-01
2.631957828998565674e-01
2.633709609508514404e-01
2.635538280010223389e-01
2.637436687946319580e-01
2.639358043670654297e-01
2.641381919384002686e-01
2.643488645553588867e-01
2.645663321018218994e-01
2.647898495197296143e-01
2.650217413902282715e-01
2.652609646320343018e-01
2.655012905597686768e-01
2.657551169395446777e-01
2.660160958766937256e-01
2.662848532199859619e-01
2.665598988533020020e-01
2.668437063694000244e-01
2.671352624893188477e-01
2.674280107021331787e-01
2.677351236343383789e-01
2.680502235889434814e-01
2.683719694614410400e-01
2.687029540538787842e-01
2.690421640872955322e-01
2.693894803524017334e-01
2.697438895702362061e-01
2.701078653335571289e-01
2.704744935035705566e-01
2.708540856838226318e-01
2.712435126304626465e-01
2.716416418552398682e-01
2.720485031604766846e-01
2.724630534648895264e-01
2.728875875473022461e-01
2.733212113380432129e-01
2.737626433372497559e-01
2.742081582546234131e-01
2.746691405773162842e-01
2.751383185386657715e-01
2.756181359291076660e-01
2.761075794696807861e-01
2.766064703464508057e-01
2.771139144897460938e-01
2.776323854923248291e-01
2.781538367271423340e-01
2.786909341812133789e-01
2.792393267154693604e-01
2.797980010509490967e-01
2.803656458854675293e-01
2.809447348117828369e-01
2.815345823764801025e-01
2.821350097656250000e-01
2.827447652816772461e-01
2.833592295646667480e-01
2.839917540550231934e-01
2.846343219280242920e-01
2.852890193462371826e-01
2.859801948070526123e-01
2.866889536380767822e-01
2.874089181423187256e-01
2.881407439708709717e-01
2.888841331005096436e-01
2.896310389041900635e-01
2.903980612754821777e-01
2.911768257617950439e-01
2.919680178165435791e-01
2.927713692188262939e-01
2.935871481895446777e-01
2.944153845310211182e-01
2.952561080455780029e-01
2.961007952690124512e-01
2.969672381877899170e-01
2.978465259075164795e-01
2.987388372421264648e-01
2.996445000171661377e-01
3.005633652210235596e-01
3.014958202838897705e-01
3.024422228336334229e-01
3.034020066261291504e-01
3.043658137321472168e-01
3.053533434867858887e-01
3.063550889492034912e-01
3.073709905147552490e-01
3.084013760089874268e-01
3.094463646411895752e-01
3.105058968067169189e-01
3.115800321102142334e-01
3.126691877841949463e-01
3.137738108634948730e-01
3.148933947086334229e-01
3.160281479358673096e-01
3.171674311161041260e-01
3.183330297470092773e-01
3.195144534111022949e-01
3.207117617130279541e-01
3.219248950481414795e-01
3.231542110443115234e-01
3.243983089923858643e-01
3.256607651710510254e-01
3.269391357898712158e-01
3.282339274883270264e-01
3.295457959175109863e-01
3.308743536472320557e-01
3.322075009346008301e-01
3.335698544979095459e-01
3.349494636058807373e-01
3.363464474678039551e-01
3.377609550952911377e-01
3.391931951045989990e-01
3.406430184841156006e-01
3.421100080013275146e-01
3.435951769351959229e-01
3.450983762741088867e-01
3.466192781925201416e-01
3.481583297252655029e-01
3.497017025947570801e-01
3.512768149375915527e-01
3.528705835342407227e-01
3.544824421405792236e-01
3.561306893825531006e-01
3.578375875949859619e-01
3.595640361309051514e-01
3.613090813159942627e-01
3.630737960338592529e-01
3.648574650287628174e-01
3.666604459285736084e-01
3.684829175472259521e-01
3.703094124794006348e-01
3.721696436405181885e-01
3.740491569042205811e-01
3.759479224681854248e-01
3.778652250766754150e-01
3.798011541366577148e-01
3.817570805549621582e-01
3.837302923202514648e-01
3.857218623161315918e-01
3.877320587635040283e-01
3.897598087787628174e-01
3.918053507804870605e-01
3.938520550727844238e-01
3.959324359893798828e-01
3.980295658111572266e-01
4.001431465148925781e-01
4.022733867168426514e-01
4.044191241264343262e-01
4.065811336040496826e-01
4.087578654289245605e-01
4.109487533569335938e-01
4.131537675857543945e-01
4.153727591037750244e-01
4.176043570041656494e-01
4.198489785194396973e-01
4.221047759056091309e-01
4.243711531162261963e-01
4.266484379768371582e-01
4.289354085922241211e-01
4.312316477298736572e-01
4.335365593433380127e-01
4.358292222023010254e-01
4.381468296051025391e-01
4.404694736003875732e-01
4.427963793277740479e-01
4.451262354850769043e-01
4.474597275257110596e-01
4.497930109500885010e-01
4.521257579326629639e-01
4.544574022293090820e-01
4.567859470844268799e-01
4.591102302074432373e-01
4.614302217960357666e-01
4.637417197227478027e-01
4.660447537899017334e-01
4.683379828929901123e-01
4.706188738346099854e-01
4.728862047195434570e-01
4.751383960247039795e-01
4.773747920989990234e-01
4.795908629894256592e-01
4.817862808704376221e-01
4.839425683021545410e-01
4.860904812812805176e-01
4.882116913795471191e-01
4.903051257133483887e-01
4.923661351203918457e-01
4.943939745426177979e-01
4.963862299919128418e-01
4.983620345592498779e-01
5.003052949905395508e-01
5.022018551826477051e-01
5.040510892868041992e-01
5.058495998382568359e-01
5.075941085815429688e-01
5.092839598655700684e-01
5.109148025512695312e-01
5.124856829643249512e-01
5.139937996864318848e-01
5.154354572296142578e-01
5.168098807334899902e-01
5.181133151054382324e-01
5.193358659744262695e-01
5.204926133155822754e-01
5.215713977813720703e-01
5.225710868835449219e-01
5.234882235527038574e-01
5.243216753005981445e-01
5.250689983367919922e-01
5.257275700569152832e-01
5.262963175773620605e-01
5.267726778984069824e-01
5.271553993225097656e-01
5.274425148963928223e-01
5.276325345039367676e-01
5.277239084243774414e-01
5.277152061462402344e-01
5.276053547859191895e-01
5.273931622505187988e-01
5.270776748657226562e-01
5.266580581665039062e-01
5.261335372924804688e-01
5.255036354064941406e-01
5.247683525085449219e-01
5.239264965057373047e-01
5.229782462120056152e-01
5.219242572784423828e-01
5.207640528678894043e-01
5.194983482360839844e-01
5.181272625923156738e-01
5.166522860527038574e-01
5.150728821754455566e-01
5.133908390998840332e-01
5.116082429885864258e-01
5.097244381904602051e-01
5.077419877052307129e-01
5.056617856025695801e-01
5.034858584403991699e-01
5.012163519859313965e-01
4.988544583320617676e-01
4.964035451412200928e-01
4.938637018203735352e-01
4.912386238574981689e-01
4.885315001010894775e-01
4.857424199581146240e-01
4.828765988349914551e-01
4.799343049526214600e-01
4.769196212291717529e-01
4.738352298736572266e-01
4.706832766532897949e-01
4.674683511257171631e-01
4.641906619071960449e-01
4.608562886714935303e-01
4.574653208255767822e-01
4.540215134620666504e-01
4.505304992198944092e-01
4.469916522502899170e-01
4.434114098548889160e-01
4.397890269756317139e-01
4.361298978328704834e-01
4.324563145637512207e-01
4.287808537483215332e-01
4.250828921794891357e-01
4.213617444038391113e-01
4.176211953163146973e-01
4.138642847537994385e-01
4.100937247276306152e-01
4.063112735748291016e-01
4.025210738182067871e-01
3.987248539924621582e-01
3.949248492717742920e-01
3.911223113536834717e-01
3.873214125633239746e-01
3.835231661796569824e-01
3.797298967838287354e-01
3.759439885616302490e-01
3.721671998500823975e-01
3.684002161026000977e-01
3.646467924118041992e-01
3.609085381031036377e-01
3.571853637695312500e-01
3.534795045852661133e-01
3.497928380966186523e-01
3.461267650127410889e-01
3.424830138683319092e-01
3.388617038726806641e-01
3.352647721767425537e-01
3.316926658153533936e-01
3.281478285789489746e-01
3.246310651302337646e-01
3.211421966552734375e-01
3.176820874214172363e-01
3.142521083354949951e-01
3.108526468276977539e-01
3.074840903282165527e-01
3.041489720344543457e-01
3.008202910423278809e-01
2.975499033927917480e-01
2.943132817745208740e-01
2.911111414432525635e-01
2.879435122013092041e-01
2.848101854324340820e-01
2.817119657993316650e-01
2.786488533020019531e-01
2.756206989288330078e-01
2.726296186447143555e-01
2.696731388568878174e-01
2.667523622512817383e-01
2.638676464557647705e-01
2.610190212726593018e-01
2.582066059112548828e-01
2.554298341274261475e-01
2.526885271072387695e-01
2.499828487634658813e-01
2.473133206367492676e-01
2.446802407503128052e-01
2.420814633369445801e-01
2.395175695419311523e-01
2.369901835918426514e-01
2.344965785741806030e-01
2.320383191108703613e-01
2.296139001846313477e-01
2.272236198186874390e-01
2.248669564723968506e-01
2.225264757871627808e-01
2.202385365962982178e-01
2.179826647043228149e-01
2.157593220472335815e-01
2.135689407587051392e-01
2.114107310771942139e-01
2.092851847410202026e-01
2.071903944015502930e-01
2.051270604133605957e-01
2.030941843986511230e-01
2.010923326015472412e-01
1.991217285394668579e-01
1.971824169158935547e-01
1.953071355819702148e-01
1.934603750705718994e-01
1.916410028934478760e-01
1.898502856492996216e-01
1.880862861871719360e-01
1.863504648208618164e-01
1.846413165330886841e-01
1.829580664634704590e-01
1.813018172979354858e-01
1.796574592590332031e-01
1.780529767274856567e-01
1.764737069606781006e-01
1.749183386564254761e-01
1.733881682157516479e-01
1.718816161155700684e-01
1.704000979661941528e-01
1.689416915178298950e-01
1.675059646368026733e-01
1.660941690206527710e-01
1.647039502859115601e-01
1.633372157812118530e-01
1.619816869497299194e-01
1.606588363647460938e-01
1.593576073646545410e-01
1.580766588449478149e-01
1.568175554275512695e-01
1.555780172348022461e-01
1.543599069118499756e-01
1.531618684530258179e-01
1.519824862480163574e-01
1.508238166570663452e-01
1.496834009885787964e-01
1.485628187656402588e-01
1.474518030881881714e-01
1.463688015937805176e-01
1.453042030334472656e-01
1.442564129829406738e-01
1.432275623083114624e-01
1.422154009342193604e-01
1.412212550640106201e-01
1.402444690465927124e-01
1.392840743064880371e-01
1.383406817913055420e-01
1.374130100011825562e-01
1.365024894475936890e-01
1.356001645326614380e-01
1.347216516733169556e-01
1.338589340448379517e-01
1.330107748508453369e-01
1.321786195039749146e-01
1.313608586788177490e-01
1.305589973926544189e-01
1.297716796398162842e-01
1.289983540773391724e-01
1.282403320074081421e-01
1.274956464767456055e-01
1.267660409212112427e-01
1.260450333356857300e-01
1.253426373004913330e-01
1.246545761823654175e-01
1.239794790744781494e-01
1.233186796307563782e-01
1.226705759763717651e-01
1.220363155007362366e-01
1.214151903986930847e-01
1.208061575889587402e-01
1.202108561992645264e-01
1.196276471018791199e-01
1.190538033843040466e-01
1.184966936707496643e-01
1.179514303803443909e-01
1.174194365739822388e-01
1.168989762663841248e-01
1.163917556405067444e-01
1.158959418535232544e-01
1.154130920767784119e-01
1.149424761533737183e-01
1.144832447171211243e-01
1.140337139368057251e-01
1.135987490415573120e-01
1.131765395402908325e-01
1.127690970897674561e-01
1.124077588319778442e-01
1.120580583810806274e-01
1.117196679115295410e-01
1.113938018679618835e-01
1.110766828060150146e-01
1.107735112309455872e-01
1.104817241430282593e-01
1.102026626467704773e-01
1.099346280097961426e-01
1.096784025430679321e-01
1.094345450401306152e-01
1.092007607221603394e-01
1.089805588126182556e-01
1.087724491953849792e-01
1.085773110389709473e-01
1.083936169743537903e-01
1.082225367426872253e-01
1.080647483468055725e-01
1.079183891415596008e-01
1.077854037284851074e-01
1.076656132936477661e-01
1.075596585869789124e-01
1.074663475155830383e-01
1.073865145444869995e-01
1.073202192783355713e-01
1.072689369320869446e-01
1.072308570146560669e-01
1.072070226073265076e-01
1.071981787681579590e-01
1.072034761309623718e-01
1.072236299514770508e-01
1.072588637471199036e-01
1.073100194334983826e-01
1.073774397373199463e-01
1.074592769145965576e-01
1.075569987297058105e-01
1.076714247465133667e-01
1.078013107180595398e-01
1.079476550221443176e-01
1.081111356616020203e-01
1.082931831479072571e-01
1.084893792867660522e-01
1.087023466825485229e-01
1.089325547218322754e-01
1.091787666082382202e-01
1.094414964318275452e-01
1.097206398844718933e-01
1.100202575325965881e-01
1.103314235806465149e-01
1.106581091880798340e-01
1.110002622008323669e-01
1.113562360405921936e-01
1.117260009050369263e-01
1.121086999773979187e-01
1.125039681792259216e-01
1.129148453474044800e-01
1.133309602737426758e-01
1.137562543153762817e-01
1.141885146498680115e-01
1.146268919110298157e-01
1.150696650147438049e-01
1.155157014727592468e-01
1.159677505493164062e-01
1.164136379957199097e-01
1.168569102883338928e-01
1.172960028052330017e-01
1.177281439304351807e-01
1.181516945362091064e-01
1.185700744390487671e-01
1.189706474542617798e-01
1.193568781018257141e-01
1.197270378470420837e-01
1.200798377394676208e-01
1.204169988632202148e-01
1.207292228937149048e-01
1.210195794701576233e-01
1.212872341275215149e-01
1.215307638049125671e-01
1.217498704791069031e-01
1.219469755887985229e-01
1.221158280968666077e-01
1.222594827413558960e-01
1.223782822489738464e-01
1.224727109074592590e-01
1.225440874695777893e-01
1.225906237959861755e-01
1.226145401597023010e-01
1.226172670722007751e-01
1.226085647940635681e-01
1.225841417908668518e-01
1.225416436791419983e-01
1.224831044673919678e-01
1.224097311496734619e-01
1.223227232694625854e-01
1.222227215766906738e-01
1.221119612455368042e-01
1.219914704561233521e-01
1.218620389699935913e-01
1.217253506183624268e-01
1.215810775756835938e-01
1.214326098561286926e-01
1.212797909975051880e-01
1.211235523223876953e-01
1.209646686911582947e-01
1.208027154207229614e-01
1.206412762403488159e-01
1.204796358942985535e-01
1.203183755278587341e-01
1.201579123735427856e-01
1.199978590011596680e-01
1.198410168290138245e-01
1.196862310171127319e-01
1.195343881845474243e-01
1.193857565522193909e-01
1.192405074834823608e-01
1.190977692604064941e-01
1.189598515629768372e-01
1.188260614871978760e-01
1.186961159110069275e-01
1.185707524418830872e-01
1.184487864375114441e-01
1.183322444558143616e-01
1.182202175259590149e-01
1.181126907467842102e-01
1.180095523595809937e-01
1.179101392626762390e-01
1.178161948919296265e-01
1.177267134189605713e-01
1.176415234804153442e-01
1.175608485937118530e-01
1.174840852618217468e-01
1.174117028713226318e-01
1.173436567187309265e-01
1.172798126935958862e-01
1.172199472784996033e-01
1.171638444066047668e-01
1.171116381883621216e-01
1.170632466673851013e-01
1.170182004570960999e-01
1.169769391417503357e-01
1.169390156865119934e-01
1.169044971466064453e-01
1.168731749057769775e-01
1.168449372053146362e-01
1.168197691440582275e-01
1.167971864342689514e-01
1.167776286602020264e-01
1.167607456445693970e-01
1.167466342449188232e-01
1.167348027229309082e-01
1.167253330349922180e-01
1.167181357741355896e-01
1.167131736874580383e-01
1.167102232575416565e-01
1.167092472314834595e-01
1.167101338505744934e-01
1.167133152484893799e-01
1.167175993323326111e-01
1.167235821485519409e-01
1.167308464646339417e-01
1.167403459548950195e-01
1.167505234479904175e-01
1.167620420455932617e-01
1.167747452855110168e-01
1.167891919612884521e-01
1.168039143085479736e-01
1.168194711208343506e-01
1.168361157178878784e-01
1.168542429804801941e-01
1.168722957372665405e-01
1.168911010026931763e-01
1.169105023145675659e-01
1.169311553239822388e-01
1.169512420892715454e-01
1.169720292091369629e-01
1.169931292533874512e-01
1.170152798295021057e-01
1.170367747545242310e-01
1.170585229992866516e-01
1.170803830027580261e-01
1.171029433608055115e-01
1.171247214078903198e-01
1.171465814113616943e-01
1.171693876385688782e-01
1.171914711594581604e-01
1.172129511833190918e-01
1.172342672944068909e-01
1.172556132078170776e-01
1.172757297754287720e-01
1.172951087355613708e-01
1.173141524195671082e-01
1.173330619931221008e-01
1.173505783081054688e-01
1.173673719167709351e-01
1.173834130167961121e-01
1.173993051052093506e-01
1.174136996269226074e-01
1.174272671341896057e-01
1.174399256706237793e-01
1.174523308873176575e-01
1.174631565809249878e-01
1.174730136990547180e-01
1.174818798899650574e-01
1.174904182553291321e-01
1.174974068999290466e-01
1.175030618906021118e-01
1.175078079104423523e-01
1.175121068954467773e-01
1.175148263573646545e-01
1.175161376595497131e-01
1.175164952874183655e-01
1.175164505839347839e-01
1.175144910812377930e-01
1.175112575292587280e-01
1.175069585442543030e-01
1.175022572278976440e-01
1.174955889582633972e-01
1.174876168370246887e-01
1.174787506461143494e-01
1.174690276384353638e-01
1.174575462937355042e-01
1.174447014927864075e-01
1.174315959215164185e-01
1.174163371324539185e-01
1.173999235033988953e-01
1.173827946186065674e-01
1.173641458153724670e-01
1.173439025878906250e-01
1.173231452703475952e-01
1.173006519675254822e-01
1.172768622636795044e-01
1.172522604465484619e-01
1.172259598970413208e-01
1.171985715627670288e-01
1.171703636646270752e-01
1.171402856707572937e-01
1.171093434095382690e-01
1.170773431658744812e-01
1.170437335968017578e-01
1.170088052749633789e-01
1.169735416769981384e-01
1.169362217187881470e-01
1.168978288769721985e-01
1.168588697910308838e-01
1.168181300163269043e-01
1.167761087417602539e-01
1.167335137724876404e-01
1.166894361376762390e-01
1.166440993547439575e-01
1.165975257754325867e-01
1.165503412485122681e-01
1.165017709136009216e-01
1.164519786834716797e-01
1.164013519883155823e-01
1.163496449589729309e-01
1.162964701652526855e-01
1.162427291274070740e-01
1.161874532699584961e-01
1.161315366625785828e-01
1.160745173692703247e-01
1.160162836313247681e-01
1.159572005271911621e-01
1.158972457051277161e-01
1.158359274268150330e-01
1.157737523317337036e-01
1.157110035419464111e-01
1.156469434499740601e-01
1.155818030238151550e-01
1.155163794755935669e-01
1.154494136571884155e-01
1.153816804289817810e-01
1.153131127357482910e-01
1.152439042925834656e-01
1.151734292507171631e-01
1.151024103164672852e-01
1.150302514433860779e-01
1.149576976895332336e-01
1.148838996887207031e-01
1.148095875978469849e-01
1.147345229983329773e-01
1.146585196256637573e-01
1.145817413926124573e-01
1.145042628049850464e-01
1.144261658191680908e-01
1.143473163247108459e-01
1.142675131559371948e-01
1.141904667019844055e-01
1.141498312354087830e-01
1.141088306903839111e-01
1.140672340989112854e-01
1.140251085162162781e-01
1.139827743172645569e-01
1.139398887753486633e-01
1.138967648148536682e-01
1.138527169823646545e-01
1.138087362051010132e-01
1.137642189860343933e-01
1.137194335460662842e-01
1.136742457747459412e-01
1.136282458901405334e-01
1.135823130607604980e-01
1.135358288884162903e-01
1.134891584515571594e-01
1.134416386485099792e-01
1.133942306041717529e-01
1.133464947342872620e-01
1.132982373237609863e-01
1.132494583725929260e-01
1.132005304098129272e-01
1.131514236330986023e-01
1.131018400192260742e-01
1.130517944693565369e-01
1.130017265677452087e-01
1.129512190818786621e-01
1.129005178809165955e-01
1.128494217991828918e-01
1.127978786826133728e-01
1.127461344003677368e-01
1.126943528652191162e-01
1.126423105597496033e-01
1.125894263386726379e-01
1.125368326902389526e-01
1.124837398529052734e-01
1.124306619167327881e-01
1.123768240213394165e-01
1.123231649398803711e-01
1.122693568468093872e-01
1.122150272130966187e-01
1.121604517102241516e-01
1.121057868003845215e-01
1.120509728789329529e-01
1.119958683848381042e-01
1.119406372308731079e-01
1.118849962949752808e-01
1.118293106555938721e-01
1.117734760046005249e-01
1.117174029350280762e-01
1.116608679294586182e-01
1.116044372320175171e-01
1.115480214357376099e-01
1.114912703633308411e-01
1.114340052008628845e-01
1.113769486546516418e-01
1.113196834921836853e-01
1.112624704837799072e-01
1.112044379115104675e-01
1.111469268798828125e-01
1.110892891883850098e-01
1.110311523079872131e-01
1.109732612967491150e-01
1.109145134687423706e-01
1.108563840389251709e-01
1.107979267835617065e-01
1.107393428683280945e-01
1.106803417205810547e-01
1.106215566396713257e-01
1.105628684163093567e-01
1.105038821697235107e-01
1.104444712400436401e-01
1.103852987289428711e-01
1.103260219097137451e-01
1.102666929364204407e-01
1.102071553468704224e-01
1.101476475596427917e-01
1.100880727171897888e-01
1.100284308195114136e-01
1.099687293171882629e-01
1.099088490009307861e-01
1.098487973213195801e-01
1.097891330718994141e-01
1.097291782498359680e-01
1.096688881516456604e-01
1.096090897917747498e-01
1.095487698912620544e-01
1.094889044761657715e-01
1.094284430146217346e-01
1.093682423233985901e-01
1.093082576990127563e-01
1.092477887868881226e-01
1.091874390840530396e-01
1.091271787881851196e-01
1.090668588876724243e-01
1.090065613389015198e-01
1.089458838105201721e-01
1.088858097791671753e-01
1.088252067565917969e-01
1.087651029229164124e-01
1.087044999003410339e-01
1.086440905928611755e-01
1.085834801197052002e-01
1.085233986377716064e-01
1.084630563855171204e-01
1.084024459123611450e-01
1.083421111106872559e-01
1.082818657159805298e-01
1.082218512892723083e-01
1.081610321998596191e-01
1.081010848283767700e-01
1.080408617854118347e-01
1.079850047826766968e-01
1.079299747943878174e-01
1.078749150037765503e-01
1.078198626637458801e-01
1.077650859951972961e-01
1.077100262045860291e-01
1.076552495360374451e-01
1.076004058122634888e-01
1.075456291437149048e-01
1.074902266263961792e-01
1.074354425072669983e-01
1.073806732892990112e-01
1.073256060481071472e-01
1.072708517313003540e-01
1.072157919406890869e-01
1.071610748767852783e-01
1.071062758564949036e-01
1.070512607693672180e-01
1.069962680339813232e-01
1.069416031241416931e-01
1.068866327404975891e-01
1.068320199847221375e-01
1.067771017551422119e-01
1.067225262522697449e-01
1.066676527261734009e-01
1.066130846738815308e-01
1.065585911273956299e-01
1.065038219094276428e-01
1.064494028687477112e-01
1.063947007060050964e-01
1.063403412699699402e-01
1.062857210636138916e-01
1.062314435839653015e-01
1.061768308281898499e-01
1.061226427555084229e-01
1.060681715607643127e-01
1.060140803456306458e-01
1.059596985578536987e-01
1.059056892991065979e-01
1.058514118194580078e-01
1.057971864938735962e-01
1.057433485984802246e-01
1.056894734501838684e-01
1.056357249617576599e-01
1.055817231535911560e-01
1.055280864238739014e-01
1.054741740226745605e-01
1.054206639528274536e-01
1.053665727376937866e-01
1.053131818771362305e-01
1.052595227956771851e-01
1.052065193653106689e-01
1.051529869437217712e-01
1.050998494029045105e-01
1.050464585423469543e-01
1.049934625625610352e-01
1.049402281641960144e-01
1.048870310187339783e-01
1.048342585563659668e-01
1.047812104225158691e-01
1.047288402915000916e-01
1.046759486198425293e-01
1.046234592795372009e-01
1.045704036951065063e-01
1.045180857181549072e-01
1.044654920697212219e-01
1.044133231043815613e-01
1.043608933687210083e-01
1.043091565370559692e-01
1.042568832635879517e-01
1.042050421237945557e-01
1.041526496410369873e-01
1.041009724140167236e-01
1.040490418672561646e-01
1.039972081780433655e-01
1.039457917213439941e-01
1.038941293954849243e-01
1.038431674242019653e-01
1.037916839122772217e-01
1.037403270602226257e-01
1.036890223622322083e-01
1.036381572484970093e-01
1.035870388150215149e-01
1.035363599658012390e-01
1.034854426980018616e-01
1.034345999360084534e-01
1.033841818571090698e-01
1.033335477113723755e-01
1.032833531498908997e-01
1.032329052686691284e-01
1.031829044222831726e-01
1.031326577067375183e-01
1.030828505754470825e-01
1.030327975749969482e-01
1.029829159379005432e-01
1.029333546757698059e-01
1.028836145997047424e-01
1.028343290090560913e-01
1.027847900986671448e-01
1.027357131242752075e-01
1.026863977313041687e-01
1.026375144720077515e-01
1.025881171226501465e-01
1.025394499301910400e-01
1.024908423423767090e-01
1.024423912167549133e-01
1.023937165737152100e-01
1.023451611399650574e-01
1.022970378398895264e-01
1.022484004497528076e-01
1.022004932165145874e-01
1.021523699164390564e-01
1.021049767732620239e-01
1.020570769906044006e-01
1.020096167922019958e-01
1.019619405269622803e-01
1.019143685698509216e-01
1.018669754266738892e-01
1.018196418881416321e-01
1.017727479338645935e-01
1.017256528139114380e-01
1.016792729496955872e-01
1.016323566436767578e-01
1.015871688723564148e-01
1.015411391854286194e-01
1.014958173036575317e-01
1.014502197504043579e-01
1.014047265052795410e-01
1.013593450188636780e-01
1.013142839074134827e-01
1.012690514326095581e-01
1.012238636612892151e-01
1.011790707707405090e-01
1.011340469121932983e-01
1.010894253849983215e-01
1.010445430874824524e-01
1.010000854730606079e-01
1.009550914168357849e-01
1.009107381105422974e-01
1.008662283420562744e-01
1.008217707276344299e-01
1.007777005434036255e-01
1.007334142923355103e-01
1.006892397999763489e-01
1.006454005837440491e-01
1.006013825535774231e-01
1.005577147006988525e-01
1.005138754844665527e-01
1.004700809717178345e-01
1.004263684153556824e-01
1.003830879926681519e-01
1.003395617008209229e-01
1.002964302897453308e-01
1.002530902624130249e-01
1.002098470926284790e-01
1.001669541001319885e-01
1.001235768198966980e-01
1.000809073448181152e-01
1.000379770994186401e-01
9.999547898769378662e-02
9.995246678590774536e-02
9.991010278463363647e-02
9.986758232116699219e-02
9.982513636350631714e-02
9.978275001049041748e-02
9.974079579114913940e-02
9.969862550497055054e-02
9.965650737285614014e-02
9.961483627557754517e-02
9.957264363765716553e-02
9.953141212463378906e-02
9.948940575122833252e-02
9.944778680801391602e-02
9.940654784440994263e-02
9.936511516571044922e-02
9.932347387075424194e-02
9.928281605243682861e-02
9.924136847257614136e-02
9.920062124729156494e-02
9.915963560342788696e-02
9.911877661943435669e-02
9.907831996679306030e-02
9.903760999441146851e-02
9.899704903364181519e-02
9.895657747983932495e-02
9.891645610332489014e-02
9.887588024139404297e-02
9.883599728345870972e-02
9.879586845636367798e-02
9.875618666410446167e-02
9.871599078178405762e-02
9.867645800113677979e-02
9.863676875829696655e-02
9.859716892242431641e-02
9.855762869119644165e-02
9.851852059364318848e-02
9.847923368215560913e-02
9.844028204679489136e-02
9.840117394924163818e-02
9.836188703775405884e-02
9.832353144884109497e-02
9.828442335128784180e-02
9.824573248624801636e-02
9.820736944675445557e-02
9.816886484622955322e-02
9.813016653060913086e-02
9.809241443872451782e-02
9.805390983819961548e-02
9.801609814167022705e-02
9.797805547714233398e-02
9.794016182422637939e-02
9.790260344743728638e-02
9.786491841077804565e-02
9.782732278108596802e-02
9.779006987810134888e-02
9.775269031524658203e-02
9.771538525819778442e-02
9.767844527959823608e-02
9.764106571674346924e-02
9.760437160730361938e-02
9.756744652986526489e-02
9.753067046403884888e-02
9.749398380517959595e-02
9.745766967535018921e-02
9.742090106010437012e-02
9.738483279943466187e-02
9.734851121902465820e-02
9.731263667345046997e-02
9.727658331394195557e-02
9.724058955907821655e-02
9.720502048730850220e-02
9.716897457838058472e-02
9.713359922170639038e-02
9.709803760051727295e-02
9.706261008977890015e-02
9.702723473310470581e-02
9.699228405952453613e-02
9.695687144994735718e-02
9.692238271236419678e-02
9.688717126846313477e-02
9.685236960649490356e-02
9.681788086891174316e-02
9.678330272436141968e-02
9.674882888793945312e-02
9.671463817358016968e-02
9.668038040399551392e-02
9.664590656757354736e-02
9.661234915256500244e-02
9.657809138298034668e-02
9.654423594474792480e-02
9.651042520999908447e-02
9.647704660892486572e-02
9.644321352243423462e-02
9.641002863645553589e-02
9.637665003538131714e-02
9.634344279766082764e-02
9.630744159221649170e-02
9.624762833118438721e-02
9.618762135505676270e-02
9.612802416086196899e-02
9.606829285621643066e-02
9.600886702537536621e-02
9.594935923814773560e-02
9.588990360498428345e-02
9.583062678575515747e-02
9.577164798974990845e-02
9.571259468793869019e-02
9.565358608961105347e-02
9.559477120637893677e-02
9.553654491901397705e-02
9.547764062881469727e-02
9.541941434144973755e-02
9.536097943782806396e-02
9.530296176671981812e-02
9.524451941251754761e-02
9.518674015998840332e-02
9.512876719236373901e-02
9.507121890783309937e-02
9.501324594020843506e-02
9.495615959167480469e-02
9.489872306585311890e-02
9.484132379293441772e-02
9.478413313627243042e-02
9.472719579935073853e-02
9.467022866010665894e-02
9.461329877376556396e-02
9.455656260251998901e-02
9.450008720159530640e-02
9.444359689950942993e-02
9.438744932413101196e-02
9.433110058307647705e-02
9.427519142627716064e-02
9.421885013580322266e-02
9.416317194700241089e-02
9.410730004310607910e-02
9.405186027288436890e-02
9.399599581956863403e-02
9.394100308418273926e-02
9.388539195060729980e-02
9.383042156696319580e-02
9.377534687519073486e-02
9.372053295373916626e-02
9.366569668054580688e-02
