9.005839824676513672e-01
9.047113656997680664e-01
9.066503047943115234e-01
9.065635800361633301e-01
9.045791029930114746e-01
9.007613658905029297e-01
8.952193856239318848e-01
8.881506323814392090e-01
8.798148036003112793e-01
8.704882860183715820e-01
8.606934547424316406e-01
8.505766391754150391e-01
8.401576876640319824e-01
8.296354413032531738e-01
8.190322518348693848e-01
8.084473013877868652e-01
7.979715466499328613e-01
7.874045968055725098e-01
7.767933011054992676e-01
7.662143111228942871e-01
7.557581663131713867e-01
7.455052733421325684e-01
7.355510592460632324e-01
7.259802818298339844e-01
7.168534994125366211e-01
7.083474397659301758e-01
7.004595994949340820e-01
6.932885646820068359e-01
6.867545843124389648e-01
6.808659434318542480e-01
6.756358146667480469e-01
6.710703372955322266e-01
6.670576930046081543e-01
6.635940670967102051e-01
6.607657670974731445e-01
6.585695147514343262e-01
6.569832563400268555e-01
6.559917926788330078e-01
6.554025411605834961e-01
6.552085876464843750e-01
6.554716825485229492e-01
6.561470031738281250e-01
6.572459340095520020e-01
6.588375568389892578e-01
6.609271168708801270e-01
6.634444594383239746e-01
6.663209199905395508e-01
6.695051193237304688e-01
6.729667782783508301e-01
6.766402721405029297e-01
6.805029511451721191e-01
6.842774152755737305e-01
6.882425546646118164e-01
6.923782825469970703e-01
6.966726183891296387e-01
7.011204957962036133e-01
7.057095766067504883e-01
7.105053067207336426e-01
7.155018448829650879e-01
7.206621766090393066e-01
7.259955406188964844e-01
7.315023541450500488e-01
7.371607422828674316e-01
7.430189251899719238e-01
7.490374445915222168e-01
7.552420496940612793e-01
7.616732120513916016e-01
7.683401703834533691e-01
7.752552032470703125e-01
7.824471592903137207e-01
7.899039983749389648e-01
7.976376414299011230e-01
8.057309389114379883e-01
8.143639564514160156e-01
8.226993083953857422e-01
8.283360004425048828e-01
8.354437351226806641e-01
8.431127667427062988e-01
8.506895899772644043e-01
8.580056428909301758e-01
8.649639487266540527e-01
8.714978694915771484e-01
8.775185942649841309e-01
8.830007314682006836e-01
8.879390358924865723e-01
8.923659920692443848e-01
8.963463902473449707e-01
8.999618291854858398e-01
9.032489657402038574e-01
9.062520861625671387e-01
9.089815020561218262e-01
9.113814830780029297e-01
9.133718013763427734e-01
9.148702621459960938e-01
9.157673716545104980e-01
9.159973263740539551e-01
9.154973626136779785e-01
9.142310023307800293e-01
9.121752977371215820e-01
9.093318581581115723e-01
9.057254195213317871e-01
9.013864994049072266e-01
8.964570760726928711e-01
8.909183740615844727e-01
8.848452568054199219e-01
8.782822489738464355e-01
8.713257312774658203e-01
8.640215992927551270e-01
8.564717769622802734e-01
8.487178683280944824e-01
8.407384157180786133e-01
8.326480388641357422e-01
8.245671987533569336e-01
8.165242671966552734e-01
8.086010217666625977e-01
8.008138537406921387e-01
7.932478785514831543e-01
7.859187722206115723e-01
7.788450121879577637e-01
7.720785737037658691e-01
7.656154036521911621e-01
7.594367265701293945e-01
7.535601258277893066e-01
7.479848265647888184e-01
7.427173852920532227e-01
7.377303242683410645e-01
7.330253720283508301e-01
7.286123633384704590e-01
7.245598435401916504e-01
7.207654118537902832e-01
7.172037363052368164e-01
7.138869166374206543e-01
7.107922434806823730e-01
7.079162001609802246e-01
7.052462100982666016e-01
7.027710676193237305e-01
7.004953026771545410e-01
6.982713937759399414e-01
6.961994767189025879e-01
6.943159103393554688e-01
6.926108002662658691e-01
6.910787820816040039e-01
6.897188425064086914e-01
6.885228157043457031e-01
6.874850392341613770e-01
6.866014003753662109e-01
6.858702898025512695e-01
6.853334903717041016e-01
6.849268078804016113e-01
6.846428513526916504e-01
6.845985054969787598e-01
6.846159100532531738e-01
6.847172379493713379e-01
6.848863363265991211e-01
6.851119995117187500e-01
6.853792667388916016e-01
6.856727600097656250e-01
6.860898137092590332e-01
6.865084767341613770e-01
6.869072914123535156e-01
6.872766613960266113e-01
6.876089572906494141e-01
6.878978013992309570e-01
6.881464123725891113e-01
6.883659958839416504e-01
6.885769963264465332e-01
6.888067722320556641e-01
6.891185045242309570e-01
6.895723342895507812e-01
6.901900172233581543e-01
6.910274624824523926e-01
6.921308040618896484e-01
6.935332417488098145e-01
6.952306032180786133e-01
6.971994042396545410e-01
6.993831396102905273e-01
7.017074227333068848e-01
7.040687799453735352e-01
7.063795924186706543e-01
7.085715532302856445e-01
7.105848789215087891e-01
7.123836278915405273e-01
7.139672636985778809e-01
7.153366208076477051e-01
7.165217399597167969e-01
7.175472974777221680e-01
7.184556126594543457e-01
7.192785739898681641e-01
7.200576663017272949e-01
7.208245992660522461e-01
7.215893864631652832e-01
7.223984003067016602e-01
7.232695817947387695e-01
7.242284417152404785e-01
7.252849340438842773e-01
7.264562249183654785e-01
7.277488708496093750e-01
7.291758656501770020e-01
7.307429909706115723e-01
7.324567437171936035e-01
7.343201637268066406e-01
7.363371849060058594e-01
7.384648323059082031e-01
7.407445311546325684e-01
7.431780695915222168e-01
7.457657456398010254e-01
7.485127449035644531e-01
7.514047026634216309e-01
7.544466853141784668e-01
7.576355934143066406e-01
7.609693408012390137e-01
7.644451260566711426e-01
7.680509090423583984e-01
7.717903256416320801e-01
7.755987048149108887e-01
7.794573307037353516e-01
7.834582924842834473e-01
7.875856757164001465e-01
7.918239831924438477e-01
7.961886525154113770e-01
8.006615638732910156e-01
8.052363395690917969e-01
8.098924160003662109e-01
8.146455287933349609e-01
8.194753527641296387e-01
8.243599534034729004e-01
8.293142914772033691e-01
8.343556523323059082e-01
8.394910693168640137e-01
8.446595668792724609e-01
8.498271703720092773e-01
8.549968004226684570e-01
8.601485490798950195e-01
8.652995824813842773e-01
8.704209327697753906e-01
8.755319118499755859e-01
8.806077837944030762e-01
8.856719732284545898e-01
8.907074332237243652e-01
8.957437276840209961e-01
9.007756710052490234e-01
9.058534502983093262e-01
9.109900593757629395e-01
9.162520170211791992e-01
9.217087626457214355e-01
9.275149703025817871e-01
9.339088201522827148e-01
9.414183497428894043e-01
9.514355659484863281e-01
9.796770215034484863e-01
9.807992577552795410e-01
9.810785055160522461e-01
9.807224273681640625e-01
9.795695543289184570e-01
9.775965809822082520e-01
9.752646684646606445e-01
9.736764430999755859e-01
9.737543463706970215e-01
9.753164649009704590e-01
9.775116443634033203e-01
9.796504378318786621e-01
9.814470410346984863e-01
9.828421473503112793e-01
9.838533401489257812e-01
9.845331311225891113e-01
9.849225282669067383e-01
9.850599169731140137e-01
9.849733710289001465e-01
9.846868515014648438e-01
9.842152595520019531e-01
9.835746884346008301e-01
9.827651381492614746e-01
9.818068742752075195e-01
9.807062149047851562e-01
9.794672131538391113e-01
9.781053066253662109e-01
9.766194224357604980e-01
9.750261306762695312e-01
9.733226895332336426e-01
9.715266227722167969e-01
9.696348309516906738e-01
9.676649570465087891e-01
9.656133055686950684e-01
9.634988307952880859e-01
9.613161683082580566e-01
9.590849876403808594e-01
9.568027853965759277e-01
9.545059204101562500e-01
9.521690011024475098e-01
9.498053789138793945e-01
9.474277496337890625e-01
9.450289011001586914e-01
9.426274299621582031e-01
9.402151107788085938e-01
9.378036260604858398e-01
9.354049563407897949e-01
9.330092072486877441e-01
9.306347370147705078e-01
9.282709956169128418e-01
9.259282946586608887e-01
9.236169457435607910e-01
9.213258028030395508e-01
9.190709590911865234e-01
9.168463349342346191e-01
9.146614670753479004e-01
9.125193357467651367e-01
9.104090929031372070e-01
9.083440303802490234e-01
9.063194394111633301e-01
9.043356180191040039e-01
9.023938179016113281e-01
9.004949927330017090e-01
8.986441493034362793e-01
8.968312740325927734e-01
8.950620889663696289e-01
8.933371901512145996e-01
8.916561603546142578e-01
8.900192379951477051e-01
8.884310722351074219e-01
8.868821263313293457e-01
8.853774070739746094e-01
8.839959502220153809e-01
8.826739788055419922e-01
8.813959956169128418e-01
8.801657557487487793e-01
8.789753913879394531e-01
8.778281211853027344e-01
8.767244815826416016e-01
8.756669759750366211e-01
8.746520280838012695e-01
8.736767768859863281e-01
8.727466464042663574e-01
8.718585371971130371e-01
8.710119724273681641e-01
8.702074289321899414e-01
8.694444894790649414e-01
8.687206506729125977e-01
8.680402636528015137e-01
8.674007058143615723e-01
8.668075799942016602e-01
8.662760853767395020e-01
8.657841086387634277e-01
8.653309345245361328e-01
8.649151921272277832e-01
8.645387887954711914e-01
8.641998171806335449e-01
8.638979792594909668e-01
8.636323213577270508e-01
8.634021282196044922e-01
8.632065057754516602e-01
8.630443811416625977e-01
8.629148602485656738e-01
8.628162145614624023e-01
8.627473115921020508e-01
8.627068996429443359e-01
8.626928329467773438e-01
8.627029657363891602e-01
8.627361655235290527e-01
8.627892732620239258e-01
8.628880381584167480e-01
8.630242943763732910e-01
8.631737828254699707e-01
8.633322715759277344e-01
8.634986281394958496e-01
8.636682033538818359e-01
8.638398051261901855e-01
8.640085458755493164e-01
8.641729950904846191e-01
8.643290996551513672e-01
8.644726872444152832e-01
8.646022677421569824e-01
8.647128343582153320e-01
8.648021817207336426e-01
8.648671507835388184e-01
8.649045825004577637e-01
8.649119138717651367e-01
8.648863434791564941e-01
8.648252487182617188e-01
8.647263050079345703e-01
8.645874857902526855e-01
8.644175529479980469e-01
8.642108440399169922e-01
8.639627695083618164e-01
8.636714816093444824e-01
8.633368611335754395e-01
8.629574179649353027e-01
8.625338077545166016e-01
8.620649576187133789e-01
8.615521192550659180e-01
8.609949350357055664e-01
8.603948950767517090e-01
8.597521781921386719e-01
8.590688705444335938e-01
8.583454489707946777e-01
8.575845956802368164e-01
8.567895889282226562e-01
8.559582233428955078e-01
8.550969958305358887e-01
8.542032837867736816e-01
8.532842993736267090e-01
8.523370623588562012e-01
8.513690233230590820e-01
8.503904938697814941e-01
8.494046330451965332e-01
8.483969569206237793e-01
8.473765850067138672e-01
8.463429212570190430e-01
8.452926874160766602e-01
8.442361950874328613e-01
8.431676030158996582e-01
8.420959711074829102e-01
8.410152196884155273e-01
8.399357199668884277e-01
8.388495445251464844e-01
8.377671241760253906e-01
8.366822004318237305e-01
8.356028199195861816e-01
8.345232009887695312e-01
8.334522843360900879e-01
8.323866724967956543e-01
8.313278555870056152e-01
8.302760720252990723e-01
8.292322158813476562e-01
8.281981348991394043e-01
8.271726369857788086e-01
8.261305689811706543e-01
8.249061703681945801e-01
8.236838579177856445e-01
8.224716186523437500e-01
8.212664723396301270e-01
8.200689554214477539e-01
8.188794255256652832e-01
8.176986575126647949e-01
8.165266513824462891e-01
8.153638243675231934e-01
8.142107725143432617e-01
8.130675554275512695e-01
8.119345307350158691e-01
8.108118772506713867e-01
8.096997737884521484e-01
8.085984587669372559e-01
8.075073957443237305e-01
8.064278960227966309e-01
8.053595423698425293e-01
8.043052554130554199e-01
8.032591938972473145e-01
8.022245168685913086e-01
8.012037277221679688e-01
8.001914620399475098e-01
7.991905212402343750e-01
7.981995940208435059e-01
7.971920967102050781e-01
7.961974143981933594e-01
7.952179312705993652e-01
7.942488789558410645e-01
7.932926416397094727e-01
7.923511266708374023e-01
7.914201617240905762e-01
7.905037403106689453e-01
7.895978689193725586e-01
7.887045145034790039e-01
7.878251671791076660e-01
7.869556546211242676e-01
7.860990762710571289e-01
7.852563261985778809e-01
7.844240069389343262e-01
7.836037874221801758e-01
7.827968597412109375e-01
7.820004820823669434e-01
7.812171578407287598e-01
7.804454565048217773e-01
7.796853780746459961e-01
7.789357900619506836e-01
7.781988382339477539e-01
7.774733304977416992e-01
7.767582535743713379e-01
7.760555148124694824e-01
7.753674983978271484e-01
7.746934890747070312e-01
7.740302085876464844e-01
7.733775973320007324e-01
7.727362513542175293e-01
7.721042037010192871e-01
7.714840173721313477e-01
7.708735466003417969e-01
7.702740430831909180e-01
7.696846127510070801e-01
7.691056728363037109e-01
7.685380578041076660e-01
7.679800987243652344e-01
7.674333453178405762e-01
7.668964266777038574e-01
7.663708329200744629e-01
7.658549547195434570e-01
7.653502821922302246e-01
7.648556232452392578e-01
7.643721103668212891e-01
7.638984322547912598e-01
7.634360790252685547e-01
7.629836201667785645e-01
7.625426650047302246e-01
7.621116042137145996e-01
7.616923451423645020e-01
7.612828612327575684e-01
7.608850002288818359e-01
7.604963779449462891e-01
7.600274682044982910e-01
7.595677375793457031e-01
7.591200470924377441e-01
7.586838603019714355e-01
7.582608461380004883e-01
7.578505873680114746e-01
7.574526667594909668e-01
7.570667266845703125e-01
7.566945552825927734e-01
7.563349604606628418e-01
7.559883594512939453e-01
7.556549310684204102e-01
7.553341984748840332e-01
7.550272345542907715e-01
7.547336816787719727e-01
7.544536590576171875e-01
7.541855573654174805e-01
7.539321184158325195e-01
7.536932826042175293e-01
7.534664869308471680e-01
7.532555460929870605e-01
7.530581951141357422e-01
7.528733015060424805e-01
7.527055740356445312e-01
7.525520324707031250e-01
7.524130940437316895e-01
7.522854804992675781e-01
7.521764039993286133e-01
7.520819306373596191e-01
7.519996166229248047e-01
7.519450187683105469e-01
7.519198060035705566e-01
7.519057989120483398e-01
7.519112229347229004e-01
7.519320845603942871e-01
7.519640326499938965e-01
7.520159482955932617e-01
7.520824670791625977e-01
7.521622180938720703e-01
7.522612214088439941e-01
7.523750662803649902e-01
7.525057792663574219e-01
7.526481747627258301e-01
7.528062462806701660e-01
7.529847621917724609e-01
7.531743049621582031e-01
7.533848285675048828e-01
7.536073327064514160e-01
7.538489699363708496e-01
7.541034221649169922e-01
7.543732523918151855e-01
7.546635270118713379e-01
7.549657821655273438e-01
7.552875876426696777e-01
7.556215524673461914e-01
7.559757232666015625e-01
7.563408613204956055e-01
7.567270398139953613e-01
7.571234703063964844e-01
7.575353980064392090e-01
7.579678893089294434e-01
7.584105730056762695e-01
7.588741183280944824e-01
7.593219280242919922e-01
7.597777247428894043e-01
7.602444887161254883e-01
7.607291340827941895e-01
7.612357139587402344e-01
7.617534995079040527e-01
7.622932195663452148e-01
7.628440856933593750e-01
7.634100317955017090e-01
7.639983892440795898e-01
7.645958662033081055e-01
7.652090191841125488e-01
7.658361792564392090e-01
7.664785981178283691e-01
7.671408653259277344e-01
7.678110599517822266e-01
7.684949040412902832e-01
7.691913247108459473e-01
7.699007391929626465e-01
7.706279754638671875e-01
7.713614106178283691e-01
7.721055746078491211e-01
7.728605866432189941e-01
7.736256718635559082e-01
7.744073271751403809e-01
7.751911878585815430e-01
7.759839296340942383e-01
7.767843604087829590e-01
7.775925993919372559e-01
7.784135341644287109e-01
7.792346477508544922e-01
7.800607681274414062e-01
7.808920741081237793e-01
7.817269563674926758e-01
7.825724482536315918e-01
7.834222316741943359e-01
7.842926979064941406e-01
7.851620912551879883e-01
7.860305309295654297e-01
7.868967652320861816e-01
7.877605557441711426e-01
7.886208891868591309e-01
7.894764542579650879e-01
7.903276085853576660e-01
7.911729216575622559e-01
7.920120358467102051e-01
7.928439378738403320e-01
7.936682105064392090e-01
7.944839000701904297e-01
7.952907085418701172e-01
7.960875034332275391e-01
7.968740463256835938e-01
7.976493239402770996e-01
7.984131574630737305e-01
7.991644144058227539e-01
7.999030947685241699e-01
8.006280660629272461e-01
8.013392686843872070e-01
8.020358085632324219e-01
8.027175664901733398e-01
8.033836483955383301e-01
8.040341138839721680e-01
8.046681284904479980e-01
8.052856326103210449e-01
8.058860301971435547e-01
8.064692616462707520e-01
8.070347905158996582e-01
8.075826764106750488e-01
8.081124424934387207e-01
8.086242079734802246e-01
8.091175556182861328e-01
8.095887899398803711e-01
8.100454807281494141e-01
8.104833364486694336e-01
8.108986616134643555e-01
8.112929463386535645e-01
8.116663098335266113e-01
8.120155334472656250e-01
8.123470544815063477e-01
8.126578330993652344e-01
8.132517337799072266e-01
8.135046958923339844e-01
8.137357234954833984e-01
8.139504194259643555e-01
8.141465187072753906e-01
8.143248558044433594e-01
8.144857883453369141e-01
8.146302103996276855e-01
8.147568106651306152e-01
8.148705363273620605e-01
8.149703145027160645e-01
8.150571584701538086e-01
8.151320815086364746e-01
8.151963353157043457e-01
8.152497410774230957e-01
8.152967095375061035e-01
8.153370618820190430e-01
8.153724670410156250e-01
8.154045939445495605e-01
8.154337406158447266e-01
8.154647946357727051e-01
8.154982924461364746e-01
8.155347704887390137e-01
8.155800104141235352e-01
8.156342506408691406e-01
8.156986832618713379e-01
8.157793879508972168e-01
8.158776164054870605e-01
8.159945011138916016e-01
8.161370158195495605e-01
8.163068890571594238e-01
8.165052533149719238e-01
8.167408704757690430e-01
8.170150518417358398e-01
8.173292875289916992e-01
8.177427053451538086e-01
8.182226419448852539e-01
8.187603950500488281e-01
8.193686604499816895e-01
8.200490474700927734e-01
8.208023309707641602e-01
8.216437697410583496e-01
8.225746154785156250e-01
8.235949277877807617e-01
8.247229456901550293e-01
8.259590268135070801e-01
8.273022174835205078e-01
8.287734389305114746e-01
8.303724527359008789e-01
8.320956826210021973e-01
8.339678049087524414e-01
8.359746932983398438e-01
8.381429910659790039e-01
8.404549360275268555e-01
8.429392576217651367e-01
8.455725312232971191e-01
8.483857512474060059e-01
8.513656854629516602e-01
8.544972538948059082e-01
8.578097820281982422e-01
8.612653613090515137e-01
8.648955225944519043e-01
8.686552047729492188e-01
8.725724220275878906e-01
8.765961527824401855e-01
8.807525038719177246e-01
8.849827051162719727e-01
8.893101811408996582e-01
8.936687707901000977e-01
8.980803489685058594e-01
9.024729728698730469e-01
9.068652987480163574e-01
9.111846089363098145e-01
9.154446125030517578e-01
9.195747971534729004e-01
9.235872626304626465e-01
9.274154305458068848e-01
9.310708642005920410e-01
9.344930648803710938e-01
9.376956820487976074e-01
9.406440854072570801e-01
9.433079957962036133e-01
9.457018971443176270e-01
9.477934837341308594e-01
9.495994448661804199e-01
9.510999321937561035e-01
9.523065090179443359e-01
9.532284140586853027e-01
9.538632631301879883e-01
9.542279839515686035e-01
9.543300271034240723e-01
9.541856050491333008e-01
9.538066387176513672e-01
9.532120823860168457e-01
9.524122476577758789e-01
9.514309167861938477e-01
9.502811431884765625e-01
9.489714503288269043e-01
9.475307464599609375e-01
9.459593892097473145e-01
9.442872405052185059e-01
9.425200819969177246e-01
9.406614303588867188e-01
9.387415647506713867e-01
9.367521405220031738e-01
9.347229003906250000e-01
9.326533079147338867e-01
9.305419921875000000e-01
9.284161329269409180e-01
9.262628555297851562e-01
9.241087436676025391e-01
9.219487309455871582e-01
9.197777509689331055e-01
9.176203012466430664e-01
9.154606461524963379e-01
9.133211970329284668e-01
9.111954569816589355e-01
9.090760946273803711e-01
9.069844484329223633e-01
9.049133062362670898e-01
9.028533101081848145e-01
9.008264541625976562e-01
8.988226056098937988e-01
8.968433141708374023e-01
8.948805332183837891e-01
8.929519653320312500e-01
8.910500407218933105e-01
8.891646862030029297e-01
8.873149752616882324e-01
8.855632543563842773e-01
8.838458657264709473e-01
8.821482062339782715e-01
8.804855346679687500e-01
8.788498640060424805e-01
8.772320747375488281e-01
8.756485581398010254e-01
8.740894794464111328e-01
8.725483417510986328e-01
8.710382580757141113e-01
8.695524930953979492e-01
8.680890798568725586e-01
8.666414618492126465e-01
8.652225136756896973e-01
8.638252615928649902e-01
8.624415397644042969e-01
8.610851168632507324e-01
8.597477078437805176e-01
8.584299683570861816e-01
8.571234941482543945e-01
8.558420538902282715e-01
8.545771241188049316e-01
8.533234596252441406e-01
8.520917296409606934e-01
8.508760929107666016e-01
8.496756553649902344e-01
8.484835028648376465e-01
8.473119735717773438e-01
8.461535573005676270e-01
8.450089097023010254e-01
8.438763618469238281e-01
8.427513837814331055e-01
8.416429758071899414e-01
8.405467867851257324e-01
8.394609093666076660e-01
8.383862376213073730e-01
8.373160362243652344e-01
8.362614512443542480e-01
8.352157473564147949e-01
8.341796398162841797e-01
8.331516385078430176e-01
8.321326971054077148e-01
8.311161398887634277e-01
8.301130533218383789e-01
8.291166424751281738e-01
8.281278610229492188e-01
8.271453380584716797e-01
8.261650800704956055e-01
8.251951336860656738e-01
8.242319226264953613e-01
8.232735395431518555e-01
8.223213553428649902e-01
8.213689327239990234e-01
8.204351663589477539e-01
8.195333480834960938e-01
8.186357617378234863e-01
8.177424669265747070e-01
8.168477416038513184e-01
8.159619569778442383e-01
8.150798082351684570e-01
8.142008781433105469e-01
8.133251070976257324e-01
8.124516010284423828e-01
8.115769624710083008e-01
8.107095360755920410e-01
8.098443746566772461e-01
8.089815974235534668e-01
8.081201314926147461e-01
8.072612285614013672e-01
8.064042925834655762e-01
8.055489063262939453e-01
8.046950697898864746e-01
8.038382530212402344e-01
8.029862642288208008e-01
8.021363019943237305e-01
8.012871742248535156e-01
8.004390001296997070e-01
7.995916604995727539e-01
7.987442612648010254e-01
7.978981137275695801e-01
7.970524430274963379e-01
7.962028384208679199e-01
7.953578829765319824e-01
7.945124506950378418e-01
7.936677932739257812e-01
7.928231358528137207e-01
7.919784188270568848e-01
7.911337018013000488e-01
7.902886867523193359e-01
7.894427180290222168e-01
7.885928153991699219e-01
7.877468466758728027e-01
7.869004607200622559e-01
7.860535383224487305e-01
7.852054238319396973e-01
7.843572497367858887e-01
7.835084795951843262e-01
7.826590538024902344e-01
7.818087935447692871e-01
7.809526920318603516e-01
7.801008820533752441e-01
7.792480587959289551e-01
7.783944606781005859e-01
7.775397896766662598e-01
7.766834497451782227e-01
7.758268117904663086e-01
7.749691605567932129e-01
7.741103768348693848e-01
7.732505202293395996e-01
7.723895311355590820e-01
7.715268135070800781e-01
7.706634402275085449e-01
7.698069214820861816e-01
7.689821124076843262e-01
7.681561708450317383e-01
7.673290371894836426e-01
7.665007710456848145e-01
7.656713128089904785e-01
7.648403644561767578e-01
7.640082836151123047e-01
7.631748914718627930e-01
7.623395323753356934e-01
7.615034580230712891e-01
7.606619000434875488e-01
7.598232030868530273e-01
7.589834332466125488e-01
7.581420540809631348e-01
7.572993636131286621e-01
7.564554214477539062e-01
7.556100487709045410e-01
7.547633051872253418e-01
7.539145350456237793e-01
7.530649304389953613e-01
7.522141933441162109e-01
7.513617873191833496e-01
7.505081892013549805e-01
7.496531605720520020e-01
7.487965822219848633e-01
7.479144930839538574e-01
7.470290064811706543e-01
7.461412549018859863e-01
7.452520132064819336e-01
7.443618774414062500e-01
7.434695959091186523e-01
7.425757050514221191e-01
7.416809201240539551e-01
7.407839894294738770e-01
7.398853302001953125e-01
7.389853000640869141e-01
7.380843162536621094e-01
7.371809482574462891e-01
7.362761497497558594e-01
7.353702783584594727e-01
7.344623208045959473e-01
7.335525751113891602e-01
7.326419353485107422e-01
7.317291498184204102e-01
7.308145761489868164e-01
7.298992276191711426e-01
7.289813756942749023e-01
7.280619740486145020e-01
7.271416783332824707e-01
7.262189388275146484e-01
7.252947092056274414e-01
7.244132757186889648e-01
7.235671877861022949e-01
7.227197289466857910e-01
7.218704819679260254e-01
7.210203409194946289e-01
7.201679944992065430e-01
7.193138599395751953e-01
7.184628248214721680e-01
7.176054716110229492e-01
7.167471647262573242e-01
7.158866524696350098e-01
7.150244712829589844e-01
7.141605615615844727e-01
7.132957577705383301e-01
7.124285697937011719e-01
7.115597724914550781e-01
7.106893062591552734e-01
7.098171710968017578e-01
7.089441418647766113e-01
7.080686092376708984e-01
7.071916460990905762e-01
7.063128948211669922e-01
7.054333090782165527e-01
7.045512199401855469e-01
7.036675214767456055e-01
7.027823328971862793e-01
7.019001245498657227e-01
7.010119557380676270e-01
7.001181840896606445e-01
6.992228627204895020e-01
6.983264684677124023e-01
6.974278092384338379e-01
6.965276598930358887e-01
6.956258416175842285e-01
6.947222948074340820e-01
6.938179731369018555e-01
6.929113268852233887e-01
6.920030713081359863e-01
6.910933256149291992e-01
6.901827454566955566e-01
6.892700195312500000e-01
6.883606910705566406e-01
6.874448657035827637e-01
6.865283846855163574e-01
6.856096982955932617e-01
6.846896409988403320e-01
6.837680935859680176e-01
6.828458905220031738e-01
6.819217205047607422e-01
6.809962987899780273e-01
6.800694465637207031e-01
6.791418790817260742e-01
6.782124042510986328e-01
6.772817373275756836e-01
6.763496398925781250e-01
6.754220724105834961e-01
6.745121479034423828e-01
6.736392378807067871e-01
6.727660298347473145e-01
6.718907952308654785e-01
6.710155606269836426e-01
6.701386570930480957e-01
6.692607402801513672e-01
6.683827042579650879e-01
6.675078272819519043e-01
6.666277647018432617e-01
6.657464504241943359e-01
6.648642420768737793e-01
6.639820933341979980e-01
6.630983352661132812e-01
6.622138023376464844e-01
6.613293290138244629e-01
6.604434847831726074e-01
6.595578789710998535e-01
6.586759090423583984e-01
6.577883362770080566e-01
6.569010019302368164e-01
6.560121774673461914e-01
6.551239490509033203e-01
6.542344689369201660e-01
6.533445715904235840e-01
6.524551510810852051e-01
6.515645384788513184e-01
6.506790518760681152e-01
6.497879624366760254e-01
6.488963365554809570e-01
6.480070948600769043e-01
6.471194028854370117e-01
6.462314724922180176e-01
6.453436017036437988e-01
6.444551944732666016e-01
6.435667276382446289e-01
6.426829695701599121e-01
6.417935490608215332e-01
6.409046649932861328e-01
6.400156617164611816e-01
6.391268372535705566e-01
6.382376551628112793e-01
6.373485326766967773e-01
6.364596486091613770e-01
6.355755925178527832e-01
6.346865296363830566e-01
6.337972283363342285e-01
6.329084634780883789e-01
6.320199370384216309e-01
6.311314702033996582e-01
6.302434206008911133e-01
6.293604969978332520e-01
6.284726858139038086e-01
6.275854706764221191e-01
6.266983151435852051e-01
6.258113384246826172e-01
6.249243617057800293e-01
6.240382194519042969e-01
6.231573224067687988e-01
6.222721934318542480e-01
6.213872432708740234e-01
6.205123066902160645e-01
6.196951866149902344e-01
6.188787817955017090e-01
6.180626153945922852e-01
6.172526478767395020e-01
6.164378523826599121e-01
6.156232953071594238e-01
6.148093342781066895e-01
6.139963269233703613e-01
6.131842732429504395e-01
6.123722195625305176e-01
6.115658283233642578e-01
6.107550263404846191e-01
6.099448800086975098e-01
6.091362833976745605e-01
6.083275675773620605e-01
6.075196862220764160e-01
6.066197156906127930e-01
6.057196855545043945e-01
6.048148274421691895e-01
6.039098501205444336e-01
6.030039787292480469e-01
6.020987033843994141e-01
6.011937856674194336e-01
6.002879738807678223e-01
5.993878245353698730e-01
5.984826683998107910e-01
5.975767970085144043e-01
5.966718196868896484e-01
5.957670807838439941e-01
5.948620438575744629e-01
5.939612388610839844e-01
5.930563807487487793e-01
5.921620130538940430e-01
5.912859439849853516e-01
5.904090404510498047e-01
5.895318984985351562e-01
5.886586308479309082e-01
5.877799391746520996e-01
5.869000554084777832e-01
5.860201120376586914e-01
5.851399302482604980e-01
5.842587947845458984e-01
5.833821296691894531e-01
5.824995636940002441e-01
5.816159248352050781e-01
5.807322263717651367e-01
5.798481702804565430e-01
5.789632201194763184e-01
5.780823230743408203e-01
5.769847631454467773e-01
5.755780935287475586e-01
5.741673111915588379e-01
5.727506279945373535e-01
5.713300704956054688e-01
5.699086785316467285e-01
5.684782862663269043e-01
5.670427083969116211e-01
5.656014084815979004e-01
5.641559958457946777e-01
5.627046823501586914e-01
5.612540841102600098e-01
5.597937107086181641e-01
5.583279132843017578e-01
5.568576455116271973e-01
5.553813576698303223e-01
5.539010763168334961e-01
5.524094700813293457e-01
5.507032871246337891e-01
5.489946007728576660e-01
5.472813844680786133e-01
5.455634593963623047e-01
5.438429117202758789e-01
5.421218276023864746e-01
5.403931140899658203e-01
5.386601686477661133e-01
5.369239449501037598e-01
5.351837873458862305e-01
5.334443449974060059e-01
5.316968560218811035e-01
5.299447178840637207e-01
5.281903743743896484e-01
5.264310836791992188e-01
5.246742367744445801e-01
5.229086875915527344e-01
5.211219787597656250e-01
5.192856788635253906e-01
5.174496769905090332e-01
5.156110525131225586e-01
5.137767791748046875e-01
5.119366049766540527e-01
5.100949406623840332e-01
5.082526803016662598e-01
5.064083933830261230e-01
5.045688748359680176e-01
5.027241110801696777e-01
5.008772015571594238e-01
4.990304112434387207e-01
4.971827566623687744e-01
4.953386783599853516e-01
4.934896528720855713e-01
4.916390478610992432e-01
4.897893667221069336e-01
4.879505932331085205e-01
4.863597452640533447e-01
4.847747683525085449e-01
4.831857383251190186e-01
4.815996289253234863e-01
4.800138473510742188e-01
4.784287512302398682e-01
4.768503010272979736e-01
4.752685725688934326e-01
4.736878275871276855e-01
4.721091389656066895e-01
4.705311954021453857e-01
4.689556658267974854e-01
4.673858880996704102e-01
4.658128321170806885e-01
4.642419815063476562e-01
4.626736938953399658e-01
4.611056149005889893e-01
4.595442414283752441e-01
4.579796791076660156e-01
4.564174413681030273e-01
4.548571109771728516e-01
4.532980620861053467e-01
4.517457485198974609e-01
4.501910209655761719e-01
4.486377537250518799e-01
4.470870196819305420e-01
4.455376267433166504e-01
4.439952671527862549e-01
4.424514770507812500e-01
4.409083425998687744e-01
4.393680095672607422e-01
4.378298521041870117e-01
4.362973570823669434e-01
4.347635805606842041e-01
4.332321584224700928e-01
4.317021965980529785e-01
4.301753640174865723e-01
4.287042319774627686e-01
4.273808598518371582e-01
4.260610938072204590e-01
4.247423410415649414e-01
4.234279394149780273e-01
4.221194088459014893e-01
4.208096563816070557e-01
4.195025265216827393e-01
4.181981980800628662e-01
4.168966412544250488e-01
4.156018495559692383e-01
4.143059253692626953e-01
4.130128622055053711e-01
4.117232859134674072e-01
4.104349613189697266e-01
4.091551303863525391e-01
4.078734517097473145e-01
4.065946936607360840e-01
4.053185880184173584e-01
4.040456116199493408e-01
4.027756154537200928e-01
4.015121757984161377e-01
4.002480208873748779e-01
3.989867568016052246e-01
3.977293074131011963e-01
3.964732587337493896e-01
3.952254951000213623e-01
3.939762711524963379e-01
3.927300274372100830e-01
3.914867341518402100e-01
3.902466595172882080e-01
3.890131413936614990e-01
3.877798914909362793e-01
3.865481317043304443e-01
3.853202760219573975e-01
3.840963542461395264e-01
3.828773200511932373e-01
3.816595375537872314e-01
3.804441392421722412e-01
3.792318403720855713e-01
3.779734373092651367e-01
3.766641318798065186e-01
3.753569126129150391e-01
3.740525543689727783e-01
3.727517426013946533e-01
3.714564740657806396e-01
3.701613247394561768e-01
3.688683211803436279e-01
3.675782680511474609e-01
3.662918210029602051e-01
3.650108873844146729e-01
3.637303411960601807e-01
3.624525964260101318e-01
3.611772060394287109e-01
3.599054515361785889e-01
3.586391210556030273e-01
3.573733866214752197e-01
3.561097681522369385e-01
3.548491895198822021e-01
3.535923957824707031e-01
3.523410260677337646e-01
3.510903418064117432e-01
3.498417735099792480e-01
3.485963642597198486e-01
3.473547697067260742e-01
3.461184799671173096e-01
3.448831140995025635e-01
3.436499238014221191e-01
3.424198925495147705e-01
3.411945104598999023e-01
3.399736583232879639e-01
3.387537598609924316e-01
3.375361263751983643e-01
3.363225460052490234e-01
3.351111412048339844e-01
3.339058458805084229e-01
3.327016234397888184e-01
3.314997553825378418e-01
3.303018510341644287e-01
3.291063308715820312e-01
3.279167115688323975e-01
3.267284929752349854e-01
3.255463838577270508e-01
3.243704736232757568e-01
3.231971859931945801e-01
3.220300972461700439e-01
3.208647370338439941e-01
3.197018504142761230e-01
3.185434043407440186e-01
3.173877000808715820e-01
3.162389099597930908e-01
3.150901198387145996e-01
3.139457702636718750e-01
3.128040134906768799e-01
3.116667270660400391e-01
3.105345964431762695e-01
3.094044029712677002e-01
3.082767426967620850e-01
3.071534931659698486e-01
3.060329854488372803e-01
3.049183785915374756e-01
3.038058578968048096e-01
3.026958703994750977e-01
3.015903532505035400e-01
3.004875481128692627e-01
2.993915379047393799e-01
2.982956767082214355e-01
2.972044050693511963e-01
2.961157262325286865e-01
2.950315773487091064e-01
2.939522862434387207e-01
2.928751707077026367e-01
2.918006777763366699e-01
2.907307147979736328e-01
2.896633446216583252e-01
2.886026203632354736e-01
2.875423431396484375e-01
2.864856421947479248e-01
2.854334414005279541e-01
2.843838334083557129e-01
2.833408415317535400e-01
2.822982966899871826e-01
2.812603116035461426e-01
2.802249193191528320e-01
2.791940271854400635e-01
2.781670987606048584e-01
2.771424055099487305e-01
2.761215865612030029e-01
2.751035988330841064e-01
2.740904390811920166e-01
2.730824947357177734e-01
2.720760703086853027e-01
2.710744738578796387e-01
2.700757384300231934e-01
2.690811455249786377e-01
2.680910825729370117e-01
2.671057283878326416e-01
2.661226987838745117e-01
2.651431262493133545e-01
2.641683220863342285e-01
2.631973922252655029e-01
2.622304856777191162e-01
2.612671554088592529e-01
2.603076398372650146e-01
2.593510150909423828e-01
2.583985328674316406e-01
2.574511766433715820e-01
2.565069198608398438e-01
2.555664479732513428e-01
2.546282410621643066e-01
2.536953687667846680e-01
2.527669668197631836e-01
2.518416643142700195e-01
2.509196102619171143e-01
2.500009238719940186e-01
2.490870207548141479e-01
2.481774240732192993e-01
2.472704499959945679e-01
2.463679015636444092e-01
2.454680949449539185e-01
2.445730566978454590e-01
2.436826527118682861e-01
2.427941709756851196e-01
2.419104278087615967e-01
2.410294711589813232e-01
2.401526719331741333e-01
2.392801493406295776e-01
2.384117990732192993e-01
2.375468015670776367e-01
2.366840392351150513e-01
2.358265221118927002e-01
2.349727302789688110e-01
2.341257184743881226e-01
2.333171218633651733e-01
2.325118333101272583e-01
2.317118942737579346e-01
2.309143543243408203e-01
2.301233708858489990e-01
2.293340861797332764e-01
2.285490930080413818e-01
2.277674823999404907e-01
2.269892543554306030e-01
2.262174189090728760e-01
2.254474014043807983e-01
2.246816009283065796e-01
2.239192128181457520e-01
2.231611311435699463e-01
2.224064320325851440e-01
2.216560542583465576e-01
2.209098935127258301e-01
2.201666384935379028e-01
2.194276601076126099e-01
2.186920493841171265e-01
2.179606258869171143e-01
2.172335386276245117e-01
2.165093272924423218e-01
2.157893627882003784e-01
2.150727212429046631e-01
2.143603712320327759e-01
2.136521488428115845e-01
2.129468768835067749e-01
2.122458517551422119e-01
2.115481644868850708e-01
2.108546942472457886e-01
2.101653069257736206e-01
2.094798684120178223e-01
2.087967693805694580e-01
2.081179469823837280e-01
2.074433416128158569e-01
2.067720293998718262e-01
2.061060518026351929e-01
2.054418176412582397e-01
2.047817707061767578e-01
2.041259706020355225e-01
2.034734487533569336e-01
2.028256952762603760e-01
2.021806538105010986e-01
2.015403062105178833e-01
2.009022980928421021e-01
2.002685070037841797e-01
1.996389627456665039e-01
1.990130692720413208e-01
1.984769999980926514e-01
1.979589909315109253e-01
1.974440962076187134e-01
1.969322115182876587e-01
1.964251548051834106e-01
1.959212869405746460e-01
1.954199820756912231e-01
1.949227750301361084e-01
1.944294720888137817e-01
1.939387768507003784e-01
1.934527754783630371e-01
1.929700821638107300e-01
1.924895495176315308e-01
1.920138746500015259e-01
1.915407776832580566e-01
1.910721659660339355e-01
1.906072050333023071e-01
1.901442855596542358e-01
1.896862089633941650e-01
1.892316639423370361e-01
1.887797117233276367e-01
1.883322000503540039e-01
1.878878623247146606e-01
1.874464452266693115e-01
1.870094835758209229e-01
1.865760684013366699e-01
1.861448436975479126e-01
1.857184618711471558e-01
1.852945983409881592e-01
1.848752498626708984e-01
1.844594478607177734e-01
1.840458512306213379e-01
1.836370974779129028e-01
1.832318902015686035e-01
1.828290671110153198e-01
1.824309080839157104e-01
1.820359081029891968e-01
1.816439032554626465e-01
1.812563687562942505e-01
1.808723509311676025e-01
1.804906725883483887e-01
1.801134049892425537e-01
1.797391027212142944e-01
1.793693155050277710e-01
1.790030598640441895e-01
1.786394566297531128e-01
1.782795786857604980e-01
1.779240071773529053e-01
1.775711029767990112e-01
1.772226989269256592e-01
1.768778860569000244e-01
1.765353828668594360e-01
1.762070357799530029e-01
1.758850067853927612e-01
1.755661666393280029e-01
1.752521097660064697e-01
1.749403625726699829e-01
1.746324598789215088e-01
1.743274480104446411e-01
1.740272492170333862e-01
1.737300157546997070e-01
1.734360158443450928e-01
1.731459200382232666e-01
1.728603243827819824e-01
1.725762784481048584e-01
1.722969114780426025e-01
1.720217615365982056e-01
1.717496067285537720e-01
1.714810729026794434e-01
1.712158620357513428e-01
1.709554940462112427e-01
1.706968992948532104e-01
1.704425811767578125e-01
1.701931357383728027e-01
1.699461489915847778e-01
1.697031110525131226e-01
1.694637537002563477e-01
1.692287325859069824e-01
1.689956486225128174e-01
1.687670946121215820e-01
1.685434430837631226e-01
1.683226078748703003e-01
1.681052446365356445e-01
1.678919047117233276e-01
1.676829606294631958e-01
1.674758642911911011e-01
1.672738045454025269e-01
1.670761853456497192e-01
1.668817251920700073e-01
1.666908115148544312e-01
1.665039807558059692e-01
1.663219034671783447e-01
1.661410629749298096e-01
1.659657657146453857e-01
1.657941043376922607e-01
1.656274646520614624e-01
1.654638499021530151e-01
1.653038859367370605e-01
1.651490032672882080e-01
1.649955064058303833e-01
1.648473739624023438e-01
1.647034138441085815e-01
1.645641326904296875e-01
1.644281744956970215e-01
1.642962098121643066e-01
1.641689687967300415e-01
1.640432924032211304e-01
1.639087945222854614e-01
1.637660413980484009e-01
1.636274755001068115e-01
1.634922176599502563e-01
1.633618474006652832e-01
1.632359176874160767e-01
1.631122380495071411e-01
1.629938930273056030e-01
1.628807634115219116e-01
1.627717018127441406e-01
1.626662462949752808e-01
1.625660508871078491e-01
1.624702215194702148e-01
1.623756289482116699e-01
1.622885614633560181e-01
1.622056663036346436e-01
1.621274352073669434e-01
1.620527505874633789e-01
1.619834154844284058e-01
1.619185954332351685e-01
1.618547886610031128e-01
1.617989987134933472e-01
1.617477983236312866e-01
1.617002338171005249e-01
1.616581678390502930e-01
1.616207510232925415e-01
1.615878343582153320e-01
1.615588366985321045e-01
1.615354418754577637e-01
1.615140140056610107e-01
1.614991277456283569e-01
1.614897847175598145e-01
1.614853739738464355e-01
1.614857763051986694e-01
1.614901572465896606e-01
1.615002304315567017e-01
1.615152359008789062e-01
1.615341305732727051e-01
1.615559458732604980e-01
1.615857034921646118e-01
1.616196185350418091e-01
1.616594195365905762e-01
1.617041975259780884e-01
1.617541015148162842e-01
1.618082672357559204e-01
1.618684381246566772e-01
1.619303971529006958e-01
1.620000153779983521e-01
1.620756089687347412e-01
1.621565967798233032e-01
1.622419506311416626e-01
1.623334139585494995e-01
1.624303311109542847e-01
1.625324934720993042e-01
1.626392304897308350e-01
1.627486199140548706e-01
1.628670394420623779e-01
1.629901826381683350e-01
1.631196290254592896e-01
1.632726043462753296e-01
1.634357720613479614e-01
1.636043936014175415e-01
1.637787371873855591e-01
1.639586836099624634e-01
1.641401797533035278e-01
1.643314808607101440e-01
1.645283848047256470e-01
1.647312045097351074e-01
1.649397760629653931e-01
1.651540994644165039e-01
1.653743982315063477e-01
1.656005680561065674e-01
1.658282577991485596e-01
1.660663932561874390e-01
1.663105040788650513e-01
1.665606200695037842e-01
1.668168604373931885e-01
1.670791953802108765e-01
1.673477143049240112e-01
1.676224619150161743e-01
1.679034382104873657e-01
1.681857258081436157e-01
1.684792190790176392e-01
1.687791198492050171e-01
1.690853536128997803e-01
1.693980544805526733e-01
1.697172820568084717e-01
1.700429469347000122e-01
1.703751236200332642e-01
1.707139164209365845e-01
1.710593849420547485e-01
1.714115738868713379e-01
1.717704087495803833e-01
1.721304953098297119e-01
1.725028008222579956e-01
1.728820055723190308e-01
1.732681244611740112e-01
1.736610978841781616e-01
1.740610897541046143e-01
1.744671463966369629e-01
1.748813092708587646e-01
1.753024905920028687e-01
1.757307201623916626e-01
1.761663258075714111e-01
1.766090691089630127e-01
1.770528703927993774e-01
1.775101274251937866e-01
1.779748052358627319e-01
1.784469485282897949e-01
1.789266169071197510e-01
1.794137507677078247e-01
1.799085736274719238e-01
1.804108023643493652e-01
1.809208691120147705e-01
1.814386993646621704e-01
1.819642037153244019e-01
1.824975609779357910e-01
1.830317378044128418e-01
1.835807561874389648e-01
1.841379255056381226e-01
1.847030371427536011e-01
1.852833628654479980e-01
1.858882904052734375e-01
1.865015923976898193e-01
1.871232390403747559e-01
1.877535879611968994e-01
1.883923858404159546e-01
1.890398561954498291e-01
1.896961182355880737e-01
1.903530806303024292e-01
1.910266429185867310e-01
1.917091906070709229e-01
1.924007683992385864e-01
1.931012123823165894e-01
1.938106566667556763e-01
1.945296078920364380e-01
1.952574253082275391e-01
1.959945112466812134e-01
1.967411488294601440e-01
1.974970102310180664e-01
1.982623636722564697e-01
1.990282535552978516e-01
1.998127996921539307e-01
2.006069719791412354e-01
2.014108151197433472e-01
2.022247165441513062e-01
2.030483633279800415e-01
2.038821280002593994e-01
2.047260850667953491e-01
2.055800259113311768e-01
2.064442187547683716e-01
2.073189765214920044e-01
2.082039713859558105e-01
2.090994864702224731e-01
2.100056111812591553e-01
2.109217941761016846e-01
2.118494361639022827e-01
2.127879858016967773e-01
2.137377560138702393e-01
2.146986424922943115e-01
2.156595289707183838e-01
2.166428118944168091e-01
2.176373898983001709e-01
2.186434864997863770e-01
2.196610867977142334e-01
2.206909656524658203e-01
2.217324227094650269e-01
2.227857559919357300e-01
2.238514423370361328e-01
2.249292135238647461e-01
2.260193377733230591e-01
2.271223664283752441e-01
2.282375842332839966e-01
2.293656766414642334e-01
2.305069267749786377e-01
2.316609025001525879e-01
2.328280359506607056e-01
2.340086102485656738e-01
2.352030873298645020e-01
2.364107072353363037e-01
2.376322001218795776e-01
2.388543039560317993e-01
2.401036024093627930e-01
2.413672655820846558e-01
2.426458001136779785e-01
2.439383715391159058e-01
2.452457994222640991e-01
2.465680837631225586e-01
2.479484230279922485e-01
2.493655383586883545e-01
2.507985234260559082e-01
2.522475123405456543e-01
2.537137567996978760e-01
2.551964819431304932e-01
2.566966712474822998e-01
2.582135498523712158e-01
2.597479224205017090e-01
2.613003551959991455e-01
2.628699541091918945e-01
2.644579112529754639e-01
2.660637795925140381e-01
2.676719725131988525e-01
2.693142294883728027e-01
2.709760665893554688e-01
2.726577818393707275e-01
2.743581235408782959e-01
2.760783731937408447e-01
2.778187096118927002e-01
2.795785069465637207e-01
2.813588976860046387e-01
2.831596136093139648e-01
2.849815487861633301e-01
2.868224680423736572e-01
2.886861562728881836e-01
2.905715107917785645e-01
2.924777567386627197e-01
2.944059073925018311e-01
2.963562607765197754e-01
2.983289062976837158e-01
3.003235161304473877e-01
3.023411631584167480e-01
3.043811917304992676e-01
3.064427077770233154e-01
3.085288703441619873e-01
3.106386363506317139e-01
3.127712607383728027e-01
3.149276077747344971e-01
3.171078860759735107e-01
3.193119466304779053e-01
3.215396404266357422e-01
3.237921297550201416e-01
3.260686099529266357e-01
3.283675312995910645e-01
3.306924998760223389e-01
3.330420851707458496e-01
3.354160785675048828e-01
3.378146588802337646e-01
3.402379751205444336e-01
3.426857590675354004e-01
3.451577126979827881e-01
3.476549685001373291e-01
3.501764833927154541e-01
3.527206778526306152e-01
3.552913069725036621e-01
3.578854203224182129e-01
3.605042099952697754e-01
3.631466627120971680e-01
3.658133447170257568e-01
3.685035705566406250e-01
3.712166249752044678e-01
3.739537298679351807e-01
3.767127990722656250e-01
3.794936835765838623e-01
3.822987973690032959e-01
3.851245045661926270e-01
3.879725933074951172e-01
3.908407688140869141e-01
3.937308192253112793e-01
3.966405987739562988e-01
3.996016681194305420e-01
4.026276469230651855e-01
4.056701064109802246e-01
4.087304174900054932e-01
4.118091166019439697e-01
4.149017930030822754e-01
4.180092513561248779e-01
4.211313426494598389e-01
4.242657423019409180e-01
4.274138510227203369e-01
4.305713772773742676e-01
4.337400197982788086e-01
4.369168877601623535e-01
4.401019811630249023e-01
4.432957470417022705e-01
4.464929699897766113e-01
4.496944546699523926e-01
4.528999626636505127e-01
4.561063647270202637e-01
4.593142271041870117e-01
4.625200927257537842e-01
4.657236635684967041e-01
4.689231514930725098e-01
4.721170067787170410e-01
4.753051996231079102e-01
4.784834086894989014e-01
4.816511869430541992e-01
4.848075509071350098e-01
4.879494309425354004e-01
4.910772442817687988e-01
4.941869080066680908e-01
4.972775578498840332e-01
5.003473758697509766e-01
5.033947825431823730e-01
5.064182877540588379e-01
5.094161033630371094e-01
5.124126672744750977e-01
5.153512954711914062e-01
5.182577371597290039e-01
5.211298465728759766e-01
5.239678621292114258e-01
5.267667770385742188e-01
5.295258760452270508e-01
5.322436094284057617e-01
5.349183678627014160e-01
5.375482439994812012e-01
5.401301980018615723e-01
5.426632761955261230e-01
5.451452732086181641e-01
5.475745797157287598e-01
5.499508976936340332e-01
5.522695183753967285e-01
5.545307397842407227e-01
5.567325353622436523e-01
5.588728189468383789e-01
5.609512329101562500e-01
5.629648566246032715e-01
5.649131536483764648e-01
5.667935609817504883e-01
5.686061382293701172e-01
5.703499317169189453e-01
5.720218420028686523e-01
5.736217498779296875e-01
5.751487612724304199e-01
5.766153335571289062e-01
5.779928565025329590e-01
5.792938470840454102e-01
5.805183053016662598e-01
5.816650390625000000e-01
5.827338099479675293e-01
5.837247371673583984e-01
5.846359729766845703e-01
5.854676961898803711e-01
5.862199664115905762e-01
5.868921279907226562e-01
5.874847769737243652e-01
5.879976749420166016e-01
5.884398221969604492e-01
5.888045430183410645e-01
5.890911817550659180e-01
5.893011093139648438e-01
5.894336104393005371e-01
5.894902348518371582e-01
5.894709229469299316e-01
5.893757939338684082e-01
5.892065763473510742e-01
5.889614820480346680e-01
5.886445641517639160e-01
5.882554650306701660e-01
5.877944827079772949e-01
5.872636437416076660e-01
5.866630077362060547e-01
5.859946608543395996e-01
5.852590203285217285e-01
5.844570994377136230e-01
5.835908651351928711e-01
5.826606154441833496e-01
5.816687345504760742e-01
5.806075334548950195e-01
5.794947147369384766e-01
5.783238410949707031e-01
5.770957469940185547e-01
5.758129358291625977e-01
5.744755864143371582e-01
5.730866193771362305e-01
5.716468691825866699e-01
5.701568722724914551e-01
5.686199069023132324e-01
5.670358538627624512e-01
5.654074549674987793e-01
5.637212991714477539e-01
5.620077252388000488e-01
5.602540969848632812e-01
5.584606528282165527e-01
5.566309690475463867e-01
5.547649860382080078e-01
5.528652071952819824e-01
5.509330630302429199e-01
5.489700436592102051e-01
5.469766259193420410e-01
5.449542999267578125e-01
5.429058670997619629e-01
5.408130288124084473e-01
5.387146472930908203e-01
5.365937352180480957e-01
5.344503521919250488e-01
5.322874188423156738e-01
5.301049947738647461e-01
5.279061794281005859e-01
5.256905555725097656e-01
5.234593152999877930e-01
5.212152600288391113e-01
5.189571380615234375e-01
5.166886448860168457e-01
5.143901109695434570e-01
5.121008753776550293e-01
5.098037123680114746e-01
5.074987411499023438e-01
5.051885247230529785e-01
5.028729438781738281e-01
5.005530118942260742e-01
4.982297122478485107e-01
4.959024190902709961e-01
4.935745894908905029e-01
4.912450909614562988e-01
4.888967275619506836e-01
4.865685105323791504e-01
4.842410087585449219e-01
4.819169044494628906e-01
4.795942306518554688e-01
4.772768318653106689e-01
4.749621450901031494e-01
4.726534187793731689e-01
4.703504741191864014e-01
4.680525064468383789e-01
4.657424092292785645e-01
4.634582400321960449e-01
4.611828625202178955e-01
4.589222371578216553e-01
4.567487835884094238e-01
4.545852839946746826e-01
4.524301886558532715e-01
4.502879679203033447e-01
4.481368064880371094e-01
4.460156857967376709e-01
4.439041316509246826e-01
4.418073892593383789e-01
4.397212266921997070e-01
4.376471936702728271e-01
4.355854392051696777e-01
4.335187077522277832e-01
4.314831197261810303e-01
4.294603765010833740e-01
4.274526536464691162e-01
4.254557788372039795e-01
4.234735667705535889e-01
4.215068817138671875e-01
4.195356369018554688e-01
4.175942838191986084e-01
4.156686961650848389e-01
4.137589633464813232e-01
4.118622541427612305e-01
4.099798500537872314e-01
4.081107974052429199e-01
4.062431156635284424e-01
4.044049382209777832e-01
4.025818705558776855e-01
4.007736742496490479e-01
3.989801108837127686e-01
3.972017765045166016e-01
3.954383730888366699e-01
3.936914503574371338e-01
3.919413089752197266e-01
3.902230560779571533e-01
3.885197639465332031e-01
3.868326544761657715e-01
3.851581513881683350e-01
3.834998607635498047e-01
3.818577527999877930e-01
3.802152574062347412e-01
3.786005079746246338e-01
3.770018815994262695e-01
3.754196465015411377e-01
3.738508820533752441e-01
3.722968101501464844e-01
3.707559108734130859e-01
3.692193329334259033e-01
3.677093982696533203e-01
3.662137389183044434e-01
3.647328615188598633e-01
3.632663190364837646e-01
3.618139624595642090e-01
3.603760004043579102e-01
3.589538335800170898e-01
3.575307726860046387e-01
3.561352193355560303e-01
3.547553122043609619e-01
3.533878922462463379e-01
3.520330488681793213e-01
3.506932258605957031e-01
3.493685126304626465e-01
3.480444252490997314e-01
3.467445373535156250e-01
3.454590439796447754e-01
3.441883325576782227e-01
3.429294824600219727e-01
3.416838943958282471e-01
3.404411077499389648e-01
3.392216563224792480e-01
3.380152285099029541e-01
3.368216454982757568e-01
3.356410861015319824e-01
3.344627916812896729e-01
3.333072960376739502e-01
3.321641981601715088e-01
3.310350179672241211e-01
3.299157321453094482e-01
3.288096487522125244e-01
3.277075588703155518e-01
3.266257643699645996e-01
3.255550861358642578e-01
3.244969248771667480e-01
3.234521746635437012e-01
3.224088251590728760e-01
3.213858604431152344e-01
3.203736841678619385e-01
3.193752467632293701e-01
3.184527754783630371e-01
3.175526261329650879e-01
3.166698515415191650e-01
3.157979249954223633e-01
3.149368762969970703e-01
3.140860795974731445e-01
3.132371604442596436e-01
3.124052882194519043e-01
3.115842044353485107e-01
3.107714951038360596e-01
3.099697530269622803e-01
3.091692626476287842e-01
3.083867728710174561e-01
3.076136112213134766e-01
3.068497478961944580e-01
3.060944378376007080e-01
3.053406774997711182e-01
3.046044111251831055e-01
3.038773536682128906e-01
3.031592667102813721e-01
3.024491369724273682e-01
3.017419576644897461e-01
3.010503351688385010e-01
3.003659248352050781e-01
2.996908426284790039e-01
2.990249991416931152e-01
2.983676791191101074e-01
2.977122664451599121e-01
2.970709502696990967e-01
2.964385449886322021e-01
2.958129644393920898e-01
2.951968908309936523e-01
2.945822477340698242e-01
2.939821779727935791e-01
2.933901548385620117e-01
2.928059101104736328e-01
2.922287285327911377e-01
2.916530668735504150e-01
2.910920381546020508e-01
2.905386388301849365e-01
2.899920046329498291e-01
2.894535958766937256e-01
2.889173924922943115e-01
2.883923947811126709e-01
2.878754138946533203e-01
2.873663306236267090e-01
2.868643105030059814e-01
2.863646447658538818e-01
2.858763337135314941e-01
2.853955924510955811e-01
2.849204838275909424e-01
2.844536006450653076e-01
2.839883565902709961e-01
2.835350632667541504e-01
2.830885648727416992e-01
2.826487123966217041e-01
2.822104990482330322e-01
2.817826271057128906e-01
2.813625037670135498e-01
2.809488177299499512e-01
2.805368304252624512e-01
2.801359891891479492e-01
2.797414362430572510e-01
2.793530225753784180e-01
2.789652645587921143e-01
2.785893380641937256e-01
2.782194614410400391e-01
2.778556942939758301e-01
2.774942815303802490e-01
2.771419286727905273e-01
2.767960429191589355e-01
2.764548659324645996e-01
2.761172354221343994e-01
2.757883071899414062e-01
2.754656374454498291e-01
2.751486301422119141e-01
2.748340070247650146e-01
2.745277881622314453e-01
2.742264270782470703e-01
2.739317119121551514e-01
2.736394405364990234e-01
2.733551859855651855e-01
2.730767726898193359e-01
2.728036046028137207e-01
2.725329697132110596e-01
2.722688019275665283e-01
2.720114290714263916e-01
2.717592120170593262e-01
2.715094685554504395e-01
2.712670266628265381e-01
2.710300981998443604e-01
2.707980871200561523e-01
2.705674469470977783e-01
2.703449726104736328e-01
2.701277732849121094e-01
2.699208259582519531e-01
2.697335183620452881e-01
2.695499062538146973e-01
2.693725228309631348e-01
2.691962122917175293e-01
2.690278887748718262e-01
2.688630819320678711e-01
2.687043249607086182e-01
2.685466706752777100e-01
2.683966457843780518e-01
2.682503461837768555e-01
2.681091725826263428e-01
2.679694890975952148e-01
2.678370773792266846e-01
2.677081823348999023e-01
2.675842940807342529e-01
2.674618959426879883e-01
2.673464119434356689e-01
2.672343254089355469e-01
2.671270668506622314e-01
2.670212686061859131e-01
2.669223845005035400e-01
2.668260931968688965e-01
2.667347490787506104e-01
2.666449546813964844e-01
2.665616571903228760e-01
2.664808630943298340e-01
2.664048075675964355e-01
2.663305997848510742e-01
2.662619650363922119e-01
2.661959826946258545e-01
2.661345899105072021e-01
2.660749852657318115e-01
2.660206854343414307e-01
2.659688889980316162e-01
2.659217417240142822e-01
2.658758759498596191e-01
2.658352553844451904e-01
2.657969892024993896e-01
2.657624185085296631e-01
2.657306790351867676e-01
2.657031118869781494e-01
2.656770348548889160e-01
2.656559944152832031e-01
2.656368315219879150e-01
2.656210362911224365e-01
2.656081914901733398e-01
2.655989825725555420e-01
2.655912637710571289e-01
2.655878663063049316e-01
2.655866444110870361e-01
2.655884325504302979e-01
2.655925750732421875e-01
2.656005024909973145e-01
2.656097114086151123e-01
2.656227648258209229e-01
2.656375467777252197e-01
2.656557261943817139e-01
2.656756341457366943e-01
2.656988501548767090e-01
2.657237350940704346e-01
2.657518088817596436e-01
2.657814323902130127e-01
2.658141553401947021e-01
2.658485770225524902e-01
2.658858895301818848e-01
2.659245729446411133e-01
2.659662961959838867e-01
2.660094797611236572e-01
2.660553753376007080e-01
2.661026716232299805e-01
2.661528289318084717e-01
2.662039697170257568e-01
2.662580609321594238e-01
2.663130462169647217e-01
2.663708329200744629e-01
2.664297819137573242e-01
2.664909958839416504e-01
2.665533721446990967e-01
2.666183710098266602e-01
2.666839659214019775e-01
2.667518854141235352e-01
2.668212652206420898e-01
2.668923437595367432e-01
2.669641673564910889e-01
2.670388817787170410e-01
2.671136260032653809e-01
2.671904861927032471e-01
2.672685682773590088e-01
2.673482298851013184e-01
2.674283385276794434e-01
2.675110399723052979e-01
2.675935924053192139e-01
2.676781415939331055e-01
2.677629888057708740e-01
2.678503394126892090e-01
2.679374814033508301e-01
2.680261433124542236e-01
2.681159675121307373e-01
2.682065665721893311e-01
2.682975232601165771e-01
2.683907747268676758e-01
2.684833109378814697e-01
2.685788571834564209e-01
2.686917483806610107e-01
2.688050270080566406e-01
2.689183354377746582e-01
2.690337300300598145e-01
2.691488265991210938e-01
2.692639529705047607e-01
2.693812549114227295e-01
2.694973051548004150e-01
2.696146368980407715e-01
2.697329819202423096e-01
2.698512673377990723e-01
2.699699997901916504e-01
2.700896263122558594e-01
2.702092528343200684e-01
2.703286707401275635e-01
2.704502642154693604e-01
2.705703079700469971e-01
2.706926465034484863e-01
2.708140611648559570e-01
2.709352076053619385e-01
2.710583209991455078e-01
2.711800336837768555e-01
2.713038921356201172e-01
2.714260816574096680e-01
2.715488970279693604e-01
2.716734111309051514e-01
2.717961966991424561e-01
2.719210684299468994e-01
2.720441818237304688e-01
2.721677720546722412e-01
2.722925245761871338e-01
2.724164724349975586e-01
2.725404798984527588e-01
2.726653814315795898e-01
2.727894484996795654e-01
2.729145884513854980e-01
2.730387449264526367e-01
2.731622159481048584e-01
2.732878625392913818e-01
2.734119296073913574e-01
2.735370099544525146e-01
2.736607789993286133e-01
2.737841308116912842e-01
2.739094793796539307e-01
2.740326225757598877e-01
2.741577625274658203e-01
2.742809355258941650e-01
2.744036316871643066e-01
2.745283246040344238e-01
2.746506631374359131e-01
2.747748196125030518e-01
2.748967707157135010e-01
2.750189304351806641e-01
2.751425206661224365e-01
2.752635776996612549e-01
2.753867506980895996e-01
2.755073904991149902e-01
2.756281793117523193e-01
2.757498919963836670e-01
2.758700251579284668e-01
2.759898602962493896e-01
2.761107683181762695e-01
2.762298882007598877e-01
2.763498723506927490e-01
2.764682769775390625e-01
2.765858471393585205e-01
2.767052650451660156e-01
2.768218517303466797e-01
2.769404649734497070e-01
2.770567536354064941e-01
2.771722078323364258e-01
2.772893309593200684e-01
2.774038612842559814e-01
2.775202095508575439e-01
2.776338160037994385e-01
2.777470648288726807e-01
2.778619825839996338e-01
2.779740393161773682e-01
2.780879437923431396e-01
2.781989276409149170e-01
2.783095538616180420e-01
2.784214615821838379e-01
2.785311639308929443e-01
2.786423265933990479e-01
2.787503600120544434e-01
2.788583338260650635e-01
2.789673805236816406e-01
2.790741920471191406e-01
2.791798114776611328e-01
2.792873978614807129e-01
2.793923318386077881e-01
2.794983983039855957e-01
2.796018421649932861e-01
2.797045409679412842e-01
2.798089981079101562e-01
2.799103856086730957e-01
2.800133228302001953e-01
2.801137268543243408e-01
2.802152037620544434e-01
2.803142368793487549e-01
2.804143726825714111e-01
2.805118262767791748e-01
2.806105613708496094e-01
2.807068228721618652e-01
2.808045744895935059e-01
2.808988392353057861e-01
2.809951007366180420e-01
2.810882329940795898e-01
2.811808884143829346e-01
2.812744677066802979e-01
2.813656926155090332e-01
2.814583480358123779e-01
2.815487682819366455e-01
2.816410362720489502e-01
2.817303538322448730e-01
2.818215787410736084e-01
2.819100320339202881e-01
2.820002138614654541e-01
2.820875942707061768e-01
2.821769118309020996e-01
2.822632193565368652e-01
2.823508679866790771e-01
2.824359834194183350e-01
2.825205326080322266e-01
2.826068103313446045e-01
2.826901972293853760e-01
2.827752530574798584e-01
2.828575670719146729e-01
2.829417288303375244e-01
2.830224931240081787e-01
2.831052839756011963e-01
2.831851243972778320e-01
2.832666635513305664e-01
2.833453714847564697e-01
2.834257185459136963e-01
2.835031449794769287e-01
2.835822701454162598e-01
2.836585044860839844e-01
2.837341129779815674e-01
2.838114500045776367e-01
2.838858067989349365e-01
2.839618921279907227e-01
2.840349972248077393e-01
2.841098904609680176e-01
2.841817140579223633e-01
2.842552959918975830e-01
2.843258976936340332e-01
2.843982279300689697e-01
2.844676077365875244e-01
2.845386564731597900e-01
2.846067547798156738e-01
2.846765816211700439e-01
2.847430408000946045e-01
2.848092317581176758e-01
2.848774194717407227e-01
2.849422693252563477e-01
2.850089669227600098e-01
2.850725650787353516e-01
2.851378917694091797e-01
2.852002382278442383e-01
2.852640151977539062e-01
2.853250503540039062e-01
2.853878438472747803e-01
2.854478657245635986e-01
2.855093479156494141e-01
2.855678200721740723e-01
2.856281101703643799e-01
2.856853008270263672e-01
2.857414782047271729e-01
2.857997715473175049e-01
2.858550846576690674e-01
2.859121263027191162e-01
2.859663665294647217e-01
2.860221266746520996e-01
2.860748171806335449e-01
2.861289680004119873e-01
2.861804366111755371e-01
2.862336039543151855e-01
2.862837910652160645e-01
2.863357663154602051e-01
2.863848805427551270e-01
2.864355742931365967e-01
2.864831984043121338e-01
2.865322530269622803e-01
2.865786552429199219e-01
2.866268157958984375e-01
2.866743803024291992e-01
2.867188751697540283e-01
2.867651879787445068e-01
2.868086695671081543e-01
2.868537306785583496e-01
2.868953347206115723e-01
2.869391441345214844e-01
2.869799435138702393e-01
2.870225608348846436e-01
2.870620787143707275e-01
2.871035039424896240e-01
2.871442735195159912e-01
2.871818244457244873e-01
2.872214317321777344e-01
2.872579395771026611e-01
2.872963249683380127e-01
2.873316407203674316e-01
2.873688340187072754e-01
2.874029576778411865e-01
2.874388992786407471e-01
2.874714732170104980e-01
2.875065505504608154e-01
2.875407338142395020e-01
2.875719964504241943e-01
2.876050472259521484e-01
2.876350879669189453e-01
2.876670360565185547e-01
2.876959145069122314e-01
2.877262532711029053e-01
2.877539992332458496e-01
2.877839207649230957e-01
2.878105342388153076e-01
2.878390550613403320e-01
2.878670692443847656e-01
2.878920137882232666e-01
2.879184484481811523e-01
2.879423201084136963e-01
2.879680991172790527e-01
2.879911065101623535e-01
2.880157828330993652e-01
2.880374789237976074e-01
2.880611121654510498e-01
2.880841791629791260e-01
2.881038784980773926e-01
2.881259322166442871e-01
2.881449460983276367e-01
2.881659865379333496e-01
2.881841957569122314e-01
2.882060110569000244e-01
2.882316708564758301e-01
2.882585823535919189e-01
2.882828712463378906e-01
2.883093655109405518e-01
2.883352637290954590e-01
2.883580029010772705e-01
2.883834242820739746e-01
2.884052991867065430e-01
2.884294092655181885e-01
2.884508371353149414e-01
2.884741425514221191e-01
2.884945273399353027e-01
2.885171175003051758e-01
2.885366678237915039e-01
2.885579764842987061e-01
2.885795533657073975e-01
2.885975539684295654e-01
2.886178791522979736e-01
2.886354923248291016e-01
2.886549532413482666e-01
2.886713147163391113e-01
2.886904180049896240e-01
2.887059152126312256e-01
2.887242436408996582e-01
2.887389361858367920e-01
2.887558937072753906e-01
2.887727320194244385e-01
2.887865006923675537e-01
2.888022959232330322e-01
2.888154685497283936e-01
2.888305187225341797e-01
2.888423800468444824e-01
2.888571023941040039e-01
2.888706624507904053e-01
2.888816595077514648e-01
2.888949513435363770e-01
2.889051437377929688e-01
2.889172136783599854e-01
2.889295816421508789e-01
2.889384031295776367e-01
2.889495790004730225e-01
2.889605760574340820e-01
2.889685332775115967e-01
2.889785468578338623e-01
2.889884412288665771e-01
2.889952957630157471e-01
2.890039980411529541e-01
2.890105843544006348e-01
2.890185117721557617e-01
2.890263497829437256e-01
2.890316843986511230e-01
2.890388071537017822e-01
2.890452742576599121e-01
2.890498340129852295e-01
2.890556156635284424e-01
2.890588939189910889e-01
2.890645563602447510e-01
2.890695631504058838e-01
2.890718579292297363e-01
2.890764176845550537e-01
2.890805006027221680e-01
2.890814840793609619e-01
2.890853285789489746e-01
2.890881001949310303e-01
2.890883982181549072e-01
2.890909612178802490e-01
2.890906035900115967e-01
2.890920341014862061e-01
2.890939712524414062e-01
2.890923917293548584e-01
2.890931367874145508e-01
2.890938222408294678e-01
2.890915572643280029e-01
2.890914380550384521e-01
2.890887856483459473e-01
2.890879511833190918e-01
2.890866696834564209e-01
2.890833616256713867e-01
2.890813946723937988e-01
2.890794575214385986e-01
2.890749871730804443e-01
2.890723943710327148e-01
2.890692353248596191e-01
2.890642583370208740e-01
2.890605032444000244e-01
2.890543639659881592e-01
2.890506386756896973e-01
2.890463471412658691e-01
2.890396118164062500e-01
2.890348136425018311e-01
2.890296578407287598e-01
2.890221476554870605e-01
2.890164852142333984e-01
2.890079021453857422e-01
2.890021800994873047e-01
2.889954447746276855e-01
2.889863550662994385e-01
2.889796197414398193e-01
2.889723479747772217e-01
2.889621853828430176e-01
2.889549732208251953e-01
2.889466583728790283e-01
2.889360785484313965e-01
2.889277637004852295e-01
2.889166474342346191e-01
2.889076471328735352e-01
2.888986766338348389e-01
2.888868451118469238e-01
2.888767719268798828e-01
2.888674139976501465e-01
2.888545393943786621e-01
2.888441085815429688e-01
2.888336777687072754e-01
2.888204455375671387e-01
2.888090312480926514e-01
2.887959182262420654e-01
2.887840270996093750e-01
2.887722253799438477e-01
2.887581288814544678e-01
2.887459099292755127e-01
2.887334823608398438e-01
2.887187004089355469e-01
2.887058854103088379e-01
2.886924743652343750e-01
2.886774241924285889e-01
2.886636555194854736e-01
2.886499166488647461e-01
2.886362075805664062e-01
2.886198461055755615e-01
2.886052131652832031e-01
2.885912656784057617e-01
2.885739505290985107e-01
2.885590791702270508e-01
2.885400354862213135e-01
2.884865999221801758e-01
2.884296774864196777e-01
2.883756160736083984e-01
2.883206009864807129e-01
2.882633507251739502e-01
2.882077097892761230e-01
2.881520688533782959e-01
2.880958318710327148e-01
2.880373001098632812e-01
2.879804372787475586e-01
2.879235446453094482e-01
2.878661453723907471e-01
2.878067195415496826e-01
2.877483367919921875e-01
2.876906394958496094e-01
2.876294255256652832e-01
2.875710725784301758e-01
2.875115573406219482e-01
2.874526679515838623e-01
2.873903214931488037e-01
2.873308360576629639e-01
2.872702479362487793e-01
2.872079610824584961e-01
2.871470749378204346e-01
2.870861887931823730e-01
2.870248258113861084e-01
2.869611382484436035e-01
2.868992388248443604e-01
2.868372201919555664e-01
2.867747545242309570e-01
2.867100536823272705e-01
2.866471111774444580e-01
2.865844368934631348e-01
2.865183949470520020e-01
2.864552736282348633e-01
2.863909304141998291e-01
2.863273024559020996e-01
2.862603068351745605e-01
2.861961722373962402e-01
2.861308753490447998e-01
2.860640585422515869e-01
2.859983444213867188e-01
2.859332263469696045e-01
2.858673632144927979e-01
2.857993245124816895e-01
2.857330143451690674e-01
