9.317885637283325195e-01
9.290354847908020020e-01
9.263236522674560547e-01
9.236640334129333496e-01
9.210405349731445312e-01
9.184296131134033203e-01
9.158614873886108398e-01
9.133402705192565918e-01
9.108642339706420898e-01
9.084253311157226562e-01
9.062566161155700684e-01
9.042372703552246094e-01
9.022110700607299805e-01
9.001888632774353027e-01
8.981602787971496582e-01
8.962387442588806152e-01
8.945295214653015137e-01
8.928241729736328125e-01
8.911308050155639648e-01
8.894575238227844238e-01
8.878101706504821777e-01
8.862244486808776855e-01
8.846711516380310059e-01
8.831463456153869629e-01
8.816460967063903809e-01
8.801983594894409180e-01
8.788305521011352539e-01
8.776088953018188477e-01
8.764101862907409668e-01
8.752292394638061523e-01
8.740642070770263672e-01
8.729134798049926758e-01
8.717381358146667480e-01
8.705362677574157715e-01
8.693359494209289551e-01
8.681412935256958008e-01
8.669491410255432129e-01
8.657736182212829590e-01
8.644978404045104980e-01
8.631401062011718750e-01
8.617785573005676270e-01
8.604139685630798340e-01
8.590447902679443359e-01
8.576721549034118652e-01
8.562931418418884277e-01
8.549066185951232910e-01
8.535180687904357910e-01
8.521280884742736816e-01
8.507354259490966797e-01
8.493537306785583496e-01
8.479580879211425781e-01
8.463132977485656738e-01
8.446655273437500000e-01
8.430195450782775879e-01
8.413756489753723145e-01
8.397367000579833984e-01
8.381050825119018555e-01
8.365250229835510254e-01
8.349992632865905762e-01
8.334859609603881836e-01
8.319871425628662109e-01
8.305059075355529785e-01
8.290490508079528809e-01
8.276116251945495605e-01
8.261283040046691895e-01
8.246463537216186523e-01
8.231881856918334961e-01
8.217568397521972656e-01
8.203539252281188965e-01
8.189797401428222656e-01
8.176399469375610352e-01
8.162577748298645020e-01
8.148836493492126465e-01
8.135462999343872070e-01
8.122509121894836426e-01
8.109987378120422363e-01
8.097900748252868652e-01
8.086251020431518555e-01
8.075071573257446289e-01
8.064391016960144043e-01
8.054175972938537598e-01
8.044437766075134277e-01
8.035209178924560547e-01
8.026476502418518066e-01
8.018254041671752930e-01
8.010555505752563477e-01
8.003420829772949219e-01
7.996814250946044922e-01
7.990748286247253418e-01
7.985227704048156738e-01
7.980225086212158203e-01
7.975760102272033691e-01
7.971820235252380371e-01
7.968035340309143066e-01
7.963402867317199707e-01
7.959291934967041016e-01
7.955698966979980469e-01
7.952617406845092773e-01
7.950032949447631836e-01
7.947938442230224609e-01
7.946320772171020508e-01
7.945435047149658203e-01
7.946341633796691895e-01
7.947668433189392090e-01
7.949385643005371094e-01
7.951486706733703613e-01
7.953938841819763184e-01
7.956727743148803711e-01
7.959833145141601562e-01
7.963224649429321289e-01
7.965762019157409668e-01
7.968288660049438477e-01
7.971031665802001953e-01
7.973979711532592773e-01
7.977088689804077148e-01
7.980348467826843262e-01
7.983731031417846680e-01
7.987211346626281738e-01
7.990846037864685059e-01
7.994922399520874023e-01
7.999049425125122070e-01
8.003210425376892090e-01
8.007406592369079590e-01
8.011627197265625000e-01
8.015878796577453613e-01
8.020156621932983398e-01
8.024462461471557617e-01
8.028939366340637207e-01
8.034185767173767090e-01
8.039481639862060547e-01
8.044834136962890625e-01
8.050246238708496094e-01
8.055729866027832031e-01
8.061277866363525391e-01
8.066899776458740234e-01
8.072597980499267578e-01
8.078371882438659668e-01
8.083040118217468262e-01
8.087500333786010742e-01
8.092033267021179199e-01
8.096630573272705078e-01
8.101304173469543457e-01
8.106037974357604980e-01
8.110827207565307617e-01
8.115675449371337891e-01
8.120567202568054199e-01
8.125531077384948730e-01
8.130902051925659180e-01
8.136295080184936523e-01
8.141719102859497070e-01
8.154938220977783203e-01
8.160392642021179199e-01
8.165864348411560059e-01
8.171325922012329102e-01
8.176787495613098145e-01
8.182238936424255371e-01
8.187675476074218750e-01
8.194323182106018066e-01
8.201007843017578125e-01
8.207662701606750488e-01
8.214291930198669434e-01
8.220901489257812500e-01
8.227468729019165039e-01
8.234002590179443359e-01
8.240503668785095215e-01
8.246979117393493652e-01
8.253419399261474609e-01
8.260042667388916016e-01
8.266938924789428711e-01
8.273798227310180664e-01
8.280627727508544922e-01
8.287428021430969238e-01
8.294209837913513184e-01
8.300957083702087402e-01
8.307679891586303711e-01
8.314380645751953125e-01
8.321067094802856445e-01
8.327727317810058594e-01
8.334437608718872070e-01
8.341230154037475586e-01
8.348002433776855469e-01
8.354752659797668457e-01
8.361493349075317383e-01
8.368216156959533691e-01
8.374934792518615723e-01
8.381633162498474121e-01
8.388332128524780273e-01
8.395013213157653809e-01
8.401696085929870605e-01
8.408372402191162109e-01
8.414869308471679688e-01
8.421355485916137695e-01
8.427811264991760254e-01
8.434264063835144043e-01
8.440684080123901367e-01
8.447090387344360352e-01
8.453460931777954102e-01
8.459812998771667480e-01
8.466134071350097656e-01
8.472430706024169922e-01
8.478690385818481445e-01
8.484919071197509766e-01
8.490819931030273438e-01
8.496665358543395996e-01
8.502458930015563965e-01
8.508200645446777344e-01
8.513885140419006348e-01
8.519492745399475098e-01
8.525033593177795410e-01
8.530492186546325684e-01
8.535867333412170410e-01
8.541152477264404297e-01
8.546338677406311035e-01
8.551417589187622070e-01
8.555670380592346191e-01
8.558945655822753906e-01
8.562134504318237305e-01
8.565220236778259277e-01
8.568187355995178223e-01
8.571055531501770020e-01
8.573798537254333496e-01
8.576418161392211914e-01
8.578898906707763672e-01
8.581255674362182617e-01
8.583480715751647949e-01
8.585550189018249512e-01
8.587486147880554199e-01
8.589665889739990234e-01
8.592408895492553711e-01
8.595017194747924805e-01
8.597460389137268066e-01
8.599758148193359375e-01
8.601891398429870605e-01
8.603890538215637207e-01
8.605728149414062500e-01
8.607435822486877441e-01
8.608987927436828613e-01
8.610417246818542480e-01
8.611699938774108887e-01
8.612871766090393066e-01
8.613910079002380371e-01
8.615081906318664551e-01
8.616284132003784180e-01
8.617414832115173340e-01
8.618474602699279785e-01
8.619515299797058105e-01
8.620571494102478027e-01
8.621749281883239746e-01
8.623285293579101562e-01
8.628177046775817871e-01
8.630326390266418457e-01
8.630949854850769043e-01
8.631333112716674805e-01
8.631596565246582031e-01
8.631815314292907715e-01
8.631979823112487793e-01
8.631919622421264648e-01
8.631904721260070801e-01
8.631917238235473633e-01
8.631996512413024902e-01
8.632118105888366699e-01
8.632308244705200195e-01
8.632580041885375977e-01
8.632908463478088379e-01
8.633329868316650391e-01
8.633813858032226562e-01
8.634396195411682129e-01
8.635045289993286133e-01
8.635770678520202637e-01
8.636595010757446289e-01
8.637504577636718750e-01
8.638657331466674805e-01
8.639894127845764160e-01
8.641217350959777832e-01
8.642647266387939453e-01
8.644155263900756836e-01
8.645774126052856445e-01
8.647465705871582031e-01
8.649263381958007812e-01
8.651137948036193848e-01
8.653118610382080078e-01
8.655171394348144531e-01
8.657324314117431641e-01
8.659554719924926758e-01
8.661879301071166992e-01
8.664274215698242188e-01
8.666822314262390137e-01
8.669654726982116699e-01
8.672573566436767578e-01
8.675571680068969727e-01
8.678624033927917480e-01
8.681765198707580566e-01
8.684957623481750488e-01
8.688235282897949219e-01
8.691573739051818848e-01
8.694964647293090820e-01
8.698425889015197754e-01
8.701934814453125000e-01
8.705508112907409668e-01
8.709136843681335449e-01
8.712804913520812988e-01
8.716533184051513672e-01
8.720296621322631836e-01
8.724267482757568359e-01
8.728449344635009766e-01
8.732659816741943359e-01
8.736915588378906250e-01
8.741189837455749512e-01
8.745498657226562500e-01
8.749833106994628906e-01
8.754193186759948730e-01
8.758580088615417480e-01
8.762969970703125000e-01
8.767394423484802246e-01
8.771836757659912109e-01
8.776297569274902344e-01
8.780766725540161133e-01
8.785246610641479492e-01
8.789724707603454590e-01
8.794221878051757812e-01
8.798722624778747559e-01
8.804090023040771484e-01
8.809614181518554688e-01
8.815127611160278320e-01
8.820610642433166504e-01
8.826093077659606934e-01
8.831556439399719238e-01
8.837003111839294434e-01
8.842414617538452148e-01
8.847805857658386230e-01
8.853188157081604004e-01
8.858531713485717773e-01
8.863850235939025879e-01
8.869140744209289551e-01
8.874406814575195312e-01
8.879644870758056641e-01
8.884871602058410645e-01
8.890052437782287598e-01
8.895203471183776855e-01
8.900293707847595215e-01
8.905250430107116699e-01
8.910180330276489258e-01
8.915073275566101074e-01
8.919950723648071289e-01
8.924779891967773438e-01
8.929579257965087891e-01
8.934345245361328125e-01
8.939079642295837402e-01
8.943785429000854492e-01
8.948459029197692871e-01
8.953104615211486816e-01
8.957703709602355957e-01
8.962290883064270020e-01
8.966833353042602539e-01
8.971367478370666504e-01
8.975870013236999512e-01
8.980331420898437500e-01
8.984783887863159180e-01
8.989195227622985840e-01
8.993648886680603027e-01
8.998107314109802246e-01
9.002556204795837402e-01
9.006966948509216309e-01
9.011370539665222168e-01
9.015738368034362793e-01
9.020100831985473633e-01
9.024429917335510254e-01
9.028756022453308105e-01
9.033065438270568848e-01
9.037345647811889648e-01
9.041625261306762695e-01
9.045877456665039062e-01
9.050117731094360352e-01
9.054347276687622070e-01
9.058563709259033203e-01
9.062774181365966797e-01
9.066976904869079590e-01
9.071172475814819336e-01
9.075362682342529297e-01
9.079547524452209473e-01
9.083303213119506836e-01
9.086881279945373535e-01
9.090463519096374512e-01
9.094049334526062012e-01
9.097641110420227051e-01
9.101237058639526367e-01
9.104840755462646484e-01
9.108451008796691895e-01
9.112070202827453613e-01
9.115695953369140625e-01
9.119332432746887207e-01
9.122977256774902344e-01
9.126633405685424805e-01
9.130299091339111328e-01
9.133976697921752930e-01
9.137648940086364746e-01
9.141350388526916504e-01
9.145047068595886230e-01
9.148772954940795898e-01
9.152494668960571289e-01
9.156246781349182129e-01
9.159995317459106445e-01
9.163469672203063965e-01
9.166749119758605957e-01
9.170056581497192383e-01
9.173365831375122070e-01
9.176691770553588867e-01
9.180048704147338867e-01
9.183404445648193359e-01
9.186795949935913086e-01
9.190183877944946289e-01
9.193603992462158203e-01
9.197025895118713379e-01
9.200478196144104004e-01
9.203929901123046875e-01
9.207414388656616211e-01
9.210897088050842285e-01
9.214408993721008301e-01
9.217923283576965332e-01
9.221448898315429688e-01
9.224992394447326660e-01
9.228546619415283203e-01
9.232115745544433594e-01
9.235699176788330078e-01
9.239295125007629395e-01
9.242796301841735840e-01
9.245560765266418457e-01
9.248355031013488770e-01
9.251146912574768066e-01
9.253951907157897949e-01
9.256769418716430664e-01
9.259599447250366211e-01
9.262439608573913574e-01
9.265293478965759277e-01
9.268158078193664551e-01
9.271033406257629395e-01
9.273918867111206055e-01
9.276814460754394531e-01
9.279720187187194824e-01
9.282634258270263672e-01
9.285557270050048828e-01
9.288486242294311523e-01
9.291425347328186035e-01
9.294372200965881348e-01
9.297308921813964844e-01
9.300269484519958496e-01
9.303235411643981934e-01
9.306190013885498047e-01
9.309167265892028809e-01
9.312149882316589355e-01
9.315136671066284180e-01
9.318256974220275879e-01
9.321381449699401855e-01
9.324492812156677246e-01
9.327625036239624023e-01
9.330760240554809570e-01
9.333881139755249023e-01
9.337021112442016602e-01
9.340146780014038086e-01
9.343289732933044434e-01
9.346434473991394043e-01
9.349563121795654297e-01
9.352706670761108398e-01
9.355852603912353516e-01
9.358980655670166016e-01
9.362125992774963379e-01
9.365267753601074219e-01
9.368392825126647949e-01
9.371532201766967773e-01
9.374653100967407227e-01
9.377771615982055664e-01
9.380886554718017578e-01
9.384014606475830078e-01
9.387122392654418945e-01
9.390226006507873535e-01
9.393342137336730957e-01
9.396436214447021484e-01
9.399508833885192871e-01
9.402554035186767578e-01
9.405612349510192871e-01
9.408646225929260254e-01
9.411674737930297852e-01
9.414708614349365234e-01
9.417722225189208984e-01
9.420724511146545410e-01
9.423737525939941406e-01
9.426722526550292969e-01
9.429699182510375977e-01
9.432670474052429199e-01
9.435643553733825684e-01
9.438593387603759766e-01
9.441530108451843262e-01
9.444474577903747559e-01
9.447389841079711914e-01
9.450296163558959961e-01
9.453189373016357422e-01
9.456071853637695312e-01
9.458940029144287109e-01
9.461798071861267090e-01
9.464641213417053223e-01
9.467472434043884277e-01
9.470288753509521484e-01
9.473095536231994629e-01
9.475883841514587402e-01
9.478660225868225098e-01
9.481404423713684082e-01
9.483881592750549316e-01
9.486337304115295410e-01
9.488775730133056641e-01
9.491196274757385254e-01
9.493604302406311035e-01
9.495997428894042969e-01
9.498373270034790039e-01
9.500730037689208984e-01
9.503074288368225098e-01
9.505400657653808594e-01
9.507709741592407227e-01
9.510001540184020996e-01
9.512275457382202148e-01
9.514532089233398438e-01
9.516771435737609863e-01
9.518992304801940918e-01
9.521182179450988770e-01
9.523363709449768066e-01
9.525529742240905762e-01
9.527663588523864746e-01
9.529791474342346191e-01
9.531897902488708496e-01
9.533972740173339844e-01
9.536044597625732422e-01
9.538094401359558105e-01
9.540125131607055664e-01
9.542118906974792480e-01
9.544110298156738281e-01
9.546080231666564941e-01
9.548015594482421875e-01
9.549983739852905273e-01
9.551988244056701660e-01
9.553954005241394043e-01
9.555917382240295410e-01
9.557859897613525391e-01
9.559763073921203613e-01
9.561663269996643066e-01
9.563537836074829102e-01
9.565381407737731934e-01
9.567217230796813965e-01
9.569026827812194824e-01
9.570819139480590820e-01
9.572574496269226074e-01
9.574307203292846680e-01
9.576033353805541992e-01
9.577720761299133301e-01
9.579402804374694824e-01
9.581049680709838867e-01
9.582682847976684570e-01
9.584285020828247070e-01
9.585862755775451660e-01
9.587430357933044434e-01
9.588964581489562988e-01
9.590485095977783203e-01
9.591974020004272461e-01
9.593451023101806641e-01
9.594892263412475586e-01
9.596325159072875977e-01
9.597721695899963379e-01
9.599093794822692871e-01
9.600456357002258301e-01
9.601783156394958496e-01
9.603101015090942383e-01
9.604206681251525879e-01
9.605200886726379395e-01
9.606156349182128906e-01
9.607092738151550293e-01
9.608016610145568848e-01
9.608905315399169922e-01
9.609783291816711426e-01
9.610628485679626465e-01
9.611446857452392578e-01
9.612258076667785645e-01
9.613033533096313477e-01
9.613788127899169922e-01
9.614515900611877441e-01
9.615225791931152344e-01
9.615921378135681152e-01
9.616582989692687988e-01
9.617224931716918945e-01
9.617843031883239746e-01
9.618440270423889160e-01
9.619020819664001465e-01
9.619573950767517090e-01
9.620102643966674805e-01
9.620608091354370117e-01
9.621093273162841797e-01
9.621567726135253906e-01
9.622008204460144043e-01
9.622426629066467285e-01
9.622824192047119141e-01
9.623202085494995117e-01
9.623563289642333984e-01
9.623897671699523926e-01
9.624209403991699219e-01
9.624501466751098633e-01
9.624767899513244629e-01
9.625027179718017578e-01
9.625346660614013672e-01
9.625856876373291016e-01
9.626341462135314941e-01
9.626809954643249512e-01
9.627255797386169434e-01
9.627683162689208984e-01
9.628089666366577148e-01
9.628471732139587402e-01
9.628838300704956055e-01
9.629182815551757812e-01
9.629508852958679199e-01
9.629812836647033691e-01
9.630097150802612305e-01
9.630361795425415039e-01
9.630609154701232910e-01
9.630835056304931641e-01
9.631043076515197754e-01
9.631227850914001465e-01
9.631398320198059082e-01
9.631547331809997559e-01
9.631679654121398926e-01
9.631791114807128906e-01
9.631883502006530762e-01
9.631958007812500000e-01
9.632016420364379883e-01
9.632053971290588379e-01
9.632076025009155273e-01
9.632075428962707520e-01
9.632061719894409180e-01
9.632027745246887207e-01
9.631978869438171387e-01
9.631910324096679688e-01
9.631823897361755371e-01
9.631721377372741699e-01
9.631603360176086426e-01
9.631466865539550781e-01
9.631306529045104980e-01
9.631136655807495117e-01
9.630891680717468262e-01
9.630313515663146973e-01
9.629721045494079590e-01
9.629117250442504883e-01
9.628491997718811035e-01
9.627858400344848633e-01
9.627212285995483398e-01
9.627497792243957520e-01
9.626809358596801758e-01
9.626103043556213379e-01
9.625389575958251953e-01
9.624664187431335449e-01
9.623928666114807129e-01
9.623179435729980469e-01
9.622418880462646484e-01
9.621641635894775391e-01
9.620858430862426758e-01
9.620063900947570801e-01
9.619259238243103027e-01
9.618443250656127930e-01
9.617617130279541016e-01
9.616779088973999023e-01
9.615932703018188477e-01
9.615076780319213867e-01
9.614210724830627441e-01
9.613335728645324707e-01
9.612447023391723633e-01
9.611552953720092773e-01
9.610650539398193359e-01
9.609735608100891113e-01
9.608817696571350098e-01
9.607889056205749512e-01
9.606949090957641602e-01
9.606004357337951660e-01
9.605051875114440918e-01
9.604088068008422852e-01
9.603120088577270508e-01
9.602144360542297363e-01
9.601158499717712402e-01
9.600172638893127441e-01
9.599175453186035156e-01
9.598168730735778809e-01
9.597713351249694824e-01
9.597359299659729004e-01
9.596991539001464844e-01
9.596614241600036621e-01
9.596222043037414551e-01
9.595817327499389648e-01
9.595400094985961914e-01
9.594972729682922363e-01
9.594528675079345703e-01
9.594076275825500488e-01
9.593610167503356934e-01
9.593131542205810547e-01
9.592640399932861328e-01
9.592139720916748047e-01
9.591622352600097656e-01
9.591097235679626465e-01
9.590556621551513672e-01
9.590007066726684570e-01
9.589442014694213867e-01
9.588868618011474609e-01
9.588280320167541504e-01
9.587682485580444336e-01
9.587071537971496582e-01
9.586451053619384766e-01
9.585818052291870117e-01
9.585170149803161621e-01
9.584513306617736816e-01
9.583842158317565918e-01
9.583161473274230957e-01
9.582466483116149902e-01
9.581762552261352539e-01
9.581044316291809082e-01
9.580315947532653809e-01
9.579574465751647949e-01
9.578822851181030273e-01
9.578057527542114258e-01
9.577282071113586426e-01
9.576492905616760254e-01
9.575693607330322266e-01
9.574881196022033691e-01
9.574058055877685547e-01
9.573222398757934570e-01
9.572374820709228516e-01
9.571515321731567383e-01
9.570644497871398926e-01
9.569771289825439453e-01
9.568886160850524902e-01
9.567989110946655273e-01
9.567079544067382812e-01
9.566158652305603027e-01
9.565223455429077148e-01
9.564277529716491699e-01
9.563316106796264648e-01
9.562343955039978027e-01
9.561358690261840820e-01
9.560360312461853027e-01
9.559350609779357910e-01
9.558324813842773438e-01
9.557290673255920410e-01
9.556239247322082520e-01
9.555175900459289551e-01
9.554101824760437012e-01
9.553011655807495117e-01
9.551910758018493652e-01
9.550793170928955078e-01
9.549666047096252441e-01
9.548524022102355957e-01
9.547366499900817871e-01
9.546199440956115723e-01
9.545013904571533203e-01
9.543819427490234375e-01
9.542610645294189453e-01
9.541385769844055176e-01
9.540148377418518066e-01
9.538894295692443848e-01
9.537630677223205566e-01
9.536352753639221191e-01
9.535057544708251953e-01
9.533750414848327637e-01
9.532427191734313965e-01
9.531092047691345215e-01
9.529742598533630371e-01
9.528375864028930664e-01
9.526997208595275879e-01
9.525605440139770508e-01
9.524194002151489258e-01
9.522773027420043945e-01
9.521335959434509277e-01
9.519883990287780762e-01
9.518414735794067383e-01
9.516932368278503418e-01
9.515437483787536621e-01
9.513920545578002930e-01
9.512395262718200684e-01
9.511080384254455566e-01
9.509771466255187988e-01
9.508442282676696777e-01
9.507100582122802734e-01
9.505743980407714844e-01
9.504364728927612305e-01
9.502975940704345703e-01
9.501569867134094238e-01
9.500143527984619141e-01
9.498704671859741211e-01
9.497252106666564941e-01
9.495781064033508301e-01
9.494290351867675781e-01
9.492787718772888184e-01
9.491270780563354492e-01
9.489730596542358398e-01
9.488181471824645996e-01
9.486615061759948730e-01
9.485034942626953125e-01
9.483430385589599609e-01
9.481818675994873047e-01
9.480189681053161621e-01
9.478539228439331055e-01
9.476878643035888672e-01
9.475204348564147949e-01
9.473513960838317871e-01
9.471799731254577637e-01
9.470078349113464355e-01
9.468340277671813965e-01
9.466588497161865234e-01
9.464819431304931641e-01
9.463029503822326660e-01
9.461229443550109863e-01
9.459416270256042480e-01
9.457586407661437988e-01
9.455742835998535156e-01
9.453874826431274414e-01
9.452000856399536133e-01
9.450110793113708496e-01
9.448207020759582520e-01
9.446286559104919434e-01
9.444353580474853516e-01
9.442394971847534180e-01
9.440432190895080566e-01
9.438452720642089844e-01
9.436460733413696289e-01
9.434452056884765625e-01
9.432421922683715820e-01
9.430384039878845215e-01
9.428333640098571777e-01
9.426267743110656738e-01
9.424188733100891113e-01
9.422084093093872070e-01
9.420010447502136230e-01
9.418032169342041016e-01
9.416041970252990723e-01
9.414041042327880859e-01
9.412018060684204102e-01
9.409995079040527344e-01
9.407961964607238770e-01
9.405917525291442871e-01
9.403862357139587402e-01
9.401794672012329102e-01
9.399708509445190430e-01
9.397621750831604004e-01
9.395524859428405762e-01
9.393417239189147949e-01
9.391297101974487305e-01
9.389169216156005859e-01
9.387031197547912598e-01
9.384882450103759766e-01
9.382724165916442871e-01
9.380545020103454590e-01
9.378364682197570801e-01
9.376176595687866211e-01
9.373978376388549805e-01
9.371770620346069336e-01
9.369553327560424805e-01
9.367324113845825195e-01
9.365088939666748047e-01
9.362842440605163574e-01
9.360576272010803223e-01
9.358311295509338379e-01
9.356035590171813965e-01
9.353753328323364258e-01
9.351460933685302734e-01
9.349159598350524902e-01
9.346849918365478516e-01
9.344530701637268066e-01
9.342201352119445801e-01
9.339852929115295410e-01
9.337507486343383789e-01
9.335153102874755859e-01
9.332790374755859375e-01
9.330416917800903320e-01
9.328038096427917480e-01
9.325650334358215332e-01
9.323254227638244629e-01
9.320849776268005371e-01
9.318422079086303711e-01
9.316002130508422852e-01
9.313573241233825684e-01
9.311136603355407715e-01
9.308691620826721191e-01
9.306236505508422852e-01
9.303777217864990234e-01
9.301308989524841309e-01
9.298833608627319336e-01
9.296349883079528809e-01
9.293859004974365234e-01
9.291357994079589844e-01
9.288853406906127930e-01
9.286375641822814941e-01
9.284040331840515137e-01
9.281699061393737793e-01
9.279354214668273926e-01
9.277002811431884766e-01
9.274646639823913574e-01
9.272286891937255859e-01
9.269921183586120605e-01
9.267551898956298828e-01
9.265173673629760742e-01
9.262794852256774902e-01
9.260397553443908691e-01
9.258009791374206543e-01
9.255616664886474609e-01
9.253220558166503906e-01
9.250818490982055664e-01
9.248414635658264160e-01
9.246004223823547363e-01
9.243591427803039551e-01
9.241170287132263184e-01
9.238749146461486816e-01
9.236323237419128418e-01
9.233894348144531250e-01
9.231461286544799805e-01
9.229024052619934082e-01
9.226583838462829590e-01
9.224088788032531738e-01
9.221587777137756348e-01
9.219079613685607910e-01
9.216566681861877441e-01
9.214053153991699219e-01
9.211532473564147949e-01
9.209007620811462402e-01
9.206482172012329102e-01
9.203949570655822754e-01
9.201412796974182129e-01
9.198873043060302734e-01
9.196332097053527832e-01
9.193783998489379883e-01
9.191232323646545410e-01
9.188680052757263184e-01
9.186121821403503418e-01
9.183558821678161621e-01
9.180995821952819824e-01
9.178426861763000488e-01
9.175853133201599121e-01
9.173280596733093262e-01
9.170700311660766602e-01
9.168117046356201172e-01
9.165533781051635742e-01
9.162943959236145020e-01
9.160351157188415527e-01
9.157985448837280273e-01
9.155810475349426270e-01
9.153636693954467773e-01
9.151462912559509277e-01
9.149293899536132812e-01
9.147121906280517578e-01
9.144950509071350098e-01
9.142795205116271973e-01
9.140625000000000000e-01
9.138459563255310059e-01
9.136291146278381348e-01
9.134123325347900391e-01
9.131956696510314941e-01
9.129794836044311523e-01
9.127629995346069336e-01
9.125466346740722656e-01
9.123303294181823730e-01
9.121140837669372559e-01
9.118983745574951172e-01
9.116824269294738770e-01
9.114665389060974121e-01
9.112507700920104980e-01
9.110355377197265625e-01
9.108199477195739746e-01
9.106045365333557129e-01
9.103892445564270020e-01
9.101756811141967773e-01
9.099612832069396973e-01
9.097520112991333008e-01
9.095429778099060059e-01
9.093344211578369141e-01
9.091255664825439453e-01
9.089167714118957520e-01
9.087082743644714355e-01
9.084998965263366699e-01
9.082921147346496582e-01
9.080840945243835449e-01
9.078761339187622070e-01
9.076684117317199707e-01
9.074612259864807129e-01
9.072538018226623535e-01
9.070479869842529297e-01
9.068408608436584473e-01
9.066343307495117188e-01
9.064275026321411133e-01
9.062209129333496094e-01
9.060143828392028809e-01
9.058085083961486816e-01
9.056023955345153809e-01
9.053962826728820801e-01
9.051904678344726562e-01
9.049852490425109863e-01
9.047797918319702148e-01
9.045745134353637695e-01
9.043693542480468750e-01
9.041664600372314453e-01
9.039825201034545898e-01
9.038317799568176270e-01
9.036819338798522949e-01
9.035321474075317383e-01
9.033831357955932617e-01
9.032341241836547852e-01
9.030855298042297363e-01
9.029377698898315430e-01
9.027916193008422852e-01
9.026448726654052734e-01
9.024979472160339355e-01
9.023514389991760254e-01
9.022057652473449707e-01
9.020600914955139160e-01
9.019147753715515137e-01
9.017705321311950684e-01
9.016260504722595215e-01
9.014824628829956055e-01
9.013404846191406250e-01
9.011972546577453613e-01
9.010548591613769531e-01
9.009125828742980957e-01
9.007710218429565430e-01
9.006294012069702148e-01
9.004881381988525391e-01
9.003478288650512695e-01
9.002074003219604492e-01
9.000695943832397461e-01
8.999300003051757812e-01
8.997907042503356934e-01
8.996633887290954590e-01
8.995508551597595215e-01
8.994387388229370117e-01
8.993269205093383789e-01
8.992155790328979492e-01
8.991046547889709473e-01
8.989957571029663086e-01
8.988850116729736328e-01
8.987752795219421387e-01
8.986659049987792969e-01
8.985567688941955566e-01
8.984481692314147949e-01
8.983399271965026855e-01
8.982319235801696777e-01
8.981261253356933594e-01
8.980189561843872070e-01
8.979116678237915039e-01
8.978052735328674316e-01
8.976992368698120117e-01
8.975935578346252441e-01
8.974881172180175781e-01
8.973848223686218262e-01
8.972802162170410156e-01
8.971758484840393066e-01
8.970718979835510254e-01
8.969683051109313965e-01
8.968644738197326660e-01
8.967615962028503418e-01
8.966606855392456055e-01
8.965583443641662598e-01
8.964564204216003418e-01
8.963652849197387695e-01
8.963386416435241699e-01
8.963123559951782227e-01
8.962866067886352539e-01
8.962634205818176270e-01
8.962384462356567383e-01
8.962140083312988281e-01
8.961899280548095703e-01
8.961662054061889648e-01
8.961434960365295410e-01
8.961207270622253418e-01
8.960998058319091797e-01
8.960778117179870605e-01
8.960561752319335938e-01
8.960353732109069824e-01
8.960145115852355957e-01
8.959939479827880859e-01
8.959577083587646484e-01
8.959224820137023926e-01
8.958854675292968750e-01
8.958485126495361328e-01
8.958109617233276367e-01
8.957737684249877930e-01
8.957365751266479492e-01
8.956986665725708008e-01
8.956629037857055664e-01
8.956253528594970703e-01
8.955871462821960449e-01
8.955494165420532227e-01
8.955114483833312988e-01
8.954733610153198242e-01
8.954362869262695312e-01
8.953979611396789551e-01
8.953891396522521973e-01
8.954311609268188477e-01
8.954727053642272949e-01
8.955137729644775391e-01
8.955559730529785156e-01
8.955960273742675781e-01
8.956348896026611328e-01
8.956738114356994629e-01
8.957120776176452637e-01
8.957498073577880859e-01
8.957885503768920898e-01
8.958250284194946289e-01
8.958603143692016602e-01
8.958955407142639160e-01
8.959300518035888672e-01
8.959639668464660645e-01
8.959987759590148926e-01
8.959302902221679688e-01
8.957128524780273438e-01
8.954918384552001953e-01
8.952661752700805664e-01
8.950369358062744141e-01
8.948044180870056152e-01
8.945666551589965820e-01
8.943245410919189453e-01
8.940774202346801758e-01
8.938264846801757812e-01
8.935704231262207031e-01
8.933120369911193848e-01
8.930473923683166504e-01
8.927774429321289062e-01
8.925034403800964355e-01
8.922239542007446289e-01
8.919402956962585449e-01
8.916429281234741211e-01
8.911443948745727539e-01
8.906406760215759277e-01
8.901309370994567871e-01
8.896145820617675781e-01
8.890927433967590332e-01
8.885658383369445801e-01
8.880316615104675293e-01
8.874905705451965332e-01
8.869438171386718750e-01
8.863905668258666992e-01
8.858320116996765137e-01
8.852658271789550781e-01
8.846923112869262695e-01
8.841128945350646973e-01
8.835259675979614258e-01
8.829347491264343262e-01
8.823348283767700195e-01
8.816941976547241211e-01
8.809557557106018066e-01
8.802111744880676270e-01
8.794589638710021973e-01
8.787022829055786133e-01
8.779368400573730469e-01
8.771637082099914551e-01
8.763840794563293457e-01
8.755965828895568848e-01
8.748044967651367188e-01
8.740034103393554688e-01
8.731942176818847656e-01
8.723784089088439941e-01
8.715552091598510742e-01
8.707258701324462891e-01
8.698877692222595215e-01
8.690413832664489746e-01
8.681883811950683594e-01
8.673338294029235840e-01
8.666044473648071289e-01
8.658724427223205566e-01
8.651337623596191406e-01
8.643915057182312012e-01
8.636439442634582520e-01
8.628915548324584961e-01
8.621366620063781738e-01
8.613752722740173340e-01
8.606091141700744629e-01
8.598384857177734375e-01
8.590629696846008301e-01
8.582831025123596191e-01
8.575003743171691895e-01
8.567109704017639160e-01
8.559170365333557129e-01
8.551192879676818848e-01
8.543157577514648438e-01
8.535097241401672363e-01
8.526968359947204590e-01
8.518793582916259766e-01
8.510572314262390137e-01
8.502301573753356934e-01
8.494005203247070312e-01
8.485641479492187500e-01
8.477228283882141113e-01
8.468769788742065430e-01
8.460260629653930664e-01
8.451727032661437988e-01
8.443133831024169922e-01
8.434481620788574219e-01
8.425784707069396973e-01
8.417039513587951660e-01
8.408263325691223145e-01
8.399422168731689453e-01
8.390533328056335449e-01
8.381593227386474609e-01
8.372607827186584473e-01
8.363987207412719727e-01
8.356493115425109863e-01
8.348974585533142090e-01
8.341413736343383789e-01
8.333837389945983887e-01
8.326249122619628906e-01
8.318611979484558105e-01
8.310940265655517578e-01
8.303245306015014648e-01
8.295522332191467285e-01
8.287785649299621582e-01
8.280005455017089844e-01
8.272196650505065918e-01
8.264363408088684082e-01
8.256488442420959473e-01
8.248619437217712402e-01
8.240697383880615234e-01
8.232746720314025879e-01
8.224762082099914551e-01
8.216755390167236328e-01
8.208720684051513672e-01
8.200672864913940430e-01
8.192581534385681152e-01
8.184462785720825195e-01
8.176319599151611328e-01
8.168134689331054688e-01
8.159956932067871094e-01
8.151726722717285156e-01
8.143468499183654785e-01
8.135176301002502441e-01
8.126863241195678711e-01
8.118542432785034180e-01
8.110178112983703613e-01
8.101772069931030273e-01
8.093348145484924316e-01
8.084901571273803711e-01
8.076434135437011719e-01
8.067932724952697754e-01
8.059400320053100586e-01
8.050839900970458984e-01
8.041895031929016113e-01
8.032532334327697754e-01
8.023127317428588867e-01
8.013684153556823730e-01
8.004206418991088867e-01
7.994707226753234863e-01
7.985153198242187500e-01
7.975555658340454102e-01
7.965919971466064453e-01
7.956250309944152832e-01
7.946559786796569824e-01
7.936814427375793457e-01
7.927035689353942871e-01
7.917208671569824219e-01
7.907348275184631348e-01
7.897466421127319336e-01
7.887529730796813965e-01
7.877550125122070312e-01
7.867531776428222656e-01
7.857481241226196289e-01
7.847409248352050781e-01
7.837283015251159668e-01
7.827113270759582520e-01
7.816905379295349121e-01
7.806665301322937012e-01
7.796403765678405762e-01
7.786089181900024414e-01
7.775729894638061523e-01
7.765333652496337891e-01
7.754917144775390625e-01
7.744467854499816895e-01
7.733964920043945312e-01
7.723418474197387695e-01
7.712841629981994629e-01
7.702220082283020020e-01
7.691583633422851562e-01
7.680894732475280762e-01
7.670162320137023926e-01
7.659398913383483887e-01
7.648591995239257812e-01
7.637770175933837891e-01
7.626896500587463379e-01
7.615851163864135742e-01
7.604718804359436035e-01
7.593545317649841309e-01
7.582359910011291504e-01
7.571126222610473633e-01
7.559850811958312988e-01
7.548549771308898926e-01
7.537207603454589844e-01
7.525861859321594238e-01
7.514452338218688965e-01
7.503017783164978027e-01
7.491542696952819824e-01
7.480041980743408203e-01
7.468523383140563965e-01
7.456957101821899414e-01
7.445350289344787598e-01
7.433719038963317871e-01
7.422047853469848633e-01
7.410365939140319824e-01
7.398638725280761719e-01
7.386870384216308594e-01
7.375078201293945312e-01
7.363246679306030273e-01
7.351414561271667480e-01
7.339519262313842773e-01
7.327601313591003418e-01
7.315643429756164551e-01
7.303663492202758789e-01
7.291666269302368164e-01
7.279624342918395996e-01
7.267543077468872070e-01
7.255439758300781250e-01
7.243297696113586426e-01
7.231156229972839355e-01
7.218952775001525879e-01
7.206720113754272461e-01
7.194465994834899902e-01
7.182173132896423340e-01
7.169882655143737793e-01
7.157530188560485840e-01
7.145158648490905762e-01
7.132747769355773926e-01
7.120317816734313965e-01
7.107859253883361816e-01
7.095168828964233398e-01
7.082317471504211426e-01
7.069429159164428711e-01
7.056526541709899902e-01
7.043608427047729492e-01
7.030645012855529785e-01
7.017666697502136230e-01
7.004653811454772949e-01
6.991612911224365234e-01
6.978561282157897949e-01
6.965497732162475586e-01
6.952385306358337402e-01
6.939251422882080078e-01
6.926103830337524414e-01
6.912933588027954102e-01
6.899739503860473633e-01
6.886522769927978516e-01
6.873283982276916504e-01
6.860011219978332520e-01
6.846714615821838379e-01
6.833420991897583008e-01
6.820093393325805664e-01
6.806743741035461426e-01
6.793348789215087891e-01
6.779956221580505371e-01
6.766555309295654297e-01
6.753121018409729004e-01
6.739653944969177246e-01
6.726167798042297363e-01
6.712672710418701172e-01
6.699169874191284180e-01
6.685621738433837891e-01
6.672068238258361816e-01
6.658483147621154785e-01
6.644890904426574707e-01
6.631289720535278320e-01
6.617648005485534668e-01
6.604000329971313477e-01
6.590322256088256836e-01
6.576625108718872070e-01
6.562922596931457520e-01
6.549214720726013184e-01
6.535478234291076660e-01
6.521699428558349609e-01
6.507928967475891113e-01
6.494141817092895508e-01
6.480372548103332520e-01
6.466885209083557129e-01
6.453374028205871582e-01
6.439878940582275391e-01
6.426349282264709473e-01
6.412859559059143066e-01
6.399324536323547363e-01
6.385781168937683105e-01
6.372228860855102539e-01
6.358656287193298340e-01
6.345124244689941406e-01
6.331548690795898438e-01
6.317965388298034668e-01
6.304374933242797852e-01
6.290777921676635742e-01
6.277173757553100586e-01
6.263573169708251953e-01
6.249969601631164551e-01
6.236346364021301270e-01
6.222718358039855957e-01
6.209083795547485352e-01
6.195454001426696777e-01
6.181823015213012695e-01
6.168173551559448242e-01
6.154519915580749512e-01
6.140861511230468750e-01
6.127199530601501465e-01
6.113556027412414551e-01
6.099885702133178711e-01
6.086212396621704102e-01
6.072535514831542969e-01
6.058856844902038574e-01
6.045197248458862305e-01
6.031525731086730957e-01
6.017825603485107422e-01
6.004136204719543457e-01
5.990445613861083984e-01
5.976753234863281250e-01
5.963095426559448242e-01
5.949387550354003906e-01
5.935691595077514648e-01
5.921995639801025391e-01
5.908298492431640625e-01
5.894624590873718262e-01
5.880927443504333496e-01
5.867244601249694824e-01
5.853534340858459473e-01
5.839838385581970215e-01
5.826144814491271973e-01
5.812473297119140625e-01
5.800322294235229492e-01
5.788435935974121094e-01
5.776544809341430664e-01
5.764659047126770020e-01
5.752819180488586426e-01
5.740965008735656738e-01
5.729104280471801758e-01
5.717254877090454102e-01
5.705426931381225586e-01
5.693592429161071777e-01
5.681803822517395020e-01
5.670002698898315430e-01
5.658183097839355469e-01
5.646400451660156250e-01
5.634611248970031738e-01
5.622848272323608398e-01
5.611116290092468262e-01
5.599344372749328613e-01
5.587610602378845215e-01
5.575886964797973633e-01
5.564158558845520020e-01
5.552455186843872070e-01
5.540771484375000000e-01
5.529074072837829590e-01
5.517402887344360352e-01
5.505743026733398438e-01
5.494065284729003906e-01
5.482426881790161133e-01
5.470805764198303223e-01
5.459190011024475098e-01
5.447586178779602051e-01
5.435965061187744141e-01
5.424383878707885742e-01
5.412815213203430176e-01
5.401262640953063965e-01
5.389717221260070801e-01
5.378171205520629883e-01
5.366634726524353027e-01
5.355125665664672852e-01
5.343629121780395508e-01
5.332149863243103027e-01
5.320666432380676270e-01
5.309191346168518066e-01
5.297745466232299805e-01
5.286312699317932129e-01
5.274876356124877930e-01
5.263477563858032227e-01
5.252083539962768555e-01
5.240687131881713867e-01
5.229319930076599121e-01
5.217965841293334961e-01
5.206597447395324707e-01
5.195544958114624023e-01
5.184549689292907715e-01
5.173556208610534668e-01
5.162604451179504395e-01
5.151638388633728027e-01
5.140697360038757324e-01
5.129790306091308594e-01
5.118881464004516602e-01
5.107982158660888672e-01
5.097084641456604004e-01
5.086213350296020508e-01
5.075373053550720215e-01
5.064537525177001953e-01
5.053708553314208984e-01
5.042898654937744141e-01
5.032098293304443359e-01
5.021312832832336426e-01
5.010529756546020508e-01
4.999789297580718994e-01
4.989066123962402344e-01
4.978327155113220215e-01
4.967630803585052490e-01
4.956921339035034180e-01
4.946238100528717041e-01
4.935569763183593750e-01
4.924921393394470215e-01
4.914301931858062744e-01
4.903666973114013672e-01
4.893075823783874512e-01
4.882482886314392090e-01
4.871893525123596191e-01
4.861330986022949219e-01
4.850789010524749756e-01
4.840275645256042480e-01
4.829759001731872559e-01
4.819263517856597900e-01
4.808777868747711182e-01
4.798296689987182617e-01
4.787842333316802979e-01
4.777420461177825928e-01
4.767004251480102539e-01
4.756596684455871582e-01
4.746193587779998779e-01
4.735834896564483643e-01
4.725474715232849121e-01
4.715119600296020508e-01
4.704808294773101807e-01
4.694514274597167969e-01
4.684206545352935791e-01
4.673926532268524170e-01
4.663668274879455566e-01
4.653419852256774902e-01
4.643188118934631348e-01
4.632978737354278564e-01
4.622796475887298584e-01
4.612274467945098877e-01
4.601486325263977051e-01
4.590714573860168457e-01
4.579941630363464355e-01
4.569191932678222656e-01
4.558469355106353760e-01
4.547780454158782959e-01
4.537073671817779541e-01
4.526400566101074219e-01
4.515733718872070312e-01
4.505077004432678223e-01
4.494454264640808105e-01
4.483848214149475098e-01
4.473258256912231445e-01
4.462685883045196533e-01
4.452119767665863037e-01
4.441581070423126221e-01
4.431041777133941650e-01
4.420537352561950684e-01
4.410049617290496826e-01
4.399567544460296631e-01
4.389114081859588623e-01
4.378677308559417725e-01
4.368240535259246826e-01
4.357838630676269531e-01
4.347453415393829346e-01
4.337075650691986084e-01
4.326707422733306885e-01
4.316374361515045166e-01
4.306074678897857666e-01
4.295758605003356934e-01
4.285466969013214111e-01
4.275203347206115723e-01
4.264956712722778320e-01
4.254710078239440918e-01
4.244498610496520996e-01
4.234304428100585938e-01
4.224100410938262939e-01
4.213956892490386963e-01
4.203815460205078125e-01
4.193673729896545410e-01
4.183567166328430176e-01
4.173468351364135742e-01
4.163397252559661865e-01
4.153326153755187988e-01
4.143290221691131592e-01
4.133287072181701660e-01
4.123268723487854004e-01
4.113276302814483643e-01
4.103310704231262207e-01
4.093345403671264648e-01
4.083415865898132324e-01
4.073503911495208740e-01
4.063600003719329834e-01
4.053705632686614990e-01
4.043861627578735352e-01
4.034020900726318359e-01
4.024179875850677490e-01
4.014374613761901855e-01
4.004971086978912354e-01
3.995692729949951172e-01
3.986432850360870361e-01
3.977190256118774414e-01
3.967965543270111084e-01
3.958773016929626465e-01
3.949583768844604492e-01
3.940412700176239014e-01
3.931258916854858398e-01
3.922122716903686523e-01
3.912995755672454834e-01
3.903895318508148193e-01
3.894812762737274170e-01
3.885761797428131104e-01
3.876714408397674561e-01
3.867684900760650635e-01
3.858673274517059326e-01
3.849679231643676758e-01
3.840702772140502930e-01
3.831744194030761719e-01
3.822793960571289062e-01
3.813870847225189209e-01
3.804979026317596436e-01
3.796091079711914062e-01
3.787220716476440430e-01
3.778367936611175537e-01
3.769533038139343262e-01
3.760715425014495850e-01
3.751915693283081055e-01
3.743133544921875000e-01
3.734368979930877686e-01
3.725613355636596680e-01
3.716883659362792969e-01
3.708171844482421875e-01
3.699490427970886230e-01
3.690813779830932617e-01
3.682154715061187744e-01
3.673512637615203857e-01
3.664888441562652588e-01
3.656281828880310059e-01
3.647674918174743652e-01
3.639094233512878418e-01
3.630540072917938232e-01
3.622003197669982910e-01
3.613483607769012451e-01
3.604981601238250732e-01
3.596509099006652832e-01
3.588041961193084717e-01
3.579592108726501465e-01
3.571159243583679199e-01
3.562743961811065674e-01
3.554337620735168457e-01
3.545956909656524658e-01
3.537593781948089600e-01
3.529247343540191650e-01
3.520918488502502441e-01
3.512606918811798096e-01
3.504312336444854736e-01
3.496046960353851318e-01
3.487787246704101562e-01
3.479544222354888916e-01
3.471318483352661133e-01
3.463097512722015381e-01
3.454897403717041016e-01
3.446708619594573975e-01
3.438546955585479736e-01
3.430404365062713623e-01
3.422280848026275635e-01
3.414176404476165771e-01
3.406091034412384033e-01
3.398028314113616943e-01
3.389981091022491455e-01
3.381952643394470215e-01
3.373942971229553223e-01
3.365952372550964355e-01
3.357980847358703613e-01
3.350020051002502441e-01
3.342085778713226318e-01
3.334170579910278320e-01
3.326273858547210693e-01
3.318395912647247314e-01
3.310536742210388184e-01
3.302699923515319824e-01
3.294877707958221436e-01
3.287074267864227295e-01
3.279289603233337402e-01
3.271523416042327881e-01
3.263775706291198730e-01
3.256039023399353027e-01
3.248327970504760742e-01
3.240635693073272705e-01
3.232961595058441162e-01
3.225305676460266113e-01
3.217668235301971436e-01
3.210042119026184082e-01
3.202441334724426270e-01
3.194841146469116211e-01
3.187277019023895264e-01
3.179730772972106934e-01
3.172202408313751221e-01
3.164685368537902832e-01
3.157203793525695801e-01
3.149729967117309570e-01
3.142274022102355957e-01
3.134836256504058838e-01
3.127416372299194336e-01
3.120007216930389404e-01
3.112623095512390137e-01
3.105256855487823486e-01
3.097908496856689453e-01
3.090578019618988037e-01
3.083265125751495361e-01
3.075962960720062256e-01
3.068685829639434814e-01
3.061425983905792236e-01
3.054184019565582275e-01
3.046959638595581055e-01
3.039752840995788574e-01
3.032563626766204834e-01
3.025385141372680664e-01
3.018230795860290527e-01
3.011094331741333008e-01
3.003984093666076660e-01
2.996882498264312744e-01
2.989797890186309814e-01
2.982724010944366455e-01
2.975674271583557129e-01
2.968641519546508789e-01
2.961626350879669189e-01
2.955287992954254150e-01
2.949292361736297607e-01
2.943319678306579590e-01
2.937339246273040771e-01
2.931391596794128418e-01
2.925466895103454590e-01
2.919551134109497070e-01
2.913658022880554199e-01
2.907774150371551514e-01
2.901906073093414307e-01
2.896060347557067871e-01
2.890223860740661621e-01
2.884409427642822266e-01
2.878613173961639404e-01
2.872806787490844727e-01
2.867039144039154053e-01
2.861280739307403564e-01
2.855544388294219971e-01
2.849817276000976562e-01
2.844105362892150879e-01
2.838415503501892090e-01
2.832734584808349609e-01
2.827075123786926270e-01
2.821424901485443115e-01
2.815779745578765869e-01
2.810160219669342041e-01
2.804555892944335938e-01
2.798973023891448975e-01
2.793399393558502197e-01
2.787846922874450684e-01
2.782303392887115479e-01
2.776775062084197998e-01
2.771267592906951904e-01
2.765769660472869873e-01
2.760275900363922119e-01
2.754807770252227783e-01
2.749354541301727295e-01
2.743922472000122070e-01
2.738499343395233154e-01
2.733096480369567871e-01
2.727703154087066650e-01
2.722330391407012939e-01
2.716966569423675537e-01
2.711617350578308105e-01
2.706272602081298828e-01
2.700953185558319092e-01
2.695654034614562988e-01
2.690363824367523193e-01
2.685088515281677246e-01
2.679833173751831055e-01
2.674587070941925049e-01
2.669361233711242676e-01
2.664144039154052734e-01
2.658941745758056641e-01
2.653743028640747070e-01
2.648569643497467041e-01
2.643416225910186768e-01
2.638271749019622803e-01
2.633141875267028809e-01
2.628031671047210693e-01
2.622930407524108887e-01
2.617848813533782959e-01
2.612776458263397217e-01
2.607723772525787354e-01
2.602663636207580566e-01
2.597633898258209229e-01
2.592624127864837646e-01
2.587623000144958496e-01
2.582641541957855225e-01
2.577668726444244385e-01
2.572710514068603516e-01
2.568256556987762451e-01
2.564512491226196289e-01
2.560784816741943359e-01
2.557063400745391846e-01
2.553368508815765381e-01
2.549668848514556885e-01
2.545980513095855713e-01
2.542302906513214111e-01
2.538636326789855957e-01
2.534996867179870605e-01
2.531352639198303223e-01
2.527719140052795410e-01
2.524096667766571045e-01
2.520485222339630127e-01
2.516900300979614258e-01
2.513310909271240234e-01
2.509732246398925781e-01
2.506164610385894775e-01
2.502607703208923340e-01
2.499077618122100830e-01
2.495542615652084351e-01
2.492018491029739380e-01
2.488505244255065918e-01
2.485003024339675903e-01
2.481527030467987061e-01
2.478046268224716187e-01
2.474576532840728760e-01
2.471117377281188965e-01
2.467669397592544556e-01
2.464247494935989380e-01
2.460825592279434204e-01
2.457409799098968506e-01
2.454004883766174316e-01
2.450610697269439697e-01
2.447227239608764648e-01
2.443869858980178833e-01
2.440501749515533447e-01
2.437150478363037109e-01
2.433809936046600342e-01
2.430480420589447021e-01
2.427176535129547119e-01
2.423868328332901001e-01
2.420570850372314453e-01
2.417283952236175537e-01
2.414007782936096191e-01
2.410757392644882202e-01
2.407502681016921997e-01
2.404258549213409424e-01
2.401025146245956421e-01
2.397802472114562988e-01
2.394605278968811035e-01
2.391403913497924805e-01
2.388213127851486206e-01
2.385032922029495239e-01
2.381863594055175781e-01
2.378719747066497803e-01
2.375571578741073608e-01
2.372433841228485107e-01
2.369311451911926270e-01
2.366195023059844971e-01
2.363104075193405151e-01
2.360008955001831055e-01
2.356924414634704590e-01
2.353850454092025757e-01
2.350781410932540894e-01
2.347743511199951172e-01
2.344701290130615234e-01
2.341669648885726929e-01
2.338648736476898193e-01
2.335638254880905151e-01
2.332652956247329712e-01
2.329663634300231934e-01
2.326684892177581787e-01
2.323716580867767334e-01
2.320758849382400513e-01
2.317826300859451294e-01
2.314912527799606323e-01
2.312272787094116211e-01
2.309652417898178101e-01
2.307026833295822144e-01
2.304424792528152466e-01
2.301817387342453003e-01
2.299233675003051758e-01
2.296658903360366821e-01
2.294078916311264038e-01
2.291522473096847534e-01
2.288955301046371460e-01
2.286417037248611450e-01
2.283887863159179688e-01
2.281353324651718140e-01
2.278842180967330933e-01
2.276325821876525879e-01
2.273832857608795166e-01
2.271348685026168823e-01
2.268859446048736572e-01
2.266393303871154785e-01
2.263922095298767090e-01
2.261473983526229858e-01
2.259019613265991211e-01
2.256589233875274658e-01
2.254168093204498291e-01
2.251741737127304077e-01
2.249338328838348389e-01
2.246929705142974854e-01
2.244544178247451782e-01
2.242167443037033081e-01
2.239785343408584595e-01
2.237426340579986572e-01
2.235062122344970703e-01
2.232720553874969482e-01
2.230369150638580322e-01
2.228045314550399780e-01
2.225730121135711670e-01
2.223409712314605713e-01
2.221112102270126343e-01
2.218809276819229126e-01
2.216528803110122681e-01
2.214257121086120605e-01
2.211983948945999146e-01
2.209729254245758057e-01
2.207469642162322998e-01
2.205232381820678711e-01
2.202984988689422607e-01
2.200764566659927368e-01
2.198552787303924561e-01
2.196335792541503906e-01
2.194140702486038208e-01
2.191940546035766602e-01
2.189762294292449951e-01
2.187592238187789917e-01
2.185417264699935913e-01
2.183263897895812988e-01
2.181105315685272217e-01
2.178968340158462524e-01
2.176834940910339355e-01
2.174701094627380371e-01
2.172588407993316650e-01
2.170470654964447021e-01
2.168374210596084595e-01
2.166275680065155029e-01
2.164195179939270020e-01
2.162122726440429688e-01
2.160044610500335693e-01
2.157987654209136963e-01
2.155925482511520386e-01
2.153879553079605103e-01
2.151845693588256836e-01
2.149806469678878784e-01
2.147788107395172119e-01
2.145763933658599854e-01
2.143760621547698975e-01
2.141751497983932495e-01
2.139762789011001587e-01
2.137781530618667603e-01
2.135794609785079956e-01
2.133823484182357788e-01
2.131851017475128174e-01
2.129898518323898315e-01
2.127997577190399170e-01
2.126663178205490112e-01
2.125333398580551147e-01
2.124004811048507690e-01
2.122696191072463989e-01
2.121375054121017456e-01
2.120062410831451416e-01
2.118750810623168945e-01
2.117458879947662354e-01
2.116158455610275269e-01
2.114861756563186646e-01
2.113578617572784424e-01
2.112285494804382324e-01
2.111000269651412964e-01
2.109718620777130127e-01
2.108453214168548584e-01
2.107175886631011963e-01
2.105904668569564819e-01
2.104649394750595093e-01
2.103380858898162842e-01
2.102116644382476807e-01
2.100858688354492188e-01
2.099615931510925293e-01
2.098363786935806274e-01
2.097114622592926025e-01
2.095865309238433838e-01
2.094629853963851929e-01
2.093388736248016357e-01
2.092150449752807617e-01
2.090923637151718140e-01
2.089689970016479492e-01
2.088458836078643799e-01
2.087229788303375244e-01
2.086014896631240845e-01
2.084783315658569336e-01
2.083560526371002197e-01
2.082339525222778320e-01
2.081132233142852783e-01
2.079911977052688599e-01
2.078696191310882568e-01
2.077493518590927124e-01
2.076276838779449463e-01
2.075062543153762817e-01
2.073852270841598511e-01
2.072654962539672852e-01
2.071446925401687622e-01
2.070240080356597900e-01
2.069031000137329102e-01
2.067833691835403442e-01
2.066629081964492798e-01
2.065425068140029907e-01
2.064230442047119141e-01
2.063027471303939819e-01
2.061824798583984375e-01
2.060622572898864746e-01
2.059431821107864380e-01
2.058223336935043335e-01
2.057021111249923706e-01
2.055830359458923340e-01
2.054627984762191772e-01
2.053422480821609497e-01
2.052219510078430176e-01
2.051027268171310425e-01
2.049819380044937134e-01
2.048612087965011597e-01
2.047406584024429321e-01
2.046211361885070801e-01
2.045004218816757202e-01
2.043796032667160034e-01
2.042591571807861328e-01
2.041381001472473145e-01
2.040169388055801392e-01
2.038956284523010254e-01
2.037750035524368286e-01
2.036530524492263794e-01
2.035312801599502563e-01
2.034093439579010010e-01
2.032883316278457642e-01
2.031657695770263672e-01
2.030432820320129395e-01
2.029213160276412964e-01
2.027984261512756348e-01
2.026750445365905762e-01
2.025516927242279053e-01
2.024291902780532837e-01
2.023050487041473389e-01
2.021809816360473633e-01
2.020564079284667969e-01
2.019328922033309937e-01
2.018407583236694336e-01
2.017578780651092529e-01
2.016739100217819214e-01
2.015903741121292114e-01
2.015067487955093384e-01
2.014227509498596191e-01
2.013380527496337891e-01
2.012530267238616943e-01
2.011679112911224365e-01
2.010813802480697632e-01
2.009954899549484253e-01
2.009086161851882935e-01
2.008219659328460693e-01
2.007349282503128052e-01
2.006474733352661133e-01
2.005593627691268921e-01
2.004697769880294800e-01
2.003811299800872803e-01
2.002920955419540405e-01
2.002026438713073730e-01
2.001125067472457886e-01
2.000219374895095825e-01
1.999312639236450195e-01
1.998391598463058472e-01
1.997473835945129395e-01
1.996554881334304810e-01
1.995631754398345947e-01
1.994701027870178223e-01
1.993766725063323975e-01
1.992831081151962280e-01
1.991881132125854492e-01
1.990937143564224243e-01
1.989983022212982178e-01
1.989030539989471436e-01
1.988074034452438354e-01
1.987113356590270996e-01
1.986145526170730591e-01
1.985163390636444092e-01
1.984190046787261963e-01
1.983212828636169434e-01
1.982228159904479980e-01
1.981242597103118896e-01
1.980249732732772827e-01
1.979245841503143311e-01
1.978244930505752563e-01
1.977242827415466309e-01
1.976236402988433838e-01
1.975223273038864136e-01
1.974205970764160156e-01
1.973187625408172607e-01
1.972155272960662842e-01
1.971129029989242554e-01
1.970092654228210449e-01
1.969058215618133545e-01
1.968020051717758179e-01
1.966978013515472412e-01
1.965925991535186768e-01
1.964866369962692261e-01
1.963812708854675293e-01
1.962755322456359863e-01
1.961688101291656494e-01
1.960623115301132202e-01
1.959554553031921387e-01
1.958482116460800171e-01
1.957390606403350830e-01
1.956311017274856567e-01
1.955227851867675781e-01
1.954141259193420410e-01
1.953048259019851685e-01
1.951951384544372559e-01
1.950854361057281494e-01
1.949744373559951782e-01
1.948637813329696655e-01
1.947527527809143066e-01
1.946417242288589478e-01
1.945303678512573242e-01
1.944184154272079468e-01
1.943061053752899170e-01
1.941928714513778687e-01
1.940802633762359619e-01
1.939670741558074951e-01
1.938535720109939575e-01
1.937400847673416138e-01
1.936262995004653931e-01
1.935119628906250000e-01
1.933963745832443237e-01
1.932817548513412476e-01
1.931668817996978760e-01
1.930514723062515259e-01
1.929357498884201050e-01
1.928201168775558472e-01
1.927042156457901001e-01
1.925868541002273560e-01
1.924701631069183350e-01
1.923535466194152832e-01
1.922432333230972290e-01
1.921437680721282959e-01
1.920430660247802734e-01
1.919433474540710449e-01
1.918418258428573608e-01
1.917412430047988892e-01
1.916394680738449097e-01
1.915387064218521118e-01
1.914361715316772461e-01
1.913346052169799805e-01
1.912322044372558594e-01
1.911301612854003906e-01
1.910267323255538940e-01
1.909242868423461914e-01
1.908210217952728271e-01
1.907181590795516968e-01
1.906139403581619263e-01
1.905107051134109497e-01
1.904067099094390869e-01
1.903031468391418457e-01
1.901982128620147705e-01
1.900946497917175293e-01
1.899897009134292603e-01
1.898855119943618774e-01
1.897800117731094360e-01
1.896758824586868286e-01
1.895703971385955811e-01
1.894657015800476074e-01
1.893600523471832275e-01
1.892551481723785400e-01
1.891492158174514771e-01
1.890441328287124634e-01
1.889380961656570435e-01
1.888328343629837036e-01
1.887265890836715698e-01
1.886215060949325562e-01
1.885148733854293823e-01
1.884093433618545532e-01
1.883028745651245117e-01
1.881973445415496826e-01
1.880907565355300903e-01
1.879850775003433228e-01
1.878782063722610474e-01
1.877727955579757690e-01
1.876661330461502075e-01
1.875601261854171753e-01
1.874537914991378784e-01
1.873480081558227539e-01
1.872410923242568970e-01
1.871353536844253540e-01
1.870290338993072510e-01
1.869230717420578003e-01
1.868164837360382080e-01
1.867111474275588989e-01
1.866043806076049805e-01
1.864988058805465698e-01
1.863923668861389160e-01
1.862869560718536377e-01
1.861806213855743408e-01
1.860752701759338379e-01
1.859691292047500610e-01
1.858638972043991089e-01
1.857578307390213013e-01
1.856524944305419922e-01
1.855469197034835815e-01
1.854420006275177002e-01
1.853362619876861572e-01
1.852312833070755005e-01
1.851260662078857422e-01
1.850215345621109009e-01
1.849159598350524902e-01
1.848119646310806274e-01
1.847068518400192261e-01
1.846025288105010986e-01
1.844976544380187988e-01
1.843941211700439453e-01
1.842892765998840332e-01
1.841856837272644043e-01
1.840816438198089600e-01
1.839780956506729126e-01
1.838740110397338867e-01
1.837709844112396240e-01
1.836672872304916382e-01
1.835645437240600586e-01
1.834610700607299805e-01
1.833587288856506348e-01
1.832555532455444336e-01
1.831534504890441895e-01
1.830503940582275391e-01
1.829489320516586304e-01
1.828464269638061523e-01
1.827447712421417236e-01
1.826426088809967041e-01
1.825418472290039062e-01
1.824400573968887329e-01
1.823391169309616089e-01
1.822379976511001587e-01
1.821376532316207886e-01
1.820363849401473999e-01
1.819363981485366821e-01
1.818360537290573120e-01
1.817362606525421143e-01
1.816359907388687134e-01
1.815402209758758545e-01
1.814804226160049438e-01
1.814218163490295410e-01
1.813624352216720581e-01
1.813035309314727783e-01
1.812452524900436401e-01
1.811861842870712280e-01
1.811279058456420898e-01
1.810687631368637085e-01
1.810109019279479980e-01
1.809520721435546875e-01
1.808944344520568848e-01
1.808369159698486328e-01
1.807781010866165161e-01
1.807208061218261719e-01
1.806627362966537476e-01
1.806054413318634033e-01
1.805473119020462036e-01
1.804902404546737671e-01
1.804334968328475952e-01
1.803760081529617310e-01
1.803189963102340698e-01
1.802617311477661133e-01
1.802052408456802368e-01
1.801481992006301880e-01
1.800918579101562500e-01
1.800357103347778320e-01
1.799790263175964355e-01
1.799231320619583130e-01
1.798666864633560181e-01
1.798109263181686401e-01
1.797545105218887329e-01
1.796992868185043335e-01
1.796441823244094849e-01
1.795878261327743530e-01
1.795329600572586060e-01
1.794771403074264526e-01
1.794225126504898071e-01
1.793668568134307861e-01
1.793122589588165283e-01
1.792579889297485352e-01
1.792027801275253296e-01
1.791484504938125610e-01
1.790936887264251709e-01
1.790397018194198608e-01
1.789851933717727661e-01
1.789314448833465576e-01
1.788777410984039307e-01
1.788235753774642944e-01
1.787701994180679321e-01
1.787162870168685913e-01
1.786628663539886475e-01
1.786091923713684082e-01
1.785565167665481567e-01
1.785037666559219360e-01
1.784501671791076660e-01
1.783976405858993530e-01
1.783446073532104492e-01
1.782925277948379517e-01
1.782392263412475586e-01
1.781874001026153564e-01
1.781356930732727051e-01
1.780830621719360352e-01
1.780315935611724854e-01
1.779789328575134277e-01
1.779277026653289795e-01
1.778757721185684204e-01
1.778246164321899414e-01
1.777726262807846069e-01
1.777217090129852295e-01
1.776711046695709229e-01
1.776197701692581177e-01
1.775689423084259033e-01
1.775178611278533936e-01
1.774675697088241577e-01
1.774167269468307495e-01
1.773665696382522583e-01
1.773166358470916748e-01
1.772661656141281128e-01
1.772164702415466309e-01
1.771662384271621704e-01
1.771167069673538208e-01
1.770665347576141357e-01
1.770175248384475708e-01
1.769684404134750366e-01
1.769185513257980347e-01
1.768698841333389282e-01
1.768203377723693848e-01
1.767719238996505737e-01
1.767225265502929688e-01
1.766741722822189331e-01
1.766261160373687744e-01
1.765771657228469849e-01
1.765290796756744385e-01
1.764805614948272705e-01
1.764328032732009888e-01
1.763845235109329224e-01
1.763367354869842529e-01
1.762895137071609497e-01
1.762414276599884033e-01
1.761944442987442017e-01
1.761465966701507568e-01
1.760995835065841675e-01
1.760519742965698242e-01
1.760054677724838257e-01
1.759589016437530518e-01
1.759115457534790039e-01
1.758652329444885254e-01
1.758183687925338745e-01
1.757724583148956299e-01
1.757254004478454590e-01
1.756797134876251221e-01
1.756339818239212036e-01
1.755782514810562134e-01
1.755196750164031982e-01
1.754611134529113770e-01
1.754027754068374634e-01
1.753447353839874268e-01
1.752866357564926147e-01
1.752288192510604858e-01
1.751717776060104370e-01
1.751141995191574097e-01
1.750563234090805054e-01
1.749989837408065796e-01
1.749417632818222046e-01
1.748844981193542480e-01
1.748275160789489746e-01
1.747704893350601196e-01
1.747137308120727539e-01
1.746577471494674683e-01
1.746009737253189087e-01
1.745444089174270630e-01
1.744881272315979004e-01
1.744318157434463501e-01
1.743757575750350952e-01
1.743196696043014526e-01
1.742638498544692993e-01
1.742080003023147583e-01
1.741529554128646851e-01
1.740974932909011841e-01
1.740419715642929077e-01
1.739867329597473145e-01
1.739314496517181396e-01
1.738764494657516479e-01
1.738213896751403809e-01
1.737666130065917969e-01
1.737123429775238037e-01
1.736577898263931274e-01
1.736031919717788696e-01
1.735488623380661011e-01
1.734945029020309448e-01
1.734403967857360840e-01
1.733862608671188354e-01
1.733321398496627808e-01
1.732783764600753784e-01
1.732253730297088623e-01
1.731718331575393677e-01
1.731182485818862915e-01
1.730649322271347046e-01
1.730115860700607300e-01
1.729584932327270508e-01
1.729051172733306885e-01
1.728522479534149170e-01
1.727993339300155640e-01
1.727474778890609741e-01
1.726948022842407227e-01
1.726423650979995728e-01
1.725898981094360352e-01
1.725376844406127930e-01
1.724853515625000000e-01
1.724332123994827271e-01
1.723813265562057495e-01
1.723294109106063843e-01
1.722785234451293945e-01
1.722268164157867432e-01
1.721753776073455811e-01
1.721236407756805420e-01
1.720724105834960938e-01
1.720211505889892578e-01
1.719701290130615234e-01
1.719190627336502075e-01
1.718690395355224609e-01
1.718181967735290527e-01
1.717676073312759399e-01
1.717167347669601440e-01
1.716663539409637451e-01
1.716159433126449585e-01
1.715656220912933350e-01
1.715155690908432007e-01
1.714654564857482910e-01
1.714163869619369507e-01
1.713664978742599487e-01
1.713166087865829468e-01
1.712669283151626587e-01
1.712174862623214722e-01
1.711680144071578979e-01
1.711187809705734253e-01
1.710695177316665649e-01
1.710203588008880615e-01
1.709719598293304443e-01
1.709230095148086548e-01
1.708742827177047729e-01
1.708255410194396973e-01
1.707770079374313354e-01
1.707284748554229736e-01
1.706801503896713257e-01
1.706318259239196777e-01
1.705834716558456421e-01
1.705360859632492065e-01
1.704880595207214355e-01
1.704402267932891846e-01
1.703923940658569336e-01
1.703447848558425903e-01
1.702971309423446655e-01
1.702497303485870361e-01
1.702020615339279175e-01
1.701548397541046143e-01
1.701083481311798096e-01
1.700613349676132202e-01
1.700142920017242432e-01
1.699673384428024292e-01
1.699206084012985229e-01
1.698736250400543213e-01
1.698271036148071289e-01
1.697805374860763550e-01
1.697349548339843750e-01
1.696885973215103149e-01
1.696424484252929688e-01
1.695962697267532349e-01
1.695502102375030518e-01
1.695041209459304810e-01
1.694582253694534302e-01
1.694125682115554810e-01
1.693668663501739502e-01
1.693221479654312134e-01
1.692718863487243652e-01
1.692113578319549561e-01
1.691498458385467529e-01
1.690893024206161499e-01
1.690282225608825684e-01
1.689677536487579346e-01
1.689067780971527100e-01
1.688467413187026978e-01
1.687859743833541870e-01
1.687259376049041748e-01
1.686655879020690918e-01
1.686057448387145996e-01
1.685461401939392090e-01
1.684859842061996460e-01
1.684265732765197754e-01
1.683664023876190186e-01
1.683073043823242188e-01
1.682474613189697266e-01
1.681883335113525391e-01
1.681289225816726685e-01
1.680700033903121948e-01
1.680105477571487427e-01
1.679520606994628906e-01
1.678928285837173462e-01
1.678345203399658203e-01
1.677754819393157959e-01
1.677171736955642700e-01
1.676584482192993164e-01
1.676004379987716675e-01
1.675424426794052124e-01
1.674841046333312988e-01
1.674262881278991699e-01
1.673679649829864502e-01
1.673105508089065552e-01
1.672523021697998047e-01
1.671950072050094604e-01
1.671371608972549438e-01
1.670800596475601196e-01
1.670221984386444092e-01
1.669653952121734619e-01
1.669078320264816284e-01
1.668510138988494873e-01
1.667937636375427246e-01
1.667372286319732666e-01
1.666806936264038086e-01
1.666237413883209229e-01
1.665674895048141479e-01
1.665105223655700684e-01
1.664546877145767212e-01
1.663979142904281616e-01
1.663419604301452637e-01
1.662856638431549072e-01
1.662299036979675293e-01
1.661735177040100098e-01
1.661182343959808350e-01
1.660620421171188354e-01
1.660067588090896606e-01
1.659509539604187012e-01
1.658957600593566895e-01
1.658407449722290039e-01
1.657852381467819214e-01
1.657303124666213989e-01
1.656748801469802856e-01
1.656203567981719971e-01
1.655649989843368530e-01
1.655105501413345337e-01
1.654556095600128174e-01
1.654013395309448242e-01
1.653463691473007202e-01
1.652923971414566040e-01
1.652376949787139893e-01
1.651837229728698730e-01
1.651293188333511353e-01
1.650756150484085083e-01
1.650218963623046875e-01
1.649678647518157959e-01
1.649143397808074951e-01
1.648601889610290527e-01
1.648071408271789551e-01
1.647531837224960327e-01
1.647000163793563843e-01
1.646465212106704712e-01
1.645935475826263428e-01
1.645399481058120728e-01
1.644874215126037598e-01
1.644340008497238159e-01
1.643814742565155029e-01
1.643284261226654053e-01
1.642759889364242554e-01
1.642232090234756470e-01
1.641709357500076294e-01
1.641187667846679688e-01
1.640662550926208496e-01
1.640142500400543213e-01
1.639617085456848145e-01
1.639100909233093262e-01
1.638576537370681763e-01
1.638060808181762695e-01
1.637540161609649658e-01
1.637025326490402222e-01
1.636505275964736938e-01
1.635994166135787964e-01
1.635475158691406250e-01
1.634964495897293091e-01
1.634449064731597900e-01
1.633940339088439941e-01
1.633431762456893921e-01
1.632918715476989746e-01
1.632412523031234741e-01
1.631899476051330566e-01
1.631395965814590454e-01
1.630885303020477295e-01
1.630381792783737183e-01
1.629873961210250854e-01
1.629372835159301758e-01
1.628864854574203491e-01
1.628367304801940918e-01
1.627860963344573975e-01
1.627362519502639771e-01
1.626860499382019043e-01
1.626363545656204224e-01
1.625867486000061035e-01
1.625367999076843262e-01
1.624873578548431396e-01
1.624373197555541992e-01
1.623882949352264404e-01
1.623384207487106323e-01
1.622893214225769043e-01
1.622397899627685547e-01
1.621909141540527344e-01
1.621413528919219971e-01
1.620927602052688599e-01
1.620434522628784180e-01
1.619948148727416992e-01
1.619409471750259399e-01
1.618447899818420410e-01
1.617480069398880005e-01
1.616521626710891724e-01
1.615563184022903442e-01
1.614601761102676392e-01
1.613646447658538818e-01
1.612687408924102783e-01
1.611735224723815918e-01
1.610780060291290283e-01
1.609831005334854126e-01
1.608878374099731445e-01
1.607932299375534058e-01
1.606990247964859009e-01
1.606040596961975098e-01
1.605100780725479126e-01
1.604154855012893677e-01
1.603218466043472290e-01
1.602274924516677856e-01
1.601341515779495239e-01
1.600401699542999268e-01
1.599471420049667358e-01
1.598533987998962402e-01
1.597607433795928955e-01
1.596679985523223877e-01
1.595748960971832275e-01
1.594824492931365967e-01
1.593897193670272827e-01
1.592975854873657227e-01
1.592051088809967041e-01
1.591132730245590210e-01
1.590211540460586548e-01
1.589296311140060425e-01
1.588384211063385010e-01
1.587465852499008179e-01
1.586556732654571533e-01
1.585640907287597656e-01
1.584734916687011719e-01
1.583822518587112427e-01
1.582919508218765259e-01
1.582009643316268921e-01
1.581110209226608276e-01
1.580203324556350708e-01
1.579306274652481079e-01
1.578409224748611450e-01
1.577508896589279175e-01
1.576614677906036377e-01
