6.919680833816528320e-01
6.915881633758544922e-01
6.911878585815429688e-01
6.907683014869689941e-01
6.903324723243713379e-01
6.899594664573669434e-01
6.895939707756042480e-01
6.892135739326477051e-01
6.888191699981689453e-01
6.884105801582336426e-01
6.883566379547119141e-01
6.884955763816833496e-01
6.886180639266967773e-01
6.887242197990417480e-01
6.888170838356018066e-01
6.890192627906799316e-01
6.894369125366210938e-01
6.898524761199951172e-01
6.902674436569213867e-01
6.906856298446655273e-01
6.911107897758483887e-01
6.914770603179931641e-01
6.918514370918273926e-01
6.922408342361450195e-01
6.926457881927490234e-01
6.930646896362304688e-01
6.935515403747558594e-01
6.941750049591064453e-01
6.948110461235046387e-01
6.954588890075683594e-01
6.961150765419006348e-01
6.967730522155761719e-01
6.973309516906738281e-01
6.977936029434204102e-01
6.982440948486328125e-01
6.986804008483886719e-01
6.991021037101745605e-01
6.995081305503845215e-01
6.997605562210083008e-01
6.998887658119201660e-01
7.000020742416381836e-01
7.001023292541503906e-01
7.001889944076538086e-01
7.002645134925842285e-01
7.003269791603088379e-01
7.003765106201171875e-01
7.004212141036987305e-01
7.004635930061340332e-01
7.005062103271484375e-01
7.005522251129150391e-01
7.005817294120788574e-01
7.002964019775390625e-01
7.000172734260559082e-01
6.997473239898681641e-01
6.994857788085937500e-01
6.992346048355102539e-01
6.989923715591430664e-01
6.988166570663452148e-01
6.987048387527465820e-01
6.986008882522583008e-01
6.985040903091430664e-01
6.984138488769531250e-01
6.983299255371093750e-01
6.982518434524536133e-01
6.980975866317749023e-01
6.979190111160278320e-01
6.977431178092956543e-01
6.975708603858947754e-01
6.974015235900878906e-01
6.972343921661376953e-01
6.970703005790710449e-01
6.968055963516235352e-01
6.965044736862182617e-01
6.962043046951293945e-01
6.959050297737121582e-01
6.956068873405456543e-01
6.953108906745910645e-01
6.950182914733886719e-01
6.947320103645324707e-01
6.944565176963806152e-01
6.941800117492675781e-01
6.938995122909545898e-01
6.936181187629699707e-01
6.933338642120361328e-01
6.930477023124694824e-01
6.927605271339416504e-01
6.924756765365600586e-01
6.921887397766113281e-01
6.918967962265014648e-01
6.916007399559020996e-01
6.912980079650878906e-01
6.909898519515991211e-01
6.906735897064208984e-01
6.902968287467956543e-01
6.897149682044982910e-01
6.891242861747741699e-01
6.885245442390441895e-01
6.879157423973083496e-01
6.872979402542114258e-01
6.866719722747802734e-01
6.860385537147521973e-01
6.854376196861267090e-01
6.850283145904541016e-01
6.846160888671875000e-01
6.842007040977478027e-01
6.837850809097290039e-01
6.833690404891967773e-01
6.829546689987182617e-01
6.825440526008605957e-01
6.821365952491760254e-01
6.815655827522277832e-01
6.809607744216918945e-01
6.803618073463439941e-01
6.797703504562377930e-01
6.791846156120300293e-01
6.786059737205505371e-01
6.780349016189575195e-01
6.774699091911315918e-01
6.769245862960815430e-01
6.764577627182006836e-01
6.759977340698242188e-01
6.755423545837402344e-01
6.750926375389099121e-01
6.746466159820556641e-01
6.742051243782043457e-01
6.737666726112365723e-01
6.733301877975463867e-01
6.729151010513305664e-01
6.726049184799194336e-01
6.722955107688903809e-01
6.719864010810852051e-01
6.716769337654113770e-01
6.713675856590270996e-01
6.710561513900756836e-01
6.707432270050048828e-01
6.704284548759460449e-01
6.701113581657409668e-01
6.696271896362304688e-01
6.691008210182189941e-01
6.685717701911926270e-01
6.680386066436767578e-01
6.675033569335937500e-01
6.669644117355346680e-01
6.664213538169860840e-01
6.658753156661987305e-01
6.653248667716979980e-01
6.647776365280151367e-01
6.643013358116149902e-01
6.638203859329223633e-01
6.633365750312805176e-01
6.626791954040527344e-01
6.621836423873901367e-01
6.616858243942260742e-01
6.611840724945068359e-01
6.606803536415100098e-01
6.601739525794982910e-01
6.596645712852478027e-01
6.593354940414428711e-01
6.590123772621154785e-01
6.586879491806030273e-01
6.583626270294189453e-01
6.580377817153930664e-01
6.577118039131164551e-01
6.573861241340637207e-01
6.570606827735900879e-01
6.567357182502746582e-01
6.564118266105651855e-01
6.561231017112731934e-01
6.558828353881835938e-01
6.556435823440551758e-01
6.554052233695983887e-01
6.551676988601684570e-01
6.549310088157653809e-01
6.546946763992309570e-01
6.544586420059204102e-01
6.542226672172546387e-01
6.539866328239440918e-01
6.537501811981201172e-01
6.535212993621826172e-01
6.533027887344360352e-01
6.530833840370178223e-01
6.528632640838623047e-01
6.526420712471008301e-01
6.524201035499572754e-01
6.521971225738525391e-01
6.519731283187866211e-01
6.517484784126281738e-01
6.515230536460876465e-01
6.512972116470336914e-01
6.510710716247558594e-01
6.508106589317321777e-01
6.505494713783264160e-01
6.502877473831176758e-01
6.500273346900939941e-01
6.497669219970703125e-01
6.495082974433898926e-01
6.492499709129333496e-01
6.489938497543334961e-01
6.487383246421813965e-01
6.484853625297546387e-01
6.482332944869995117e-01
6.479839682579040527e-01
6.476881504058837891e-01
6.473928093910217285e-01
6.470993161201477051e-01
6.468085646629333496e-01
6.465188264846801758e-01
6.462306976318359375e-01
6.459454894065856934e-01
6.456612944602966309e-01
6.453788280487060547e-01
6.450982689857482910e-01
6.448203921318054199e-01
6.445434093475341797e-01
6.441301107406616211e-01
6.435510516166687012e-01
6.429736018180847168e-01
6.423979997634887695e-01
6.418238878250122070e-01
6.412527561187744141e-01
6.406825780868530273e-01
6.401146054267883301e-01
6.395491361618041992e-01
6.389861702919006348e-01
6.384271383285522461e-01
6.378703117370605469e-01
6.373171210289001465e-01
6.368380188941955566e-01
6.364922523498535156e-01
6.361533403396606445e-01
6.358199119567871094e-01
6.354950070381164551e-01
6.351776719093322754e-01
6.348714232444763184e-01
6.345757842063903809e-01
6.342949271202087402e-01
6.340293288230895996e-01
6.337843537330627441e-01
6.335620284080505371e-01
6.333698630332946777e-01
6.332129240036010742e-01
6.331483125686645508e-01
6.331712603569030762e-01
6.332736015319824219e-01
6.334856152534484863e-01
6.338554620742797852e-01
6.344699859619140625e-01
6.355059146881103516e-01
6.374537348747253418e-01
6.459957957267761230e-01
6.388784050941467285e-01
6.364974975585937500e-01
6.349267959594726562e-01
6.337774991989135742e-01
6.328945755958557129e-01
6.321856975555419922e-01
6.315687894821166992e-01
6.310555934906005859e-01
6.306208968162536621e-01
6.302493810653686523e-01
6.299259662628173828e-01
6.296425461769104004e-01
6.293895244598388672e-01
6.291596889495849609e-01
6.289496421813964844e-01
6.287532448768615723e-01
6.285690069198608398e-01
6.283923983573913574e-01
6.282234787940979004e-01
6.280589699745178223e-01
6.278964877128601074e-01
6.277289986610412598e-01
6.275650858879089355e-01
6.274024844169616699e-01
6.272413134574890137e-01
6.270823478698730469e-01
6.269256472587585449e-01
6.267704367637634277e-01
6.266170144081115723e-01
6.264661550521850586e-01
6.263188123703002930e-01
6.261734962463378906e-01
6.260314583778381348e-01
6.258937120437622070e-01
6.257588863372802734e-01
6.256280541419982910e-01
6.255141496658325195e-01
6.254554986953735352e-01
6.254003047943115234e-01
6.253506541252136230e-01
6.253049373626708984e-01
6.252651810646057129e-01
6.252294778823852539e-01
6.251997947692871094e-01
6.251745223999023438e-01
6.251553893089294434e-01
6.251407265663146973e-01
6.251321434974670410e-01
6.251282095909118652e-01
6.251293420791625977e-01
6.251363754272460938e-01
6.251475811004638672e-01
6.251643300056457520e-01
6.252077817916870117e-01
6.252804994583129883e-01
6.253576874732971191e-01
6.254380941390991211e-01
6.255217194557189941e-01
6.256092786788940430e-01
6.256986260414123535e-01
6.257905364036560059e-01
6.258852481842041016e-01
6.259806156158447266e-01
6.260774731636047363e-01
6.261749863624572754e-01
6.262738704681396484e-01
6.263719797134399414e-01
6.264697313308715820e-01
6.265672445297241211e-01
6.266628503799438477e-01
6.267570257186889648e-01
6.270378232002258301e-01
6.273519992828369141e-01
6.276624798774719238e-01
6.279691457748413086e-01
6.282719969749450684e-01
6.285696625709533691e-01
6.288638114929199219e-01
6.291533708572387695e-01
6.294381022453308105e-01
6.297184228897094727e-01
6.299939155578613281e-01
6.302648186683654785e-01
6.305300593376159668e-01
6.307918429374694824e-01
6.310492753982543945e-01
6.313024163246154785e-01
6.315518021583557129e-01
6.317975521087646484e-01
6.320522427558898926e-01
6.323500871658325195e-01
6.326461434364318848e-01
6.329395174980163574e-01
6.332311034202575684e-01
6.335216164588928223e-01
6.338112354278564453e-01
6.341005563735961914e-01
6.343899965286254883e-01
6.346797943115234375e-01
6.349706649780273438e-01
6.352627873420715332e-01
6.355568766593933105e-01
6.358529925346374512e-01
6.361518502235412598e-01
6.364542245864868164e-01
6.367592811584472656e-01
6.370679736137390137e-01
6.373803615570068359e-01
6.376971006393432617e-01
6.380914449691772461e-01
6.385529637336730957e-01
6.390191912651062012e-01
6.394901275634765625e-01
6.399659514427185059e-01
6.404466629028320312e-01
6.409322619438171387e-01
6.414226293563842773e-01
6.419179439544677734e-01
6.424179077148437500e-01
6.429223418235778809e-01
6.434313058853149414e-01
6.439443230628967285e-01
6.444613337516784668e-01
6.449820995330810547e-01
6.455055475234985352e-01
6.460329890251159668e-01
6.465632915496826172e-01
6.470961570739746094e-01
6.476312875747680664e-01
6.481682062149047852e-01
6.486732363700866699e-01
6.491646170616149902e-01
6.496578454971313477e-01
6.501506567001342773e-01
6.506446003913879395e-01
6.511373519897460938e-01
6.516304612159729004e-01
6.521217226982116699e-01
6.526126265525817871e-01
6.531008481979370117e-01
6.535879969596862793e-01
6.540718674659729004e-01
6.545540094375610352e-01
6.550322175025939941e-01
6.555079817771911621e-01
6.559790968894958496e-01
6.564474701881408691e-01
6.569106578826904297e-01
6.573706865310668945e-01
6.578250527381896973e-01
6.582759022712707520e-01
6.587207913398742676e-01
6.591356396675109863e-01
6.595293879508972168e-01
6.599175930023193359e-01
6.603005528450012207e-01
6.606793999671936035e-01
6.610522866249084473e-01
6.614202857017517090e-01
6.617839336395263672e-01
6.621420383453369141e-01
6.624951362609863281e-01
6.628445386886596680e-01
6.631883978843688965e-01
6.635278463363647461e-01
6.638638973236083984e-01
6.641951203346252441e-01
6.645225286483764648e-01
6.648469567298889160e-01
6.651674509048461914e-01
6.654853820800781250e-01
6.657998561859130859e-01
6.661114692687988281e-01
6.664216518402099609e-01
6.667288541793823242e-01
6.669982075691223145e-01
6.670113205909729004e-01
6.670219302177429199e-01
6.670308709144592285e-01
6.670380234718322754e-01
6.670436859130859375e-01
6.670480966567993164e-01
6.670517325401306152e-01
6.670544743537902832e-01
6.670567393302917480e-01
6.670587658882141113e-01
6.670607924461364746e-01
6.670629978179931641e-01
6.670657396316528320e-01
6.670691370964050293e-01
6.670733690261840820e-01
6.670779585838317871e-01
6.670845746994018555e-01
6.670926809310913086e-01
6.671025753021240234e-01
6.671141386032104492e-01
6.671275496482849121e-01
6.671434640884399414e-01
6.671612262725830078e-01
6.671813130378723145e-01
6.671990156173706055e-01
6.671844720840454102e-01
6.671730875968933105e-01
6.671649217605590820e-01
6.671599149703979492e-01
6.671582460403442383e-01
6.671599745750427246e-01
6.671650409698486328e-01
6.671735644340515137e-01
6.671854257583618164e-01
6.672007441520690918e-01
6.672194600105285645e-01
6.672407984733581543e-01
6.672662496566772461e-01
6.672949790954589844e-01
6.673270463943481445e-01
6.673623323440551758e-01
6.674005389213562012e-01
6.674418449401855469e-01
6.674860119819641113e-01
6.675329208374023438e-01
6.675825119018554688e-01
6.676348447799682617e-01
6.676894426345825195e-01
6.677463054656982422e-01
6.678055524826049805e-01
6.678666472434997559e-01
6.679372191429138184e-01
6.680173277854919434e-01
6.680997610092163086e-01
6.681821942329406738e-01
6.682664155960083008e-01
6.683508157730102539e-01
6.684363484382629395e-01
6.685213446617126465e-01
6.686076521873474121e-01
6.686928272247314453e-01
6.687777638435363770e-01
6.688629984855651855e-01
6.689471602439880371e-01
6.690309643745422363e-01
6.691129207611083984e-01
6.691946983337402344e-01
6.692739129066467285e-01
6.693522930145263672e-01
6.694278717041015625e-01
6.695022583007812500e-01
6.695734858512878418e-01
6.696431040763854980e-01
6.697092056274414062e-01
6.697731614112854004e-01
6.698332428932189941e-01
6.698908209800720215e-01
6.699441075325012207e-01
6.699945330619812012e-01
6.700400710105895996e-01
6.699639558792114258e-01
6.698799729347229004e-01
6.697919964790344238e-01
6.696990728378295898e-01
6.696025729179382324e-01
6.695016026496887207e-01
6.693959832191467285e-01
6.692847013473510742e-01
6.691692471504211426e-01
6.690486669540405273e-01
6.689227819442749023e-01
6.687914729118347168e-01
6.686537861824035645e-01
6.685112118721008301e-01
6.683627963066101074e-01
6.682084202766418457e-01
6.680480241775512695e-01
6.678806543350219727e-01
6.677078604698181152e-01
6.675287485122680664e-01
6.673431992530822754e-01
6.671503186225891113e-01
6.669517755508422852e-01
6.667464971542358398e-01
6.665344834327697754e-01
6.663157939910888672e-01
6.660897135734558105e-01
6.658574342727661133e-01
6.656183600425720215e-01
6.653727293014526367e-01
6.651280522346496582e-01
6.648885011672973633e-01
6.646416783332824707e-01
6.643886566162109375e-01
6.641288995742797852e-01
6.638620495796203613e-01
6.635890603065490723e-01
6.633087396621704102e-01
6.630231738090515137e-01
6.627308130264282227e-01
6.624314188957214355e-01
6.621266007423400879e-01
6.618162393569946289e-01
6.614992022514343262e-01
6.611766219139099121e-01
6.608481407165527344e-01
6.605144143104553223e-01
6.601759195327758789e-01
6.598308086395263672e-01
6.594821214675903320e-01
6.591286063194274902e-01
6.587690114974975586e-01
6.584063768386840820e-01
6.580380797386169434e-01
6.576671600341796875e-01
6.572917699813842773e-01
6.569126248359680176e-01
6.565302610397338867e-01
6.561453938484191895e-01
6.557568311691284180e-01
6.553656458854675293e-01
6.549720168113708496e-01
6.545762419700622559e-01
6.541057229042053223e-01
6.535894870758056641e-01
6.530714035034179688e-01
6.525527238845825195e-01
6.520321369171142578e-01
6.515105962753295898e-01
6.509883999824523926e-01
6.504666209220886230e-01
6.499438881874084473e-01
6.494214534759521484e-01
6.489001512527465820e-01
6.483796238899230957e-01
6.478591561317443848e-01
6.473408937454223633e-01
6.468233466148376465e-01
6.463075876235961914e-01
6.457947492599487305e-01
6.452841758728027344e-01
6.447762846946716309e-01
6.442697644233703613e-01
6.437679529190063477e-01
6.432695388793945312e-01
6.427739858627319336e-01
6.422831416130065918e-01
6.417959928512573242e-01
6.413137912750244141e-01
6.408355236053466797e-01
6.403629183769226074e-01
6.398954987525939941e-01
6.394320726394653320e-01
6.389756202697753906e-01
6.385248899459838867e-01
6.380802392959594727e-01
6.376408338546752930e-01
6.372084617614746094e-01
6.368073225021362305e-01
6.364685297012329102e-01
6.361360549926757812e-01
6.358119249343872070e-01
6.354952454566955566e-01
6.351864337921142578e-01
6.348853707313537598e-01
6.345912814140319824e-01
6.343061923980712891e-01
6.340291500091552734e-01
6.337603330612182617e-01
6.334997415542602539e-01
6.332466602325439453e-01
6.330027580261230469e-01
6.327673196792602539e-01
6.325402259826660156e-01
6.323217749595642090e-01
6.321107149124145508e-01
6.319091916084289551e-01
6.317159533500671387e-01
6.315312981605529785e-01
6.313548684120178223e-01
6.311860680580139160e-01
6.310263276100158691e-01
6.308749318122863770e-01
6.307315826416015625e-01
6.305964589118957520e-01
6.304683089256286621e-01
6.303490400314331055e-01
6.302374005317687988e-01
6.301335692405700684e-01
6.300371289253234863e-01
6.299473643302917480e-01
6.298655271530151367e-01
6.297909617424011230e-01
6.297231316566467285e-01
6.296604871749877930e-01
6.296059489250183105e-01
6.295316815376281738e-01
6.293267011642456055e-01
6.291288733482360840e-01
6.289390325546264648e-01
6.287541985511779785e-01
6.285769939422607422e-01
6.284062862396240234e-01
6.286026239395141602e-01
6.284487247467041016e-01
6.282993555068969727e-01
6.281564831733703613e-01
6.280186772346496582e-01
6.278865933418273926e-01
6.277582645416259766e-01
6.276344060897827148e-01
6.275134086608886719e-01
6.273974776268005371e-01
6.272851228713989258e-01
6.271761655807495117e-01
6.270701289176940918e-01
6.269669532775878906e-01
6.268656849861145020e-01
6.267670989036560059e-01
6.266704201698303223e-01
6.265752911567687988e-01
6.264815330505371094e-01
6.263874173164367676e-01
6.262953281402587891e-01
6.262036561965942383e-01
6.261107325553894043e-01
6.260196566581726074e-01
6.259272694587707520e-01
6.258328557014465332e-01
6.257385015487670898e-01
6.256427168846130371e-01
6.255440115928649902e-01
6.254443526268005371e-01
6.253424882888793945e-01
6.252366900444030762e-01
6.251300573348999023e-01
6.250192523002624512e-01
6.249036788940429688e-01
6.249305009841918945e-01
6.249816417694091797e-01
6.250261664390563965e-01
6.250655651092529297e-01
6.250982284545898438e-01
6.251233816146850586e-01
6.251422166824340820e-01
6.251539587974548340e-01
6.251568794250488281e-01
6.251531243324279785e-01
6.251409053802490234e-01
6.251196861267089844e-01
6.250903010368347168e-01
6.250522732734680176e-01
6.250041127204895020e-01
6.249476075172424316e-01
6.248804926872253418e-01
6.248044967651367188e-01
6.247176527976989746e-01
6.246215105056762695e-01
6.245141625404357910e-01
6.243970394134521484e-01
6.242688894271850586e-01
6.241303682327270508e-01
6.239806413650512695e-01
6.238191127777099609e-01
6.236469745635986328e-01
6.234629154205322266e-01
6.232678890228271484e-01
6.230607628822326660e-01
6.228424906730651855e-01
6.226121187210083008e-01
6.223703622817993164e-01
6.221163868904113770e-01
6.218508481979370117e-01
6.215732097625732422e-01
6.212838292121887207e-01
6.209823489189147949e-01
6.206691265106201172e-01
6.203438639640808105e-01
6.200067996978759766e-01
6.196578145027160645e-01
6.192970275878906250e-01
6.189245581626892090e-01
6.185402870178222656e-01
6.181446909904479980e-01
6.177374720573425293e-01
6.173189282417297363e-01
6.168888807296752930e-01
6.164477467536926270e-01
6.159952282905578613e-01
6.155322790145874023e-01
6.150571107864379883e-01
6.145721077919006348e-01
6.140761375427246094e-01
6.135697960853576660e-01
6.130538582801818848e-01
6.125263571739196777e-01
6.119905114173889160e-01
6.114432811737060547e-01
6.108873486518859863e-01
6.103227138519287109e-01
6.097475886344909668e-01
6.091649532318115234e-01
6.085719466209411621e-01
6.079721450805664062e-01
6.073635220527648926e-01
6.067459583282470703e-01
6.061221957206726074e-01
6.054891347885131836e-01
6.048505306243896484e-01
6.042045354843139648e-01
6.035510301589965820e-01
6.028916239738464355e-01
6.022247672080993652e-01
6.015537381172180176e-01
6.008765697479248047e-01
6.001931428909301758e-01
5.995051264762878418e-01
5.988116264343261719e-01
5.981142520904541016e-01
5.974123477935791016e-01
5.967056751251220703e-01
5.959957838058471680e-01
5.952829718589782715e-01
5.945650935173034668e-01
5.938459038734436035e-01
5.931232571601867676e-01
5.923981070518493652e-01
5.916702151298522949e-01
5.909407138824462891e-01
5.902100801467895508e-01
5.894759893417358398e-01
5.887424945831298828e-01
5.881004333496093750e-01
5.874666571617126465e-01
5.868318676948547363e-01
5.861978530883789062e-01
5.855646133422851562e-01
5.849300026893615723e-01
5.842975974082946777e-01
5.836654305458068848e-01
5.830336809158325195e-01
5.824036002159118652e-01
5.817754268646240234e-01
5.811478495597839355e-01
5.805214643478393555e-01
5.798973441123962402e-01
5.792756676673889160e-01
5.786542892456054688e-01
5.780364274978637695e-01
5.774203538894653320e-01
5.768072009086608887e-01
5.761947035789489746e-01
5.755864381790161133e-01
5.749798417091369629e-01
5.743756890296936035e-01
5.737746357917785645e-01
5.731768608093261719e-01
5.725818872451782227e-01
5.719881057739257812e-01
5.713989138603210449e-01
5.708119869232177734e-01
5.702285766601562500e-01
5.696474909782409668e-01
5.690691471099853516e-01
5.684940814971923828e-01
5.679227113723754883e-01
5.673536062240600586e-01
5.667881965637207031e-01
5.662242770195007324e-01
5.656648874282836914e-01
5.651078224182128906e-01
5.645543336868286133e-01
5.640031695365905762e-01
5.634554624557495117e-01
5.629094839096069336e-01
5.623677372932434082e-01
5.618281960487365723e-01
5.612918734550476074e-01
5.607579946517944336e-01
5.602268576622009277e-01
5.596984624862670898e-01
5.591734051704406738e-01
5.586501955986022949e-01
5.581305027008056641e-01
5.576121807098388672e-01
5.571044087409973145e-01
5.566214919090270996e-01
5.561411380767822266e-01
5.556634068489074707e-01
5.551868081092834473e-01
5.547139644622802734e-01
5.542436242103576660e-01
5.537757277488708496e-01
5.533102154731750488e-01
5.528464317321777344e-01
5.523850321769714355e-01
5.519266128540039062e-01
5.514704585075378418e-01
5.510165691375732422e-01
5.505642294883728027e-01
5.501146912574768066e-01
5.496675372123718262e-01
5.492225289344787598e-01
5.487797856330871582e-01
5.483387708663940430e-01
5.478994250297546387e-01
5.474631190299987793e-01
5.470288991928100586e-01
5.465967655181884766e-01
5.461667776107788086e-01
5.457381010055541992e-01
5.453121066093444824e-01
5.448882579803466797e-01
5.444662570953369141e-01
5.440465807914733887e-01
5.436282157897949219e-01
5.432124137878417969e-01
5.427987575531005859e-01
5.423871874809265137e-01
5.419775843620300293e-01
5.415699481964111328e-01
5.411635041236877441e-01
5.407596230506896973e-01
5.403579473495483398e-01
5.399582982063293457e-01
5.395605564117431641e-01
5.391641259193420410e-01
5.387701392173767090e-01
5.383782386779785156e-01
5.379883050918579102e-01
5.376002192497253418e-01
5.372132062911987305e-01
5.368288159370422363e-01
5.364463925361633301e-01
5.360659360885620117e-01
5.356872677803039551e-01
5.353097915649414062e-01
5.349346399307250977e-01
5.345614552497863770e-01
5.341901183128356934e-01
5.338205099105834961e-01
5.334526300430297852e-01
5.330858230590820312e-01
5.327212214469909668e-01
5.323665738105773926e-01
5.320469737052917480e-01
5.317291617393493652e-01
5.314128398895263672e-01
5.310982465744018555e-01
5.307852625846862793e-01
5.304735898971557617e-01
5.301635861396789551e-01
5.298548340797424316e-01
5.295469760894775391e-01
5.292409658432006836e-01
5.289364457130432129e-01
5.286330580711364746e-01
5.283311605453491211e-01
5.280302166938781738e-01
5.277305841445922852e-01
5.274319052696228027e-01
5.271344184875488281e-01
5.268377661705017090e-01
5.265415310859680176e-01
5.262466669082641602e-01
5.259528756141662598e-01
5.256596803665161133e-01
5.253673791885375977e-01
5.250757932662963867e-01
5.247846245765686035e-01
5.244662761688232422e-01
5.241461396217346191e-01
5.238257050514221191e-01
5.235056877136230469e-01
5.231866836547851562e-01
5.228672623634338379e-01
5.225480198860168457e-01
5.222296714782714844e-01
5.219107270240783691e-01
5.215917825698852539e-01
5.212728977203369141e-01
5.209546685218811035e-01
5.206356048583984375e-01
5.203164219856262207e-01
5.199976563453674316e-01
5.196780562400817871e-01
5.193580389022827148e-01
5.190384387969970703e-01
5.187178254127502441e-01
5.183966755867004395e-01
5.180758237838745117e-01
5.177537202835083008e-01
5.174310803413391113e-01
5.171085596084594727e-01
5.167847275733947754e-01
5.164602994918823242e-01
5.161803960800170898e-01
5.159373283386230469e-01
5.156936049461364746e-01
5.154491662979125977e-01
5.152047276496887207e-01
5.149588584899902344e-01
5.147122144699096680e-01
5.144652128219604492e-01
5.142171382904052734e-01
5.139690041542053223e-01
5.137194991111755371e-01
5.134692788124084473e-01
5.132183432579040527e-01
5.129674077033996582e-01
5.127151012420654297e-01
5.124621987342834473e-01
5.122086405754089355e-01
5.119544863700866699e-01
5.117005109786987305e-01
5.114452242851257324e-01
5.111895203590393066e-01
5.109333395957946777e-01
5.106774568557739258e-01
5.104205012321472168e-01
5.101631879806518555e-01
5.099056363105773926e-01
5.096483230590820312e-01
5.093907117843627930e-01
5.091276764869689941e-01
5.088646411895751953e-01
5.086023211479187012e-01
5.083393454551696777e-01
5.080767273902893066e-01
5.078141093254089355e-01
5.075517296791076660e-01
5.072904229164123535e-01
5.070288181304931641e-01
5.067675709724426270e-01
5.065069198608398438e-01
5.062475800514221191e-01
5.059881210327148438e-01
5.057302117347717285e-01
5.054722428321838379e-01
5.052159428596496582e-01
5.049597620964050293e-01
5.047045946121215820e-01
5.044505000114440918e-01
5.041981935501098633e-01
5.039464235305786133e-01
5.036960244178771973e-01
5.034468173980712891e-01
5.031996965408325195e-01
5.029532313346862793e-01
5.027083158493041992e-01
5.024648904800415039e-01
5.022245049476623535e-01
5.020093917846679688e-01
5.018354654312133789e-01
5.016642808914184570e-01
5.014941692352294922e-01
5.013272166252136230e-01
5.011615753173828125e-01
5.009981393814086914e-01
5.008377432823181152e-01
5.006793737411499023e-01
5.005233287811279297e-01
5.003691315650939941e-01
5.002173185348510742e-01
5.000687241554260254e-01
4.999217987060546875e-01
4.997773766517639160e-01
4.996360540390014648e-01
4.994966983795166016e-01
4.993607401847839355e-01
4.992270469665527344e-01
4.990955293178558350e-01
4.989674389362335205e-01
4.988410174846649170e-01
4.987182915210723877e-01
4.985975027084350586e-01
4.984794259071350098e-01
4.983649253845214844e-01
4.982523322105407715e-01
4.981434941291809082e-01
4.980364739894866943e-01
4.979321956634521484e-01
4.978328347206115723e-01
4.977379143238067627e-01
4.976457357406616211e-01
4.975564777851104736e-01
4.974696636199951172e-01
4.973855614662170410e-01
4.973044693470001221e-01
4.972251951694488525e-01
4.971491694450378418e-01
4.970758557319641113e-01
4.970054328441619873e-01
4.969374537467956543e-01
4.968721568584442139e-01
4.968097805976867676e-01
4.967499971389770508e-01
4.966926276683807373e-01
4.966373741626739502e-01
4.965852797031402588e-01
4.965358078479766846e-01
4.964889287948608398e-01
4.964449107646942139e-01
4.964033365249633789e-01
4.963642060756683350e-01
4.963278770446777344e-01
4.962938427925109863e-01
4.962623119354248047e-01
4.962327480316162109e-01
4.962062537670135498e-01
4.961822926998138428e-01
4.961609840393066406e-01
4.961418807506561279e-01
4.961351156234741211e-01
4.961903393268585205e-01
4.962482154369354248e-01
4.963081479072570801e-01
4.963712096214294434e-01
4.964359998703002930e-01
4.965027868747711182e-01
4.965718388557434082e-01
4.966433942317962646e-01
4.967177212238311768e-01
4.967934191226959229e-01
4.968714416027069092e-01
4.969514310359954834e-01
4.970335364341735840e-01
4.971188604831695557e-01
4.972051382064819336e-01
4.972937703132629395e-01
4.972853958606719971e-01
4.972727596759796143e-01
4.972617924213409424e-01
4.972517490386962891e-01
4.972420334815979004e-01
4.972343444824218750e-01
4.972278177738189697e-01
4.972218275070190430e-01
4.972173273563385010e-01
4.972140789031982422e-01
4.972110390663146973e-01
4.972098767757415771e-01
4.972100555896759033e-01
4.972109496593475342e-01
4.972116649150848389e-01
4.972144365310668945e-01
4.972280263900756836e-01
4.972602128982543945e-01
4.972921907901763916e-01
4.973246157169342041e-01
4.973565042018890381e-01
4.973887205123901367e-01
4.974204301834106445e-01
4.974526762962341309e-01
4.974852204322814941e-01
4.975173473358154297e-01
4.975494146347045898e-01
4.975813329219818115e-01
4.976125657558441162e-01
4.976441264152526855e-01
4.976758658885955811e-01
4.977070093154907227e-01
4.977375268936157227e-01
4.975475370883941650e-01
4.970351457595825195e-01
4.965192973613739014e-01
4.959981739521026611e-01
4.954735040664672852e-01
4.949434697628021240e-01
4.944098293781280518e-01
4.938716590404510498e-01
4.933280050754547119e-01
4.927806258201599121e-01
4.922277033329010010e-01
4.916705787181854248e-01
4.911091625690460205e-01
4.905424714088439941e-01
4.899714887142181396e-01
4.893947541713714600e-01
4.888140857219696045e-01
4.882169365882873535e-01
4.874079823493957520e-01
4.865968823432922363e-01
4.857817888259887695e-01
4.849622249603271484e-01
4.841405153274536133e-01
4.833134114742279053e-01
4.824841320514678955e-01
4.816508293151855469e-01
4.808143973350524902e-01
4.799744188785552979e-01
4.791299700736999512e-01
4.782828092575073242e-01
4.774311482906341553e-01
4.765773713588714600e-01
4.757185280323028564e-01
4.748570621013641357e-01
4.739919602870941162e-01
4.731070101261138916e-01
4.721761345863342285e-01
4.712456762790679932e-01
4.703127741813659668e-01
4.693792462348937988e-01
4.684453010559082031e-01
4.675100743770599365e-01
4.665742218494415283e-01
4.656365811824798584e-01
4.646983742713928223e-01
4.637604951858520508e-01
4.628202617168426514e-01
4.618800878524780273e-01
4.609391391277313232e-01
4.599964916706085205e-01
4.590539932250976562e-01
4.581098854541778564e-01
4.571665525436401367e-01
4.562343358993530273e-01
4.555586278438568115e-01
4.548832476139068604e-01
4.542088806629180908e-01
4.535370171070098877e-01
4.528653025627136230e-01
4.521940052509307861e-01
4.515236914157867432e-01
4.508551657199859619e-01
4.501869976520538330e-01
4.495206475257873535e-01
4.488547444343566895e-01
4.481905996799468994e-01
4.475269317626953125e-01
4.468643963336944580e-01
4.462037682533264160e-01
4.455451965332031250e-01
4.448862671852111816e-01
4.442284703254699707e-01
4.435719847679138184e-01
4.429174661636352539e-01
4.422641992568969727e-01
4.416114985942840576e-01
4.409600496292114258e-01
4.403106868267059326e-01
4.396619200706481934e-01
4.390152692794799805e-01
4.383692443370819092e-01
4.377244710922241211e-01
4.370828270912170410e-01
4.364409744739532471e-01
4.358012974262237549e-01
4.351630806922912598e-01
4.345246851444244385e-01
4.338894188404083252e-01
4.332556128501892090e-01
4.326226115226745605e-01
4.319918751716613770e-01
4.314119219779968262e-01
4.309866130352020264e-01
4.305638074874877930e-01
4.301412105560302734e-01
4.297220408916473389e-01
4.293030202388763428e-01
4.288867712020874023e-01
4.284722805023193359e-01
4.280597567558288574e-01
4.276490509510040283e-01
4.272391796112060547e-01
4.268322288990020752e-01
4.264271855354309082e-01
4.260248243808746338e-01
4.256227612495422363e-01
4.252231717109680176e-01
4.248257577419281006e-01
4.244302511215209961e-01
4.240367710590362549e-01
4.236451983451843262e-01
4.232555627822875977e-01
4.228668510913848877e-01
4.224811792373657227e-01
4.220975339412689209e-01
4.217166900634765625e-01
4.213362336158752441e-01
4.209583103656768799e-01
4.205827116966247559e-01
4.202091395854949951e-01
4.198377132415771484e-01
4.194682538509368896e-01
4.190997183322906494e-01
4.187352657318115234e-01
4.183712899684906006e-01
4.180101752281188965e-01
4.176520407199859619e-01
4.172932207584381104e-01
4.169393479824066162e-01
4.165867567062377930e-01
4.162363409996032715e-01
4.158307909965515137e-01
4.153748154640197754e-01
4.149196445941925049e-01
4.144662022590637207e-01
4.140154421329498291e-01
4.135642349720001221e-01
4.131170511245727539e-01
4.126707315444946289e-01
4.122262001037597656e-01
4.117844402790069580e-01
4.113422632217407227e-01
4.109041988849639893e-01
4.104678630828857422e-01
4.100326299667358398e-01
4.096002280712127686e-01
4.091674983501434326e-01
4.087389409542083740e-01
4.083114564418792725e-01
4.078859388828277588e-01
4.074633419513702393e-01
4.070403873920440674e-01
4.066217839717864990e-01
4.062043428421020508e-01
4.057888984680175781e-01
4.053765237331390381e-01
4.049638211727142334e-01
4.045555889606475830e-01
4.041485786437988281e-01
4.037436544895172119e-01
4.033425748348236084e-01
4.029405117034912109e-01
4.025430977344512939e-01
4.021469354629516602e-01
4.017539620399475098e-01
4.013623297214508057e-01
4.009713530540466309e-01
4.005852043628692627e-01
4.002003967761993408e-01
3.998189270496368408e-01
3.994387388229370117e-01
3.990593850612640381e-01
3.986849188804626465e-01
3.983214795589447021e-01
3.979662954807281494e-01
3.976130187511444092e-01
3.972610235214233398e-01
3.969146013259887695e-01
3.965702354907989502e-01
3.962298631668090820e-01
3.958914279937744141e-01
3.955554068088531494e-01
3.952231407165527344e-01
3.948949575424194336e-01
3.945689201354980469e-01
3.942469954490661621e-01
3.939254283905029297e-01
3.936097621917724609e-01
3.932963907718658447e-01
3.929872810840606689e-01
3.926803171634674072e-01
3.923748433589935303e-01
3.920754492282867432e-01
3.917784094810485840e-01
3.914857506752014160e-01
3.911953568458557129e-01
3.909074962139129639e-01
3.906240165233612061e-01
3.903449177742004395e-01
3.900682628154754639e-01
3.897961080074310303e-01
3.895244896411895752e-01
3.892594277858734131e-01
3.889968693256378174e-01
3.887389004230499268e-01
3.884835243225097656e-01
3.882308602333068848e-01
3.879828155040740967e-01
3.877384066581726074e-01
3.874987959861755371e-01
3.872618973255157471e-01
3.870276808738708496e-01
3.867983520030975342e-01
3.865738511085510254e-01
3.863521516323089600e-01
3.861354291439056396e-01
3.859189152717590332e-01
3.857179284095764160e-01
3.855275511741638184e-01
3.853408396244049072e-01
3.851597607135772705e-01
3.849805593490600586e-01
3.848077654838562012e-01
3.846406936645507812e-01
3.844773769378662109e-01
3.843195140361785889e-01
3.841668367385864258e-01
3.840155899524688721e-01
3.838721811771392822e-01
3.837330937385559082e-01
3.836000561714172363e-01
3.834719061851501465e-01
3.833448588848114014e-01
3.832268416881561279e-01
3.831138610839843750e-01
3.830048739910125732e-01
3.829017579555511475e-01
3.828006088733673096e-01
3.827082216739654541e-01
3.826211392879486084e-01
3.825378119945526123e-01
3.824613094329833984e-01
3.823863863945007324e-01
3.823206126689910889e-01
3.822598159313201904e-01
3.822037875652313232e-01
3.821543455123901367e-01
3.821066021919250488e-01
3.820679187774658203e-01
3.820350766181945801e-01
3.820068836212158203e-01
3.819853365421295166e-01
3.819664418697357178e-01
3.819552659988403320e-01
3.819509446620941162e-01
3.819513618946075439e-01
3.819584548473358154e-01
3.819717764854431152e-01
3.819869458675384521e-01
3.820120692253112793e-01
3.820418715476989746e-01
3.820790648460388184e-01
3.821224272251129150e-01
3.821716606616973877e-01
3.822823762893676758e-01
3.823994100093841553e-01
3.825244009494781494e-01
3.826545476913452148e-01
3.827894628047943115e-01
3.829330801963806152e-01
3.830842375755310059e-01
3.832413554191589355e-01
3.834048509597778320e-01
3.835732042789459229e-01
3.837504982948303223e-01
3.839356899261474609e-01
3.841267824172973633e-01
3.843256831169128418e-01
3.845306336879730225e-01
3.847389519214630127e-01
3.849591016769409180e-01
3.851851224899291992e-01
3.854191601276397705e-01
3.856593668460845947e-01
3.859031200408935547e-01
3.861588835716247559e-01
3.864206671714782715e-01
3.866907656192779541e-01
3.869671821594238281e-01
3.872518539428710938e-01
3.875392377376556396e-01
3.878377079963684082e-01
3.881446421146392822e-01
3.884579539299011230e-01
3.887799084186553955e-01
3.891043365001678467e-01
3.894413709640502930e-01
3.897848427295684814e-01
3.901358842849731445e-01
3.904957473278045654e-01
3.908621370792388916e-01
3.912333846092224121e-01
3.916150629520416260e-01
3.920046687126159668e-01
3.924031555652618408e-01
3.928082585334777832e-01
3.932182788848876953e-01
3.936390578746795654e-01
3.940688073635101318e-01
3.945055305957794189e-01
3.949500322341918945e-01
3.954035937786102295e-01
3.958597481250762939e-01
3.964087963104248047e-01
3.969785571098327637e-01
3.975553810596466064e-01
3.981380760669708252e-01
3.987244367599487305e-01
3.993221521377563477e-01
3.999259471893310547e-01
4.005375504493713379e-01
4.011562764644622803e-01
4.017807841300964355e-01
4.024088382720947266e-01
4.030481576919555664e-01
4.036934375762939453e-01
4.043466448783874512e-01
4.050057828426361084e-01
4.056724905967712402e-01
4.063414037227630615e-01
4.070208668708801270e-01
4.077080786228179932e-01
4.084019362926483154e-01
4.091013371944427490e-01
4.098084270954132080e-01
4.105174541473388672e-01
4.112368226051330566e-01
4.119636118412017822e-01
4.126966893672943115e-01
4.134355187416076660e-01
4.141815900802612305e-01
4.149278700351715088e-01
4.156863689422607422e-01
4.164510369300842285e-01
4.172210395336151123e-01
4.179979264736175537e-01
4.187807440757751465e-01
4.195634424686431885e-01
4.203578829765319824e-01
4.211585521697998047e-01
4.219635725021362305e-01
4.227750003337860107e-01
4.235921502113342285e-01
4.244084954261779785e-01
4.252364933490753174e-01
4.260685145854949951e-01
4.269064068794250488e-01
4.277493953704833984e-01
4.285963475704193115e-01
4.294440150260925293e-01
4.303013384342193604e-01
4.311621189117431641e-01
4.320281744003295898e-01
4.328985512256622314e-01
4.337724745273590088e-01
4.346459805965423584e-01
4.355278909206390381e-01
4.364136457443237305e-01
4.373029470443725586e-01
4.381948411464691162e-01
4.390893578529357910e-01
4.399812519550323486e-01
4.408822953701019287e-01
4.417845606803894043e-01
4.426892995834350586e-01
4.435957670211791992e-01
4.445046186447143555e-01
4.454095363616943359e-01
4.463208317756652832e-01
4.472341239452362061e-01
4.481475353240966797e-01
4.490616023540496826e-01
4.499767720699310303e-01
4.508923590183258057e-01
4.518020153045654297e-01
4.527171552181243896e-01
4.536320567131042480e-01
4.545459449291229248e-01
4.554585218429565430e-01
4.563696980476379395e-01
4.572804868221282959e-01
4.581833183765411377e-01
4.590896070003509521e-01
4.599934816360473633e-01
4.608941376209259033e-01
4.617922604084014893e-01
4.626866579055786133e-01
4.635783135890960693e-01
4.644601643085479736e-01
4.653426110744476318e-01
4.662213027477264404e-01
4.670941829681396484e-01
4.679619967937469482e-01
4.688237309455871582e-01
4.696798622608184814e-01
4.705249965190887451e-01
4.713675677776336670e-01
4.722033739089965820e-01
4.730314612388610840e-01
4.738513529300689697e-01
4.746631681919097900e-01
4.754661619663238525e-01
4.762554466724395752e-01
4.770399630069732666e-01
4.778138995170593262e-01
4.785781502723693848e-01
4.793309271335601807e-01
4.800723195075988770e-01
4.808025956153869629e-01
4.815166294574737549e-01
4.822217226028442383e-01
4.829139411449432373e-01
4.835931062698364258e-01
4.842586219310760498e-01
4.849105477333068848e-01
4.855476319789886475e-01
4.861668646335601807e-01
4.867734909057617188e-01
4.873643815517425537e-01
4.879390597343444824e-01
4.884963929653167725e-01
4.890364110469818115e-01
4.895585775375366211e-01
4.900600612163543701e-01
4.905450344085693359e-01
4.910107553005218506e-01
4.914563596248626709e-01
4.918815195560455322e-01
4.922857582569122314e-01
4.926686584949493408e-01
4.930287003517150879e-01
4.933674335479736328e-01
4.936833381652832031e-01
4.939758777618408203e-01
4.942445456981658936e-01
4.944888949394226074e-01
4.947085976600646973e-01
4.949029386043548584e-01
4.950715005397796631e-01
4.952141344547271729e-01
4.953301250934600830e-01
4.954190552234649658e-01
4.954803586006164551e-01
4.955137073993682861e-01
4.955188333988189697e-01
4.954950809478759766e-01
4.954421520233154297e-01
4.953597784042358398e-01
4.952492713928222656e-01
4.951067268848419189e-01
4.949336946010589600e-01
4.947294890880584717e-01
4.944938719272613525e-01
4.942267537117004395e-01
4.939278364181518555e-01
4.935965538024902344e-01
4.932362735271453857e-01
4.928401410579681396e-01
4.924106895923614502e-01
4.919481575489044189e-01
4.914524555206298828e-01
4.909231066703796387e-01
4.903598725795745850e-01
4.897625446319580078e-01
4.891316890716552734e-01
4.884717762470245361e-01
4.877727329730987549e-01
4.870393872261047363e-01
4.862717390060424805e-01
4.854669868946075439e-01
4.846278429031372070e-01
4.837548732757568359e-01
4.828477501869201660e-01
4.819068312644958496e-01
4.809395074844360352e-01
4.799314737319946289e-01
4.788902699947357178e-01
4.778155684471130371e-01
4.767079055309295654e-01
4.755669832229614258e-01
4.743939340114593506e-01
4.731886982917785645e-01
4.719601571559906006e-01
4.706912338733673096e-01
4.693910479545593262e-01
4.680599570274353027e-01
4.666981697082519531e-01
4.653063118457794189e-01
4.638845026493072510e-01
4.624325335025787354e-01
4.609524607658386230e-01
4.594545066356658936e-01
4.579182565212249756e-01
4.563544392585754395e-01
4.547638893127441406e-01
4.531468451023101807e-01
4.515038728713989258e-01
4.498358368873596191e-01
4.481433331966400146e-01
4.464266598224639893e-01
4.446856081485748291e-01
4.429225027561187744e-01
4.411374032497406006e-01
4.393428862094879150e-01
4.375156462192535400e-01
4.356681406497955322e-01
4.338010549545288086e-01
4.319153726100921631e-01
4.300114810466766357e-01
4.280902445316314697e-01
4.261510968208312988e-01
4.241971373558044434e-01
4.222281575202941895e-01
4.202442169189453125e-01
4.182467162609100342e-01
4.162493050098419189e-01
4.142265617847442627e-01
4.121921062469482422e-01
4.101466834545135498e-01
4.080909788608551025e-01
4.060250520706176758e-01
4.039509892463684082e-01
4.018695354461669922e-01
3.997803628444671631e-01
3.976845443248748779e-01
3.955830931663513184e-01
3.934763967990875244e-01
3.913789093494415283e-01
3.892641365528106689e-01
3.871458768844604492e-01
3.850254118442535400e-01
3.828889429569244385e-01
3.807228505611419678e-01
3.785561323165893555e-01
3.763914704322814941e-01
3.742279708385467529e-01
3.720669746398925781e-01
3.699087500572204590e-01
3.677538037300109863e-01
3.656157255172729492e-01
3.634699285030364990e-01
3.613291680812835693e-01
3.591940402984619141e-01
3.570656180381774902e-01
3.549442291259765625e-01
3.528287708759307861e-01
3.507227599620819092e-01
3.486252129077911377e-01
3.465362489223480225e-01
3.444569706916809082e-01
3.423875570297241211e-01
3.403404355049133301e-01
3.382917344570159912e-01
3.362542688846588135e-01
3.342284560203552246e-01
3.322141468524932861e-01
3.302123546600341797e-01
3.282220959663391113e-01
3.262454271316528320e-01
3.242822289466857910e-01
3.223325014114379883e-01
3.203962147235870361e-01
3.184742629528045654e-01
3.165657818317413330e-01
3.146726191043853760e-01
3.127928972244262695e-01
3.109294176101684570e-01
3.090810775756835938e-01
3.072478175163269043e-01
3.054292798042297363e-01
3.036386966705322266e-01
3.018523454666137695e-01
3.000820875167846680e-01
2.983278930187225342e-01
2.965900301933288574e-01
2.948671877384185791e-01
2.931617796421051025e-01
2.914729416370391846e-01
2.898003756999969482e-01
2.881445586681365967e-01
2.865054011344909668e-01
2.848818898200988770e-01
2.832761704921722412e-01
2.816871106624603271e-01
2.801145911216735840e-01
2.785590589046478271e-01
2.770203351974487305e-01
2.754983007907867432e-01
2.739920318126678467e-01
2.725035250186920166e-01
2.710316181182861328e-01
2.695851922035217285e-01
2.681465446949005127e-01
2.667244076728820801e-01
2.653179168701171875e-01
2.639288604259490967e-01
2.625561356544494629e-01
2.611998021602630615e-01
2.599060535430908203e-01
2.586522102355957031e-01
2.574158310890197754e-01
2.561939656734466553e-01
2.549900412559509277e-01
2.538032233715057373e-01
2.526319622993469238e-01
2.514776289463043213e-01
2.503387928009033203e-01
2.492157071828842163e-01
2.481092661619186401e-01
2.470178753137588501e-01
2.459426820278167725e-01
2.448890805244445801e-01
2.438426166772842407e-01
2.428132295608520508e-01
2.417981475591659546e-01
2.407987415790557861e-01
2.398135364055633545e-01
2.388429045677185059e-01
2.378874272108078003e-01
2.369457930326461792e-01
2.360188961029052734e-01
2.351055294275283813e-01
2.342055290937423706e-01
2.333200871944427490e-01
2.324483096599578857e-01
2.315907031297683716e-01
2.307461202144622803e-01
2.299152016639709473e-01
2.290970534086227417e-01
2.282920628786087036e-01
2.275003045797348022e-01
2.267210483551025391e-01
2.259536087512969971e-01
2.251995652914047241e-01
2.244578897953033447e-01
2.237289994955062866e-01
2.230119109153747559e-01
2.223071902990341187e-01
2.216140776872634888e-01
2.209331840276718140e-01
2.202635258436203003e-01
2.196055054664611816e-01
2.189580649137496948e-01
2.183228731155395508e-01
2.176992446184158325e-01
2.170864045619964600e-01
2.164845913648605347e-01
2.158939689397811890e-01
2.153138518333435059e-01
2.147447764873504639e-01
2.141858786344528198e-01
2.136375010013580322e-01
2.130985260009765625e-01
2.125707566738128662e-01
2.120535373687744141e-01
2.115460485219955444e-01
2.110485732555389404e-01
2.105612158775329590e-01
2.100833803415298462e-01
2.096155732870101929e-01
2.091570049524307251e-01
2.087083011865615845e-01
2.082674056291580200e-01
2.078371047973632812e-01
2.074164152145385742e-01
2.070045769214630127e-01
2.066021412611007690e-01
2.062083780765533447e-01
2.058235704898834229e-01
2.054866999387741089e-01
2.052141577005386353e-01
2.049504965543746948e-01
2.046950459480285645e-01
2.044493108987808228e-01
2.042106389999389648e-01
2.039802670478820801e-01
2.037581056356430054e-01
2.035441398620605469e-01
2.033396065235137939e-01
2.031418085098266602e-01
2.029519826173782349e-01
2.027701288461685181e-01
2.025961577892303467e-01
2.024313211441040039e-01
2.022729665040969849e-01
2.021223604679107666e-01
2.019794136285781860e-01
2.018441259860992432e-01
2.017177492380142212e-01
2.015976011753082275e-01
2.014849632978439331e-01
2.013797909021377563e-01
2.012820541858673096e-01
2.011930048465728760e-01
2.011099904775619507e-01
2.010343074798583984e-01
2.009658962488174438e-01
2.009047120809555054e-01
2.008520513772964478e-01
2.008054852485656738e-01
2.007658481597900391e-01
2.007333338260650635e-01
2.007079124450683594e-01
2.006895691156387329e-01
2.006795704364776611e-01
2.006748020648956299e-01
2.006775587797164917e-01
2.006872892379760742e-01
2.007039487361907959e-01
2.007288932800292969e-01
2.007594108581542969e-01
2.007968276739120483e-01
2.008411139249801636e-01
2.008922994136810303e-01
2.009516358375549316e-01
2.010164856910705566e-01
2.010881900787353516e-01
2.011666744947433472e-01
2.012519687414169312e-01
2.013454288244247437e-01
2.014443129301071167e-01
2.015500068664550781e-01
2.016624808311462402e-01
2.017816901206970215e-01
2.019090056419372559e-01
2.020417898893356323e-01
2.021813541650772095e-01
2.023277878761291504e-01
2.024808675050735474e-01
2.026420682668685913e-01
2.028086781501770020e-01
2.029820680618286133e-01
2.031622678041458130e-01
2.033501267433166504e-01
2.035452574491500854e-01
2.037458568811416626e-01
2.039533108472824097e-01
2.041675299406051636e-01
2.043885737657546997e-01
2.046178430318832397e-01
2.048525959253311157e-01
2.050941884517669678e-01
2.053427547216415405e-01
2.055981308221817017e-01
2.058617770671844482e-01
2.061326205730438232e-01
2.064257115125656128e-01
2.067269682884216309e-01
2.070337086915969849e-01
2.073487639427185059e-01
2.076693624258041382e-01
2.079982608556747437e-01
2.083341926336288452e-01
2.086756527423858643e-01
2.090255618095397949e-01
2.093832641839981079e-01
2.097472995519638062e-01
2.101184278726577759e-01
2.104953229427337646e-01
2.108808606863021851e-01
2.112720906734466553e-01
2.116718590259552002e-01
2.120790481567382812e-01
2.124920040369033813e-01
2.129136621952056885e-01
2.133413255214691162e-01
2.137776911258697510e-01
2.142228633165359497e-01
2.146741747856140137e-01
2.151329070329666138e-01
2.155977636575698853e-01
2.160715460777282715e-01
2.165515869855880737e-01
2.170405685901641846e-01
2.175372093915939331e-01
2.180402874946594238e-01
2.185523360967636108e-01
2.190708369016647339e-01
2.195986211299896240e-01
2.201361358165740967e-01
2.206796556711196899e-01
2.212310135364532471e-01
2.217891812324523926e-01
2.223566025495529175e-01
2.229306697845458984e-01
2.235144078731536865e-01
2.241061329841613770e-01
2.247047126293182373e-01
2.253130078315734863e-01
2.259280681610107422e-01
2.265528589487075806e-01
2.271889448165893555e-01
2.278306484222412109e-01
2.284807115793228149e-01
2.291379272937774658e-01
2.298052906990051270e-01
2.304797172546386719e-01
2.311640977859497070e-01
2.318574488162994385e-01
2.325578778982162476e-01
2.332684993743896484e-01
2.339866757392883301e-01
2.347150593996047974e-01
2.354574203491210938e-01
2.362022399902343750e-01
2.369578033685684204e-01
2.377207428216934204e-01
2.384941875934600830e-01
2.392755746841430664e-01
2.400673925876617432e-01
2.408684045076370239e-01
2.416774034500122070e-01
2.424971610307693481e-01
2.433246523141860962e-01
2.441688477993011475e-01
2.450169771909713745e-01
2.458729594945907593e-01
2.467398643493652344e-01
2.476150691509246826e-01
2.485010325908660889e-01
2.493953406810760498e-01
2.503008544445037842e-01
2.512159049510955811e-01
2.521391510963439941e-01
2.530804872512817383e-01
2.540233731269836426e-01
2.549776136875152588e-01
2.559459805488586426e-01
2.569795846939086914e-01
2.580227851867675781e-01
2.590759396553039551e-01
2.601404488086700439e-01
2.612202763557434082e-01
2.623027563095092773e-01
2.633953988552093506e-01
2.644989788532257080e-01
2.656109631061553955e-01
2.667328417301177979e-01
2.678661942481994629e-01
2.690154016017913818e-01
2.701666653156280518e-01
2.713279128074645996e-01
2.725001573562622070e-01
2.736807465553283691e-01
2.748712599277496338e-01
2.760727107524871826e-01
2.772906422615051270e-01
2.785103023052215576e-01
2.797392308712005615e-01
2.809791266918182373e-01
2.822270989418029785e-01
2.834847569465637207e-01
2.847519516944885254e-01
2.860384583473205566e-01
2.873242795467376709e-01
2.886191010475158691e-01
2.899248003959655762e-01
2.912381887435913086e-01
2.925603091716766357e-01
2.938914299011230469e-01
2.952327728271484375e-01
2.965914905071258545e-01
2.979490160942077637e-01
2.993152439594268799e-01
3.006916046142578125e-01
3.020748794078826904e-01
3.034662604331970215e-01
3.048674464225769043e-01
3.062848448753356934e-01
3.077008724212646484e-01
3.091244995594024658e-01
3.105570375919342041e-01
3.119955956935882568e-01
3.134415745735168457e-01
3.148955404758453369e-01
3.163677155971527100e-01
3.178350031375885010e-01
3.193095028400421143e-01
3.207921683788299561e-01
3.222794234752655029e-01
3.237732052803039551e-01
3.252729177474975586e-01
3.267797529697418213e-01
3.283022642135620117e-01
3.298195004463195801e-01
3.313430249691009521e-01
3.328703939914703369e-01
3.344032466411590576e-01
3.359402716159820557e-01
3.374831676483154297e-01
3.390403389930725098e-01
3.405904471874237061e-01
3.421442806720733643e-01
3.437030017375946045e-01
3.452637791633605957e-01
3.468275070190429688e-01
3.484070301055908203e-01
3.499764800071716309e-01
3.515481054782867432e-01
3.531218767166137695e-01
3.546993136405944824e-01
3.562879264354705811e-01
3.578665256500244141e-01
3.594463765621185303e-01
3.610280156135559082e-01
3.626093268394470215e-01
3.641905188560485840e-01
3.657845854759216309e-01
3.673654198646545410e-01
3.689458370208740234e-01
3.705256581306457520e-01
3.721050620079040527e-01
3.736931085586547852e-01
3.752685785293579102e-01
3.768419921398162842e-01
3.784138262271881104e-01
3.799890577793121338e-01
3.815742731094360352e-01
3.831436336040496826e-01
3.847104310989379883e-01
3.862732350826263428e-01
3.878312706947326660e-01
3.893963098526000977e-01
3.909456729888916016e-01
3.924893438816070557e-01
3.940266370773315430e-01
3.955595195293426514e-01
3.970978558063507080e-01
3.986184298992156982e-01
4.001328349113464355e-01
4.016408026218414307e-01
4.031419754028320312e-01
4.046455025672912598e-01
4.061322212219238281e-01
4.076108634471893311e-01
4.090816676616668701e-01
4.105451405048370361e-01
4.120104908943176270e-01
4.134564995765686035e-01
4.148932695388793945e-01
4.163218736648559570e-01
4.177412092685699463e-01
4.191509187221527100e-01
4.205620586872100830e-01
4.219528436660766602e-01
4.233335256576538086e-01
4.247033894062042236e-01
4.260635673999786377e-01
4.274235665798187256e-01
4.287628233432769775e-01
4.300908148288726807e-01
4.314079284667968750e-01
4.327143132686614990e-01
4.340181946754455566e-01
4.353014230728149414e-01
4.365729689598083496e-01
4.378333687782287598e-01
4.390812218189239502e-01
4.403265416622161865e-01
4.415499269962310791e-01
4.427618384361267090e-01
4.439611136913299561e-01
4.451482594013214111e-01
4.463313221931457520e-01
4.474931061267852783e-01
4.486421048641204834e-01
4.497776925563812256e-01
4.509008824825286865e-01
4.520198106765747070e-01
4.531171321868896484e-01
4.542011320590972900e-01
4.552720785140991211e-01
4.563381671905517578e-01
4.573819339275360107e-01
4.584130346775054932e-01
4.594306945800781250e-01
4.604431092739105225e-01
4.614339470863342285e-01
4.624113142490386963e-01
4.633755981922149658e-01
4.643329381942749023e-01
4.652698934078216553e-01
4.661936163902282715e-01
4.671034812927246094e-01
4.680069386959075928e-01
4.688901305198669434e-01
4.697596430778503418e-01
4.706149697303771973e-01
4.714640974998474121e-01
4.722933173179626465e-01
4.731088578701019287e-01
4.739110469818115234e-01
4.747062325477600098e-01
4.754816889762878418e-01
4.762431979179382324e-01
4.769921600818634033e-01
4.777336120605468750e-01
4.784559607505798340e-01
4.791650772094726562e-01
4.798612594604492188e-01
4.805497527122497559e-01
4.812191724777221680e-01
4.818763136863708496e-01
4.825203716754913330e-01
4.831567406654357910e-01
4.837752878665924072e-01
4.843808412551879883e-01
4.849739074707031250e-01
4.855588078498840332e-01
4.861264824867248535e-01
4.866817891597747803e-01
4.872341752052307129e-01
4.877769052982330322e-01
4.883063137531280518e-01
4.888235926628112793e-01
4.893320202827453613e-01
4.898239374160766602e-01
4.903030097484588623e-01
4.907702505588531494e-01
4.912285506725311279e-01
4.916710257530212402e-01
4.921010136604309082e-01
4.925194382667541504e-01
4.929289221763610840e-01
4.933232963085174561e-01
4.937056303024291992e-01
4.940764904022216797e-01
4.944385886192321777e-01
4.947862029075622559e-01
4.951219558715820312e-01
4.954466223716735840e-01
4.957627058029174805e-01
4.960648417472839355e-01
4.963552951812744141e-01
4.966351091861724854e-01
4.969062805175781250e-01
4.971641898155212402e-01
4.974107444286346436e-01
4.976469874382019043e-01
4.978746473789215088e-01
4.980894327163696289e-01
4.982933104038238525e-01
4.984870553016662598e-01
4.986723959445953369e-01
4.988453388214111328e-01
4.990077018737792969e-01
4.991604387760162354e-01
4.993043541908264160e-01
4.994366765022277832e-01
4.995585978031158447e-01
4.996729195117950439e-01
4.997750818729400635e-01
4.998677968978881836e-01
4.999519586563110352e-01
5.000255107879638672e-01
5.000888109207153320e-01
5.001443624496459961e-01
5.001888871192932129e-01
5.002241730690002441e-01
5.002509355545043945e-01
5.002675056457519531e-01
5.002748370170593262e-01
5.002740025520324707e-01
5.002627372741699219e-01
5.002430081367492676e-01
5.002145171165466309e-01
5.001765489578247070e-01
5.001294016838073730e-01
5.000746846199035645e-01
5.000098347663879395e-01
4.999366402626037598e-01
4.998552501201629639e-01
4.997647106647491455e-01
4.996652901172637939e-01
4.995580613613128662e-01
4.994418919086456299e-01
4.993173778057098389e-01
4.991841614246368408e-01
4.990431070327758789e-01
4.988935887813568115e-01
4.987358450889587402e-01
4.985696673393249512e-01
4.983958899974822998e-01
4.982134401798248291e-01
4.980231225490570068e-01
4.978246092796325684e-01
4.976187944412231445e-01
4.974041879177093506e-01
4.971822500228881836e-01
4.969525337219238281e-01
4.967146515846252441e-01
4.964690804481506348e-01
4.962161481380462646e-01
4.959551095962524414e-01
4.956869184970855713e-01
4.954109191894531250e-01
4.951273798942565918e-01
4.948363602161407471e-01
4.945382177829742432e-01
4.942316710948944092e-01
4.939191639423370361e-01
4.935987293720245361e-01
4.932703971862792969e-01
4.929354786872863770e-01
4.925940930843353271e-01
4.922449290752410889e-01
4.918878674507141113e-01
4.915249347686767578e-01
4.911549389362335205e-01
4.907764494419097900e-01
4.903925359249114990e-01
4.900019466876983643e-01
4.896030128002166748e-01
4.891983866691589355e-01
4.887919127941131592e-01
4.884299933910369873e-01
4.880639910697937012e-01
4.876920580863952637e-01
4.873126745223999023e-01
4.869297742843627930e-01
4.865409433841705322e-01
4.861451983451843262e-01
4.857449531555175781e-01
4.853399693965911865e-01
4.849274754524230957e-01
4.845117330551147461e-01
4.840907454490661621e-01
4.836617410182952881e-01
4.832301735877990723e-01
4.827932417392730713e-01
4.823493659496307373e-01
4.819016754627227783e-01
4.814476072788238525e-01
4.809905588626861572e-01
4.805283844470977783e-01
4.800588786602020264e-01
4.795868694782257080e-01
4.791080057621002197e-01
4.786264002323150635e-01
4.781398475170135498e-01
4.776466190814971924e-01
4.771509170532226562e-01
4.766484498977661133e-01
4.761435687541961670e-01
4.756339490413665771e-01
4.751175642013549805e-01
4.745995402336120605e-01
4.740770757198333740e-01
4.735468924045562744e-01
4.730158746242523193e-01
4.724775850772857666e-01
4.719379842281341553e-01
4.713935554027557373e-01
4.708428680896759033e-01
4.702909588813781738e-01
4.697319269180297852e-01
4.691713750362396240e-01
4.686072468757629395e-01
4.680364727973937988e-01
4.674645960330963135e-01
4.668860733509063721e-01
4.663062393665313721e-01
4.657229483127593994e-01
4.651331305503845215e-01
4.645425677299499512e-01
4.639449119567871094e-01
4.633470475673675537e-01
4.627460241317749023e-01
4.621384143829345703e-01
4.615296423435211182e-01
4.609149396419525146e-01
4.603000581264495850e-01
4.596820771694183350e-01
4.590565860271453857e-01
4.584321677684783936e-01
4.578045308589935303e-01
4.571700692176818848e-01
4.565362036228179932e-01
4.558950662612915039e-01
4.552550315856933594e-01
4.546118974685668945e-01
4.539626836776733398e-01
4.533131420612335205e-01
4.526580572128295898e-01
4.520036876201629639e-01
4.513463973999023438e-01
4.506824016571044922e-01
4.500196874141693115e-01
4.493510425090789795e-01
4.486830234527587891e-01
4.480122029781341553e-01
4.473357796669006348e-01
4.466603696346282959e-01
4.459789395332336426e-01
4.452987015247344971e-01
4.446157813072204590e-01
4.439270496368408203e-01
4.432402253150939941e-01
4.425472915172576904e-01
4.418550431728363037e-01
4.411616027355194092e-01
4.404619932174682617e-01
4.397643208503723145e-01
4.390638172626495361e-01
4.383583068847656250e-01
4.376547932624816895e-01
4.369450509548187256e-01
4.362371265888214111e-01
4.355277419090270996e-01
4.348127543926239014e-01
4.340998232364654541e-01
4.333807826042175293e-01
4.326646327972412109e-01
4.319426715373992920e-01
4.312233924865722656e-01
4.304982423782348633e-01
4.297750890254974365e-01
4.290468990802764893e-01
4.283216297626495361e-01
4.275906383991241455e-01
4.268616139888763428e-01
4.261280596256256104e-01
4.253969192504882812e-01
4.246650338172912598e-01
4.239265620708465576e-01
4.231920540332794189e-01
4.224522709846496582e-01
4.217300713062286377e-01
4.210065305233001709e-01
4.202854931354522705e-01
4.195599257946014404e-01
4.188378155231475830e-01
4.181102812290191650e-01
4.173862934112548828e-01
4.166574478149414062e-01
4.159317016601562500e-01
4.152002036571502686e-01
4.144730269908905029e-01
4.137450754642486572e-01
4.130119681358337402e-01
4.122826755046844482e-01
4.115483760833740234e-01
4.108176529407501221e-01
4.100824296474456787e-01
4.093499481678009033e-01
4.086131751537322998e-01
4.078804254531860352e-01
4.071427583694458008e-01
4.064090251922607422e-01
4.056704044342041016e-01
4.049359858036041260e-01
4.041966497898101807e-01
4.034609198570251465e-01
4.027254879474639893e-01
4.019850790500640869e-01
4.012490212917327881e-01
4.005081355571746826e-01
3.997716903686523438e-01
3.990303277969360352e-01
3.982935845851898193e-01
3.975515365600585938e-01
3.968144655227661133e-01
3.960726857185363770e-01
3.953354358673095703e-01
3.945935964584350586e-01
3.938563168048858643e-01
3.931144177913665771e-01
3.923764824867248535e-01
3.916392326354980469e-01
3.908978104591369629e-01
3.901609182357788086e-01
3.894192576408386230e-01
3.886825740337371826e-01
3.879414796829223633e-01
3.872050940990447998e-01
3.864634931087493896e-01
3.857276439666748047e-01
3.849873244762420654e-01
3.842523097991943359e-01
3.835126161575317383e-01
3.827779293060302734e-01
3.820387721061706543e-01
3.813047409057617188e-01
3.805704116821289062e-01
3.798325061798095703e-01
3.790996372699737549e-01
3.783625662326812744e-01
3.776309788227081299e-01
3.768948018550872803e-01
3.761639297008514404e-01
3.754280507564544678e-01
3.746981024742126465e-01
3.739641606807708740e-01
3.732353746891021729e-01
3.725024461746215820e-01
3.717752993106842041e-01
3.710436820983886719e-01
3.703173995018005371e-01
3.695862889289855957e-01
3.688613176345825195e-01
3.681323826313018799e-01
3.674040734767913818e-01
3.666812777519226074e-01
3.659544885158538818e-01
3.652335703372955322e-01
3.645083010196685791e-01
3.637878596782684326e-01
3.630642294883728027e-01
3.623460531234741211e-01
3.616240918636322021e-01
3.609076738357543945e-01
3.601872920989990234e-01
3.594679832458496094e-01
3.587537705898284912e-01
3.580361604690551758e-01
3.573241531848907471e-01
3.566084504127502441e-01
3.558983206748962402e-01
3.551844954490661621e-01
3.544763922691345215e-01
3.537646234035491943e-01
3.530576229095458984e-01
3.523481488227844238e-01
3.516394197940826416e-01
3.509362041950225830e-01
3.502295613288879395e-01
3.495285511016845703e-01
3.488239347934722900e-01
3.481251597404479980e-01
3.474220335483551025e-01
3.467254638671875000e-01
3.460256457328796387e-01
3.453313112258911133e-01
3.446334302425384521e-01
3.439365923404693604e-01
3.432457149028778076e-01
3.425505459308624268e-01
3.418620228767395020e-01
3.411699831485748291e-01
3.404842317104339600e-01
3.397946059703826904e-01
3.391108810901641846e-01
3.384237289428710938e-01
3.377378880977630615e-01
3.370569944381713867e-01
3.363735973834991455e-01
3.356961607933044434e-01
3.350152075290679932e-01
3.343407511711120605e-01
3.336653411388397217e-01
3.330065310001373291e-01
3.323432803153991699e-01
3.316861987113952637e-01
3.310261070728302002e-01
3.303667604923248291e-01
3.297128975391387939e-01
3.290568292140960693e-01
3.284054100513458252e-01
3.277511000633239746e-01
3.271029293537139893e-01
3.264510333538055420e-01
3.258050680160522461e-01
3.251561224460601807e-01
3.245126008987426758e-01
3.238654732704162598e-01
3.232208192348480225e-01
3.225808143615722656e-01
3.219379186630249023e-01
3.213012516498565674e-01
3.206609785556793213e-01
3.200260996818542480e-01
3.193891942501068115e-01
3.187570571899414062e-01
3.181227147579193115e-01
3.174931406974792480e-01
3.168609440326690674e-01
3.162302970886230469e-01
3.156051039695739746e-01
3.149768710136413574e-01
3.143546581268310547e-01
3.137290775775909424e-01
3.131089508533477783e-01
3.124868273735046387e-01
3.118649125099182129e-01
3.112492561340332031e-01
3.106308281421661377e-01
3.100179433822631836e-01
3.094014823436737061e-01
3.087876737117767334e-01
3.081784248352050781e-01
3.075666427612304688e-01
3.069564700126647949e-01
3.063519001007080078e-01
3.057443201541900635e-01
3.051384091377258301e-01
3.045379817485809326e-01
3.039340972900390625e-01
3.033373057842254639e-01
3.027362823486328125e-01
3.021371364593505859e-01
3.015439510345458984e-01
3.009476959705352783e-01
3.003524243831634521e-01
2.997639179229736328e-01
2.991714775562286377e-01
2.985852360725402832e-01
2.979962229728698730e-01
2.974085509777069092e-01
2.968265116214752197e-01
2.962419390678405762e-01
2.956584393978118896e-01
2.950802743434906006e-01
2.945004701614379883e-01
2.939208447933197021e-01
2.933474183082580566e-01
2.927715182304382324e-01
2.922009229660034180e-01
2.916271388530731201e-01
2.910559177398681641e-01
2.904891967773437500e-01
2.899202108383178711e-01
2.893528938293457031e-01
2.887910604476928711e-01
2.882263064384460449e-01
2.876675128936767578e-01
2.871058583259582520e-01
2.865449488162994385e-01
2.859910130500793457e-01
2.854331433773040771e-01
2.848771512508392334e-01
2.843270301818847656e-01
2.837740480899810791e-01
2.832219898700714111e-01
2.826765775680541992e-01
2.821274697780609131e-01
2.815844118595123291e-01
2.810387313365936279e-01
2.804944217205047607e-01
2.799558639526367188e-01
2.794143557548522949e-01
2.788744866847991943e-01
2.783401608467102051e-01
2.778030633926391602e-01
2.772710025310516357e-01
2.767376005649566650e-01
2.762043476104736328e-01
2.756770849227905273e-01
2.751474380493164062e-01
2.746191322803497314e-01
2.740956544876098633e-01
2.735708653926849365e-01
2.730463445186614990e-01
2.725276350975036621e-01
2.720067203044891357e-01
2.714909911155700684e-01
2.709727585315704346e-01
2.704560160636901855e-01
2.699445784091949463e-01
2.694301605224609375e-01
2.689182460308074951e-01
2.684105634689331055e-01
2.679009735584259033e-01
2.673929035663604736e-01
2.668900489807128906e-01
2.663841545581817627e-01
2.658847272396087646e-01
2.653817534446716309e-01
2.648807466030120850e-01
2.643850743770599365e-01
2.638868093490600586e-01
2.633900046348571777e-01
2.628986537456512451e-01
2.624046504497528076e-01
2.619116008281707764e-01
2.614248991012573242e-01
2.609346508979797363e-01
2.604464292526245117e-01
2.599596679210662842e-01
2.594779431819915771e-01
2.589933574199676514e-01
2.585112750530242920e-01
2.580332756042480469e-01
2.575533688068389893e-01
2.570694386959075928e-01
2.565401196479797363e-01
2.560147345066070557e-01
2.554882168769836426e-01
2.549626231193542480e-01
2.544420063495635986e-01
2.539192140102386475e-01
2.533978223800659180e-01
2.528778314590454102e-01
2.523629069328308105e-01
2.518457472324371338e-01
2.513300478458404541e-01
2.508156299591064453e-01
2.503068745136260986e-01
2.497947812080383301e-01
2.492851465940475464e-01
2.487794607877731323e-01
2.482727468013763428e-01
2.477662712335586548e-01
2.472622841596603394e-01
2.467621564865112305e-01
2.462610304355621338e-01
2.457600682973861694e-01
2.452652454376220703e-01
2.447677254676818848e-01
2.442715615034103394e-01
2.437767535448074341e-01
2.432869225740432739e-01
2.427948713302612305e-01
2.423043102025985718e-01
2.418151050806045532e-01
2.413307577371597290e-01
2.408442497253417969e-01
2.403597384691238403e-01
2.398789376020431519e-01
2.393971085548400879e-01
2.389156222343444824e-01
2.384365797042846680e-01
2.379611879587173462e-01
2.374848872423171997e-01
2.370088696479797363e-01
2.365387529134750366e-01
2.360653281211853027e-01
2.355945408344268799e-01
2.351245135068893433e-01
2.346591204404830933e-01
2.341917902231216431e-01
