7.138900756835937500e-01
7.051606178283691406e-01
6.970672011375427246e-01
6.893274784088134766e-01
6.817482113838195801e-01
6.744791865348815918e-01
6.676830649375915527e-01
6.616494655609130859e-01
6.567729115486145020e-01
6.534532308578491211e-01
6.523994207382202148e-01
6.537276506423950195e-01
6.573938727378845215e-01
6.634092330932617188e-01
6.717528700828552246e-01
6.824083328247070312e-01
6.953513026237487793e-01
7.107126116752624512e-01
7.286192178726196289e-01
7.486147284507751465e-01
7.699321508407592773e-01
7.914673089981079102e-01
8.127435445785522461e-01
8.330419659614562988e-01
8.517093062400817871e-01
8.679482340812683105e-01
8.815590143203735352e-01
8.922859430313110352e-01
9.000189304351806641e-01
9.047611355781555176e-01
9.065887928009033203e-01
9.056496620178222656e-01
9.021372795104980469e-01
8.963046073913574219e-01
8.884017467498779297e-01
8.787589669227600098e-01
8.677374720573425293e-01
8.559010624885559082e-01
8.435723185539245605e-01
8.313274383544921875e-01
8.199634552001953125e-01
8.104728460311889648e-01
8.031562566757202148e-01
7.950555086135864258e-01
7.845599651336669922e-01
7.742963433265686035e-01
7.655115127563476562e-01
7.581396698951721191e-01
7.518628835678100586e-01
7.464208602905273438e-01
7.414589524269104004e-01
7.364651560783386230e-01
7.314122319221496582e-01
7.260755300521850586e-01
7.202751636505126953e-01
7.139096856117248535e-01
7.069777846336364746e-01
6.995889544486999512e-01
6.919185519218444824e-01
6.841459274291992188e-01
6.765626668930053711e-01
6.695129275321960449e-01
6.633180975914001465e-01
6.580905318260192871e-01
6.536816358566284180e-01
6.500723958015441895e-01
6.487953066825866699e-01
6.486865878105163574e-01
6.493927836418151855e-01
6.512410640716552734e-01
6.543354392051696777e-01
6.586952805519104004e-01
6.643636822700500488e-01
6.713567972183227539e-01
6.795926690101623535e-01
6.890040040016174316e-01
6.995248794555664062e-01
7.110897302627563477e-01
7.236525416374206543e-01
7.373253107070922852e-01
7.514255642890930176e-01
7.610122561454772949e-01
7.822703719139099121e-01
7.963293790817260742e-01
8.100474476814270020e-01
8.232042789459228516e-01
8.355095982551574707e-01
8.467269539833068848e-01
8.565679192543029785e-01
8.649215102195739746e-01
8.717485666275024414e-01
8.769954442977905273e-01
8.806793093681335449e-01
8.828843832015991211e-01
8.836750388145446777e-01
8.832282423973083496e-01
8.817363977432250977e-01
8.794207572937011719e-01
8.764997720718383789e-01
8.732066154479980469e-01
8.697709441184997559e-01
8.664118647575378418e-01
8.634399175643920898e-01
8.608829975128173828e-01
8.588527441024780273e-01
8.573908805847167969e-01
8.564637899398803711e-01
8.559100031852722168e-01
8.554212450981140137e-01
8.545250892639160156e-01
8.525576591491699219e-01
8.490070104598999023e-01
8.435187935829162598e-01
8.360311388969421387e-01
8.268965482711791992e-01
8.166465759277343750e-01
8.059488534927368164e-01
7.952756881713867188e-01
7.849309444427490234e-01
7.751094102859497070e-01
7.658111453056335449e-01
7.569548487663269043e-01
7.484786510467529297e-01
7.402884960174560547e-01
7.323062419891357422e-01
7.244174480438232422e-01
7.165609598159790039e-01
7.086864709854125977e-01
7.007930278778076172e-01
6.928051114082336426e-01
6.846774816513061523e-01
6.764609217643737793e-01
6.681489944458007812e-01
6.597989201545715332e-01
6.514558792114257812e-01
6.431776881217956543e-01
6.350817084312438965e-01
6.271412372589111328e-01
6.195061206817626953e-01
6.123163700103759766e-01
6.056339740753173828e-01
5.995175242424011230e-01
5.940454006195068359e-01
5.892487764358520508e-01
5.851556062698364258e-01
5.818007588386535645e-01
5.792042613029479980e-01
5.774634480476379395e-01
5.764723420143127441e-01
5.762238502502441406e-01
5.779067277908325195e-01
5.797786712646484375e-01
5.823498964309692383e-01
5.855863690376281738e-01
5.894756317138671875e-01
5.939943194389343262e-01
5.991150140762329102e-01
6.048907041549682617e-01
6.112154722213745117e-01
6.180182099342346191e-01
6.252712607383728027e-01
6.329318284988403320e-01
6.409375667572021484e-01
6.492548584938049316e-01
6.578957438468933105e-01
6.669200062751770020e-01
6.763954758644104004e-01
6.865703463554382324e-01
6.977748274803161621e-01
7.102266550064086914e-01
7.240768671035766602e-01
7.391130924224853516e-01
7.548308968544006348e-01
7.704813480377197266e-01
7.855374813079833984e-01
7.996591329574584961e-01
8.127312660217285156e-01
8.246723413467407227e-01
8.355133533477783203e-01
8.453400135040283203e-01
8.542215824127197266e-01
8.621896505355834961e-01
8.693290352821350098e-01
8.756489753723144531e-01
8.812257647514343262e-01
8.860770463943481445e-01
8.902744650840759277e-01
8.938438296318054199e-01
8.968489170074462891e-01
8.993225097656250000e-01
9.013192653656005859e-01
9.028651118278503418e-01
9.039722084999084473e-01
9.046589732170104980e-01
9.049253463745117188e-01
9.047700762748718262e-01
9.041850566864013672e-01
9.031583070755004883e-01
9.016774892807006836e-01
8.997361063957214355e-01
8.973359465599060059e-01
8.944925069808959961e-01
8.912450075149536133e-01
8.876284956932067871e-01
8.837035894393920898e-01
8.795436024665832520e-01
8.752176761627197266e-01
8.708290457725524902e-01
8.664471507072448730e-01
8.621400594711303711e-01
8.579646944999694824e-01
8.539624810218811035e-01
8.501680493354797363e-01
8.465804457664489746e-01
8.431144356727600098e-01
8.397517800331115723e-01
8.365507721900939941e-01
8.334810137748718262e-01
8.304985165596008301e-01
8.275297284126281738e-01
8.245047926902770996e-01
8.213298916816711426e-01
8.178927898406982422e-01
8.140172958374023438e-01
8.094924092292785645e-01
8.040351271629333496e-01
7.972372174263000488e-01
7.887212038040161133e-01
7.782790660858154297e-01
7.660486102104187012e-01
7.531344890594482422e-01
7.410634756088256836e-01
7.309977412223815918e-01
7.229984402656555176e-01
7.164831161499023438e-01
7.106617689132690430e-01
7.050209045410156250e-01
6.992354989051818848e-01
6.932290792465209961e-01
6.869674921035766602e-01
6.805467605590820312e-01
6.740409731864929199e-01
6.675879955291748047e-01
6.612500548362731934e-01
6.552020907402038574e-01
6.495655179023742676e-01
6.446155309677124023e-01
6.407197713851928711e-01
6.389626264572143555e-01
6.510738134384155273e-01
6.389836668968200684e-01
6.290007233619689941e-01
6.197577118873596191e-01
6.111543774604797363e-01
6.031132936477661133e-01
5.955784916877746582e-01
5.885388255119323730e-01
5.819734930992126465e-01
5.758964419364929199e-01
5.702686905860900879e-01
5.651023983955383301e-01
5.603746175765991211e-01
5.560658574104309082e-01
5.521867275238037109e-01
5.487147569656372070e-01
5.456594824790954590e-01
5.430067181587219238e-01
5.407640933990478516e-01
5.389252901077270508e-01
5.374712347984313965e-01
5.363827943801879883e-01
5.356357693672180176e-01
5.351081490516662598e-01
5.346294045448303223e-01
5.339566469192504883e-01
5.338490605354309082e-01
5.398215055465698242e-01
5.455196499824523926e-01
5.481507778167724609e-01
5.505012273788452148e-01
5.531874895095825195e-01
5.562708377838134766e-01
5.597718358039855957e-01
5.636606216430664062e-01
5.679513812065124512e-01
5.726118683815002441e-01
5.776718854904174805e-01
5.830997824668884277e-01
5.889073014259338379e-01
5.950738787651062012e-01
6.015714406967163086e-01
6.084319949150085449e-01
6.156044602394104004e-01
6.231229901313781738e-01
6.309516429901123047e-01
6.390514373779296875e-01
6.474528908729553223e-01
6.560862660408020020e-01
6.649805903434753418e-01
6.740862727165222168e-01
6.833458542823791504e-01
6.927856206893920898e-01
7.023160457611083984e-01
7.119775414466857910e-01
7.217041850090026855e-01
7.314065694808959961e-01
7.411038279533386230e-01
7.506980895996093750e-01
7.601811289787292480e-01
7.695149183273315430e-01
7.786630988121032715e-01
7.875918745994567871e-01
7.962440252304077148e-01
8.046477437019348145e-01
8.127508759498596191e-01
8.205342888832092285e-01
8.279827833175659180e-01
8.350861668586730957e-01
8.418168425559997559e-01
8.482162952423095703e-01
8.542635440826416016e-01
8.599104881286621094e-01
8.652095198631286621e-01
8.701839447021484375e-01
8.748337626457214355e-01
8.792086243629455566e-01
8.833109736442565918e-01
8.871603012084960938e-01
8.907645940780639648e-01
8.941575884819030762e-01
8.973701596260070801e-01
9.003998041152954102e-01
9.032767415046691895e-01
9.060184955596923828e-01
9.086428284645080566e-01
9.111653566360473633e-01
9.136096239089965820e-01
9.159717559814453125e-01
9.182731509208679199e-01
9.205317497253417969e-01
9.227764010429382324e-01
9.249908924102783203e-01
9.271817207336425781e-01
9.293614029884338379e-01
9.315193295478820801e-01
9.336658716201782227e-01
9.358026981353759766e-01
9.379302859306335449e-01
9.400480389595031738e-01
9.421545267105102539e-01
9.442467689514160156e-01
9.463136792182922363e-01
9.483641386032104492e-01
9.503780007362365723e-01
9.523611068725585938e-01
9.542977213859558105e-01
9.561710357666015625e-01
9.579821228981018066e-01
9.597054123878479004e-01
9.613494277000427246e-01
9.628801941871643066e-01
9.642798900604248047e-01
9.655197262763977051e-01
9.665883183479309082e-01
9.674562215805053711e-01
9.681075811386108398e-01
9.685136079788208008e-01
9.686542153358459473e-01
9.685025215148925781e-01
9.680352807044982910e-01
9.672271013259887695e-01
9.660585522651672363e-01
9.645066857337951660e-01
9.625518321990966797e-01
9.601765871047973633e-01
9.573667049407958984e-01
9.541110396385192871e-01
9.504022002220153809e-01
9.462371468544006348e-01
9.416178464889526367e-01
9.365742206573486328e-01
9.311094284057617188e-01
9.252287149429321289e-01
9.189511537551879883e-01
9.122984409332275391e-01
9.052959084510803223e-01
8.979725837707519531e-01
8.903571963310241699e-01
8.824837803840637207e-01
8.743845820426940918e-01
8.660932183265686035e-01
8.576425313949584961e-01
8.490655422210693359e-01
8.403944373130798340e-01
8.316597938537597656e-01
8.229188323020935059e-01
8.141391277313232422e-01
8.054041266441345215e-01
7.966777086257934570e-01
7.880380749702453613e-01
7.794445157051086426e-01
7.709691524505615234e-01
7.625967860221862793e-01
7.543835639953613281e-01
7.462639808654785156e-01
7.383023500442504883e-01
7.304784059524536133e-01
7.227696776390075684e-01
7.152344584465026855e-01
7.078237533569335938e-01
7.005903124809265137e-01
6.934864521026611328e-01
6.865622401237487793e-01
6.797677278518676758e-01
6.731522083282470703e-01
6.666677594184875488e-01
6.603583097457885742e-01
6.541791558265686035e-01
6.481713652610778809e-01
6.423112154006958008e-01
6.365972757339477539e-01
6.310268044471740723e-01
6.255980730056762695e-01
6.203101873397827148e-01
6.151584386825561523e-01
6.101127862930297852e-01
6.049862504005432129e-01
5.999674797058105469e-01
5.950880050659179688e-01
5.903291702270507812e-01
5.856892466545104980e-01
5.811660885810852051e-01
5.767582058906555176e-01
5.724633932113647461e-01
5.682799816131591797e-01
5.642070174217224121e-01
5.602423548698425293e-01
5.563848018646240234e-01
5.526323914527893066e-01
5.489843487739562988e-01
5.454390048980712891e-01
5.419943332672119141e-01
5.386504530906677246e-01
5.354056954383850098e-01
5.322692990303039551e-01
5.292187929153442383e-01
5.262640714645385742e-01
5.234134197235107422e-01
5.206464529037475586e-01
5.179724693298339844e-01
5.153932571411132812e-01
5.128593444824218750e-01
5.104174017906188965e-01
5.080742239952087402e-01
5.058138370513916016e-01
5.036432743072509766e-01
5.015683770179748535e-01
4.995752274990081787e-01
4.976758360862731934e-01
4.958576858043670654e-01
4.941263794898986816e-01
4.924859106540679932e-01
4.909252822399139404e-01
4.894506633281707764e-01
4.880647361278533936e-01
4.867587983608245850e-01
4.855369329452514648e-01
4.844013452529907227e-01
4.833457171916961670e-01
4.823750257492065430e-01
4.814861714839935303e-01
4.806788563728332520e-01
4.799515008926391602e-01
4.793067872524261475e-01
4.787428081035614014e-01
4.782590866088867188e-01
4.778564572334289551e-01
4.775391817092895508e-01
4.773064255714416504e-01
4.771547019481658936e-01
4.770806729793548584e-01
4.770864844322204590e-01
4.771723449230194092e-01
4.773364067077636719e-01
4.775784909725189209e-01
4.779031574726104736e-01
4.783032238483428955e-01
4.787821471691131592e-01
4.793407917022705078e-01
4.799813330173492432e-01
4.806976318359375000e-01
4.814916849136352539e-01
4.823703169822692871e-01
4.833217561244964600e-01
4.843524694442749023e-01
4.854606688022613525e-01
4.866475760936737061e-01
4.879116117954254150e-01
4.892543554306030273e-01
4.906734526157379150e-01
4.921703636646270752e-01
4.937433898448944092e-01
4.953938126564025879e-01
4.971189498901367188e-01
4.989205002784729004e-01
5.007864236831665039e-01
5.026394724845886230e-01
5.045658946037292480e-01
5.065677165985107422e-01
5.086436271667480469e-01
5.107946395874023438e-01
5.130192637443542480e-01
5.153164267539978027e-01
5.176842808723449707e-01
5.201238393783569336e-01
5.226329565048217773e-01
5.252104401588439941e-01
5.278548598289489746e-01
5.305651426315307617e-01
5.333405733108520508e-01
5.361792445182800293e-01
5.390798449516296387e-01
5.420264601707458496e-01
5.450452566146850586e-01
5.481219887733459473e-01
5.512396693229675293e-01
5.544256567955017090e-01
5.576631426811218262e-01
5.609355568885803223e-01
5.642728209495544434e-01
5.676563382148742676e-01
5.710847973823547363e-01
5.745387077331542969e-01
5.780509114265441895e-01
5.816022753715515137e-01
5.851735472679138184e-01
5.888051986694335938e-01
5.924814939498901367e-01
5.961705446243286133e-01
5.999073386192321777e-01
6.036712527275085449e-01
6.074411869049072266e-01
6.112538576126098633e-01
6.150878071784973145e-01
6.189245581626892090e-01
6.227984428405761719e-01
6.266887187957763672e-01
6.305960416793823242e-01
6.344993710517883301e-01
6.384164094924926758e-01
6.423649787902832031e-01
6.463065147399902344e-01
6.502789258956909180e-01
6.542439460754394531e-01
6.582372188568115234e-01
6.622233986854553223e-01
6.662198305130004883e-01
6.702466011047363281e-01
6.742668151855468750e-01
6.783177852630615234e-01
6.823638677597045898e-01
6.864444613456726074e-01
6.905226111412048340e-01
6.946387887001037598e-01
6.987565755844116211e-01
7.028970122337341309e-01
7.070835828781127930e-01
7.112792730331420898e-01
7.155273556709289551e-01
7.197643518447875977e-01
7.240454554557800293e-01
7.283487915992736816e-01
7.326996922492980957e-01
7.371227741241455078e-01
7.415808439254760742e-01
7.461201548576354980e-01
7.507034540176391602e-01
7.553540468215942383e-01
7.601004838943481445e-01
7.649003267288208008e-01
7.697803974151611328e-01
7.747414708137512207e-01
7.797871232032775879e-01
7.849416732788085938e-01
7.901578545570373535e-01
7.954587936401367188e-01
8.008420467376708984e-01
8.063048720359802246e-01
8.118679523468017578e-01
8.174751400947570801e-01
8.231433629989624023e-01
8.288637995719909668e-01
8.346270918846130371e-01
8.404481410980224609e-01
8.462593555450439453e-01
8.520750999450683594e-01
8.578791618347167969e-01
8.636565804481506348e-01
8.694162964820861816e-01
8.750902414321899414e-01
8.806865811347961426e-01
8.861898183822631836e-01
8.915832638740539551e-01
8.968770503997802734e-01
9.020177125930786133e-01
9.070298671722412109e-01
9.118737578392028809e-01
9.165392518043518066e-01
9.210169911384582520e-01
9.252993464469909668e-01
9.293794631958007812e-01
9.332517385482788086e-01
9.369145631790161133e-01
9.403650164604187012e-01
9.436023235321044922e-01
9.466271400451660156e-01
9.494409561157226562e-01
9.520464539527893066e-01
9.544469714164733887e-01
9.566463232040405273e-01
9.586493372917175293e-01
9.604607224464416504e-01
9.620865583419799805e-01
9.635319709777832031e-01
9.648033976554870605e-01
9.659062623977661133e-01
9.668467044830322266e-01
9.676310420036315918e-01
9.682648181915283203e-01
9.687538743019104004e-01
9.691038727760314941e-01
9.693198800086975098e-01
9.694075584411621094e-01
9.693716764450073242e-01
9.692169427871704102e-01
9.689479470252990723e-01
9.685684442520141602e-01
9.680831432342529297e-01
9.674954414367675781e-01
9.668089151382446289e-01
9.660303592681884766e-01
9.651561975479125977e-01
9.641795158386230469e-01
9.630467891693115234e-01
9.618244767189025879e-01
9.605150222778320312e-01
9.591264128684997559e-01
9.576486945152282715e-01
9.560893774032592773e-01
9.529792070388793945e-01
9.511915445327758789e-01
9.493367075920104980e-01
9.473992586135864258e-01
9.453888535499572754e-01
9.433063268661499023e-01
9.411522746086120605e-01
9.389274120330810547e-01
9.366433024406433105e-01
9.342800378799438477e-01
9.318481087684631348e-01
9.293482303619384766e-01
9.267814159393310547e-01
9.241474270820617676e-01
9.214602708816528320e-01
9.186943769454956055e-01
9.158633351325988770e-01
9.129675030708312988e-01
9.100069403648376465e-01
9.069963693618774414e-01
9.039087891578674316e-01
9.007579684257507324e-01
8.975599408149719238e-01
8.942857980728149414e-01
8.909503817558288574e-01
8.875694870948791504e-01
8.841136693954467773e-01
8.805993199348449707e-01
8.770428299903869629e-01
8.734138011932373047e-01
8.697283267974853516e-01
8.660050630569458008e-01
8.622126579284667969e-01
8.583672046661376953e-01
8.544887900352478027e-01
8.506250381469726562e-01
8.467344641685485840e-01
8.428217172622680664e-01
8.388526439666748047e-01
8.348479866981506348e-01
8.308289051055908203e-01
8.267602920532226562e-01
8.226639628410339355e-01
8.185614347457885742e-01
8.144174814224243164e-01
8.102551102638244629e-01
8.060954809188842773e-01
8.019047379493713379e-01
7.977041602134704590e-01
7.935169339179992676e-01
7.893083095550537109e-01
7.851195931434631348e-01
7.809164524078369141e-01
7.767400741577148438e-01
7.725554704666137695e-01
7.684053778648376465e-01
7.642536759376525879e-01
7.601237297058105469e-01
7.560369968414306641e-01
7.519577741622924805e-01
7.479277849197387695e-01
7.439115047454833984e-01
7.399482131004333496e-01
7.360049486160278320e-01
7.321184277534484863e-01
7.282557487487792969e-01
7.244529128074645996e-01
7.206770777702331543e-01
7.169638276100158691e-01
7.132794260978698730e-01
7.096589803695678711e-01
7.060692310333251953e-01
7.025426626205444336e-01
6.990483999252319336e-01
6.956163644790649414e-01
6.922163367271423340e-01
6.888768672943115234e-01
6.855682134628295898e-01
6.823189258575439453e-01
6.790985465049743652e-01
6.759177446365356445e-01
6.727913022041320801e-01
6.696916818618774414e-01
6.666435599327087402e-01
6.636194586753845215e-01
6.606432199478149414e-01
6.577018499374389648e-01
6.547785997390747070e-01
6.518993973731994629e-01
6.490373015403747559e-01
6.462144851684570312e-01
6.434190869331359863e-01
6.406351923942565918e-01
6.378882527351379395e-01
6.351504325866699219e-01
6.324457526206970215e-01
6.297621726989746094e-01
6.270849108695983887e-01
6.244385242462158203e-01
6.217967867851257324e-01
6.191840767860412598e-01
6.165866851806640625e-01
6.139935851097106934e-01
6.114276051521301270e-01
6.088643074035644531e-01
6.063274741172790527e-01
6.038048267364501953e-01
6.012861132621765137e-01
5.987922549247741699e-01
5.963028073310852051e-01
5.938398838043212891e-01
5.913923382759094238e-01
5.889506936073303223e-01
5.865359306335449219e-01
5.841295719146728516e-01
5.817515850067138672e-01
5.793931484222412109e-01
5.770462155342102051e-01
5.747308135032653809e-01
5.724399089813232422e-01
5.701639056205749512e-01
5.679253339767456055e-01
5.657145380973815918e-01
5.635347366333007812e-01
5.613802671432495117e-01
5.592693686485290527e-01
5.571975708007812500e-01
5.551576614379882812e-01
5.531713366508483887e-01
5.513398647308349609e-01
5.495687127113342285e-01
5.478447079658508301e-01
5.461860299110412598e-01
5.445898771286010742e-01
5.430535078048706055e-01
5.415952205657958984e-01
5.402121543884277344e-01
5.389052629470825195e-01
5.376880764961242676e-01
5.365608930587768555e-01
5.355255603790283203e-01
5.345836877822875977e-01
5.337417721748352051e-01
5.329963564872741699e-01
5.323410630226135254e-01
5.317719578742980957e-01
5.312730669975280762e-01
5.308243036270141602e-01
5.303937792778015137e-01
5.299420356750488281e-01
5.294123291969299316e-01
5.287344455718994141e-01
5.278262495994567871e-01
5.265899896621704102e-01
5.249204039573669434e-01
5.227011442184448242e-01
5.198619365692138672e-01
5.163294672966003418e-01
5.120808482170104980e-01
5.071423649787902832e-01
5.015659332275390625e-01
4.955301880836486816e-01
4.891659617424011230e-01
4.826358556747436523e-01
4.760995209217071533e-01
4.696577489376068115e-01
4.634821116924285889e-01
4.576101005077362061e-01
4.520837068557739258e-01
4.469187557697296143e-01
4.421148598194122314e-01
4.376335144042968750e-01
4.334992170333862305e-01
4.296593070030212402e-01
4.260866940021514893e-01
4.227529466152191162e-01
4.196173250675201416e-01
4.166851937770843506e-01
4.139204621315002441e-01
4.113014340400695801e-01
4.088135361671447754e-01
4.064283967018127441e-01
4.041644930839538574e-01
4.020134508609771729e-01
3.999432027339935303e-01
3.979462683200836182e-01
3.960046172142028809e-01
3.941330611705780029e-01
3.923160135746002197e-01
3.905486166477203369e-01
3.888272941112518311e-01
3.871476948261260986e-01
3.855004906654357910e-01
3.838987648487091064e-01
3.823317885398864746e-01
3.807980716228485107e-01
3.792949020862579346e-01
3.778223097324371338e-01
3.763789832592010498e-01
3.749632537364959717e-01
3.735744059085845947e-01
3.722052574157714844e-01
3.708668947219848633e-01
3.695544004440307617e-01
3.682658672332763672e-01
3.670011162757873535e-01
3.657597303390502930e-01
3.645404875278472900e-01
3.633444011211395264e-01
3.621708452701568604e-01
3.610141575336456299e-01
3.598847985267639160e-01
3.587763309478759766e-01
3.576899468898773193e-01
3.566250801086425781e-01
3.555814921855926514e-01
3.545591533184051514e-01
3.535577058792114258e-01
3.525763154029846191e-01
3.516125082969665527e-01
3.506738245487213135e-01
3.497559428215026855e-01
3.488587141036987305e-01
3.479814529418945312e-01
3.471251130104064941e-01
3.462896645069122314e-01
3.454747796058654785e-01
3.446803390979766846e-01
3.439023792743682861e-01
3.431487083435058594e-01
3.424156904220581055e-01
3.417030870914459229e-01
3.410108387470245361e-01
3.403382599353790283e-01
3.396864533424377441e-01
3.390552699565887451e-01
3.384444415569305420e-01
3.378538787364959717e-01
3.372836410999298096e-01
3.367330729961395264e-01
3.362030982971191406e-01
3.357015550136566162e-01
3.352518975734710693e-01
3.348227143287658691e-01
3.344133198261260986e-01
3.340243399143218994e-01
3.336555063724517822e-01
3.333063423633575439e-01
3.329776227474212646e-01
3.326686620712280273e-01
3.323793709278106689e-01
3.321104943752288818e-01
3.318616449832916260e-01
3.316330015659332275e-01
3.314247727394104004e-01
3.312362432479858398e-01
3.310680985450744629e-01
3.309196233749389648e-01
3.307915925979614258e-01
3.306831717491149902e-01
3.305945098400115967e-01
3.305261731147766113e-01
3.304782509803771973e-01
3.304499685764312744e-01
3.304421007633209229e-01
3.304542601108551025e-01
3.304860591888427734e-01
3.305043280124664307e-01
3.305395543575286865e-01
3.305940330028533936e-01
3.306684494018554688e-01
3.307634294033050537e-01
3.308776319026947021e-01
3.310117721557617188e-01
3.311665058135986328e-01
3.313404619693756104e-01
3.315343856811523438e-01
3.317481577396392822e-01
3.319825530052185059e-01
3.322362601757049561e-01
3.325097858905792236e-01
3.328039944171905518e-01
3.331173658370971680e-01
3.334507346153259277e-01
3.338046967983245850e-01
3.341778218746185303e-01
3.345710337162017822e-01
3.349846601486206055e-01
3.354176878929138184e-01
3.358706235885620117e-01
3.363440334796905518e-01
3.368368148803710938e-01
3.373494446277618408e-01
3.379225730895996094e-01
3.385488986968994141e-01
3.391945064067840576e-01
3.398597836494445801e-01
3.405450880527496338e-01
3.412491083145141602e-01
3.419727087020874023e-01
3.427101075649261475e-01
3.434723615646362305e-01
3.442546725273132324e-01
3.450555503368377686e-01
3.458759188652038574e-01
3.467155992984771729e-01
3.475752472877502441e-01
3.484535813331604004e-01
3.493510782718658447e-01
3.502679467201232910e-01
3.512040376663208008e-01
3.521599471569061279e-01
3.531345427036285400e-01
3.541280627250671387e-01
3.551409244537353516e-01
3.561733365058898926e-01
3.572244644165039062e-01
3.582945764064788818e-01
3.593836128711700439e-01
3.604837357997894287e-01
3.616102039813995361e-01
3.627386689186096191e-01
3.638857305049896240e-01
3.650520741939544678e-01
3.662365078926086426e-01
3.674399852752685547e-01
3.686613440513610840e-01
3.699013590812683105e-01
3.711601197719573975e-01
3.724368810653686523e-01
3.737320303916931152e-01
3.750453591346740723e-01
3.763774931430816650e-01
3.777271509170532227e-01
3.790858089923858643e-01
3.804717361927032471e-01
3.818760514259338379e-01
3.832979798316955566e-01
3.847376704216003418e-01
3.861953318119049072e-01
3.876712918281555176e-01
3.891642689704895020e-01
3.906756341457366943e-01
3.922037780284881592e-01
3.937502503395080566e-01
3.953134119510650635e-01
3.968939185142517090e-01
3.984920084476470947e-01
4.000958800315856934e-01
4.017317891120910645e-01
4.033899903297424316e-01
4.050644636154174805e-01
4.067536890506744385e-01
4.084596335887908936e-01
4.101805686950683594e-01
4.119170904159545898e-01
4.136693775653839111e-01
4.154239594936370850e-01
4.172060489654541016e-01
4.190032780170440674e-01
4.208154976367950439e-01
4.226428866386413574e-01
4.244847893714904785e-01
4.263413548469543457e-01
4.282118380069732666e-01
4.300973415374755859e-01
4.319971501827239990e-01
4.338967502117156982e-01
4.358243942260742188e-01
4.377661347389221191e-01
4.397207200527191162e-01
4.416898190975189209e-01
4.436719417572021484e-01
4.456676542758941650e-01
4.476764798164367676e-01
4.496983885765075684e-01
4.517179727554321289e-01
4.537651836872100830e-01
4.558254778385162354e-01
4.578746855258941650e-01
4.599058330059051514e-01
4.619484245777130127e-01
4.640027880668640137e-01
4.660680592060089111e-01
4.681440889835357666e-01
4.702153801918029785e-01
4.723137021064758301e-01
4.744218885898590088e-01
4.765407145023345947e-01
4.786704480648040771e-01
4.808100163936614990e-01
4.829594492912292480e-01
4.851193130016326904e-01
4.872717261314392090e-01
4.894501864910125732e-01
4.916380643844604492e-01
4.938350319862365723e-01
4.960408806800842285e-01
4.982559382915496826e-01
5.004802942276000977e-01
5.026950836181640625e-01
5.049356222152709961e-01
5.071849226951599121e-01
5.094415545463562012e-01
5.117063522338867188e-01
5.139788389205932617e-01
5.162586569786071777e-01
5.185281634330749512e-01
5.208232402801513672e-01
5.231245160102844238e-01
5.254242420196533203e-01
5.276783108711242676e-01
5.299382805824279785e-01
5.322023630142211914e-01
5.344537496566772461e-01
5.367280244827270508e-01
5.390062928199768066e-01
5.412887930870056152e-01
5.435759425163269043e-01
5.458670854568481445e-01
5.481615066528320312e-01
5.504422187805175781e-01
5.527439713478088379e-01
5.550490617752075195e-01
5.573588013648986816e-01
5.596700310707092285e-01
5.619853734970092773e-01
5.641651749610900879e-01
5.663204193115234375e-01
5.684983134269714355e-01
5.706776976585388184e-01
5.728595256805419922e-01
5.750443339347839355e-01
5.772306323051452637e-01
5.794203877449035645e-01
5.815920233726501465e-01
5.837848782539367676e-01
5.859791040420532227e-01
5.881748795509338379e-01
5.903733372688293457e-01
5.925723910331726074e-01
5.947528481483459473e-01
5.969539880752563477e-01
5.990946292877197266e-01
6.011316776275634766e-01
6.031674742698669434e-01
6.052031517028808594e-01
6.072180271148681641e-01
6.092514991760253906e-01
6.112850904464721680e-01
6.133166551589965820e-01
6.153479814529418945e-01
6.173773407936096191e-01
6.193867921829223633e-01
6.214138865470886230e-01
6.234402060508728027e-01
6.254639625549316406e-01
6.274871826171875000e-01
6.295076012611389160e-01
6.315069198608398438e-01
6.334076523780822754e-01
6.351380348205566406e-01
6.368690133094787598e-01
6.386003494262695312e-01
6.403312683105468750e-01
6.420435309410095215e-01
6.437740325927734375e-01
6.455047726631164551e-01
6.472349166870117188e-01
6.489644646644592285e-01
6.506935358047485352e-01
6.524019241333007812e-01
6.541293859481811523e-01
6.558565497398376465e-01
6.575815081596374512e-01
6.593057513236999512e-01
6.610280871391296387e-01
6.627383232116699219e-01
6.646296381950378418e-01
6.665227413177490234e-01
6.684163212776184082e-01
6.703101396560668945e-01
6.722056865692138672e-01
6.740809082984924316e-01
6.759757399559020996e-01
6.778714060783386230e-01
6.797654628753662109e-01
6.816592216491699219e-01
6.835328340530395508e-01
6.854242682456970215e-01
6.873144507408142090e-01
6.892037391662597656e-01
6.910899877548217773e-01
6.929553747177124023e-01
6.948369145393371582e-01
6.967764496803283691e-01
6.988762617111206055e-01
7.009741067886352539e-01
7.030681967735290527e-01
7.051393985748291016e-01
7.072269320487976074e-01
7.093113660812377930e-01
7.113901376724243164e-01
7.134647965431213379e-01
7.155140042304992676e-01
7.175785899162292480e-01
7.196360230445861816e-01
7.216868400573730469e-01
7.237311601638793945e-01
7.257499098777770996e-01
7.277791500091552734e-01
7.298006415367126465e-01
7.318142652511596680e-01
7.338267564773559570e-01
7.360067367553710938e-01
7.381569743156433105e-01
7.403146624565124512e-01
7.424613237380981445e-01
7.445964813232421875e-01
7.467188835144042969e-01
7.488109469413757324e-01
7.509089112281799316e-01
7.529922723770141602e-01
7.550629973411560059e-01
7.571193575859069824e-01
7.591613531112670898e-01
7.611717581748962402e-01
7.631834149360656738e-01
7.651804685592651367e-01
7.671617269515991211e-01
7.691257596015930176e-01
7.710571885108947754e-01
7.729877233505249023e-01
7.749021649360656738e-01
7.767986655235290527e-01
7.786762118339538574e-01
7.805202007293701172e-01
7.823619842529296875e-01
7.841834425926208496e-01
7.859866023063659668e-01
7.877693176269531250e-01
7.895169854164123535e-01
7.912603020668029785e-01
7.929819226264953613e-01
7.946833372116088867e-01
7.963635325431823730e-01
7.980065345764160156e-01
7.996433377265930176e-01
8.012577295303344727e-01
8.028491139411926270e-01
8.044182062149047852e-01
8.059731125831604004e-01
8.075887560844421387e-01
8.091820478439331055e-01
8.107520937919616699e-01
8.122997879981994629e-01
8.138109445571899414e-01
8.153118491172790527e-01
8.167899847030639648e-01
8.182440996170043945e-01
8.196744322776794434e-01
8.210690021514892578e-01
8.224515318870544434e-01
8.238098621368408203e-01
8.251448273658752441e-01
8.264545202255249023e-01
8.277289271354675293e-01
8.289896845817565918e-01
8.302257061004638672e-01
8.314378261566162109e-01
8.326242566108703613e-01
8.337856531143188477e-01
8.349124193191528320e-01
8.360239267349243164e-01
8.371104001998901367e-01
8.381723165512084961e-01
8.392080068588256836e-01
8.402100205421447754e-01
8.411955237388610840e-01
8.421556949615478516e-01
8.430911302566528320e-01
8.440004587173461914e-01
8.448761105537414551e-01
8.457356691360473633e-01
8.465688228607177734e-01
8.473768830299377441e-01
8.481602072715759277e-01
8.489098548889160156e-01
8.496428132057189941e-01
8.503497242927551270e-01
8.510314226150512695e-01
8.516392707824707031e-01
8.521885275840759277e-01
8.527112603187561035e-01
8.532081842422485352e-01
8.536803722381591797e-01
8.541201353073120117e-01
8.545413613319396973e-01
8.549363017082214355e-01
8.553057312965393066e-01
8.556506037712097168e-01
8.559641838073730469e-01
8.562586307525634766e-01
8.565276861190795898e-01
8.567711114883422852e-01
8.569903373718261719e-01
8.571797013282775879e-01
8.573493361473083496e-01
8.574936389923095703e-01
8.576132655143737793e-01
8.577092289924621582e-01
8.577764630317687988e-01
8.578239083290100098e-01
8.578464984893798828e-01
8.578449487686157227e-01
8.578203916549682617e-01
8.577686548233032227e-01
8.576967716217041016e-01
8.576007485389709473e-01
8.574812412261962891e-01
8.573399782180786133e-01
8.571723699569702148e-01
8.569847345352172852e-01
8.567734956741333008e-01
8.565405011177062988e-01
8.562842607498168945e-01
8.560045361518859863e-01
8.557048439979553223e-01
8.553823232650756836e-01
8.550388813018798828e-01
8.546729087829589844e-01
8.542850613594055176e-01
8.538773059844970703e-01
8.534538149833679199e-01
8.530129790306091309e-01
8.525503873825073242e-01
8.520672917366027832e-01
8.515643477439880371e-01
8.510402441024780273e-01
8.504968881607055664e-01
8.499326109886169434e-01
8.493502736091613770e-01
8.487467765808105469e-01
8.481247425079345703e-01
8.474826216697692871e-01
8.468223810195922852e-01
8.461439013481140137e-01
8.454462885856628418e-01
8.447293043136596680e-01
8.439949750900268555e-01
8.432416915893554688e-01
8.424725532531738281e-01
8.416846394538879395e-01
8.408783078193664551e-01
8.400555849075317383e-01
8.392148017883300781e-01
8.383605480194091797e-01
8.374860286712646484e-01
8.365958929061889648e-01
8.356883525848388672e-01
8.347654938697814941e-01
8.338287472724914551e-01
8.328740000724792480e-01
8.319025039672851562e-01
8.309164643287658691e-01
8.299139738082885742e-01
8.289008736610412598e-01
8.278681039810180664e-01
8.268204927444458008e-01
8.257591128349304199e-01
8.246820569038391113e-01
8.235957026481628418e-01
8.224900364875793457e-01
8.213712573051452637e-01
8.202373981475830078e-01
8.190907835960388184e-01
8.179330229759216309e-01
8.167555332183837891e-01
8.155629038810729980e-01
8.143559694290161133e-01
8.131370544433593750e-01
8.119094967842102051e-01
8.106639385223388672e-01
8.094069361686706543e-01
8.081362843513488770e-01
8.068535923957824707e-01
8.055595159530639648e-01
8.042577505111694336e-01
8.029389381408691406e-01
8.016079664230346680e-01
8.002663850784301758e-01
7.989133000373840332e-01
7.975526452064514160e-01
7.961767315864562988e-01
7.947896122932434082e-01
7.933902740478515625e-01
7.919801473617553711e-01
7.905650138854980469e-01
7.891342043876647949e-01
7.876925468444824219e-01
7.862382531166076660e-01
7.847755551338195801e-01
7.833078503608703613e-01
7.818244099617004395e-01
7.803300023078918457e-01
7.788250446319580078e-01
7.773112058639526367e-01
7.757931351661682129e-01
7.742586731910705566e-01
7.727153897285461426e-01
7.711610198020935059e-01
7.695983648300170898e-01
7.680325508117675781e-01
7.664496898651123047e-01
7.648587226867675781e-01
7.632570862770080566e-01
7.616466879844665527e-01
7.600278258323669434e-01
7.584064006805419922e-01
7.567695975303649902e-01
7.551217079162597656e-01
7.534670829772949219e-01
7.518035173416137695e-01
7.501413226127624512e-01
7.485061287879943848e-01
7.468618154525756836e-01
7.452113628387451172e-01
7.435507774353027344e-01
7.418926954269409180e-01
7.402170300483703613e-01
7.385339736938476562e-01
7.368424534797668457e-01
7.351425886154174805e-01
7.334457039833068848e-01
7.317314147949218750e-01
7.300098538398742676e-01
7.282804250717163086e-01
7.265440821647644043e-01
7.247999310493469238e-01
7.230567336082458496e-01
7.212992906570434570e-01
7.195335030555725098e-01
7.177612185478210449e-01
7.159814238548278809e-01
7.142030596733093262e-01
7.124106884002685547e-01
7.106103897094726562e-01
7.088037729263305664e-01
7.069900035858154297e-01
7.051703333854675293e-01
7.033531069755554199e-01
7.015199661254882812e-01
6.996809244155883789e-01
6.978352665901184082e-01
6.959837079048156738e-01
6.941357254981994629e-01
6.922730207443237305e-01
6.904022097587585449e-01
6.885265707969665527e-01
6.866454482078552246e-01
6.847582459449768066e-01
6.828768253326416016e-01
6.809780001640319824e-01
6.790742874145507812e-01
6.771657466888427734e-01
6.752516627311706543e-01
6.733430624008178711e-01
6.714187860488891602e-01
6.694908738136291504e-01
6.675558090209960938e-01
6.656169295310974121e-01
6.636739969253540039e-01
6.617364287376403809e-01
6.599112749099731445e-01
6.581031680107116699e-01
6.562901139259338379e-01
6.544722914695739746e-01
6.526625752449035645e-01
6.508382558822631836e-01
6.490085721015930176e-01
6.471762657165527344e-01
6.453406214714050293e-01
6.435003876686096191e-01
6.416687965393066406e-01
6.398232579231262207e-01
6.379725337028503418e-01
6.361205577850341797e-01
6.342639923095703125e-01
6.324064731597900391e-01
6.305571198463439941e-01
6.286919713020324707e-01
6.268261671066284180e-01
6.249579787254333496e-01
6.230863332748413086e-01
6.212136745452880859e-01
6.193495988845825195e-01
6.174713969230651855e-01
6.155927181243896484e-01
6.137126088142395020e-01
6.118286252021789551e-01
6.099449396133422852e-01
6.080702543258666992e-01
6.061840057373046875e-01
6.042966246604919434e-01
6.024062633514404297e-01
6.005167961120605469e-01
5.986265540122985840e-01
5.967457890510559082e-01
5.948544144630432129e-01
5.929614901542663574e-01
5.910677313804626465e-01
5.891751646995544434e-01
5.872820615768432617e-01
5.853995084762573242e-01
5.835060477256774902e-01
5.816121101379394531e-01
5.797199606895446777e-01
5.778280496597290039e-01
5.759354233741760254e-01
5.740557312965393066e-01
5.721656084060668945e-01
5.702753067016601562e-01
5.683872699737548828e-01
5.665001273155212402e-01
5.646124482154846191e-01
5.627549886703491211e-01
5.608904361724853516e-01
5.590265989303588867e-01
5.571662187576293945e-01
5.553057193756103516e-01
5.534472465515136719e-01
5.516023635864257812e-01
5.497481226921081543e-01
5.478951334953308105e-01
5.460438728332519531e-01
5.441951751708984375e-01
5.423502922058105469e-01
5.405174493789672852e-01
5.386757850646972656e-01
5.368379950523376465e-01
5.350016355514526367e-01
5.331681370735168457e-01
5.313366651535034180e-01
5.295101404190063477e-01
5.276970863342285156e-01
5.258749723434448242e-01
5.240577459335327148e-01
5.222422480583190918e-01
5.204303860664367676e-01
5.186222791671752930e-01
5.168182253837585449e-01
5.150286555290222168e-01
5.132308006286621094e-01
5.114386081695556641e-01
5.096489191055297852e-01
5.078626871109008789e-01
5.060808062553405762e-01
5.043039321899414062e-01
5.025419592857360840e-01
5.007727146148681641e-01
4.990086853504180908e-01
4.972480237483978271e-01
4.954917132854461670e-01
4.937402307987213135e-01
4.919945895671844482e-01
4.902632832527160645e-01
4.885256290435791016e-01
4.867924153804779053e-01
4.850659370422363281e-01
4.833427369594573975e-01
4.816244542598724365e-01
4.799127578735351562e-01
4.782162904739379883e-01
4.765129089355468750e-01
4.748155176639556885e-01
4.731241464614868164e-01
4.714369773864746094e-01
4.697554409503936768e-01
4.680803418159484863e-01
4.664203822612762451e-01
4.647350609302520752e-01
4.630384445190429688e-01
4.613477885723114014e-01
4.596615433692932129e-01
4.579826593399047852e-01
4.563100636005401611e-01
4.546544253826141357e-01
4.529927670955657959e-01
4.513383209705352783e-01
4.496902227401733398e-01
4.480473101139068604e-01
4.464119970798492432e-01
4.447827339172363281e-01
4.431695640087127686e-01
4.415530860424041748e-01
4.399432241916656494e-01
4.383397102355957031e-01
4.367414712905883789e-01
4.351513087749481201e-01
4.335674345493316650e-01
4.319992959499359131e-01
4.304286539554595947e-01
4.288643598556518555e-01
4.273058176040649414e-01
4.257552027702331543e-01
4.242110252380371094e-01
4.226735532283782959e-01
4.211416840553283691e-01
4.196178019046783447e-01
4.181109070777893066e-01
4.165994226932525635e-01
4.150956273078918457e-01
4.135987162590026855e-01
4.121086299419403076e-01
4.106239974498748779e-01
4.091476500034332275e-01
4.076779186725616455e-01
4.062139391899108887e-01
4.047679305076599121e-01
4.033188521862030029e-01
4.018752574920654297e-01
4.004397094249725342e-01
3.990108370780944824e-01
3.975891172885894775e-01
3.961729109287261963e-01
3.947647213935852051e-01
3.933731317520141602e-01
3.919773697853088379e-01
3.905896544456481934e-01
3.892085254192352295e-01
3.878331780433654785e-01
3.864660561084747314e-01
3.851052820682525635e-01
3.837514817714691162e-01
3.824033737182617188e-01
3.810723125934600830e-01
3.797389268875122070e-01
3.784107565879821777e-01
3.770907223224639893e-01
3.757975101470947266e-01
3.745154142379760742e-01
3.732399940490722656e-01
3.719704151153564453e-01
3.707072138786315918e-01
3.694595396518707275e-01
3.682086765766143799e-01
3.669643998146057129e-01
3.657258450984954834e-01
3.644935488700866699e-01
3.632676303386688232e-01
3.620474636554718018e-01
3.608334660530090332e-01
3.596343100070953369e-01
3.584319949150085449e-01
3.572357594966888428e-01
3.560455739498138428e-01
3.548611402511596680e-01
3.536826670169830322e-01
3.525098860263824463e-01
3.513429760932922363e-01
3.501817286014556885e-01
3.490350842475891113e-01
3.478852212429046631e-01
3.467408418655395508e-01
3.456022143363952637e-01
3.444690108299255371e-01
3.433412015438079834e-01
3.422190248966217041e-01
3.411023914813995361e-01
3.399910628795623779e-01
3.388851881027221680e-01
3.377842605113983154e-01
3.366887569427490234e-01
3.356068134307861328e-01
3.345217108726501465e-01
3.334416151046752930e-01
3.323664665222167969e-01
3.312965035438537598e-01
3.302313983440399170e-01
3.291706442832946777e-01
3.281154036521911621e-01
3.270649015903472900e-01
3.260193467140197754e-01
3.249781429767608643e-01
3.239417672157287598e-01
3.229181766510009766e-01
3.218910098075866699e-01
3.208682835102081299e-01
3.198498785495758057e-01
3.188357949256896973e-01
3.178265094757080078e-01
3.168208599090576172e-01
3.158198595046997070e-01
3.148227035999298096e-01
3.138295412063598633e-01
3.128405809402465820e-01
3.118555247783660889e-01
3.108824193477630615e-01
3.099052309989929199e-01
3.089314699172973633e-01
3.079616427421569824e-01
3.070047199726104736e-01
3.060706555843353271e-01
3.051402270793914795e-01
3.042126595973968506e-01
3.032877743244171143e-01
3.023659884929656982e-01
3.014469742774963379e-01
3.005305230617523193e-01
2.996252179145812988e-01
2.987142503261566162e-01
2.978056073188781738e-01
2.968991696834564209e-01
2.959952354431152344e-01
2.950935661792755127e-01
2.941939234733581543e-01
2.932963669300079346e-01
2.924006581306457520e-01
2.915065586566925049e-01
2.906143963336944580e-01
2.897238731384277344e-01
2.888432443141937256e-01
2.879555821418762207e-01
2.870693802833557129e-01
2.861845493316650391e-01
2.853006422519683838e-01
2.844180464744567871e-01
2.835367321968078613e-01
2.826557457447052002e-01
2.817758321762084961e-01
2.808965742588043213e-01
2.800177037715911865e-01
2.791395485401153564e-01
2.782622277736663818e-01
2.773848176002502441e-01
2.765071094036102295e-01
2.756300568580627441e-01
2.747530341148376465e-01
2.738757133483886719e-01
2.729986011981964111e-01
2.721291482448577881e-01
2.712510824203491211e-01
2.703727185726165771e-01
2.694937884807586670e-01
2.686143815517425537e-01
2.677341103553771973e-01
2.668529450893402100e-01
2.659710049629211426e-01
2.650878429412841797e-01
2.642036974430084229e-01
2.633184194564819336e-01
2.624318301677703857e-01
2.615439593791961670e-01
2.606545090675354004e-01
2.597633600234985352e-01
2.588708400726318359e-01
2.579766213893890381e-01
2.570805549621582031e-01
2.561825513839721680e-01
2.552827298641204834e-01
2.543807923793792725e-01
2.534847855567932129e-01
2.525786459445953369e-01
2.516701817512512207e-01
2.507593035697937012e-01
2.498461753129959106e-01
2.489305287599563599e-01
2.480123937129974365e-01
2.470927387475967407e-01
2.461707442998886108e-01
2.452451735734939575e-01
2.443157583475112915e-01
2.433829009532928467e-01
2.424464225769042969e-01
2.415061295032501221e-01
2.405623197555541992e-01
2.396148890256881714e-01
2.386634349822998047e-01
2.377085983753204346e-01
2.367499470710754395e-01
2.357876896858215332e-01
2.348299175500869751e-01
2.338601201772689819e-01
2.328867167234420776e-01
2.319092601537704468e-01
2.309285253286361694e-01
2.299440056085586548e-01
2.289556860923767090e-01
2.279640585184097290e-01
2.269686907529830933e-01
2.259698808193206787e-01
2.249672561883926392e-01
2.239616960287094116e-01
2.229523509740829468e-01
2.219394743442535400e-01
2.209236472845077515e-01
2.199044674634933472e-01
2.188819944858551025e-01
2.178562581539154053e-01
2.168276458978652954e-01
2.157958596944808960e-01
2.147612273693084717e-01
2.137239724397659302e-01
2.126836180686950684e-01
2.116404026746749878e-01
2.105949223041534424e-01
2.095467299222946167e-01
2.084961086511611938e-01
2.074430584907531738e-01
2.063880115747451782e-01
2.053303867578506470e-01
2.042707800865173340e-01
2.032096385955810547e-01
2.021462917327880859e-01
2.010812908411026001e-01
2.000145316123962402e-01
1.989462226629257202e-01
1.978766322135925293e-01
1.968055814504623413e-01
1.957337260246276855e-01
1.946603208780288696e-01
1.935860812664031982e-01
1.925113797187805176e-01
1.914355158805847168e-01
1.903595775365829468e-01
1.892828047275543213e-01
1.882058233022689819e-01
1.871287673711776733e-01
1.860514283180236816e-01
1.849746257066726685e-01
1.838974803686141968e-01
1.828212291002273560e-01
1.817449480295181274e-01
1.806691288948059082e-01
1.795947104692459106e-01
1.785206049680709839e-01
1.774480789899826050e-01
1.763760298490524292e-01
1.753053516149520874e-01
1.742429584264755249e-01
1.731921881437301636e-01
1.721447259187698364e-01
1.710995137691497803e-01
1.700571179389953613e-01
1.690176725387573242e-01
1.679813414812088013e-01
1.669480502605438232e-01
1.659183055162429810e-01
1.648920774459838867e-01
1.638693660497665405e-01
1.628500521183013916e-01
1.618347167968750000e-01
1.608231812715530396e-01
1.598156392574310303e-01
1.588122099637985229e-01
1.578129678964614868e-01
1.568177342414855957e-01
1.558270752429962158e-01
1.548411101102828979e-01
1.538594067096710205e-01
1.528822481632232666e-01
1.519098132848739624e-01
1.509422063827514648e-01
1.499796360731124878e-01
1.490217745304107666e-01
1.480689644813537598e-01
1.471210718154907227e-01
1.461785137653350830e-01
1.452413946390151978e-01
1.443095505237579346e-01
1.433827131986618042e-01
1.424612849950790405e-01
1.415452361106872559e-01
1.406345516443252563e-01
1.397298127412796021e-01
1.388235241174697876e-01
1.379296332597732544e-01
1.370414495468139648e-01
1.361590623855590820e-01
1.352825611829757690e-01
1.344116181135177612e-01
1.335465013980865479e-01
1.326871961355209351e-01
1.318336129188537598e-01
1.309864073991775513e-01
1.301447004079818726e-01
1.293088942766189575e-01
1.284790635108947754e-01
1.276552379131317139e-01
1.268375962972640991e-01
1.260257512331008911e-01
1.252197921276092529e-01
1.244198232889175415e-01
1.236259713768959045e-01
1.228385120630264282e-01
1.220566481351852417e-01
1.212807148694992065e-01
1.205113753676414490e-01
1.197475641965866089e-01
1.189900934696197510e-01
1.182383373379707336e-01
1.174925640225410461e-01
1.167526915669441223e-01
1.160133928060531616e-01
1.152860522270202637e-01
1.145642250776290894e-01
1.138482615351676941e-01
1.131383404135704041e-01
1.124343201518058777e-01
1.117365583777427673e-01
1.110442876815795898e-01
1.103579178452491760e-01
1.096772551536560059e-01
1.090025156736373901e-01
1.083339974284172058e-01
1.076720058917999268e-01
1.070328205823898315e-01
1.063991636037826538e-01
1.057706251740455627e-01
1.051479801535606384e-01
1.045303866267204285e-01
1.039186865091323853e-01
1.033123210072517395e-01
1.027109771966934204e-01
1.021153703331947327e-01
1.015200093388557434e-01
1.009350717067718506e-01
1.003553718328475952e-01
9.978040307760238647e-02
9.921097755432128906e-02
9.864631295204162598e-02
9.808727353811264038e-02
9.753314405679702759e-02
9.698367863893508911e-02
9.643968194723129272e-02
9.590011835098266602e-02
9.536600857973098755e-02
9.483256936073303223e-02
9.430818259716033936e-02
9.378865361213684082e-02
9.327343106269836426e-02
9.276342391967773438e-02
9.225759655237197876e-02
9.175696223974227905e-02
9.126096218824386597e-02
9.076898545026779175e-02
9.028212726116180420e-02
8.979927748441696167e-02
8.932133764028549194e-02
8.884381502866744995e-02
8.837480843067169189e-02
8.791021257638931274e-02
8.744934946298599243e-02
8.699335157871246338e-02
8.654112368822097778e-02
8.609352260828018188e-02
8.565019071102142334e-02
8.521077781915664673e-02
8.477561920881271362e-02
8.434410393238067627e-02
8.391711115837097168e-02
8.349031955003738403e-02
8.307128399610519409e-02
8.265622705221176147e-02
8.224454522132873535e-02
8.183712512254714966e-02
8.143309503793716431e-02
8.103336393833160400e-02
8.063728362321853638e-02
8.024451881647109985e-02
7.985591143369674683e-02
7.947041094303131104e-02
7.908903807401657104e-02
7.870832085609436035e-02
7.833363115787506104e-02
7.796283066272735596e-02
7.759509980678558350e-02
7.723129540681838989e-02
7.687057554721832275e-02
7.651352882385253906e-02
7.615983486175537109e-02
7.580891996622085571e-02
7.546176016330718994e-02
7.511741667985916138e-02
7.477413862943649292e-02
7.443660497665405273e-02
7.410180568695068359e-02
7.377059012651443481e-02
7.344195246696472168e-02
7.311690598726272583e-02
7.279437780380249023e-02
7.247528433799743652e-02
7.215920090675354004e-02
7.184561342000961304e-02
7.153295725584030151e-02
7.122516632080078125e-02
7.092067599296569824e-02
7.062076777219772339e-02
7.034545391798019409e-02
7.007280737161636353e-02
6.980253756046295166e-02
6.953545659780502319e-02
6.926831603050231934e-02
6.900591403245925903e-02
6.874576210975646973e-02
6.848876178264617920e-02
6.823373585939407349e-02
6.798110902309417725e-02
6.773111969232559204e-02
6.748121231794357300e-02
6.723571568727493286e-02
6.699249893426895142e-02
6.675206124782562256e-02
6.651327759027481079e-02
6.627686321735382080e-02
6.604315340518951416e-02
6.580927968025207520e-02
6.557933241128921509e-02
6.535172462463378906e-02
6.512670964002609253e-02
6.490335613489151001e-02
6.468206644058227539e-02
6.446269154548645020e-02
6.424420326948165894e-02
6.402907520532608032e-02
6.381599605083465576e-02
6.360516697168350220e-02
6.339601427316665649e-02
6.318884342908859253e-02
6.298360228538513184e-02
6.278071552515029907e-02
6.257742643356323242e-02
6.237788125872612000e-02
6.218018755316734314e-02
6.198472529649734497e-02
6.179054453969001770e-02
6.159831583499908447e-02
6.140826269984245300e-02
6.121805682778358459e-02
6.103098019957542419e-02
6.084578484296798706e-02
6.066274270415306091e-02
6.048099696636199951e-02
6.030093505978584290e-02
6.012235581874847412e-02
5.994458124041557312e-02
5.976950377225875854e-02
5.959600955247879028e-02
5.942440405488014221e-02
5.925414338707923889e-02
5.908543616533279419e-02
5.891831219196319580e-02
5.875315889716148376e-02
5.858764424920082092e-02
5.842511728405952454e-02
5.826453119516372681e-02
5.810503661632537842e-02
5.794686824083328247e-02
5.779031664133071899e-02
5.763562023639678955e-02
5.748070776462554932e-02
5.732837691903114319e-02
5.717758089303970337e-02
5.702858045697212219e-02
5.688057467341423035e-02
5.673396587371826172e-02
5.658782646059989929e-02
5.644393712282180786e-02
5.630140751600265503e-02
5.616021528840065002e-02
5.602059140801429749e-02
5.588092654943466187e-02
5.574367940425872803e-02
5.560770258307456970e-02
5.547340959310531616e-02
5.533988028764724731e-02
5.520772933959960938e-02
5.507615953683853149e-02
5.494650453329086304e-02
5.481797829270362854e-02
5.469074472784996033e-02
5.456513166427612305e-02
5.443936958909034729e-02
5.431574955582618713e-02
5.419322475790977478e-02
5.407236516475677490e-02
5.396462604403495789e-02
5.386078357696533203e-02
5.375854298472404480e-02
5.365761741995811462e-02
5.355780944228172302e-02
5.345905572175979614e-02
5.336042866110801697e-02
5.326357856392860413e-02
5.316785722970962524e-02
5.307276546955108643e-02
5.297902598977088928e-02
5.288534238934516907e-02
5.279358848929405212e-02
5.270279943943023682e-02
5.261296406388282776e-02
5.252399295568466187e-02
5.243495106697082520e-02
5.234798416495323181e-02
5.226198211312294006e-02
5.217691883444786072e-02
5.209266021847724915e-02
5.200871080160140991e-02
5.192643031477928162e-02
5.184468254446983337e-02
5.176412686705589294e-02
5.168456956744194031e-02
5.160592868924140930e-02
5.152746662497520447e-02
5.145050957798957825e-02
5.137452855706214905e-02
5.129906907677650452e-02
5.122485011816024780e-02
5.115076526999473572e-02
5.107827857136726379e-02
5.100667476654052734e-02
5.093592405319213867e-02
5.086591839790344238e-02
5.079590901732444763e-02
5.072771385312080383e-02
5.066035687923431396e-02
5.059372633695602417e-02
5.052804946899414062e-02
5.046264082193374634e-02
5.039826035499572754e-02
5.033496022224426270e-02
5.027257651090621948e-02
5.021099746227264404e-02
5.014973506331443787e-02
5.008969828486442566e-02
5.003055930137634277e-02
4.997187107801437378e-02
4.991433396935462952e-02
4.985702410340309143e-02
4.980107396841049194e-02
4.974592104554176331e-02
4.969154670834541321e-02
4.963742569088935852e-02
4.958428069949150085e-02
4.953225702047348022e-02
4.948101192712783813e-02
4.943003132939338684e-02
4.938032850623130798e-02
4.933139681816101074e-02
4.928321391344070435e-02
4.923501238226890564e-02
4.918836802244186401e-02
4.914246872067451477e-02
4.909734055399894714e-02
4.905262589454650879e-02
4.900890588760375977e-02
4.896602407097816467e-02
4.892356693744659424e-02
4.888187348842620850e-02
4.884114116430282593e-02
4.880124703049659729e-02
4.876208305358886719e-02
4.872338101267814636e-02
4.868561029434204102e-02
4.864833503961563110e-02
4.861211031675338745e-02
4.857638105750083923e-02
4.854153841733932495e-02
4.850751161575317383e-02
4.847420752048492432e-02
4.844141751527786255e-02
4.840915650129318237e-02
4.837802425026893616e-02
4.834761470556259155e-02
4.831774532794952393e-02
4.828868806362152100e-02
4.826043918728828430e-02
4.823290184140205383e-02
4.820560663938522339e-02
4.817942157387733459e-02
4.815403372049331665e-02
4.813193157315254211e-02
4.811495915055274963e-02
4.809837043285369873e-02
4.808288440108299255e-02
4.806759953498840332e-02
4.805343970656394958e-02
4.803965613245964050e-02
4.802697524428367615e-02
4.801452904939651489e-02
4.800317063927650452e-02
4.799227416515350342e-02
4.798230901360511780e-02
4.797270148992538452e-02
4.796414077281951904e-02
4.795604199171066284e-02
4.794887825846672058e-02
4.794209823012351990e-02
4.793633893132209778e-02
4.793104156851768494e-02
4.792667552828788757e-02
4.792273044586181641e-02
4.791985079646110535e-02
4.791727662086486816e-02
4.791571572422981262e-02
4.791460931301116943e-02
4.791453480720520020e-02
4.791476577520370483e-02
4.791601747274398804e-02
4.791783168911933899e-02
4.792049154639244080e-02
4.792354255914688110e-02
4.792761057615280151e-02
4.793227836489677429e-02
4.793776199221611023e-02
4.794364050030708313e-02
4.795061796903610229e-02
4.795807600021362305e-02
4.796639829874038696e-02
4.797511175274848938e-02
4.798511788249015808e-02
4.799527302384376526e-02
4.800644144415855408e-02
4.801823198795318604e-02
4.803092032670974731e-02
4.804393276572227478e-02
4.805821552872657776e-02
4.807274788618087769e-02
4.808823764324188232e-02
4.810440540313720703e-02
4.812134057283401489e-02
4.813877120614051819e-02
4.815744981169700623e-02
4.817626625299453735e-02
4.819619283080101013e-02
4.821678251028060913e-02
4.823809862136840820e-02
4.825984314084053040e-02
4.828305542469024658e-02
4.830627888441085815e-02
4.833054542541503906e-02
4.835569858551025391e-02
4.838145524263381958e-02
4.840764775872230530e-02
4.843530431389808655e-02
4.846307262778282166e-02
4.849182441830635071e-02
4.852102696895599365e-02
4.855171963572502136e-02
4.858250543475151062e-02
4.861428588628768921e-02
4.864698275923728943e-02
4.868036508560180664e-02
4.871412739157676697e-02
4.874946177005767822e-02
4.878477379679679871e-02
4.882123321294784546e-02
4.885860532522201538e-02
4.889655113220214844e-02
4.893504083156585693e-02
4.897508397698402405e-02
4.901508241891860962e-02
4.905616492033004761e-02
4.909836500883102417e-02
4.914104565978050232e-02
4.918420314788818359e-02
4.922913387417793274e-02
4.927390441298484802e-02
4.931977391242980957e-02
4.936676099896430969e-02
4.941432178020477295e-02
4.946232214570045471e-02
4.951209202408790588e-02
4.956173151731491089e-02
4.961256310343742371e-02
4.966383054852485657e-02
4.971693083643913269e-02
4.976994916796684265e-02
4.982401430606842041e-02
4.987934976816177368e-02
4.993511363863945007e-02
4.999146237969398499e-02
5.004966259002685547e-02
5.010765045881271362e-02
5.016755685210227966e-02
5.023669824004173279e-02
5.030620470643043518e-02
5.037622898817062378e-02
5.044814571738243103e-02
5.052014067769050598e-02
5.059269070625305176e-02
5.066723003983497620e-02
5.074139311909675598e-02
5.081679299473762512e-02
5.089362338185310364e-02
5.097074061632156372e-02
5.104870349168777466e-02
5.112809687852859497e-02
5.120782181620597839e-02
5.128809064626693726e-02
5.137051269412040710e-02
5.145248770713806152e-02
5.153669789433479309e-02
5.162084102630615234e-02
5.170554295182228088e-02
5.179239436984062195e-02
5.187891051173210144e-02
5.196768045425415039e-02
5.205600708723068237e-02
5.214548856019973755e-02
5.223704501986503601e-02
5.232812836766242981e-02
5.242153257131576538e-02
5.251448601484298706e-02
5.260859802365303040e-02
5.270453169941902161e-02
5.280059948563575745e-02
5.289762467145919800e-02
5.299637466669082642e-02
5.309528484940528870e-02
5.319605022668838501e-02
5.329691246151924133e-02
5.339833721518516541e-02
5.350236594676971436e-02
5.360613018274307251e-02
5.371182039380073547e-02
5.381750687956809998e-02
5.392391979694366455e-02
5.403294041752815247e-02
5.414134263992309570e-02
5.425240471959114075e-02
5.436309054493904114e-02
5.447454005479812622e-02
5.458869040012359619e-02
5.470217764377593994e-02
5.481833592057228088e-02
5.493391677737236023e-02
5.505082756280899048e-02
5.517018586397171021e-02
5.528881400823593140e-02
5.541035532951354980e-02
5.553115159273147583e-02
5.565334111452102661e-02
5.577773228287696838e-02
5.590205639600753784e-02
5.602746829390525818e-02
5.615519732236862183e-02
5.628279596567153931e-02
5.641264468431472778e-02
5.654247477650642395e-02
5.667304620146751404e-02
5.680663883686065674e-02
5.693938955664634705e-02
5.707528442144393921e-02
5.721068382263183594e-02
5.734687298536300659e-02
5.748615041375160217e-02
5.762463063001632690e-02
5.776628106832504272e-02
5.790710076689720154e-02
5.804931744933128357e-02
5.819451436400413513e-02
5.833880975842475891e-02
5.848642438650131226e-02
5.863308906555175781e-02
5.878120660781860352e-02
5.893209949135780334e-02
5.908268317580223083e-02
5.923634022474288940e-02
5.938898772001266479e-02
5.954323709011077881e-02
5.970025435090065002e-02
5.985699966549873352e-02
6.001454219222068787e-02
6.017568334937095642e-02
6.033612787723541260e-02
6.049951165914535522e-02
6.066242977976799011e-02
6.082634627819061279e-02
6.099392101168632507e-02
6.116040423512458801e-02
6.133051216602325439e-02
6.149996444582939148e-02
6.167242303490638733e-02
6.184446439146995544e-02
6.201959028840065002e-02
6.219425424933433533e-02
6.237207353115081787e-02
6.254943460226058960e-02
6.273039430379867554e-02
6.291005760431289673e-02
6.309369206428527832e-02
6.327620148658752441e-02
6.346034258604049683e-02
6.364779174327850342e-02
6.383477151393890381e-02
6.402541697025299072e-02
6.420884281396865845e-02
6.439428031444549561e-02
6.457868218421936035e-02
6.476688385009765625e-02
6.495404243469238281e-02
6.514506042003631592e-02
6.533501297235488892e-02
6.552917510271072388e-02
6.572195887565612793e-02
6.591854989528656006e-02
6.611411273479461670e-02
6.631110608577728271e-02
6.651210039854049683e-02
6.671194732189178467e-02
6.691581755876541138e-02
6.711862236261367798e-02
6.732579320669174194e-02
6.753142923116683960e-02
6.774128228425979614e-02
6.794990599155426025e-02
6.816270202398300171e-02
6.837433576583862305e-02
6.859020143747329712e-02
6.880479305982589722e-02
6.902370601892471313e-02
6.924173235893249512e-02
6.946088373661041260e-02
6.968448311090469360e-02
6.990674138069152832e-02
7.013346999883651733e-02
7.035882771015167236e-02
7.058875262737274170e-02
7.081723958253860474e-02
7.105068862438201904e-02
7.128237932920455933e-02
7.151871174573898315e-02
7.175362855195999146e-02
7.199320942163467407e-02
7.223135232925415039e-02
7.247424870729446411e-02
7.271560281515121460e-02
7.295869290828704834e-02
7.320696860551834106e-02
7.345330715179443359e-02
7.370465248823165894e-02
7.395437359809875488e-02
7.420900464057922363e-02
7.446213066577911377e-02
7.472024857997894287e-02
7.497676461935043335e-02
7.523838430643081665e-02
7.549877464771270752e-02
7.576387375593185425e-02
7.602732628583908081e-02
7.629605382680892944e-02
7.656304538249969482e-02
7.683172076940536499e-02
7.710575312376022339e-02
7.737810909748077393e-02
7.765580713748931885e-02
7.793214917182922363e-02
7.821353524923324585e-02
7.849307358264923096e-02
7.877811044454574585e-02
7.906140387058258057e-02
7.935017347335815430e-02
7.963714003562927246e-02
7.992977648973464966e-02
8.022087812423706055e-02
8.051728457212448120e-02
8.081176877021789551e-02
8.111202716827392578e-02
8.141035586595535278e-02
8.171448856592178345e-02
8.202067017555236816e-02
8.232477307319641113e-02
8.263485878705978394e-02
8.294332772493362427e-02
8.325742185115814209e-02
8.356934040784835815e-02
8.388740569353103638e-02
8.420342206954956055e-02
8.452557027339935303e-02
8.484556525945663452e-02
8.517189323902130127e-02
8.550018072128295898e-02
8.582673966884613037e-02
8.615926653146743774e-02
8.648955076932907104e-02
8.682622760534286499e-02
8.716068416833877563e-02
8.750161528587341309e-02
8.784022182226181030e-02
8.818537741899490356e-02
8.852828294038772583e-02
8.887829631567001343e-02
8.922997117042541504e-02
8.957937359809875488e-02
8.993544429540634155e-02
9.028913080692291260e-02
9.064970165491104126e-02
9.100770950317382812e-02
9.137266874313354492e-02
9.173510223627090454e-02
9.210512787103652954e-02
9.247203171253204346e-02
9.284607321023941040e-02
9.322249889373779297e-02
9.359619766473770142e-02
9.397715330123901367e-02
9.435542672872543335e-02
9.474104642868041992e-02
9.512441605329513550e-02
9.551473706960678101e-02
9.590227901935577393e-02
9.629733860492706299e-02
9.669471532106399536e-02
9.708940982818603516e-02
9.749167412519454956e-02
9.789096564054489136e-02
9.829815477132797241e-02
9.870273619890213013e-02
9.911033511161804199e-02
9.950422495603561401e-02
9.990522265434265137e-02
1.003036275506019592e-01
1.007093042135238647e-01
1.011180207133293152e-01
1.015229150652885437e-01
1.019362881779670715e-01
1.023458763957023621e-01
1.027640253305435181e-01
1.031783372163772583e-01
1.036014035344123840e-01
1.040209904313087463e-01
1.044483035802841187e-01
1.048727929592132568e-01
1.053050085902214050e-01
1.057402044534683228e-01
1.061713844537734985e-01
1.066116318106651306e-01
1.070476993918418884e-01
1.074929386377334595e-01
1.079340428113937378e-01
1.083843037486076355e-01
1.088302880525588989e-01
1.092857122421264648e-01
1.097368001937866211e-01
1.101971492171287537e-01
1.106596365571022034e-01
1.111189648509025574e-01
1.115871593356132507e-01
1.120510473847389221e-01
1.125245466828346252e-01
1.129934936761856079e-01
1.134722158312797546e-01
1.139530614018440247e-01
1.144304573535919189e-01
1.149165853857994080e-01
1.153992265462875366e-01
1.158908009529113770e-01
1.163855120539665222e-01
1.168756484985351562e-01
1.173758804798126221e-01
1.178782582283020020e-01
1.183769851922988892e-01
1.188854053616523743e-01
1.193959787487983704e-01
1.199029460549354553e-01
1.204191669821739197e-01
1.209314316511154175e-01
1.214531958103179932e-01
1.219783350825309753e-01
1.224985048174858093e-01
1.230292469263076782e-01
1.235622465610504150e-01
1.240914463996887207e-01
1.246300935745239258e-01
1.251648068428039551e-01
1.257093399763107300e-01
1.262572556734085083e-01
1.268005669116973877e-01
1.273536086082458496e-01
1.279104202985763550e-01
1.284616887569427490e-01
1.290241479873657227e-01
1.295890957117080688e-01
1.301497220993041992e-01
1.307203620672225952e-01
1.312868893146514893e-01
1.318635791540145874e-01
1.324439346790313721e-01
1.330186277627944946e-01
1.336049735546112061e-01
1.341936439275741577e-01
1.347777843475341797e-01
1.353733837604522705e-01
1.359629034996032715e-01
1.365642696619033813e-01
1.371684521436691284e-01
1.377675533294677734e-01
1.383776664733886719e-01
1.389916241168975830e-01
1.395992636680603027e-01
1.402192115783691406e-01
1.408417522907257080e-01
1.414593756198883057e-01
1.420880854129791260e-01
1.427117586135864258e-01
1.433468610048294067e-01
1.439856886863708496e-01
1.446179747581481934e-01
1.452633291482925415e-01
1.459115594625473022e-01
1.465534120798110962e-01
1.472081989049911499e-01
1.478563398122787476e-01
1.485172361135482788e-01
1.491810232400894165e-01
1.498393565416336060e-01
1.505094170570373535e-01
1.511834412813186646e-01
1.518506854772567749e-01
1.525311619043350220e-01
1.532142907381057739e-01
1.538920253515243530e-01
1.545814871788024902e-01
1.552654206752777100e-01
1.559622734785079956e-01
1.566618829965591431e-01
1.573555767536163330e-01
1.580616235733032227e-01
1.587718576192855835e-01
1.594746410846710205e-01
1.601913571357727051e-01
1.609106957912445068e-01
1.616240292787551880e-01
1.623501926660537720e-01
1.630700230598449707e-01
1.638027578592300415e-01
1.645395159721374512e-01
1.652685552835464478e-01
1.660122275352478027e-01
1.667592376470565796e-01
1.674980670213699341e-01
1.682518571615219116e-01
1.690082699060440063e-01
1.697579622268676758e-01
1.705211699008941650e-01
1.712883114814758301e-01
1.720581054687500000e-01
1.728214025497436523e-01
1.735981553792953491e-01
1.743790358304977417e-01
1.751514822244644165e-01
1.759393513202667236e-01
1.767256110906600952e-01
1.774791479110717773e-01
1.782242208719253540e-01
1.789842844009399414e-01
1.797475516796112061e-01
1.805022656917572021e-01
1.812720745801925659e-01
1.820445507764816284e-01
1.828209757804870605e-01
1.835884898900985718e-01
1.843714863061904907e-01
1.851569712162017822e-01
1.859467625617980957e-01
1.867278665304183960e-01
1.875232905149459839e-01
1.883229166269302368e-01
1.891130506992340088e-01
1.899188905954360962e-01
1.907275170087814331e-01
1.915401667356491089e-01
1.923432946205139160e-01
1.931623220443725586e-01
1.939843297004699707e-01
1.947977244853973389e-01
1.956267058849334717e-01
1.964583247900009155e-01
1.972941160202026367e-01
1.981196701526641846e-01
1.989620178937911987e-01
1.998065859079360962e-01
2.006553411483764648e-01
2.014938145875930786e-01
2.023492902517318726e-01
2.032077610492706299e-01
2.040559798479080200e-01
2.049211710691452026e-01
2.057887017726898193e-01
2.066602259874343872e-01
2.075214684009552002e-01
2.083994597196578979e-01
2.092799842357635498e-01
2.101511210203170776e-01
2.110384702682495117e-01
2.119292020797729492e-01
2.128234505653381348e-01
2.137068361043930054e-01
2.146074920892715454e-01
