8.519309163093566895e-01
8.518725633621215820e-01
8.526288866996765137e-01
8.540787100791931152e-01
8.561231493949890137e-01
8.587109446525573730e-01
8.616576790809631348e-01
8.648044466972351074e-01
8.680137395858764648e-01
8.711810708045959473e-01
8.744130134582519531e-01
8.776863217353820801e-01
8.810399770736694336e-01
8.845945000648498535e-01
8.884788751602172852e-01
8.926900625228881836e-01
8.968420028686523438e-01
9.002569913864135742e-01
9.035331010818481445e-01
9.076996445655822754e-01
9.130004048347473145e-01
9.194718599319458008e-01
9.271724820137023926e-01
9.357743859291076660e-01
9.447584748268127441e-01
9.533989429473876953e-01
9.612398147583007812e-01
9.678000211715698242e-01
9.727305769920349121e-01
9.758034944534301758e-01
9.769094586372375488e-01
9.760698676109313965e-01
9.734537601470947266e-01
9.693083167076110840e-01
9.638952612876892090e-01
9.575565457344055176e-01
9.506096243858337402e-01
9.434246420860290527e-01
9.361509680747985840e-01
9.290086030960083008e-01
9.222508072853088379e-01
9.160827994346618652e-01
9.103170633316040039e-01
9.034562110900878906e-01
8.958643674850463867e-01
8.895512819290161133e-01
8.843456506729125977e-01
8.798550367355346680e-01
8.759085536003112793e-01
8.724645376205444336e-01
8.694400787353515625e-01
8.666107058525085449e-01
8.641347885131835938e-01
8.619742989540100098e-01
8.600772023200988770e-01
8.583860397338867188e-01
8.568413257598876953e-01
8.554244637489318848e-01
8.541119098663330078e-01
8.528944849967956543e-01
8.518494367599487305e-01
8.510903120040893555e-01
8.507136106491088867e-01
8.507476449012756348e-01
8.510933518409729004e-01
8.517714738845825195e-01
8.523266911506652832e-01
8.523400425910949707e-01
8.522130846977233887e-01
8.519567847251892090e-01
8.516739606857299805e-01
8.514937162399291992e-01
8.516096472740173340e-01
8.521994352340698242e-01
8.533912301063537598e-01
8.552820682525634766e-01
8.579393029212951660e-01
8.614031076431274414e-01
8.656908869743347168e-01
8.708639144897460938e-01
8.770014047622680664e-01
8.802931308746337891e-01
8.896814584732055664e-01
8.974571824073791504e-01
9.052056670188903809e-01
9.130005240440368652e-01
9.207187891006469727e-01
9.282190799713134766e-01
9.352880716323852539e-01
9.417983293533325195e-01
9.476552009582519531e-01
9.527288675308227539e-01
9.569190144538879395e-01
9.601774215698242188e-01
9.624449610710144043e-01
9.637042880058288574e-01
9.639675021171569824e-01
9.632823467254638672e-01
9.617164731025695801e-01
9.593599438667297363e-01
9.563237428665161133e-01
9.527199268341064453e-01
9.487466216087341309e-01
9.444571733474731445e-01
9.399688839912414551e-01
9.353628754615783691e-01
9.307391047477722168e-01
9.261387586593627930e-01
9.216046333312988281e-01
9.170952439308166504e-01
9.124703407287597656e-01
9.076213240623474121e-01
9.024106860160827637e-01
8.966992497444152832e-01
8.905376195907592773e-01
8.841171264648437500e-01
8.777978420257568359e-01
8.718640804290771484e-01
8.664965033531188965e-01
8.617883324623107910e-01
8.577181100845336914e-01
8.542197942733764648e-01
8.512412905693054199e-01
8.487227559089660645e-01
8.466150164604187012e-01
8.448632955551147461e-01
8.434305787086486816e-01
8.422906398773193359e-01
8.414547443389892578e-01
8.408220410346984863e-01
8.403512835502624512e-01
8.400041460990905762e-01
8.397369980812072754e-01
8.395063281059265137e-01
8.392696976661682129e-01
8.389862179756164551e-01
8.386220932006835938e-01
8.380704522132873535e-01
8.373723626136779785e-01
8.365440368652343750e-01
8.355923891067504883e-01
8.345397710800170898e-01
8.334279060363769531e-01
8.323038220405578613e-01
8.312225937843322754e-01
8.302503228187561035e-01
8.294512629508972168e-01
8.289144039154052734e-01
8.286580443382263184e-01
8.287231326103210449e-01
8.300610184669494629e-01
8.312227725982666016e-01
8.327814936637878418e-01
8.347281217575073242e-01
8.370563983917236328e-01
8.397507667541503906e-01
8.427906632423400879e-01
8.462234735488891602e-01
8.499526381492614746e-01
8.539289832115173340e-01
8.581237196922302246e-01
8.624986410140991211e-01
8.670008182525634766e-01
8.715839385986328125e-01
8.762091398239135742e-01
8.808392882347106934e-01
8.854171633720397949e-01
8.899515867233276367e-01
8.945001363754272461e-01
8.991603851318359375e-01
9.041575789451599121e-01
9.097003340721130371e-01
9.158481359481811523e-01
9.223743081092834473e-01
9.289569258689880371e-01
9.353006482124328613e-01
9.412418007850646973e-01
9.466813802719116211e-01
9.516005516052246094e-01
9.560193419456481934e-01
9.599586725234985352e-01
9.634216427803039551e-01
9.664326906204223633e-01
9.689830541610717773e-01
9.710905551910400391e-01
9.727507829666137695e-01
9.739798903465270996e-01
9.747820496559143066e-01
9.751744866371154785e-01
9.751710295677185059e-01
9.747975468635559082e-01
9.740759134292602539e-01
9.730340242385864258e-01
9.716933965682983398e-01
9.700899124145507812e-01
9.682510495185852051e-01
9.662141799926757812e-01
9.640076756477355957e-01
9.616641402244567871e-01
9.592170119285583496e-01
9.566978812217712402e-01
9.541377425193786621e-01
9.515674710273742676e-01
9.490098357200622559e-01
9.464873671531677246e-01
9.440199732780456543e-01
9.416165351867675781e-01
9.393047094345092773e-01
9.370896220207214355e-01
9.349793195724487305e-01
9.329814314842224121e-01
9.311016798019409180e-01
9.293507337570190430e-01
9.277247190475463867e-01
9.261570572853088379e-01
9.246396422386169434e-01
9.232473969459533691e-01
9.219851493835449219e-01
9.208536744117736816e-01
9.198413491249084473e-01
9.189450740814208984e-01
9.181566834449768066e-01
9.174672365188598633e-01
9.168533086776733398e-01
9.162938594818115234e-01
9.157531261444091797e-01
9.151676297187805176e-01
9.144670963287353516e-01
9.135542511940002441e-01
9.123274087905883789e-01
9.109464287757873535e-01
9.098148941993713379e-01
9.092000126838684082e-01
9.089605212211608887e-01
9.088242650032043457e-01
9.086047410964965820e-01
9.082205295562744141e-01
9.076369404792785645e-01
9.068474769592285156e-01
9.058450460433959961e-01
9.046376347541809082e-01
9.032344818115234375e-01
9.016500711441040039e-01
8.998824357986450195e-01
8.979619741439819336e-01
8.959037661552429199e-01
8.937563896179199219e-01
8.915633559226989746e-01
8.894605636596679688e-01
8.887213468551635742e-01
8.858554959297180176e-01
8.827873468399047852e-01
8.796967864036560059e-01
8.766371011734008789e-01
8.736256361007690430e-01
8.706692457199096680e-01
8.677810430526733398e-01
8.649767041206359863e-01
8.622762560844421387e-01
8.596750497817993164e-01
8.571881651878356934e-01
8.548136949539184570e-01
8.525488972663879395e-01
8.504040241241455078e-01
8.483716845512390137e-01
8.464589715003967285e-01
8.446584343910217285e-01
8.429738283157348633e-01
8.414013385772705078e-01
8.399286866188049316e-01
8.385508656501770020e-01
8.372558355331420898e-01
8.359952569007873535e-01
8.346713781356811523e-01
8.330301642417907715e-01
8.305599093437194824e-01
8.296172022819519043e-01
8.322066068649291992e-01
8.330164551734924316e-01
8.331307768821716309e-01
8.331624865531921387e-01
8.332575559616088867e-01
8.334630727767944336e-01
8.337914347648620605e-01
8.342526555061340332e-01
8.348459601402282715e-01
8.355848789215087891e-01
8.364782333374023438e-01
8.375128507614135742e-01
8.386868238449096680e-01
8.399944901466369629e-01
8.414457440376281738e-01
8.430292606353759766e-01
8.447556495666503906e-01
8.466170430183410645e-01
8.486056923866271973e-01
8.507307767868041992e-01
8.529764413833618164e-01
8.553522229194641113e-01
8.578477501869201660e-01
8.604500889778137207e-01
8.631695508956909180e-01
8.659848570823669434e-01
8.689214587211608887e-01
8.719662427902221680e-01
8.750866651535034180e-01
8.782935142517089844e-01
8.815613985061645508e-01
8.848930001258850098e-01
8.882802724838256836e-01
8.917156457901000977e-01
8.951914310455322266e-01
8.986887335777282715e-01
9.022208452224731445e-01
9.057685732841491699e-01
9.093238115310668945e-01
9.128775000572204590e-01
9.164217710494995117e-01
9.199382066726684570e-01
9.234390854835510254e-01
9.269058108329772949e-01
9.303688406944274902e-01
9.337866306304931641e-01
9.371448159217834473e-01
9.404271245002746582e-01
9.436475038528442383e-01
9.467906951904296875e-01
9.498519301414489746e-01
9.528179168701171875e-01
9.556937813758850098e-01
9.584835767745971680e-01
9.611679911613464355e-01
9.637523293495178223e-01
9.662334322929382324e-01
9.686096906661987305e-01
9.708786010742187500e-01
9.730448126792907715e-01
9.750938415527343750e-01
9.770311713218688965e-01
9.788554310798645020e-01
9.805670976638793945e-01
9.821665883064270020e-01
9.836528301239013672e-01
9.850291013717651367e-01
9.862874746322631836e-01
9.874317049980163574e-01
9.884614348411560059e-01
9.893767237663269043e-01
9.901775717735290527e-01
9.908641576766967773e-01
9.914367198944091797e-01
9.918949007987976074e-01
9.922407865524291992e-01
9.924739599227905273e-01
9.925951957702636719e-01
9.926047921180725098e-01
9.925045371055603027e-01
9.922932386398315430e-01
9.919744133949279785e-01
9.915573000907897949e-01
9.910451173782348633e-01
9.904245138168334961e-01
9.897013306617736816e-01
9.888707399368286133e-01
9.879399538040161133e-01
9.869033694267272949e-01
9.857692122459411621e-01
9.845306277275085449e-01
9.831926822662353516e-01
9.817614555358886719e-01
9.802287817001342773e-01
9.786060452461242676e-01
9.768897891044616699e-01
9.750815033912658691e-01
9.731829166412353516e-01
9.711960554122924805e-01
9.691229462623596191e-01
9.669656157493591309e-01
9.647266268730163574e-01
9.624090790748596191e-01
9.600315690040588379e-01
9.575881361961364746e-01
9.550757408142089844e-01
9.524983167648315430e-01
9.498599767684936523e-01
9.471651911735534668e-01
9.444193840026855469e-01
9.416272044181823730e-01
9.387954473495483398e-01
9.359298944473266602e-01
9.330373406410217285e-01
9.301244616508483887e-01
9.271985888481140137e-01
9.242671728134155273e-01
9.213379621505737305e-01
9.184276461601257324e-01
9.155246019363403320e-01
9.126549959182739258e-01
9.098071455955505371e-01
9.070061445236206055e-01
9.042395353317260742e-01
9.015307426452636719e-01
8.988655209541320801e-01
8.962640762329101562e-01
8.937126398086547852e-01
8.912314772605895996e-01
8.888148069381713867e-01
8.864559531211853027e-01
8.841721415519714355e-01
8.819486498832702637e-01
8.797999620437622070e-01
8.777116537094116211e-01
8.756968379020690918e-01
8.737400770187377930e-01
8.718538284301757812e-01
8.700232505798339844e-01
8.682588934898376465e-01
8.665467500686645508e-01
8.648966550827026367e-01
8.633002638816833496e-01
8.617559671401977539e-01
8.602613210678100586e-01
8.588147163391113281e-01
8.574146032333374023e-01
8.560586571693420410e-01
8.547345995903015137e-01
8.533731102943420410e-01
8.520469069480895996e-01
8.507631421089172363e-01
8.495166301727294922e-01
8.483065366744995117e-01
8.471320271492004395e-01
8.459923267364501953e-01
8.448869585990905762e-01
8.438153266906738281e-01
8.427770733833312988e-01
8.417717814445495605e-01
8.407990932464599609e-01
8.398587107658386230e-01
8.389505147933959961e-01
8.380742669105529785e-01
8.372294306755065918e-01
8.364163637161254883e-01
8.356347084045410156e-01
8.348862528800964355e-01
8.341666460037231445e-01
8.334777355194091797e-01
8.328209519386291504e-01
8.321925401687622070e-01
8.315939903259277344e-01
8.310260772705078125e-01
8.304852843284606934e-01
8.299731612205505371e-01
8.294902443885803223e-01
8.290335536003112793e-01
8.286035060882568359e-01
8.282001614570617676e-01
8.278209567070007324e-01
8.274664282798767090e-01
8.271344304084777832e-01
8.268246054649353027e-01
8.265364170074462891e-01
8.262678980827331543e-01
8.260189890861511230e-01
8.257887363433837891e-01
8.255758881568908691e-01
8.253799676895141602e-01
8.252002000808715820e-01
8.250361084938049316e-01
8.248869180679321289e-01
8.247523307800292969e-01
8.246320486068725586e-01
8.245263099670410156e-01
8.244342207908630371e-01
8.243562579154968262e-01
8.242930173873901367e-01
8.242436051368713379e-01
8.242095112800598145e-01
8.241910338401794434e-01
8.241889476776123047e-01
8.242017030715942383e-01
8.242309093475341797e-01
8.242775201797485352e-01
8.243405818939208984e-01
8.244210481643676758e-01
8.245210647583007812e-01
8.246383070945739746e-01
8.247745633125305176e-01
8.249306678771972656e-01
8.251077532768249512e-01
8.253041505813598633e-01
8.255208730697631836e-01
8.257606029510498047e-01
8.260197639465332031e-01
8.263009190559387207e-01
8.266036510467529297e-01
8.269287943840026855e-01
8.272759914398193359e-01
8.276460766792297363e-01
8.280384540557861328e-01
8.284539580345153809e-01
8.288921117782592773e-01
8.293536901473999023e-01
8.298379182815551758e-01
8.303456306457519531e-01
8.308732509613037109e-01
8.313834667205810547e-01
8.319149613380432129e-01
8.324689269065856934e-01
8.330451846122741699e-01
8.336442708969116211e-01
8.342659473419189453e-01
8.349100947380065918e-01
8.355761766433715820e-01
8.362650871276855469e-01
8.369761109352111816e-01
8.377093076705932617e-01
8.384644389152526855e-01
8.392412066459655762e-01
8.400400876998901367e-01
8.408605456352233887e-01
8.417025208473205566e-01
8.425614237785339355e-01
8.434454202651977539e-01
8.443507552146911621e-01
8.452724814414978027e-01
8.462191820144653320e-01
8.471859693527221680e-01
8.481683731079101562e-01
8.491758704185485840e-01
8.502029776573181152e-01
8.512496948242187500e-01
8.523099422454833984e-01
8.533949851989746094e-01
8.544988036155700684e-01
8.556156158447265625e-01
8.567610979080200195e-01
8.579318523406982422e-01
8.591142296791076660e-01
8.603205084800720215e-01
8.615438938140869141e-01
8.627773523330688477e-01
8.640338182449340820e-01
8.653059601783752441e-01
8.665879368782043457e-01
8.678915500640869141e-01
8.692092895507812500e-01
8.705421686172485352e-01
8.718823194503784180e-01
8.732356429100036621e-01
8.746088147163391113e-01
8.759874701499938965e-01
8.773853182792663574e-01
8.787879943847656250e-01
8.802077174186706543e-01
8.816315531730651855e-01
8.830648660659790039e-01
8.845142126083374023e-01
8.859655261039733887e-01
8.874312043190002441e-01
8.888974785804748535e-01
8.903775215148925781e-01
8.918561339378356934e-01
8.933473825454711914e-01
8.948358297348022461e-01
8.963275551795959473e-01
8.978299498558044434e-01
8.993269205093383789e-01
9.008330702781677246e-01
9.023002386093139648e-01
9.037560224533081055e-01
9.052031040191650391e-01
9.066489934921264648e-01
9.080995917320251465e-01
9.095394015312194824e-01
9.109825491905212402e-01
9.124139547348022461e-01
9.138390421867370605e-01
9.152657389640808105e-01
9.166780710220336914e-01
9.180833101272583008e-01
9.194798469543457031e-01
9.208685159683227539e-01
9.222552180290222168e-01
9.236256480216979980e-01
9.249872565269470215e-01
9.263395071029663086e-01
9.276827573776245117e-01
9.290234446525573730e-01
9.303493499755859375e-01
9.316669702529907227e-01
9.329766631126403809e-01
9.342797994613647461e-01
9.355834722518920898e-01
9.368745088577270508e-01
9.381605386734008789e-01
9.394422173500061035e-01
9.407200813293457031e-01
9.420000314712524414e-01
9.432702660560607910e-01
9.445362091064453125e-01
9.457978010177612305e-01
9.470535516738891602e-01
9.483100175857543945e-01
9.495648145675659180e-01
9.508383274078369141e-01
9.520991444587707520e-01
9.533460736274719238e-01
9.545764327049255371e-01
9.557881355285644531e-01
9.569785594940185547e-01
9.581447243690490723e-01
9.592855572700500488e-01
9.603980779647827148e-01
9.614802002906799316e-01
9.625297784805297852e-01
9.635447263717651367e-01
9.645236730575561523e-01
9.654647707939147949e-01
9.663663506507873535e-01
9.672271013259887695e-01
9.680454134941101074e-01
9.688208699226379395e-01
9.695518612861633301e-01
9.702379107475280762e-01
9.708778262138366699e-01
9.714708924293518066e-01
9.720168709754943848e-01
9.725151658058166504e-01
9.729650020599365234e-01
9.733664393424987793e-01
9.737186431884765625e-01
9.740219712257385254e-01
9.742759466171264648e-01
9.744805693626403809e-01
9.746356606483459473e-01
9.747411608695983887e-01
9.747973680496215820e-01
9.748044013977050781e-01
9.747622013092041016e-01
9.746713042259216309e-01
9.745317697525024414e-01
9.743381142616271973e-01
9.740665555000305176e-01
9.737475514411926270e-01
9.733815789222717285e-01
9.729703664779663086e-01
9.725111126899719238e-01
9.720057845115661621e-01
9.709676504135131836e-01
9.703266620635986328e-01
9.696447253227233887e-01
9.689165949821472168e-01
9.681458473205566406e-01
9.673332571983337402e-01
9.664792418479919434e-01
9.655845761299133301e-01
9.646543860435485840e-01
9.636812806129455566e-01
9.626699090003967285e-01
9.616212844848632812e-01
9.605364799499511719e-01
9.594161510467529297e-01
9.582668542861938477e-01
9.570787549018859863e-01
9.558581709861755371e-01
9.546062946319580078e-01
9.533239603042602539e-01
9.520183801651000977e-01
9.506787657737731934e-01
9.493119716644287109e-01
9.479259252548217773e-01
9.465088844299316406e-01
9.450684189796447754e-01
9.436119794845581055e-01
9.421280026435852051e-01
9.406243562698364258e-01
9.391088485717773438e-01
9.375694394111633301e-01
9.360138773918151855e-01
9.344506263732910156e-01
9.328674674034118652e-01
9.312719106674194336e-01
9.296727776527404785e-01
9.280821681022644043e-01
9.264898896217346191e-01
9.248997569084167480e-01
9.232987165451049805e-01
9.216955900192260742e-01
9.200989007949829102e-01
9.184952378273010254e-01
9.168933629989624023e-01
9.153015017509460449e-01
9.137064218521118164e-01
9.121168255805969238e-01
9.105402231216430664e-01
9.089639782905578613e-01
9.073956012725830078e-01
9.058429002761840820e-01
9.042928814888000488e-01
9.027595520019531250e-01
9.012299776077270508e-01
8.997178673744201660e-01
8.982099890708923340e-01
8.967200517654418945e-01
8.952344059944152832e-01
8.937600255012512207e-01
8.923027515411376953e-01
8.908491730690002441e-01
8.894122242927551270e-01
8.879781365394592285e-01
8.865591287612915039e-01
8.851423263549804688e-01
8.837392330169677734e-01
8.823369145393371582e-01
8.809466958045959473e-01
8.795559406280517578e-01
8.781761527061462402e-01
8.767942190170288086e-01
8.754219412803649902e-01
8.740465044975280762e-01
8.726793527603149414e-01
8.713083267211914062e-01
8.699446320533752441e-01
8.685762882232666016e-01
8.672145009040832520e-01
8.658475875854492188e-01
8.644872307777404785e-01
8.631213903427124023e-01
8.617524504661560059e-01
8.603892326354980469e-01
8.590210676193237305e-01
8.576591014862060547e-01
8.562922477722167969e-01
8.549319505691528320e-01
8.535734415054321289e-01
8.522102236747741699e-01
8.508544564247131348e-01
8.494956493377685547e-01
8.481443524360656738e-01
8.467963933944702148e-01
8.454452753067016602e-01
8.441035151481628418e-01
8.427594900131225586e-01
8.414250016212463379e-01
8.400953412055969238e-01
8.387641310691833496e-01
8.374440670013427734e-01
8.361230492591857910e-01
8.348135352134704590e-01
8.335092663764953613e-01
8.322055339813232422e-01
8.309139609336853027e-01
8.296230435371398926e-01
8.283444643020629883e-01
8.270723819732666016e-01
8.258026242256164551e-01
8.245448470115661621e-01
8.232895731925964355e-01
8.220473527908325195e-01
8.208124041557312012e-01
8.195808529853820801e-01
8.183618783950805664e-01
8.171468973159790039e-01
8.159444332122802734e-01
8.147504925727844238e-01
8.135609626770019531e-01
8.123843073844909668e-01
8.112171292304992676e-01
8.100537061691284180e-01
8.089045882225036621e-01
8.077640533447265625e-01
8.066328763961791992e-01
8.055074214935302734e-01
8.043953776359558105e-01
8.032938241958618164e-01
8.021974563598632812e-01
8.011160492897033691e-01
8.001207113265991211e-01
7.991442084312438965e-01
7.981762290000915527e-01
7.972238063812255859e-01
7.962843775749206543e-01
7.953535318374633789e-01
7.944403886795043945e-01
7.935402989387512207e-01
7.926517128944396973e-01
7.917810678482055664e-01
7.909268736839294434e-01
7.900887727737426758e-01
7.892656326293945312e-01
7.884642481803894043e-01
7.876836657524108887e-01
7.869216799736022949e-01
7.861870527267456055e-01
7.854779362678527832e-01
7.847982645034790039e-01
7.841473221778869629e-01
7.835346460342407227e-01
7.829604148864746094e-01
7.824286818504333496e-01
7.819463610649108887e-01
7.815177440643310547e-01
7.811471819877624512e-01
7.808377742767333984e-01
7.805938720703125000e-01
7.804126143455505371e-01
7.802886366844177246e-01
7.802062630653381348e-01
7.801419496536254883e-01
7.800549268722534180e-01
7.798974514007568359e-01
7.796124815940856934e-01
7.791487574577331543e-01
7.784660458564758301e-01
7.775609493255615234e-01
7.764511704444885254e-01
7.751815319061279297e-01
7.738068103790283203e-01
7.723832726478576660e-01
7.709490060806274414e-01
7.695519328117370605e-01
7.682049274444580078e-01
7.669200897216796875e-01
7.657000422477722168e-01
7.645400762557983398e-01
7.634454369544982910e-01
7.624074816703796387e-01
7.614191770553588867e-01
7.604768872261047363e-01
7.595705389976501465e-01
7.587123513221740723e-01
7.579119205474853516e-01
7.571396827697753906e-01
7.563928961753845215e-01
7.556651234626770020e-01
7.549614310264587402e-01
7.542761564254760742e-01
7.536075711250305176e-01
7.529542446136474609e-01
7.523141503334045410e-01
7.516852021217346191e-01
7.510706186294555664e-01
7.504670023918151855e-01
7.498736977577209473e-01
7.492892742156982422e-01
7.487145066261291504e-01
7.481483817100524902e-01
7.475903630256652832e-01
7.470399737358093262e-01
7.464950680732727051e-01
7.459582686424255371e-01
7.454289793968200684e-01
7.449060678482055664e-01
7.443893551826477051e-01
7.438786625862121582e-01
7.433730363845825195e-01
7.428735494613647461e-01
7.423796057701110840e-01
7.418893575668334961e-01
7.414058446884155273e-01
7.409265637397766113e-01
7.404527664184570312e-01
7.399837970733642578e-01
7.395194768905639648e-01
7.390596866607666016e-01
7.386043071746826172e-01
7.381524443626403809e-01
7.377043962478637695e-01
7.372617721557617188e-01
7.368233203887939453e-01
7.363889217376708984e-01
7.359577417373657227e-01
7.355309724807739258e-01
7.351081967353820801e-01
7.346892356872558594e-01
7.342739105224609375e-01
7.338604927062988281e-01
7.334523200988769531e-01
7.330478429794311523e-01
7.326468825340270996e-01
7.322493791580200195e-01
7.318545579910278320e-01
7.314636707305908203e-01
7.310762405395507812e-01
7.306920886039733887e-01
7.303111553192138672e-01
7.299333810806274414e-01
7.295581698417663574e-01
7.291865348815917969e-01
7.288264632225036621e-01
7.285037040710449219e-01
7.281841039657592773e-01
7.278674244880676270e-01
7.275538444519042969e-01
7.272432446479797363e-01
7.269353270530700684e-01
7.266305088996887207e-01
7.263283729553222656e-01
7.260284423828125000e-01
7.257319092750549316e-01
7.254377603530883789e-01
7.251467704772949219e-01
7.248586416244506836e-01
7.245730161666870117e-01
7.242902517318725586e-01
7.240099310874938965e-01
7.237324118614196777e-01
7.234572768211364746e-01
7.231841683387756348e-01
7.229141592979431152e-01
7.226468920707702637e-01
7.223818898200988770e-01
7.221195697784423828e-01
7.218597531318664551e-01
7.216020822525024414e-01
7.213177680969238281e-01
7.210332751274108887e-01
7.207502722740173340e-01
7.204694151878356934e-01
7.201914787292480469e-01
7.199149727821350098e-01
7.196406126022338867e-01
7.193691134452819824e-01
7.190989851951599121e-01
7.188309431076049805e-01
7.185649871826171875e-01
7.183018326759338379e-01
7.180399298667907715e-01
7.177801728248596191e-01
7.175231575965881348e-01
7.172673940658569336e-01
7.170136570930480957e-01
7.167626619338989258e-01
7.165129184722900391e-01
7.162651419639587402e-01
7.160201072692871094e-01
7.157762050628662109e-01
7.155343294143676758e-01
7.152951359748840332e-01
7.150570750236511230e-01
7.148210406303405762e-01
7.146341800689697266e-01
7.144884467124938965e-01
7.143446803092956543e-01
7.142028808593750000e-01
7.140637040138244629e-01
7.139257192611694336e-01
7.137895822525024414e-01
7.136551737785339355e-01
7.135228514671325684e-01
7.133932113647460938e-01
7.132647037506103516e-01
7.131380438804626465e-01
7.130132913589477539e-01
7.128911614418029785e-01
7.127701044082641602e-01
7.126509547233581543e-01
7.125337123870849609e-01
7.124182581901550293e-01
7.123054265975952148e-01
7.121937274932861328e-01
7.120838761329650879e-01
7.119758725166320801e-01
7.118704319000244141e-01
7.117661237716674805e-01
7.116636633872985840e-01
7.115630507469177246e-01
7.114637494087219238e-01
7.113669514656066895e-01
7.112622261047363281e-01
7.111591696739196777e-01
7.110586166381835938e-01
7.109590172767639160e-01
7.108615040779113770e-01
7.107653617858886719e-01
7.106709480285644531e-01
7.105790376663208008e-01
7.104880809783935547e-01
7.103988528251647949e-01
7.103114128112792969e-01
7.102264165878295898e-01
7.101424336433410645e-01
7.100598216056823730e-01
7.099793553352355957e-01
7.099014520645141602e-01
7.098245620727539062e-01
7.097494602203369141e-01
7.096761465072631836e-01
7.096053957939147949e-01
7.095357775688171387e-01
7.094683051109313965e-01
7.094023227691650391e-01
7.093389034271240234e-01
7.092766165733337402e-01
7.092162370681762695e-01
7.091577053070068359e-01
7.091007828712463379e-01
7.090655565261840820e-01
7.090624570846557617e-01
7.090617418289184570e-01
7.090615034103393555e-01
7.090640664100646973e-01
7.090675830841064453e-01
7.090727090835571289e-01
7.090802788734436035e-01
7.090876698493957520e-01
7.090982794761657715e-01
7.091102600097656250e-01
7.091240286827087402e-01
7.091403007507324219e-01
7.091576457023620605e-01
7.091768383979797363e-01
7.091981172561645508e-01
7.092209458351135254e-01
7.092463970184326172e-01
7.092716693878173828e-01
7.093002200126647949e-01
7.093313932418823242e-01
7.093634009361267090e-01
7.093985676765441895e-01
7.094350457191467285e-01
7.094734907150268555e-01
7.095147967338562012e-01
7.095574140548706055e-01
7.096009254455566406e-01
7.096478343009948730e-01
7.096968889236450195e-01
7.097397446632385254e-01
7.097728252410888672e-01
7.098077535629272461e-01
7.098449468612670898e-01
7.098836302757263184e-01
7.099241614341735840e-01
7.099649906158447266e-01
7.100092768669128418e-01
7.100557684898376465e-01
7.101043462753295898e-01
7.101554870605468750e-01
7.102083563804626465e-01
7.102633118629455566e-01
7.103210091590881348e-01
7.103785872459411621e-01
7.104402780532836914e-01
7.105040550231933594e-01
7.105704545974731445e-01
7.106392383575439453e-01
7.107105255126953125e-01
7.107847929000854492e-01
7.108590006828308105e-01
7.109378576278686523e-01
7.110198140144348145e-01
7.111039161682128906e-01
7.111908197402954102e-01
7.112801671028137207e-01
7.113726139068603516e-01
7.114656567573547363e-01
7.115643620491027832e-01
7.116655111312866211e-01
7.117732167243957520e-01
7.119039297103881836e-01
7.120375633239746094e-01
7.121731638908386230e-01
7.123095989227294922e-01
7.124508023262023926e-01
7.125940918922424316e-01
7.127401232719421387e-01
7.128893733024597168e-01
7.130416035652160645e-01
7.131959795951843262e-01
7.133512496948242188e-01
7.135114669799804688e-01
7.136746644973754883e-01
7.138423323631286621e-01
7.140117287635803223e-01
7.141849994659423828e-01
7.142232060432434082e-01
7.142532467842102051e-01
7.142891883850097656e-01
7.143270969390869141e-01
7.143670320510864258e-01
7.144104242324829102e-01
7.144565582275390625e-01
7.145055532455444336e-01
7.145545482635498047e-01
7.146095633506774902e-01
7.146670222282409668e-01
7.147282958030700684e-01
7.147935032844543457e-01
7.148613929748535156e-01
7.149286866188049316e-01
7.150033712387084961e-01
7.150588035583496094e-01
7.150791287422180176e-01
7.151008844375610352e-01
7.151253223419189453e-01
7.151478528976440430e-01
7.151761054992675781e-01
7.152066826820373535e-01
7.152396440505981445e-01
7.152757644653320312e-01
7.153137922286987305e-01
7.153514027595520020e-01
7.153947949409484863e-01
7.154409289360046387e-01
7.154898643493652344e-01
7.155424952507019043e-01
7.155973911285400391e-01
7.156514525413513184e-01
7.154921293258666992e-01
7.150152921676635742e-01
7.145409584045410156e-01
7.140678167343139648e-01
7.135972380638122559e-01
7.131246924400329590e-01
7.126584649085998535e-01
7.121948003768920898e-01
7.117329239845275879e-01
7.112744450569152832e-01
7.108181715011596680e-01
7.103608846664428711e-01
7.099112868309020996e-01
7.094650268554687500e-01
7.090220451354980469e-01
7.085820436477661133e-01
7.081463336944580078e-01
7.077062726020812988e-01
7.072120904922485352e-01
7.067264318466186523e-01
7.062474489212036133e-01
7.057753205299377441e-01
7.053124904632568359e-01
7.048509120941162109e-01
7.044035196304321289e-01
7.039647102355957031e-01
7.035344243049621582e-01
7.031131386756896973e-01
7.026953697204589844e-01
7.022925019264221191e-01
7.018986344337463379e-01
7.015160918235778809e-01
7.011421322822570801e-01
7.007738351821899414e-01
7.004213929176330566e-01
7.001004219055175781e-01
6.998477578163146973e-01
6.996106505393981934e-01
6.993866562843322754e-01
6.991712450981140137e-01
6.989777088165283203e-01
6.987997889518737793e-01
6.986371874809265137e-01
6.984902024269104004e-01
6.983525753021240234e-01
6.982397437095642090e-01
6.981422305107116699e-01
6.980624794960021973e-01
6.980002522468566895e-01
6.979483366012573242e-01
6.979218721389770508e-01
6.979133486747741699e-01
6.979249715805053711e-01
6.979675889015197754e-01
6.982932090759277344e-01
6.986290216445922852e-01
6.989916563034057617e-01
6.993748545646667480e-01
6.997771263122558594e-01
7.001983523368835449e-01
7.006310820579528809e-01
7.010931372642517090e-01
7.015744447708129883e-01
7.020772099494934082e-01
7.026000022888183594e-01
7.031441926956176758e-01
7.037000060081481934e-01
7.042856216430664062e-01
7.048935294151306152e-01
7.055235505104064941e-01
7.061737179756164551e-01
7.068362832069396973e-01
7.075300812721252441e-01
7.082470655441284180e-01
7.089860439300537109e-01
7.097463607788085938e-01
7.105190753936767578e-01
7.113251686096191406e-01
7.121526002883911133e-01
7.130037546157836914e-01
7.138766050338745117e-01
7.147611379623413086e-01
7.156804800033569336e-01
7.166211009025573730e-01
7.175852656364440918e-01
7.185720801353454590e-01
7.195683121681213379e-01
7.206001281738281250e-01
7.216541767120361328e-01
7.227299809455871582e-01
7.238286137580871582e-01
7.249702215194702148e-01
7.262469530105590820e-01
7.275427579879760742e-01
7.288560867309570312e-01
7.301883697509765625e-01
7.315248250961303711e-01
7.328917980194091797e-01
7.342765331268310547e-01
7.356777191162109375e-01
7.370954155921936035e-01
7.385157346725463867e-01
7.399650216102600098e-01
7.414295673370361328e-01
7.429099082946777344e-01
7.444036006927490234e-01
7.458977103233337402e-01
7.474186420440673828e-01
7.489523291587829590e-01
7.504993677139282227e-01
7.520571947097778320e-01
7.536261081695556641e-01
7.551919817924499512e-01
7.567814588546752930e-01
7.583802938461303711e-01
7.599884271621704102e-01
7.616035938262939453e-01
7.632125616073608398e-01
7.648416757583618164e-01
7.664767503738403320e-01
7.681176662445068359e-01
7.697619199752807617e-01
7.713957428932189941e-01
7.730472683906555176e-01
7.746999263763427734e-01
7.763539552688598633e-01
7.780086994171142578e-01
7.796485424041748047e-01
7.813017368316650391e-01
7.829520106315612793e-01
7.845993041992187500e-01
7.861994504928588867e-01
7.877822518348693848e-01
7.893609404563903809e-01
7.909350991249084473e-01
7.925049066543579102e-01
7.940542697906494141e-01
7.956110835075378418e-01
7.971591949462890625e-01
7.986981868743896484e-01
8.002281188964843750e-01
8.017336130142211914e-01
8.032409548759460449e-01
8.047356009483337402e-01
8.062161803245544434e-01
8.076829314231872559e-01
8.091216087341308594e-01
8.105565309524536133e-01
8.119740486145019531e-01
8.133732080459594727e-01
8.147538900375366211e-01
8.161025643348693848e-01
8.174423575401306152e-01
8.187603354454040527e-01
8.200554847717285156e-01
8.213277459144592285e-01
8.225648403167724609e-01
8.237876892089843750e-01
8.249844908714294434e-01
8.261544704437255859e-01
8.272974491119384766e-01
8.284024596214294434e-01
8.294883966445922852e-01
8.305444121360778809e-01
8.315703272819519043e-01
8.325651288032531738e-01
8.335199356079101562e-01
8.344511985778808594e-01
8.353493213653564453e-01
8.362143039703369141e-01
8.370448350906372070e-01
8.378341197967529297e-01
8.385954499244689941e-01
8.393213152885437012e-01
8.400102257728576660e-01
8.406612277030944824e-01
8.412685990333557129e-01
8.418435454368591309e-01
8.423797488212585449e-01
8.428770899772644043e-01
8.433347344398498535e-01
8.437487483024597168e-01
8.441274762153625488e-01
8.444662690162658691e-01
8.447648882865905762e-01
8.450233340263366699e-01
8.452382087707519531e-01
8.454160690307617188e-01
8.455532789230346680e-01
8.456501960754394531e-01
8.457063436508178711e-01
8.457202911376953125e-01
8.456958532333374023e-01
8.456309437751770020e-01
8.455259203910827637e-01
8.453805446624755859e-01
8.451948165893554688e-01
8.449698686599731445e-01
8.447053432464599609e-01
8.444012403488159180e-01
8.440580368041992188e-01
8.436764478683471680e-01
8.432557582855224609e-01
8.427964448928833008e-01
8.422992229461669922e-01
8.417639136314392090e-01
8.411932587623596191e-01
8.405834436416625977e-01
8.399369120597839355e-01
8.392542004585266113e-01
8.385351300239562988e-01
8.377836346626281738e-01
8.369938731193542480e-01
8.361696004867553711e-01
8.353105783462524414e-01
8.344178795814514160e-01
8.334944248199462891e-01
8.325156569480895996e-01
8.314902782440185547e-01
8.304314017295837402e-01
8.293405771255493164e-01
8.282218575477600098e-01
8.270674943923950195e-01
8.258827328681945801e-01
8.246671557426452637e-01
8.234212398529052734e-01
8.221471309661865234e-01
8.208495378494262695e-01
8.195177316665649414e-01
8.181586861610412598e-01
8.167729377746582031e-01
8.153607845306396484e-01
8.139274120330810547e-01
8.124637603759765625e-01
8.109751343727111816e-01
8.094615340232849121e-01
8.079235553741455078e-01
8.063695430755615234e-01
8.047864437103271484e-01
8.031808733940124512e-01
8.015518188476562500e-01
7.999030947685241699e-01
7.982405424118041992e-01
7.965506315231323242e-01
7.948399782180786133e-01
7.931102514266967773e-01
7.913624048233032227e-01
7.896032929420471191e-01
7.878179550170898438e-01
7.860164642333984375e-01
7.841969728469848633e-01
7.823618650436401367e-01
7.805176377296447754e-01
7.786499857902526855e-01
7.767679095268249512e-01
7.748701572418212891e-01
7.729576230049133301e-01
7.710322141647338867e-01
7.691012024879455566e-01
7.671492695808410645e-01
7.651823163032531738e-01
7.632052302360534668e-01
7.612159848213195801e-01
7.592242956161499023e-01
7.572278976440429688e-01
7.552204132080078125e-01
7.532055377960205078e-01
7.511795163154602051e-01
7.491561174392700195e-01
7.471143007278442383e-01
7.450641989707946777e-01
7.430064678192138672e-01
7.409402132034301758e-01
7.388783097267150879e-01
7.367995977401733398e-01
7.347138524055480957e-01
7.326222658157348633e-01
7.305245995521545410e-01
7.284215092658996582e-01
7.263211011886596680e-01
7.242085337638854980e-01
7.220901250839233398e-01
7.199670672416687012e-01
7.178398370742797852e-01
7.157163619995117188e-01
7.135822772979736328e-01
7.114434838294982910e-01
7.093011140823364258e-01
7.071557044982910156e-01
7.050073146820068359e-01
7.028656005859375000e-01
7.007120251655578613e-01
6.985559463500976562e-01
6.963980197906494141e-01
6.942378282546997070e-01
6.920855641365051270e-01
6.899235844612121582e-01
6.877574920654296875e-01
6.855917572975158691e-01
6.834246516227722168e-01
6.812569499015808105e-01
6.790990233421325684e-01
6.769288182258605957e-01
6.747593879699707031e-01
6.725896596908569336e-01
6.704200506210327148e-01
6.682593226432800293e-01
6.660899519920349121e-01
6.639221906661987305e-01
6.617520451545715332e-01
6.595839858055114746e-01
6.574167013168334961e-01
6.552591919898986816e-01
6.532458066940307617e-01
6.512600183486938477e-01
6.492753624916076660e-01
6.472932100296020508e-01
6.453239917755126953e-01
6.433485746383666992e-01
6.413742899894714355e-01
6.394032835960388184e-01
6.374362707138061523e-01
6.354709863662719727e-01
6.335187554359436035e-01
6.315610408782958984e-01
6.296037435531616211e-01
6.276523470878601074e-01
6.257026195526123047e-01
6.237581372261047363e-01
6.218255162239074707e-01
6.198848485946655273e-01
6.179504990577697754e-01
6.160197257995605469e-01
6.140912175178527832e-01
6.121678352355957031e-01
6.102552413940429688e-01
6.083375811576843262e-01
6.064254045486450195e-01
6.045172214508056641e-01
6.026099324226379395e-01
6.007093787193298340e-01
5.988196134567260742e-01
5.969271063804626465e-01
5.950386524200439453e-01
5.931513905525207520e-01
5.912710428237915039e-01
5.893949270248413086e-01
5.875294804573059082e-01
5.856618285179138184e-01
5.837967991828918457e-01
5.819360017776489258e-01
5.800811052322387695e-01
5.782303214073181152e-01
5.763903856277465820e-01
5.745471119880676270e-01
5.727079510688781738e-01
5.708749294281005859e-01
5.690463185310363770e-01
5.672205090522766113e-01
5.654072165489196777e-01
5.635918974876403809e-01
5.617796778678894043e-01
5.599735975265502930e-01
5.581719875335693359e-01
5.563721060752868652e-01
5.546138882637023926e-01
5.528593659400939941e-01
5.511080622673034668e-01
5.493644475936889648e-01
5.476225018501281738e-01
5.458863973617553711e-01
5.441623330116271973e-01
5.424357652664184570e-01
5.407135486602783203e-01
5.389947891235351562e-01
5.372818708419799805e-01
5.355754494667053223e-01
5.338779091835021973e-01
5.321789979934692383e-01
5.304855108261108398e-01
5.287961363792419434e-01
5.271114706993103027e-01
5.254302024841308594e-01
5.237566232681274414e-01
5.220931768417358398e-01
5.204262137413024902e-01
5.187668800354003906e-01
5.171095132827758789e-01
5.154580473899841309e-01
5.138114094734191895e-01
5.121698975563049316e-01
5.105395317077636719e-01
5.089058279991149902e-01
5.072799921035766602e-01
5.056571960449218750e-01
5.040379166603088379e-01
5.024245381355285645e-01
5.008165240287780762e-01
4.992193579673767090e-01
4.976203739643096924e-01
4.960267245769500732e-01
4.944372773170471191e-01
4.928515255451202393e-01
4.912717342376708984e-01
4.896984100341796875e-01
4.881333112716674805e-01
4.865677356719970703e-01
4.850057959556579590e-01
4.834516346454620361e-01
4.819003343582153320e-01
4.803527891635894775e-01
4.788129031658172607e-01
4.772822856903076172e-01
4.757488667964935303e-01
4.742215573787689209e-01
4.726995229721069336e-01
4.711816012859344482e-01
4.696685373783111572e-01
4.681608676910400391e-01
4.666631221771240234e-01
4.651297628879547119e-01
4.635724723339080811e-01
4.620199799537658691e-01
4.604703783988952637e-01
4.589263796806335449e-01
4.573882520198822021e-01
4.558607041835784912e-01
4.543303847312927246e-01
4.528064727783203125e-01
4.512864351272583008e-01
4.497704505920410156e-01
4.482610225677490234e-01
4.467562735080718994e-01
4.452601969242095947e-01
4.437649250030517578e-01
4.422734975814819336e-01
4.407877922058105469e-01
4.393050372600555420e-01
4.378289282321929932e-01
4.363574683666229248e-01
4.348933100700378418e-01
4.334312975406646729e-01
4.319739043712615967e-01
4.305195808410644531e-01
4.290717244148254395e-01
4.276284873485565186e-01
4.261889755725860596e-01
4.247533679008483887e-01
4.233242571353912354e-01
4.219049513339996338e-01
4.204834103584289551e-01
4.190672338008880615e-01
4.176566898822784424e-01
4.162508249282836914e-01
4.148477315902709961e-01
4.134511649608612061e-01
4.120591282844543457e-01
4.106689989566802979e-01
4.092911481857299805e-01
4.079129993915557861e-01
4.065375626087188721e-01
4.051685035228729248e-01
4.038029611110687256e-01
4.024431109428405762e-01
4.010859429836273193e-01
3.997350931167602539e-01
3.983935713768005371e-01
3.970499336719512939e-01
3.957117199897766113e-01
3.943788707256317139e-01
3.930487632751464844e-01
3.917250633239746094e-01
3.904056549072265625e-01
3.890898227691650391e-01
3.877776563167572021e-01
3.864761292934417725e-01
3.851746320724487305e-01
3.838756382465362549e-01
3.825829923152923584e-01
3.813325464725494385e-01
3.800969421863555908e-01
3.788658082485198975e-01
3.776387870311737061e-01
3.764161169528961182e-01
3.752020597457885742e-01
3.739878833293914795e-01
3.727781176567077637e-01
3.715724349021911621e-01
3.703710138797760010e-01
3.691729903221130371e-01
3.679799735546112061e-01
3.667912185192108154e-01
3.656106889247894287e-01
3.644301593303680420e-01
3.632538020610809326e-01
3.620816767215728760e-01
3.609136044979095459e-01
3.597497045993804932e-01
3.585898578166961670e-01
3.574332594871520996e-01
3.562816083431243896e-01
3.551380038261413574e-01
3.539944887161254883e-01
3.528549373149871826e-01
3.517194986343383789e-01
3.505880236625671387e-01
3.494605123996734619e-01
3.483370542526245117e-01
3.472176492214202881e-01
3.461021780967712402e-01
3.449898064136505127e-01
3.438821732997894287e-01
3.427785038948059082e-01
3.416824340820312500e-01
3.405866026878356934e-01
3.394946455955505371e-01
3.384065330028533936e-01
3.373223245143890381e-01
3.362419903278350830e-01
3.351638019084930420e-01
3.340903222560882568e-01
3.330214619636535645e-01
3.319564759731292725e-01
3.308951556682586670e-01
3.298376798629760742e-01
3.287874460220336914e-01
3.277375102043151855e-01
3.266912996768951416e-01
3.256488144397735596e-01
3.246100246906280518e-01
3.235742747783660889e-01
3.225428462028503418e-01
3.215152323246002197e-01
3.204911947250366211e-01
3.194707930088043213e-01
3.184540867805480957e-01
3.174410164356231689e-01
3.164348006248474121e-01
3.154289722442626953e-01
3.144266605377197266e-01
3.134279847145080566e-01
3.124327361583709717e-01
3.114434480667114258e-01
3.104572594165802002e-01
3.094755709171295166e-01
3.084975183010101318e-01
3.075232505798339844e-01
3.065526783466339111e-01
3.055857419967651367e-01
3.046249151229858398e-01
3.036654293537139893e-01
3.027094900608062744e-01
3.017571866512298584e-01
3.008085489273071289e-01
2.998635470867156982e-01
2.989213466644287109e-01
2.979835271835327148e-01
2.970492541790008545e-01
2.961184382438659668e-01
2.951912283897399902e-01
2.942675650119781494e-01
2.933496534824371338e-01
2.924329340457916260e-01
2.915197312831878662e-01
2.906100153923034668e-01
2.897036969661712646e-01
2.888008952140808105e-01
2.879008948802947998e-01
2.870048880577087402e-01
2.861123383045196533e-01
2.852231562137603760e-01
2.843373119831085205e-01
2.834548950195312500e-01
2.825752794742584229e-01
2.816995680332183838e-01
2.808254957199096680e-01
2.799564301967620850e-01
2.790906429290771484e-01
2.782281041145324707e-01
2.773682773113250732e-01
2.765149474143981934e-01
2.756621837615966797e-01
2.748126983642578125e-01
2.739664614200592041e-01
2.731234431266784668e-01
2.722829878330230713e-01
2.714463174343109131e-01
2.706128656864166260e-01
2.697825133800506592e-01
2.689553499221801758e-01
2.681313455104827881e-01
2.673098146915435791e-01
2.664920687675476074e-01
2.656773924827575684e-01
2.648657560348510742e-01
2.640572488307952881e-01
2.632518410682678223e-01
2.624494433403015137e-01
2.616494894027709961e-01
2.608532011508941650e-01
2.600598931312561035e-01
2.592718601226806641e-01
2.584845721721649170e-01
2.577002346515655518e-01
2.569182813167572021e-01
2.561399042606353760e-01
2.553644776344299316e-01
2.545919716358184814e-01
2.538826167583465576e-01
2.532059252262115479e-01
2.525324523448944092e-01
2.518595159053802490e-01
2.511908411979675293e-01
2.505253255367279053e-01
2.498618960380554199e-01
2.492016404867172241e-01
2.485435158014297485e-01
2.478879094123840332e-01
2.472354918718338013e-01
2.465851306915283203e-01
2.459378689527511597e-01
2.452946603298187256e-01
2.446504533290863037e-01
2.440108209848403931e-01
2.433731406927108765e-01
2.427385598421096802e-01
2.421059906482696533e-01
2.414758652448654175e-01
2.408487796783447266e-01
2.402236610651016235e-01
2.396014928817749023e-01
2.389812469482421875e-01
2.383625358343124390e-01
2.377472370862960815e-01
2.371343225240707397e-01
2.365243434906005859e-01
2.359163314104080200e-01
2.353111207485198975e-01
2.347078621387481689e-01
2.341070324182510376e-01
2.335089296102523804e-01
2.329128235578536987e-01
2.323180437088012695e-01
2.317266166210174561e-01
2.311374843120574951e-01
2.305511534214019775e-01
2.299667149782180786e-01
2.293849736452102661e-01
2.288051247596740723e-01
2.282280176877975464e-01
2.276526987552642822e-01
2.270796895027160645e-01
2.265079468488693237e-01
2.259394824504852295e-01
2.253736257553100586e-01
2.248096317052841187e-01
2.242478579282760620e-01
2.236886769533157349e-01
2.231313288211822510e-01
2.225766032934188843e-01
2.220236361026763916e-01
2.214728742837905884e-01
2.209232896566390991e-01
2.203768491744995117e-01
2.198330163955688477e-01
2.192909121513366699e-01
2.187509983777999878e-01
2.182135432958602905e-01
2.176778614521026611e-01
2.171447277069091797e-01
2.166132628917694092e-01
2.160843312740325928e-01
2.155557125806808472e-01
2.150305360555648804e-01
2.145078927278518677e-01
2.139869183301925659e-01
2.134684175252914429e-01
2.129515558481216431e-01
2.124367803335189819e-01
2.119658738374710083e-01
2.115562856197357178e-01
2.111487835645675659e-01
2.107425481081008911e-01
2.103392779827117920e-01
2.099363058805465698e-01
2.095349580049514771e-01
2.091351896524429321e-01
2.087371051311492920e-01
2.083419561386108398e-01
2.079470902681350708e-01
2.075537592172622681e-01
2.071620821952819824e-01
2.067719548940658569e-01
2.063847333192825317e-01
2.059977948665618896e-01
2.056124359369277954e-01
2.052285671234130859e-01
2.048463225364685059e-01
2.044669836759567261e-01
2.040878385305404663e-01
2.037102282047271729e-01
2.033341675996780396e-01
2.029596418142318726e-01
2.025879621505737305e-01
2.022164762020111084e-01
2.018465399742126465e-01
2.014780640602111816e-01
2.011111676692962646e-01
2.007470726966857910e-01
2.003834396600723267e-01
2.000210285186767578e-01
1.996601074934005737e-01
1.993006616830825806e-01
1.989426612854003906e-01
1.985874772071838379e-01
1.982311010360717773e-01
1.978775262832641602e-01
1.975254416465759277e-01
1.971748322248458862e-01
1.968269050121307373e-01
1.964791864156723022e-01
1.961329132318496704e-01
1.957880705595016479e-01
1.954446285963058472e-01
1.951039284467697144e-01
1.947633624076843262e-01
1.944242119789123535e-01
1.940864920616149902e-01
1.937502026557922363e-01
1.934165358543395996e-01
1.930830478668212891e-01
1.927509456872940063e-01
1.924202293157577515e-01
1.920909285545349121e-01
1.917642652988433838e-01
1.914377212524414062e-01
1.911125332117080688e-01
1.907890439033508301e-01
1.904666274785995483e-01
1.901467889547348022e-01
1.898270994424819946e-01
1.895087659358978271e-01
1.891917586326599121e-01
1.888749152421951294e-01
1.885618567466735840e-01
1.882489025592803955e-01
1.879372745752334595e-01
1.876270025968551636e-01
1.873180568218231201e-01
1.870116293430328369e-01
1.867053061723709106e-01
1.864003390073776245e-01
1.860966235399246216e-01
1.857942491769790649e-01
1.854943782091140747e-01
1.851963400840759277e-01
1.849191486835479736e-01
1.846439987421035767e-01
1.843688338994979858e-01
1.840959787368774414e-01
1.838230788707733154e-01
1.835525184869766235e-01
1.832830607891082764e-01
1.830135881900787354e-01
1.827463805675506592e-01
1.824779808521270752e-01
1.822130382061004639e-01
1.819492131471633911e-01
1.816853135824203491e-01
1.814236491918563843e-01
1.811619400978088379e-01
1.809025406837463379e-01
1.806441545486450195e-01
1.803857237100601196e-01
1.801295429468154907e-01
1.798732578754425049e-01
1.796192377805709839e-01
1.793642789125442505e-01
1.791123747825622559e-01
1.788615435361862183e-01
1.786106079816818237e-01
1.783618927001953125e-01
1.781130433082580566e-01
1.778664141893386841e-01
1.776208281517028809e-01
1.773750782012939453e-01
1.771315485239028931e-01
1.768878996372222900e-01
1.766463816165924072e-01
1.764037311077117920e-01
1.761642694473266602e-01
1.759258210659027100e-01
1.756871938705444336e-01
1.754507273435592651e-01
1.752141416072845459e-01
1.749796271324157715e-01
1.747461259365081787e-01
1.745126843452453613e-01
1.742810904979705811e-01
1.740493923425674438e-01
1.738197505474090576e-01
1.735889166593551636e-01
1.733611822128295898e-01
1.731344014406204224e-01
1.729074418544769287e-01
1.726824790239334106e-01
1.724573820829391479e-01
1.722343266010284424e-01
1.720121204853057861e-01
1.717897802591323853e-01
1.715694367885589600e-01
1.713488847017288208e-01
1.711303293704986572e-01
1.709116548299789429e-01
1.706937998533248901e-01
1.704778373241424561e-01
1.702617257833480835e-01
1.700475364923477173e-01
1.698332875967025757e-01
1.696207821369171143e-01
1.694091409444808960e-01
1.691972315311431885e-01
1.689872294664382935e-01
1.687770038843154907e-01
1.685677021741867065e-01
1.683601140975952148e-01
1.681523025035858154e-01
1.679463386535644531e-01
1.677400916814804077e-01
1.675357073545455933e-01
1.673310399055480957e-01
1.671281307935714722e-01
1.669260263442993164e-01
1.667236387729644775e-01
1.665220558643341064e-01
1.663211435079574585e-01
1.661219745874404907e-01
1.659268885850906372e-01
1.657753288745880127e-01
1.656242609024047852e-01
1.654734462499618530e-01
1.653242111206054688e-01
1.651735305786132812e-01
1.650241762399673462e-01
1.648750454187393188e-01
1.647274941205978394e-01
1.645793467760086060e-01
1.644315868616104126e-01
1.642849892377853394e-01
1.641370803117752075e-01
1.639904379844665527e-01
1.638441085815429688e-01
1.636991351842880249e-01
1.635533720254898071e-01
1.634080559015274048e-01
1.632640510797500610e-01
1.631184965372085571e-01
1.629739701747894287e-01
1.628298908472061157e-01
1.626870781183242798e-01
1.625435650348663330e-01
1.624003052711486816e-01
1.622571349143981934e-01
1.621144711971282959e-01
1.619719564914703369e-01
1.618296802043914795e-01
1.616884171962738037e-01
1.615465432405471802e-01
1.614049077033996582e-01
1.612634658813476562e-01
1.611231416463851929e-01
1.609810143709182739e-01
1.608400940895080566e-01
1.606993228197097778e-01
1.605595946311950684e-01
1.604189574718475342e-01
1.602786034345626831e-01
1.601392477750778198e-01
1.599982976913452148e-01
1.598580926656723022e-01
1.597181409597396851e-01
1.595791876316070557e-01
1.594394147396087646e-01
1.592997014522552490e-01
1.591598391532897949e-01
1.590202897787094116e-01
1.588807106018066406e-01
1.587411314249038696e-01
1.586022973060607910e-01
1.584627777338027954e-01
1.583232134580612183e-01
1.581836789846420288e-01
1.580449938774108887e-01
1.579044163227081299e-01
1.577647626399993896e-01
1.576259583234786987e-01
1.574862301349639893e-01
1.573462635278701782e-01
1.572064012289047241e-01
1.570673137903213501e-01
1.569264531135559082e-01
1.567861735820770264e-01
1.566459238529205322e-01
1.565064191818237305e-01
1.563659310340881348e-01
1.562253236770629883e-01
1.560844779014587402e-01
1.559435725212097168e-01
1.558025181293487549e-01
1.556613147258758545e-01
1.555206030607223511e-01
1.553782522678375244e-01
1.552365124225616455e-01
1.550945490598678589e-01
1.549532413482666016e-01
1.548107415437698364e-01
1.546681970357894897e-01
1.545254290103912354e-01
1.543824225664138794e-01
1.542390435934066772e-01
1.540955305099487305e-01
1.539526134729385376e-01
1.538078784942626953e-01
1.536636054515838623e-01
1.535189449787139893e-01
1.533749699592590332e-01
1.532526761293411255e-01
1.531362086534500122e-01
1.530193686485290527e-01
1.529028564691543579e-01
1.527861207723617554e-01
1.526690870523452759e-01
1.525509357452392578e-01
1.524330228567123413e-01
1.523149460554122925e-01
1.521957367658615112e-01
1.520769596099853516e-01
1.519569158554077148e-01
1.518374532461166382e-01
1.517176181077957153e-01
1.515974253416061401e-01
1.514767110347747803e-01
1.513543128967285156e-01
1.512330472469329834e-01
1.511114537715911865e-01
1.509895026683807373e-01
1.508670002222061157e-01
1.507435590028762817e-01
1.506205350160598755e-01
1.504963636398315430e-01
1.503724455833435059e-01
1.502483338117599487e-01
1.501238942146301270e-01
1.499983072280883789e-01
1.498729586601257324e-01
1.497474312782287598e-01
1.496207863092422485e-01
1.494945585727691650e-01
1.493670642375946045e-01
1.492401063442230225e-01
1.491128355264663696e-01
1.489852219820022583e-01
1.488570570945739746e-01
1.487272381782531738e-01
1.485985964536666870e-01
1.484696120023727417e-01
1.483400613069534302e-01
1.482104212045669556e-01
1.480796933174133301e-01
1.479486078023910522e-01
1.478177756071090698e-01
1.476867944002151489e-01
1.475554704666137695e-01
1.474231481552124023e-01
1.472910344600677490e-01
1.471587866544723511e-01
1.470254957675933838e-01
1.468926519155502319e-01
1.467585712671279907e-01
1.466251015663146973e-01
1.464913636445999146e-01
1.463573127985000610e-01
1.462220698595046997e-01
1.460867375135421753e-01
1.459518522024154663e-01
1.458166986703872681e-01
1.456803232431411743e-01
1.455446332693099976e-01
1.454086899757385254e-01
1.452724337577819824e-01
1.451343446969985962e-01
1.449976265430450439e-01
1.448606401681900024e-01
1.447234600782394409e-01
1.445853263139724731e-01
1.444474309682846069e-01
1.443095356225967407e-01
1.441707313060760498e-01
1.440317034721374512e-01
1.438929438591003418e-01
1.437542140483856201e-01
1.436152607202529907e-01
1.434754133224487305e-01
1.433358937501907349e-01
1.431956887245178223e-01
1.430559754371643066e-01
1.429154276847839355e-01
1.427751928567886353e-01
1.426350176334381104e-01
1.424946486949920654e-01
1.423534750938415527e-01
1.422119289636611938e-01
1.420711129903793335e-01
1.419302076101303101e-01
1.417884826660156250e-01
1.416470706462860107e-01
1.415057927370071411e-01
1.413643807172775269e-01
1.412214934825897217e-01
1.410796791315078735e-01
1.409379690885543823e-01
1.408007591962814331e-01
1.406724452972412109e-01
1.405433267354965210e-01
1.404149830341339111e-01
1.402849107980728149e-01
1.401561200618743896e-01
1.400265097618103027e-01
1.398977041244506836e-01
1.397672444581985474e-01
1.396380513906478882e-01
1.395083218812942505e-01
1.393789649009704590e-01
1.392482221126556396e-01
1.391187608242034912e-01
1.389887630939483643e-01
1.388591974973678589e-01
1.387282609939575195e-01
1.385986059904098511e-01
1.384685188531875610e-01
1.383388489484786987e-01
1.382078081369400024e-01
1.380783617496490479e-01
1.379480212926864624e-01
1.378183364868164062e-01
1.376873403787612915e-01
1.375579535961151123e-01
1.374276876449584961e-01
1.372980922460556030e-01
1.371674835681915283e-01
1.370380073785781860e-01
1.369079053401947021e-01
1.367785632610321045e-01
1.366481781005859375e-01
1.365189552307128906e-01
1.363891363143920898e-01
1.362602859735488892e-01
1.361300200223922729e-01
1.360011249780654907e-01
1.358716934919357300e-01
1.357426345348358154e-01
1.356133818626403809e-01
1.354849487543106079e-01
1.353553384542465210e-01
1.352273672819137573e-01
1.350986510515213013e-01
1.349701285362243652e-01
1.348419189453125000e-01
1.347142755985260010e-01
1.345855146646499634e-01
1.344582140445709229e-01
1.343306154012680054e-01
1.342030167579650879e-01
1.340755373239517212e-01
1.339491307735443115e-01
1.338213980197906494e-01
1.336951404809951782e-01
1.335684061050415039e-01
1.334421187639236450e-01
1.333157569169998169e-01
1.331902891397476196e-01
1.330639421939849854e-01
1.329388916492462158e-01
1.328133940696716309e-01
1.326881200075149536e-01
1.325632780790328979e-01
1.324391067028045654e-01
1.323144733905792236e-01
1.321901530027389526e-01
1.320662200450897217e-01
1.319429725408554077e-01
1.318186819553375244e-01
1.316961497068405151e-01
1.315729916095733643e-01
1.314501166343688965e-01
1.313274502754211426e-01
1.312059313058853149e-01
1.310831904411315918e-01
1.309619694948196411e-01
1.308405697345733643e-01
1.307193040847778320e-01
1.305982172489166260e-01
1.304780691862106323e-01
1.303572058677673340e-01
1.302376091480255127e-01
1.301176548004150391e-01
1.299982666969299316e-01
1.298788636922836304e-01
1.297604292631149292e-01
1.296410709619522095e-01
1.295234411954879761e-01
1.294052153825759888e-01
1.292873769998550415e-01
1.291697621345520020e-01
1.290533095598220825e-01
1.289363056421279907e-01
1.288196891546249390e-01
1.287034898996353149e-01
1.285880655050277710e-01
1.284717172384262085e-01
1.283568888902664185e-01
1.282419711351394653e-01
1.281272321939468384e-01
1.280127167701721191e-01
1.279014945030212402e-01
1.278144866228103638e-01
1.277288943529129028e-01
1.276428997516632080e-01
1.275570243597030640e-01
1.274721622467041016e-01
1.273868530988693237e-01
1.273019015789031982e-01
1.272168755531311035e-01
1.271329373121261597e-01
1.270480304956436157e-01
1.269645690917968750e-01
1.268813461065292358e-01
1.267969459295272827e-01
1.267141848802566528e-01
1.266310214996337891e-01
1.265482008457183838e-01
1.264653056859970093e-01
1.263829618692398071e-01
1.263013929128646851e-01
1.262194216251373291e-01
1.261376142501831055e-01
1.260561197996139526e-01
1.259749680757522583e-01
1.258939653635025024e-01
1.258136332035064697e-01
1.257332116365432739e-01
1.256529241800308228e-01
1.255729943513870239e-01
1.254931837320327759e-01
1.254140585660934448e-01
1.253342181444168091e-01
1.252557784318923950e-01
1.251775771379470825e-01
1.250982582569122314e-01
1.250205636024475098e-01
1.249419227242469788e-01
1.248646900057792664e-01
1.247868835926055908e-01
1.247096061706542969e-01
1.246331110596656799e-01
1.245557069778442383e-01
1.244794949889183044e-01
1.244030892848968506e-01
1.243270486593246460e-01
1.242511495947837830e-01
1.241755858063697815e-01
1.241006031632423401e-01
1.240254193544387817e-01
1.239505931735038757e-01
1.238759011030197144e-01
1.238013878464698792e-01
1.237271726131439209e-01
1.236538439989089966e-01
1.235802695155143738e-01
1.235066130757331848e-01
1.234335005283355713e-01
1.233605295419692993e-01
1.232884228229522705e-01
1.232152357697486877e-01
1.231436282396316528e-01
1.230722591280937195e-01
1.230000033974647522e-01
1.229291185736656189e-01
1.228571981191635132e-01
1.227867826819419861e-01
1.227160245180130005e-01
1.226456463336944580e-01
1.225751861929893494e-01
1.225052922964096069e-01
1.224361285567283630e-01
1.223665922880172729e-01
1.222972571849822998e-01
1.222282126545906067e-01
1.221595704555511475e-01
1.220910102128982544e-01
1.220231428742408752e-01
1.219552308320999146e-01
1.218874305486679077e-01
1.218200027942657471e-01
1.217526867985725403e-01
1.216860562562942505e-01
1.216187700629234314e-01
1.215528175234794617e-01
1.214866489171981812e-01
1.214203834533691406e-01
1.213551685214042664e-01
1.212891414761543274e-01
1.212244033813476562e-01
1.211591437458992004e-01
1.210944727063179016e-01
1.210304945707321167e-01
1.209657043218612671e-01
1.209020465612411499e-01
1.208382025361061096e-01
1.207747757434844971e-01
1.207114309072494507e-01
1.206483393907546997e-01
1.205860897898674011e-01
1.205230727791786194e-01
1.204613372683525085e-01
1.203988268971443176e-01
1.203373968601226807e-01
1.202753931283950806e-01
1.202146559953689575e-01
1.201537325978279114e-01
1.200927272439002991e-01
1.200323402881622314e-01
1.199719831347465515e-01
1.199125200510025024e-01
1.198520958423614502e-01
1.197931095957756042e-01
1.197339817881584167e-01
1.196673884987831116e-01
1.195984408259391785e-01
1.195299699902534485e-01
1.194615364074707031e-01
1.193937659263610840e-01
1.193258315324783325e-01
1.192585602402687073e-01
1.191917508840560913e-01
1.191249787807464600e-01
1.190579310059547424e-01
1.189916878938674927e-01
1.189257055521011353e-01
1.188595816493034363e-01
1.187941133975982666e-01
1.187285333871841431e-01
1.186635568737983704e-01
1.185990869998931885e-01
1.185344830155372620e-01
1.184699311852455139e-01
1.184060201048851013e-01
1.183420047163963318e-01
1.182786077260971069e-01
1.182151138782501221e-01
1.181522607803344727e-01
1.180892959237098694e-01
1.180273666977882385e-01
1.179653033614158630e-01
1.179031282663345337e-01
1.178415864706039429e-01
1.177799478173255920e-01
1.177189499139785767e-01
1.176578402519226074e-01
1.175973713397979736e-01
1.175372302532196045e-01
1.174772977828979492e-01
1.174172833561897278e-01
1.173578798770904541e-01
1.172984093427658081e-01
1.172395497560501099e-01
1.171806305646896362e-01
1.171221658587455750e-01
1.170641109347343445e-01
1.170065924525260925e-01
1.169491037726402283e-01
1.168915405869483948e-01
1.168346032500267029e-01
1.167776286602020264e-01
1.167212352156639099e-01
1.166646480560302734e-01
1.166088134050369263e-01
1.165529489517211914e-01
1.164982467889785767e-01
1.164429560303688049e-01
1.163882538676261902e-01
1.163335070013999939e-01
1.162793636322021484e-01
1.162253618240356445e-01
1.161714941263198853e-01
1.161182001233100891e-01
1.160649061203002930e-01
1.160127595067024231e-01
1.159600466489791870e-01
1.159079149365425110e-01
1.158556491136550903e-01
1.158040836453437805e-01
1.157525554299354553e-01
1.157015934586524963e-01
1.156506463885307312e-01
1.156008392572402954e-01
1.155504956841468811e-01
1.155007109045982361e-01
1.154508218169212341e-01
1.154016405344009399e-01
1.153525039553642273e-01
1.153036728501319885e-01
1.152554005384445190e-01
1.152071803808212280e-01
1.151600778102874756e-01
1.151124760508537292e-01
1.150652915239334106e-01
1.150183230638504028e-01
1.149718835949897766e-01
1.149255409836769104e-01
1.148797348141670227e-01
1.148340106010437012e-01
1.147886291146278381e-01
1.147441789507865906e-01
1.146994233131408691e-01
1.146552041172981262e-01
1.146110966801643372e-01
1.145675182342529297e-01
1.145240664482116699e-01
1.144811362028121948e-01
1.144383549690246582e-01
1.143959313631057739e-01
1.143543496727943420e-01
1.143125593662261963e-01
1.142712682485580444e-01
1.142301559448242188e-01
1.141895428299903870e-01
1.141490936279296875e-01
1.141091659665107727e-01
1.140692755579948425e-01
1.140300333499908447e-01
1.139915063977241516e-01
1.139529570937156677e-01
1.139145940542221069e-01
1.138765737414360046e-01
1.138390675187110901e-01
1.138016283512115479e-01
1.137648299336433411e-01
1.137282475829124451e-01
1.136927083134651184e-01
1.136568561196327209e-01
1.136214882135391235e-01
1.135863661766052246e-01
1.135516241192817688e-01
1.135172173380851746e-01
1.134832128882408142e-01
1.134497001767158508e-01
1.134164407849311829e-01
1.133842170238494873e-01
1.133480370044708252e-01
1.133039668202400208e-01
1.132595315575599670e-01
1.132161095738410950e-01
1.131725907325744629e-01
1.131298616528511047e-01
1.130870729684829712e-01
1.130452752113342285e-01
1.130032837390899658e-01
1.129621639847755432e-01
1.129211038351058960e-01
1.128807887434959412e-01
1.128409504890441895e-01
1.128010600805282593e-01
1.127620264887809753e-01
1.127228513360023499e-01
1.126847565174102783e-01
1.126464530825614929e-01
1.126090809702873230e-01
1.125717461109161377e-01
1.125352308154106140e-01
1.124986261129379272e-01
1.124631091952323914e-01
1.124273762106895447e-01
1.123927310109138489e-01
1.123578697443008423e-01
1.123240143060684204e-01
1.122901886701583862e-01
1.122571974992752075e-01
1.122246980667114258e-01
1.121922060847282410e-01
1.121606230735778809e-01
1.121289357542991638e-01
1.120984107255935669e-01
1.120677068829536438e-01
1.120379492640495300e-01
1.120083183050155640e-01
1.119795143604278564e-01
1.119507327675819397e-01
1.119230911135673523e-01
1.118952035903930664e-01
1.118684262037277222e-01
1.118417456746101379e-01
1.118158698081970215e-01
1.117906048893928528e-01
1.117654517292976379e-01
1.117410808801651001e-01
1.117168292403221130e-01
1.116936132311820984e-01
1.116704121232032776e-01
1.116482615470886230e-01
1.116260811686515808e-01
1.116050034761428833e-01
1.115839406847953796e-01
1.115638837218284607e-01
1.115439236164093018e-01
1.115248426795005798e-01
1.115060895681381226e-01
1.114883124828338623e-01
1.114708930253982544e-01
1.114538460969924927e-01
1.114377751946449280e-01
1.114215403795242310e-01
1.114067435264587402e-01
1.113919094204902649e-01
1.113779321312904358e-01
1.113643944263458252e-01
1.113516017794609070e-01
1.113391593098640442e-01
1.113279536366462708e-01
1.113164573907852173e-01
1.113063767552375793e-01
1.112965196371078491e-01
1.112873926758766174e-01
1.112792044878005981e-01
1.112709268927574158e-01
1.112640276551246643e-01
1.112572625279426575e-01
1.112514287233352661e-01
1.112459823489189148e-01
1.112417206168174744e-01
1.112373545765876770e-01
1.112344413995742798e-01
1.112317070364952087e-01
1.112298741936683655e-01
1.112285181879997253e-01
1.112279668450355530e-01
1.112281233072280884e-01
1.112294048070907593e-01
1.112305596470832825e-01
1.112332865595817566e-01
1.112367510795593262e-01
1.112400665879249573e-01
1.112450137734413147e-01
1.112497150897979736e-01
1.112562566995620728e-01
1.112629696726799011e-01
1.112704426050186157e-01
1.112787947058677673e-01
1.112883538007736206e-01
1.112976446747779846e-01
1.113088801503181458e-01
1.113203242421150208e-01
1.113325208425521851e-01
1.113456934690475464e-01
1.113595068454742432e-01
1.113747507333755493e-01
1.113904342055320740e-01
1.114067435264587402e-01
1.114240363240242004e-01
1.114428043365478516e-01
1.114611774682998657e-01
1.114815995097160339e-01
1.115025058388710022e-01
1.115240305662155151e-01
1.115466505289077759e-01
1.115700602531433105e-01
1.115945130586624146e-01
1.116204112768173218e-01
1.116460785269737244e-01
1.116738691926002502e-01
1.117026209831237793e-01
1.117311269044876099e-01
1.117618232965469360e-01
1.117930114269256592e-01
1.118249520659446716e-01
1.118581369519233704e-01
1.118928417563438416e-01
1.119281649589538574e-01
1.119640544056892395e-01
1.120013743638992310e-01
1.120403409004211426e-01
1.120788529515266418e-01
1.121198832988739014e-01
1.121582314372062683e-01
1.121681928634643555e-01
1.121777445077896118e-01
1.121900230646133423e-01
1.122033968567848206e-01
1.122165322303771973e-01
1.122322902083396912e-01
1.122488528490066528e-01
1.122670620679855347e-01
1.122850030660629272e-01
1.123056858777999878e-01
1.123272106051445007e-01
1.123504489660263062e-01
1.123738735914230347e-01
1.123991757631301880e-01
1.124263778328895569e-01
1.124530956149101257e-01
1.124829202890396118e-01
1.125135272741317749e-01
1.125460788607597351e-01
1.125781461596488953e-01
1.126134321093559265e-01
1.126495823264122009e-01
1.126863434910774231e-01
1.127257943153381348e-01
1.127662807703018188e-01
1.128086522221565247e-01
1.128506362438201904e-01
1.128959581255912781e-01
1.129423379898071289e-01
1.129906624555587769e-01
1.130385994911193848e-01
1.130900084972381592e-01
1.131430342793464661e-01
1.131955087184906006e-01
1.132517158985137939e-01
1.133089512586593628e-01
1.133683770895004272e-01
1.134272590279579163e-01
1.134899780154228210e-01
1.135538071393966675e-01
1.136181652545928955e-01
1.136854290962219238e-01
1.137549281120300293e-01
1.138261333107948303e-01
1.138968914747238159e-01
1.139716282486915588e-01
