6.892002820968627930e-01
6.889650821685791016e-01
6.888248920440673828e-01
6.886823773384094238e-01
6.884607076644897461e-01
6.881889700889587402e-01
6.878284811973571777e-01
6.874103546142578125e-01
6.869897842407226562e-01
6.865925192832946777e-01
6.865798830986022949e-01
6.867737174034118652e-01
6.869615316390991211e-01
6.871596574783325195e-01
6.873806715011596680e-01
6.877287030220031738e-01
6.883112788200378418e-01
6.889768242835998535e-01
6.897500157356262207e-01
6.905828714370727539e-01
6.914184689521789551e-01
6.921463012695312500e-01
6.927803754806518555e-01
6.932975649833679199e-01
6.936941742897033691e-01
6.939972043037414551e-01
6.943124532699584961e-01
6.947721838951110840e-01
6.953000426292419434e-01
6.959260106086730957e-01
6.966539621353149414e-01
6.974632143974304199e-01
6.982210874557495117e-01
6.988916397094726562e-01
6.995626688003540039e-01
7.002362012863159180e-01
7.008696794509887695e-01
7.014276385307312012e-01
7.017568945884704590e-01
7.018812298774719238e-01
7.019173502922058105e-01
7.018897533416748047e-01
7.018324732780456543e-01
7.017852663993835449e-01
7.017771005630493164e-01
7.018286585807800293e-01
7.019595503807067871e-01
7.021728754043579102e-01
7.024568915367126465e-01
7.027720808982849121e-01
7.030599713325500488e-01
7.030994892120361328e-01
7.032048702239990234e-01
7.033016085624694824e-01
7.033594846725463867e-01
7.033671140670776367e-01
7.033150196075439453e-01
7.032577395439147949e-01
7.031975984573364258e-01
7.030936479568481445e-01
7.029681801795959473e-01
7.028478384017944336e-01
7.027549743652343750e-01
7.026935815811157227e-01
7.025515437126159668e-01
7.023308873176574707e-01
7.022005319595336914e-01
7.020978927612304688e-01
7.019844055175781250e-01
7.018585205078125000e-01
7.017186284065246582e-01
7.014577388763427734e-01
7.011387944221496582e-01
7.008018493652343750e-01
7.004556655883789062e-01
7.001092433929443359e-01
6.997256278991699219e-01
6.990796923637390137e-01
6.986414194107055664e-01
6.981541514396667480e-01
6.976472735404968262e-01
6.971447467803955078e-01
6.966586112976074219e-01
6.961950063705444336e-01
6.959173679351806641e-01
6.957304477691650391e-01
6.954328417778015137e-01
6.951859593391418457e-01
6.949762701988220215e-01
6.947909593582153320e-01
6.946161985397338867e-01
6.944419741630554199e-01
6.942558288574218750e-01
6.939973831176757812e-01
6.935144662857055664e-01
6.929990053176879883e-01
6.924465894699096680e-01
6.918549537658691406e-01
6.912233829498291016e-01
6.905536055564880371e-01
6.898483037948608398e-01
6.891507506370544434e-01
6.886245608329772949e-01
6.880778670310974121e-01
6.875139474868774414e-01
6.869382262229919434e-01
6.863554120063781738e-01
6.857739686965942383e-01
6.852073669433593750e-01
6.846680045127868652e-01
6.840022206306457520e-01
6.833478808403015137e-01
6.827442646026611328e-01
6.821857690811157227e-01
6.816599965095520020e-01
6.811577677726745605e-01
6.806697845458984375e-01
6.801868677139282227e-01
6.797162294387817383e-01
6.793107986450195312e-01
6.788933873176574707e-01
6.784582734107971191e-01
6.780039668083190918e-01
6.775281429290771484e-01
6.770331263542175293e-01
6.765210032463073730e-01
6.759955883026123047e-01
6.754828095436096191e-01
6.750729084014892578e-01
6.746683120727539062e-01
6.742739677429199219e-01
6.738928556442260742e-01
6.735267639160156250e-01
6.731727123260498047e-01
6.728283166885375977e-01
6.724889278411865234e-01
6.721485257148742676e-01
6.716373562812805176e-01
6.710743904113769531e-01
6.704936027526855469e-01
6.698894500732421875e-01
6.692605614662170410e-01
6.686034202575683594e-01
6.679167747497558594e-01
6.672024130821228027e-01
6.664617657661437988e-01
6.657063961029052734e-01
6.650086045265197754e-01
6.642961502075195312e-01
6.635731458663940430e-01
6.624304652214050293e-01
6.616872549057006836e-01
6.609454751014709473e-01
6.602094173431396484e-01
6.594867706298828125e-01
6.587835550308227539e-01
6.581069827079772949e-01
6.576492190361022949e-01
6.572411060333251953e-01
6.568807363510131836e-01
6.565718054771423340e-01
6.563166379928588867e-01
6.561115384101867676e-01
6.559534072875976562e-01
6.558358669281005859e-01
6.557514071464538574e-01
6.556894183158874512e-01
6.556738615036010742e-01
6.557072997093200684e-01
6.557298302650451660e-01
6.557320356369018555e-01
6.557053327560424805e-01
6.556435227394104004e-01
6.555406451225280762e-01
6.553946733474731445e-01
6.552048325538635254e-01
6.549718976020812988e-01
6.546980142593383789e-01
6.543945074081420898e-01
6.540679931640625000e-01
6.537112593650817871e-01
6.533288955688476562e-01
6.529238820075988770e-01
6.525018215179443359e-01
6.520672440528869629e-01
6.516284346580505371e-01
6.511940956115722656e-01
6.507730484008789062e-01
6.503698825836181641e-01
6.499861478805541992e-01
6.495857834815979004e-01
6.492021083831787109e-01
6.488355398178100586e-01
6.484879255294799805e-01
6.481580734252929688e-01
6.478474140167236328e-01
6.475535035133361816e-01
6.472765207290649414e-01
6.470123529434204102e-01
6.467597484588623047e-01
6.465132236480712891e-01
6.462702751159667969e-01
6.459761261940002441e-01
6.456744670867919922e-01
6.453624963760375977e-01
6.450377106666564941e-01
6.446956396102905273e-01
6.443355083465576172e-01
6.439581513404846191e-01
6.435623764991760254e-01
6.431509256362915039e-01
6.427264809608459473e-01
6.422935128211975098e-01
6.418538689613342285e-01
6.412740349769592285e-01
6.405286192893981934e-01
6.397887468338012695e-01
6.390591859817504883e-01
6.383432745933532715e-01
6.376451253890991211e-01
6.369653344154357910e-01
6.363061070442199707e-01
6.356672048568725586e-01
6.350448727607727051e-01
6.344349384307861328e-01
6.338298916816711426e-01
6.332317590713500977e-01
6.327241659164428711e-01
6.323853731155395508e-01
6.320994496345520020e-01
6.318653821945190430e-01
6.316792964935302734e-01
6.315301656723022461e-01
6.314141154289245605e-01
6.313227415084838867e-01
6.312565207481384277e-01
6.312108039855957031e-01
6.311896443367004395e-01
6.311916112899780273e-01
6.312237977981567383e-01
6.312881112098693848e-01
6.314405202865600586e-01
6.316721439361572266e-01
6.319720149040222168e-01
6.323636770248413086e-01
6.328884959220886230e-01
6.336213946342468262e-01
6.347232460975646973e-01
6.366520524024963379e-01
6.448462605476379395e-01
6.384375691413879395e-01
6.364464759826660156e-01
6.352285146713256836e-01
6.344093084335327148e-01
6.338337659835815430e-01
6.334050297737121582e-01
6.330349445343017578e-01
6.327270865440368652e-01
6.324472427368164062e-01
6.321666240692138672e-01
6.318653821945190430e-01
6.315801143646240234e-01
6.313552260398864746e-01
6.311349868774414062e-01
6.308783292770385742e-01
6.305838823318481445e-01
6.302568912506103516e-01
6.299023628234863281e-01
6.295262575149536133e-01
6.291285157203674316e-01
6.287140846252441406e-01
6.282815337181091309e-01
6.278445124626159668e-01
6.274067759513854980e-01
6.269763708114624023e-01
6.265665888786315918e-01
6.261901259422302246e-01
6.258653402328491211e-01
6.256140470504760742e-01
6.254624128341674805e-01
6.254304051399230957e-01
6.255042552947998047e-01
6.255995035171508789e-01
6.255224943161010742e-01
6.250461935997009277e-01
6.240471005439758301e-01
6.229513287544250488e-01
6.218563318252563477e-01
6.208271384239196777e-01
6.199126839637756348e-01
6.191057562828063965e-01
6.183835864067077637e-01
6.177261471748352051e-01
6.171153783798217773e-01
6.165379881858825684e-01
6.159871220588684082e-01
6.154528856277465820e-01
6.149343252182006836e-01
6.144256591796875000e-01
6.139271259307861328e-01
6.134403347969055176e-01
6.129629611968994141e-01
6.124996542930603027e-01
6.120713353157043457e-01
6.116842031478881836e-01
6.113184094429016113e-01
6.109746694564819336e-01
6.106577515602111816e-01
6.103712320327758789e-01
6.101163029670715332e-01
6.098972558975219727e-01
6.097173690795898438e-01
6.095774173736572266e-01
6.094805002212524414e-01
6.094282865524291992e-01
6.094232797622680664e-01
6.094646453857421875e-01
6.095538139343261719e-01
6.096907854080200195e-01
6.098750829696655273e-01
6.101065278053283691e-01
6.105762720108032227e-01
6.111271977424621582e-01
6.117202043533325195e-01
6.123522520065307617e-01
6.130242943763732910e-01
6.137318015098571777e-01
6.144745945930480957e-01
6.152473688125610352e-01
6.160494685173034668e-01
6.168809533119201660e-01
6.177350878715515137e-01
6.186112761497497559e-01
6.195057034492492676e-01
6.204178333282470703e-01
6.213435530662536621e-01
6.222823262214660645e-01
6.232262849807739258e-01
6.241744756698608398e-01
6.251358985900878906e-01
6.261404156684875488e-01
6.271387934684753418e-01
6.281257867813110352e-01
6.291003823280334473e-01
6.300542354583740234e-01
6.309853196144104004e-01
6.318897008895874023e-01
6.327630281448364258e-01
6.336010694503784180e-01
6.343999505043029785e-01
6.351552605628967285e-01
6.358618140220642090e-01
6.365186572074890137e-01
6.371196508407592773e-01
6.376643180847167969e-01
6.381470561027526855e-01
6.385650634765625000e-01
6.389172077178955078e-01
6.392008066177368164e-01
6.394832730293273926e-01
6.397534012794494629e-01
6.399520635604858398e-01
6.400799155235290527e-01
6.401368975639343262e-01
6.401253938674926758e-01
6.400457024574279785e-01
6.399020552635192871e-01
6.396948099136352539e-01
6.394283771514892578e-01
6.391080021858215332e-01
6.387344598770141602e-01
6.383156180381774902e-01
6.378542184829711914e-01
6.373549103736877441e-01
6.368218660354614258e-01
6.362615227699279785e-01
6.356779932975769043e-01
6.350762248039245605e-01
6.344610452651977539e-01
6.338373422622680664e-01
6.331843733787536621e-01
6.325207948684692383e-01
6.318630576133728027e-01
6.312132477760314941e-01
6.305767893791198730e-01
6.299550533294677734e-01
6.293532252311706543e-01
6.287719607353210449e-01
6.282159686088562012e-01
6.276853680610656738e-01
6.271843314170837402e-01
6.267124414443969727e-01
6.262733340263366699e-01
6.258662939071655273e-01
6.254944205284118652e-01
6.251582503318786621e-01
6.248569488525390625e-01
6.245924234390258789e-01
6.243638396263122559e-01
6.241723299026489258e-01
6.240172982215881348e-01
6.238991022109985352e-01
6.237953901290893555e-01
6.237153410911560059e-01
6.236693859100341797e-01
6.236592531204223633e-01
6.236850023269653320e-01
6.237437129020690918e-01
6.238372921943664551e-01
6.239648461341857910e-01
6.241253614425659180e-01
6.243184208869934082e-01
6.245450973510742188e-01
6.248028278350830078e-01
6.250922083854675293e-01
6.254143118858337402e-01
6.257660984992980957e-01
6.261493563652038574e-01
6.265632510185241699e-01
6.270067095756530762e-01
6.274808049201965332e-01
6.279840469360351562e-01
6.285166740417480469e-01
6.290798187255859375e-01
6.296712756156921387e-01
6.302515864372253418e-01
6.305761933326721191e-01
6.309303641319274902e-01
6.313113570213317871e-01
6.317203640937805176e-01
6.321573257446289062e-01
6.326221227645874023e-01
6.331148743629455566e-01
6.336349248886108398e-01
6.341822147369384766e-01
6.347565054893493652e-01
6.353574395179748535e-01
6.359845399856567383e-01
6.366373896598815918e-01
6.373153924942016602e-01
6.380178928375244141e-01
6.387432813644409180e-01
6.394925713539123535e-01
6.402637958526611328e-01
6.410531401634216309e-01
6.418652534484863281e-01
6.426960229873657227e-01
6.435412764549255371e-01
6.444053649902343750e-01
6.452838778495788574e-01
6.461667418479919434e-01
6.470282077789306641e-01
6.478999257087707520e-01
6.487762928009033203e-01
6.496620178222656250e-01
6.505514979362487793e-01
6.514388322830200195e-01
6.523283123970031738e-01
6.532104611396789551e-01
6.540892720222473145e-01
6.549584269523620605e-01
6.558116674423217773e-01
6.566515564918518066e-01
6.574732065200805664e-01
6.582692861557006836e-01
6.590428352355957031e-01
6.597871184349060059e-01
6.604957580566406250e-01
6.611711382865905762e-01
6.618043780326843262e-01
6.623947620391845703e-01
6.629390716552734375e-01
6.634361147880554199e-01
6.638785004615783691e-01
6.642656326293945312e-01
6.645961999893188477e-01
6.648645401000976562e-01
6.650774478912353516e-01
6.652330160140991211e-01
6.653234958648681641e-01
6.653445959091186523e-01
6.652978062629699707e-01
6.651808023452758789e-01
6.649949550628662109e-01
6.647390127182006836e-01
6.644141077995300293e-01
6.640213131904602051e-01
6.635618805885314941e-01
6.630381941795349121e-01
6.624490618705749512e-01
6.618016362190246582e-01
6.610954403877258301e-01
6.603323817253112793e-01
6.595187187194824219e-01
6.586570739746093750e-01
6.577492952346801758e-01
6.568007469177246094e-01
6.558134555816650391e-01
6.547926664352416992e-01
6.537408232688903809e-01
6.526634097099304199e-01
6.515623927116394043e-01
6.504430770874023438e-01
6.493079662322998047e-01
6.481619477272033691e-01
6.470108628273010254e-01
6.457275748252868652e-01
6.444367766380310059e-01
6.431460380554199219e-01
6.418573856353759766e-01
6.405750513076782227e-01
6.393007636070251465e-01
6.380369067192077637e-01
6.367849707603454590e-01
6.355484724044799805e-01
6.343284845352172852e-01
6.331267952919006348e-01
6.319449543952941895e-01
6.307832598686218262e-01
6.296448111534118652e-01
6.285299062728881836e-01
6.274393796920776367e-01
6.263769268989562988e-01
6.253365874290466309e-01
6.243236064910888672e-01
6.233400702476501465e-01
6.223813891410827637e-01
6.214494705200195312e-01
6.205486059188842773e-01
6.196732521057128906e-01
6.188260316848754883e-01
6.180068850517272949e-01
6.172166466712951660e-01
6.164532899856567383e-01
6.157176494598388672e-01
6.150110363960266113e-01
6.143388748168945312e-01
6.137070059776306152e-01
6.131024956703186035e-01
6.125240921974182129e-01
6.119719147682189941e-01
6.114457249641418457e-01
6.109448671340942383e-01
6.104682087898254395e-01
6.100177764892578125e-01
6.095907688140869141e-01
6.091867685317993164e-01
6.088069677352905273e-01
6.084505319595336914e-01
6.081153750419616699e-01
6.078029870986938477e-01
6.075114011764526367e-01
6.072418689727783203e-01
6.069930791854858398e-01
6.067638397216796875e-01
6.065554022789001465e-01
6.063665151596069336e-01
6.061962246894836426e-01
6.060455441474914551e-01
6.059129834175109863e-01
6.057990789413452148e-01
6.057038307189941406e-01
6.056245565414428711e-01
6.055642962455749512e-01
6.055201888084411621e-01
6.054915785789489746e-01
6.054812073707580566e-01
6.054845452308654785e-01
6.055053472518920898e-01
6.054504513740539551e-01
6.053589582443237305e-01
6.052795052528381348e-01
6.052147746086120605e-01
6.051647067070007324e-01
6.051250696182250977e-01
6.051001548767089844e-01
6.050855517387390137e-01
6.050812602043151855e-01
6.050904393196105957e-01
6.051084399223327637e-01
6.051365733146667480e-01
6.051734089851379395e-01
6.052206158638000488e-01
6.052786707878112793e-01
6.053428649902343750e-01
6.054167151451110840e-01
6.054989695549011230e-01
6.055895686149597168e-01
6.056894659996032715e-01
6.057966351509094238e-01
6.059119701385498047e-01
6.060345768928527832e-01
6.061664819717407227e-01
6.063089966773986816e-01
6.064578890800476074e-01
6.066147089004516602e-01
6.067813634872436523e-01
6.069572567939758301e-01
6.071439385414123535e-01
6.073390841484069824e-01
6.075441241264343262e-01
6.077595353126525879e-01
6.079844832420349121e-01
6.082239747047424316e-01
6.084989905357360840e-01
6.088467240333557129e-01
6.092048883438110352e-01
6.095758080482482910e-01
6.099585294723510742e-01
6.103532314300537109e-01
6.107597947120666504e-01
6.111770868301391602e-01
6.116071939468383789e-01
6.120487451553344727e-01
6.125015616416931152e-01
6.129652261734008789e-01
6.134384274482727051e-01
6.139224171638488770e-01
6.144157648086547852e-01
6.149174571037292480e-01
6.154270172119140625e-01
6.159422993659973145e-01
6.164643764495849609e-01
6.169908046722412109e-01
6.175208091735839844e-01
6.180525422096252441e-01
6.185841560363769531e-01
6.191154718399047852e-01
6.196441054344177246e-01
6.201680898666381836e-01
6.206859946250915527e-01
6.211944818496704102e-01
6.216936707496643066e-01
6.221801638603210449e-01
6.226521730422973633e-01
6.231070160865783691e-01
6.235420107841491699e-01
6.239559054374694824e-01
6.243459582328796387e-01
6.247093677520751953e-01
6.250407099723815918e-01
6.253438591957092285e-01
6.255885362625122070e-01
6.256679892539978027e-01
6.257104277610778809e-01
6.257143020629882812e-01
6.256741285324096680e-01
6.255913376808166504e-01
6.254622340202331543e-01
6.255308389663696289e-01
6.252495646476745605e-01
6.249148845672607422e-01
6.245255470275878906e-01
6.240801811218261719e-01
6.235787272453308105e-01
6.230190396308898926e-01
6.224013566970825195e-01
6.217272877693176270e-01
6.209939718246459961e-01
6.202032566070556641e-01
6.193557977676391602e-01
6.184527277946472168e-01
6.174951791763305664e-01
6.164886355400085449e-01
6.154273152351379395e-01
6.143170595169067383e-01
6.131600141525268555e-01
6.119586825370788574e-01
6.107198596000671387e-01
6.094382405281066895e-01
6.081207394599914551e-01
6.067752242088317871e-01
6.053963303565979004e-01
6.039904356002807617e-01
6.025663018226623535e-01
6.011176705360412598e-01
5.996527671813964844e-01
5.981796979904174805e-01
5.966919660568237305e-01
5.951973199844360352e-01
5.937042832374572754e-01
5.922067761421203613e-01
5.907105803489685059e-01
5.892244577407836914e-01
5.878912806510925293e-01
5.866019129753112793e-01
5.853334069252014160e-01
5.840780735015869141e-01
5.828427672386169434e-01
5.816341638565063477e-01
5.804445147514343262e-01
5.792804360389709473e-01
5.781469345092773438e-01
5.770372748374938965e-01
5.759565830230712891e-01
5.749096274375915527e-01
5.738895535469055176e-01
5.729010701179504395e-01
5.719476342201232910e-01
5.710235238075256348e-01
5.701348185539245605e-01
5.692763924598693848e-01
5.684534311294555664e-01
5.676611661911010742e-01
5.669041872024536133e-01
5.661780834197998047e-01
5.654847621917724609e-01
5.648272037506103516e-01
5.641992688179016113e-01
5.636051297187805176e-01
5.630416274070739746e-01
5.625111460685729980e-01
5.620114803314208984e-01
5.615442991256713867e-01
5.611082911491394043e-01
5.607048273086547852e-01
5.603334307670593262e-01
5.599952340126037598e-01
5.596906542778015137e-01
5.594203472137451172e-01
5.591854453086853027e-01
5.589859485626220703e-01
5.588229298591613770e-01
5.586950778961181641e-01
5.586032867431640625e-01
5.585444569587707520e-01
5.585192441940307617e-01
5.585230588912963867e-01
5.585568547248840332e-01
5.586171150207519531e-01
5.586999654769897461e-01
5.588086247444152832e-01
5.589365959167480469e-01
5.590886473655700684e-01
5.592578053474426270e-01
5.594473481178283691e-01
5.596573352813720703e-01
5.598842501640319824e-01
5.601325631141662598e-01
5.603960156440734863e-01
5.606782436370849609e-01
5.609798431396484375e-01
5.612975358963012695e-01
5.616338849067687988e-01
5.619843602180480957e-01
5.623520016670227051e-01
5.627381801605224609e-01
5.631374716758728027e-01
5.635541081428527832e-01
5.639831423759460449e-01
5.644252896308898926e-01
5.648845434188842773e-01
5.653537511825561523e-01
5.658376812934875488e-01
5.663304924964904785e-01
5.668332576751708984e-01
5.673497319221496582e-01
5.678707957267761230e-01
5.684031248092651367e-01
5.689395666122436523e-01
5.694811344146728516e-01
5.700313448905944824e-01
5.705803036689758301e-01
5.711354017257690430e-01
5.716868638992309570e-01
5.722367763519287109e-01
5.727881789207458496e-01
5.733306407928466797e-01
5.738673210144042969e-01
5.743985772132873535e-01
5.749161243438720703e-01
5.754202604293823242e-01
5.759091973304748535e-01
5.763845443725585938e-01
5.768355131149291992e-01
5.772641301155090332e-01
5.776689648628234863e-01
5.780428647994995117e-01
5.784897208213806152e-01
5.789096355438232422e-01
5.792915225028991699e-01
5.796273350715637207e-01
5.799170136451721191e-01
5.801568627357482910e-01
5.803421139717102051e-01
5.804700255393981934e-01
5.805385708808898926e-01
5.805425047874450684e-01
5.804803967475891113e-01
5.803478956222534180e-01
5.801426768302917480e-01
5.798627734184265137e-01
5.795062184333801270e-01
5.790674686431884766e-01
5.785502195358276367e-01
5.779504179954528809e-01
5.772684216499328613e-01
5.764982104301452637e-01
5.756493806838989258e-01
5.747171044349670410e-01
5.736991167068481445e-01
5.726060867309570312e-01
5.714365839958190918e-01
5.701929926872253418e-01
5.688710212707519531e-01
5.674900412559509277e-01
5.660465359687805176e-01
5.645467042922973633e-01
5.629947185516357422e-01
5.613896250724792480e-01
5.597526431083679199e-01
5.580838322639465332e-01
5.563880205154418945e-01
5.546737909317016602e-01
5.529371500015258789e-01
5.512048006057739258e-01
5.494729876518249512e-01
5.477495789527893066e-01
5.460395216941833496e-01
5.443505644798278809e-01
5.426782965660095215e-01
5.410474538803100586e-01
5.394522547721862793e-01
5.378988981246948242e-01
5.363906025886535645e-01
5.349248647689819336e-01
5.335185527801513672e-01
5.321687459945678711e-01
5.308755040168762207e-01
5.296434164047241211e-01
5.284658074378967285e-01
5.273664593696594238e-01
5.263581871986389160e-01
5.254132151603698730e-01
5.245319604873657227e-01
5.237085223197937012e-01
5.229538679122924805e-01
5.222615599632263184e-01
5.216307044029235840e-01
5.210602879524230957e-01
5.205481648445129395e-01
5.200922489166259766e-01
5.196956396102905273e-01
5.193539261817932129e-01
5.190654397010803223e-01
5.188276171684265137e-01
5.186400413513183594e-01
5.185007452964782715e-01
5.184074640274047852e-01
5.183582901954650879e-01
5.183512568473815918e-01
5.183833837509155273e-01
5.184546709060668945e-01
5.185618996620178223e-01
5.187026858329772949e-01
5.188746452331542969e-01
5.190747380256652832e-01
5.193021297454833984e-01
5.195554494857788086e-01
5.198364853858947754e-01
5.201470851898193359e-01
5.204976201057434082e-01
5.209019780158996582e-01
5.213667750358581543e-01
5.218836069107055664e-01
5.224339962005615234e-01
5.230012536048889160e-01
5.235753655433654785e-01
5.241599082946777344e-01
5.247486829757690430e-01
5.253463387489318848e-01
5.259545445442199707e-01
5.265733003616333008e-01
5.272046923637390137e-01
5.278486013412475586e-01
5.285046696662902832e-01
5.291728973388671875e-01
5.298555493354797363e-01
5.305466055870056152e-01
5.312492847442626953e-01
5.319625735282897949e-01
5.326862931251525879e-01
5.334191918373107910e-01
5.341619849205017090e-01
5.349144935607910156e-01
5.356757640838623047e-01
5.364456772804260254e-01
5.372238159179687500e-01
5.380088686943054199e-01
5.388022065162658691e-01
5.396121740341186523e-01
5.404668450355529785e-01
5.413284301757812500e-01
5.421959757804870605e-01
5.430700182914733887e-01
5.439499616622924805e-01
5.448353886604309082e-01
5.457267165184020996e-01
5.466228723526000977e-01
5.475239157676696777e-01
5.484303832054138184e-01
5.493460297584533691e-01
5.502619743347167969e-01
5.511826276779174805e-01
5.521073937416076660e-01
5.530368685722351074e-01
5.539697408676147461e-01
5.549071431159973145e-01
5.558477640151977539e-01
5.567917823791503906e-01
5.577397346496582031e-01
5.586912631988525391e-01
5.596458315849304199e-01
5.606036782264709473e-01
5.615645647048950195e-01
5.625278949737548828e-01
5.634592771530151367e-01
5.643904209136962891e-01
5.653231739997863770e-01
5.662582516670227051e-01
5.671962499618530273e-01
5.681352615356445312e-01
5.690762400627136230e-01
5.700196027755737305e-01
5.709635019302368164e-01
5.719087719917297363e-01
5.728549361228942871e-01
5.738027691841125488e-01
5.747506022453308105e-01
5.756986141204833984e-01
5.766478180885314941e-01
5.775960087776184082e-01
5.785441398620605469e-01
5.794925689697265625e-01
5.804392695426940918e-01
5.813853144645690918e-01
5.823306441307067871e-01
5.832740068435668945e-01
5.842156410217285156e-01
5.851559638977050781e-01
5.860935449600219727e-01
5.870285034179687500e-01
5.880065560340881348e-01
5.890190601348876953e-01
5.900276303291320801e-01
5.910326242446899414e-01
5.920341014862060547e-01
5.930303931236267090e-01
5.940223932266235352e-01
5.950053334236145020e-01
5.959876775741577148e-01
5.969655513763427734e-01
5.979372262954711914e-01
5.989035367965698242e-01
5.998642444610595703e-01
6.008198261260986328e-01
6.017687320709228516e-01
6.027114987373352051e-01
6.036481261253356934e-01
6.045783758163452148e-01
6.055029034614562988e-01
6.064202785491943359e-01
6.073307991027832031e-01
6.082347035408020020e-01
6.091324090957641602e-01
6.100227236747741699e-01
6.109061241149902344e-01
6.117823719978332520e-01
6.126481294631958008e-01
6.135103702545166016e-01
6.143550872802734375e-01
6.151925921440124512e-01
6.160236001014709473e-01
6.168467402458190918e-01
6.176629662513732910e-01
6.184715628623962402e-01
6.192729473114013672e-01
6.200675368309020996e-01
6.208543777465820312e-01
6.216339468955993652e-01
6.224061250686645508e-01
6.231716871261596680e-01
6.239292621612548828e-01
6.246771216392517090e-01
6.254202723503112793e-01
6.261567473411560059e-01
6.268854141235351562e-01
6.276067495346069336e-01
6.283209323883056641e-01
6.290284395217895508e-01
6.297280788421630859e-01
6.304209232330322266e-01
6.311060786247253418e-01
6.317847967147827148e-01
6.324556469917297363e-01
6.331192255020141602e-01
6.337757706642150879e-01
6.344231963157653809e-01
6.350800395011901855e-01
6.357522606849670410e-01
6.364173293113708496e-01
6.370737552642822266e-01
6.377234458923339844e-01
6.383647918701171875e-01
6.389984488487243652e-01
6.396249532699584961e-01
6.402410864830017090e-01
6.408519148826599121e-01
6.414548158645629883e-01
6.420500278472900391e-01
6.426380276679992676e-01
6.432179212570190430e-01
6.437900662422180176e-01
6.443546414375305176e-01
6.449114680290222168e-01
6.454610228538513184e-01
6.460005640983581543e-01
6.465343236923217773e-01
6.470609307289123535e-01
6.475789546966552734e-01
6.480902433395385742e-01
6.485933065414428711e-01
6.490887403488159180e-01
6.495769619941711426e-01
6.500571370124816895e-01
6.505281925201416016e-01
6.509930491447448730e-01
6.514503955841064453e-01
6.518923640251159668e-01
6.523162126541137695e-01
6.527322530746459961e-01
6.531409025192260742e-01
6.535416245460510254e-01
6.539345383644104004e-01
6.543185114860534668e-01
6.546960473060607910e-01
6.550660729408264160e-01
6.554284691810607910e-01
6.557836532592773438e-01
6.561309695243835449e-01
6.564707159996032715e-01
6.568033099174499512e-01
6.571269631385803223e-01
6.574442982673645020e-01
6.577540040016174316e-01
6.580564379692077637e-01
6.583514809608459473e-01
6.586391925811767578e-01
6.589198708534240723e-01
6.591920852661132812e-01
6.594578623771667480e-01
6.597167849540710449e-01
6.599680781364440918e-01
6.602122783660888672e-01
6.604491472244262695e-01
6.606789827346801758e-01
6.609011292457580566e-01
6.611172556877136230e-01
6.613259911537170410e-01
6.615295410156250000e-01
6.617360115051269531e-01
6.619355678558349609e-01
6.621274948120117188e-01
6.623122692108154297e-01
6.624902486801147461e-01
6.626607775688171387e-01
6.628243327140808105e-01
6.629811525344848633e-01
6.631311774253845215e-01
6.632738709449768066e-01
6.634098291397094727e-01
6.635389328002929688e-01
6.636612415313720703e-01
6.637777686119079590e-01
6.638867855072021484e-01
6.639896631240844727e-01
6.640008687973022461e-01
6.640009880065917969e-01
6.639954447746276855e-01
6.639835238456726074e-01
6.639651656150817871e-01
6.639413237571716309e-01
6.639115214347839355e-01
6.638759374618530273e-01
6.638347506523132324e-01
6.637877821922302246e-01
6.637347340583801270e-01
6.636765599250793457e-01
6.636132597923278809e-01
6.635441184043884277e-01
6.634693741798400879e-01
6.633895635604858398e-01
6.632913947105407715e-01
6.631661653518676758e-01
6.630350351333618164e-01
6.628988385200500488e-01
6.627571582794189453e-01
6.626098155975341797e-01
6.624571681022644043e-01
6.622993350028991699e-01
6.621367335319519043e-01
6.619687080383300781e-01
6.617965102195739746e-01
6.616185307502746582e-01
6.614356637001037598e-01
6.612480282783508301e-01
6.610559821128845215e-01
6.608588695526123047e-01
6.606577634811401367e-01
6.603291034698486328e-01
6.598190069198608398e-01
6.593053936958312988e-01
6.587874889373779297e-01
6.582661867141723633e-01
6.577417850494384766e-01
6.572130918502807617e-01
6.566807627677917480e-01
6.561444401741027832e-01
6.556050181388854980e-01
6.550617814064025879e-01
6.545162200927734375e-01
6.539665460586547852e-01
6.534137129783630371e-01
6.528575420379638672e-01
6.522978544235229492e-01
6.517353653907775879e-01
6.511685848236083984e-01
6.505619883537292480e-01
6.499551534652709961e-01
6.493469476699829102e-01
6.487374305725097656e-01
6.481277942657470703e-01
6.475173234939575195e-01
6.469055414199829102e-01
6.462931036949157715e-01
6.456798315048217773e-01
6.450659036636352539e-01
6.444521546363830566e-01
6.438369154930114746e-01
6.432207822799682617e-01
6.426047682762145996e-01
6.419875621795654297e-01
6.413714289665222168e-01
6.407536268234252930e-01
6.401449441909790039e-01
6.395621895790100098e-01
6.389806866645812988e-01
6.383990049362182617e-01
6.378189921379089355e-01
6.372386217117309570e-01
6.366588473320007324e-01
6.360794901847839355e-01
6.355003118515014648e-01
6.349229216575622559e-01
6.343453526496887207e-01
6.337676644325256348e-01
6.331906914710998535e-01
6.326141357421875000e-01
6.320391893386840820e-01
6.314635276794433594e-01
6.308879852294921875e-01
6.303135156631469727e-01
6.297447681427001953e-01
6.292943954467773438e-01
6.288440823554992676e-01
6.283910870552062988e-01
6.279376149177551270e-01
6.274826526641845703e-01
6.270261406898498535e-01
6.265699863433837891e-01
6.261113882064819336e-01
6.256511211395263672e-01
6.251899003982543945e-01
6.247269511222839355e-01
6.242630481719970703e-01
6.237989068031311035e-01
6.233318448066711426e-01
6.228635907173156738e-01
6.223940849304199219e-01
6.219224929809570312e-01
6.214510202407836914e-01
6.209763288497924805e-01
6.205002665519714355e-01
6.200225949287414551e-01
6.195428967475891113e-01
6.190632581710815430e-01
6.185804009437561035e-01
6.180954575538635254e-01
6.176090240478515625e-01
6.171203851699829102e-01
6.166316866874694824e-01
6.161397695541381836e-01
6.156453490257263184e-01
6.151492595672607422e-01
6.146510839462280273e-01
6.141521930694580078e-01
6.136498451232910156e-01
6.131453514099121094e-01
6.126383543014526367e-01
6.121294498443603516e-01
6.116358041763305664e-01
6.111859679222106934e-01
6.107335090637207031e-01
6.102775931358337402e-01
6.098192930221557617e-01
6.093594431877136230e-01
6.088949441909790039e-01
6.084274053573608398e-01
6.079568266868591309e-01
6.074832081794738770e-01
6.070085167884826660e-01
6.065288186073303223e-01
6.060460209846496582e-01
6.055603623390197754e-01
6.050710678100585938e-01
6.045811772346496582e-01
6.040859222412109375e-01
6.035874485969543457e-01
6.030857563018798828e-01
6.025809049606323242e-01
6.020728349685668945e-01
6.015635728836059570e-01
6.010490655899047852e-01
6.005312204360961914e-01
6.000103354454040527e-01
5.994856953620910645e-01
5.989603996276855469e-01
5.984293818473815918e-01
5.978949666023254395e-01
5.973571538925170898e-01
5.968161225318908691e-01
5.962738394737243652e-01
5.957261919975280762e-01
5.951746702194213867e-01
5.946199297904968262e-01
5.940620303153991699e-01
5.935024619102478027e-01
5.929375886917114258e-01
5.923690795898437500e-01
5.917971134185791016e-01
5.912108421325683594e-01
5.906063914299011230e-01
5.899986028671264648e-01
5.893875956535339355e-01
5.887734889984130859e-01
5.881585478782653809e-01
5.875378251075744629e-01
5.869137644767761230e-01
5.862863659858703613e-01
5.856556892395019531e-01
5.850242376327514648e-01
5.843868851661682129e-01
5.837461948394775391e-01
5.831018686294555664e-01
5.824541449546813965e-01
5.818055272102355957e-01
5.811508893966674805e-01
5.804924964904785156e-01
5.798306465148925781e-01
5.791652798652648926e-01
5.784990787506103516e-01
5.778266191482543945e-01
5.771503448486328125e-01
5.764704346656799316e-01
5.757869482040405273e-01
5.751025676727294922e-01
5.744117498397827148e-01
5.737170577049255371e-01
5.730186700820922852e-01
5.723170042037963867e-01
5.716140270233154297e-01
5.709043741226196289e-01
5.701908469200134277e-01
5.694735646247863770e-01
5.687522888183593750e-01
5.680302381515502930e-01
5.673013925552368164e-01
5.665684938430786133e-01
5.658317804336547852e-01
5.650911331176757812e-01
5.643495321273803711e-01
5.636011362075805664e-01
5.628400444984436035e-01
5.620708465576171875e-01
5.612972378730773926e-01
5.605223774909973145e-01
5.597401857376098633e-01
5.589534044265747070e-01
5.581623315811157227e-01
5.573668479919433594e-01
5.565702319145202637e-01
5.557658672332763672e-01
5.549572110176086426e-01
5.541440248489379883e-01
5.533265471458435059e-01
5.525079369544982910e-01
5.516816973686218262e-01
5.508508086204528809e-01
5.500156283378601074e-01
5.491759777069091797e-01
5.483353137969970703e-01
5.474870204925537109e-01
5.466340780258178711e-01
5.457769632339477539e-01
5.449153184890747070e-01
5.440529584884643555e-01
5.431824326515197754e-01
5.423078536987304688e-01
5.414287447929382324e-01
5.405454635620117188e-01
5.396612286567687988e-01
5.387693047523498535e-01
5.378728508949279785e-01
5.369723439216613770e-01
5.360674262046813965e-01
5.351619720458984375e-01
5.342485308647155762e-01
5.333309173583984375e-01
5.324093103408813477e-01
5.314832925796508789e-01
5.305570363998413086e-01
5.296227335929870605e-01
5.286846160888671875e-01
5.277422666549682617e-01
5.267959833145141602e-01
5.258485674858093262e-01
5.248772501945495605e-01
5.238900780677795410e-01
5.228982567787170410e-01
5.219025611877441406e-01
5.209059119224548340e-01
5.199017524719238281e-01
5.188938379287719727e-01
5.178816318511962891e-01
5.168650150299072266e-01
5.158452987670898438e-01
5.148252248764038086e-01
5.137972235679626465e-01
5.127658843994140625e-01
5.117310881614685059e-01
5.106927752494812012e-01
5.096538066864013672e-01
5.086084604263305664e-01
5.075596570968627930e-01
5.065073966979980469e-01
5.054513216018676758e-01
5.043963193893432617e-01
5.033347606658935547e-01
5.022699832916259766e-01
5.012013316154479980e-01
5.001307725906372070e-01
4.990609884262084961e-01
4.979848265647888184e-01
4.969053566455841064e-01
4.958237111568450928e-01
4.947398900985717773e-01
4.936571419239044189e-01
4.925678074359893799e-01
4.914771318435668945e-01
4.903838336467742920e-01
4.892889559268951416e-01
4.881950616836547852e-01
4.870960116386413574e-01
4.859955310821533203e-01
4.848930239677429199e-01
4.837885200977325439e-01
4.826833307743072510e-01
4.815801978111267090e-01
4.804724454879760742e-01
4.793623089790344238e-01
4.782523810863494873e-01
4.771414399147033691e-01
4.760329723358154297e-01
4.749199748039245605e-01
4.738061130046844482e-01
4.726935625076293945e-01
4.715800285339355469e-01
4.704717993736267090e-01
4.693599939346313477e-01
4.682484865188598633e-01
4.671380519866943359e-01
4.660278558731079102e-01
4.649234712123870850e-01
4.638164043426513672e-01
4.627102017402648926e-01
4.616059362888336182e-01
4.605029821395874023e-01
4.594022333621978760e-01
4.583059251308441162e-01
4.572096467018127441e-01
4.561151862144470215e-01
4.550228714942932129e-01
4.539334177970886230e-01
4.528490304946899414e-01
4.517657160758972168e-01
4.506849944591522217e-01
4.496071338653564453e-01
4.485329985618591309e-01
4.474621713161468506e-01
4.463983476161956787e-01
4.453353881835937500e-01
4.442762434482574463e-01
4.432216584682464600e-01
4.421712160110473633e-01
4.411284923553466797e-01
4.400883316993713379e-01
4.390516579151153564e-01
4.380210340023040771e-01
4.369955062866210938e-01
4.359757900238037109e-01
4.349649846553802490e-01
4.339560568332672119e-01
4.329541027545928955e-01
4.319582581520080566e-01
4.309692084789276123e-01
4.299888908863067627e-01
4.290134608745574951e-01
4.280458688735961914e-01
4.270840585231781006e-01
4.261307120323181152e-01
4.251850843429565430e-01
4.242494404315948486e-01
4.234046936035156250e-01
4.225836694240570068e-01
4.217717647552490234e-01
4.209700822830200195e-01
4.201810657978057861e-01
4.194011092185974121e-01
4.186311662197113037e-01
4.178723096847534180e-01
4.171255826950073242e-01
4.163896441459655762e-01
4.156673550605773926e-01
4.149560332298278809e-01
4.142553806304931641e-01
4.135689139366149902e-01
4.128944575786590576e-01
4.122339487075805664e-01
4.115873277187347412e-01
4.109520614147186279e-01
4.103323817253112793e-01
4.097269177436828613e-01
4.091350436210632324e-01
4.085588455200195312e-01
4.079968333244323730e-01
4.074500501155853271e-01
4.069198668003082275e-01
4.064056575298309326e-01
4.059060513973236084e-01
4.054248034954071045e-01
4.049587249755859375e-01
4.045115709304809570e-01
4.040820002555847168e-01
4.036686718463897705e-01
4.032754004001617432e-01
4.029007554054260254e-01
4.025425910949707031e-01
4.022061824798583984e-01
4.018889069557189941e-01
4.015913903713226318e-01
4.013153910636901855e-01
4.010603725910186768e-01
4.008231759071350098e-01
4.006102979183197021e-01
4.004191458225250244e-01
4.002515375614166260e-01
4.001069366931915283e-01
3.999845981597900391e-01
3.998832106590270996e-01
3.998099863529205322e-01
3.997602164745330811e-01
3.997367620468139648e-01
3.997389972209930420e-01
3.997655808925628662e-01
3.998303711414337158e-01
3.999298512935638428e-01
4.000561535358428955e-01
4.002119600772857666e-01
4.003943204879760742e-01
4.006060957908630371e-01
4.008414745330810547e-01
4.011129438877105713e-01
4.014140367507934570e-01
4.017453789710998535e-01
4.021086990833282471e-01
4.025049507617950439e-01
4.029250442981719971e-01
4.033854007720947266e-01
4.038796424865722656e-01
4.044074118137359619e-01
4.049696326255798340e-01
4.055667221546173096e-01
4.062009453773498535e-01
4.068611562252044678e-01
4.075662195682525635e-01
4.083101451396942139e-01
4.090900123119354248e-01
4.099085330963134766e-01
4.107655882835388184e-01
4.116630852222442627e-01
4.125884771347045898e-01
4.135642349720001221e-01
4.145819842815399170e-01
4.156396389007568359e-01
4.167385995388031006e-01
4.178798198699951172e-01
4.190644323825836182e-01
4.202776849269866943e-01
4.215465486049652100e-01
4.228598177433013916e-01
4.242157638072967529e-01
4.256151318550109863e-01
4.270588159561157227e-01
4.285480976104736328e-01
4.300653040409088135e-01
4.316419661045074463e-01
4.332630932331085205e-01
4.349297285079956055e-01
4.366399645805358887e-01
4.383940398693084717e-01
4.401935636997222900e-01
4.420179426670074463e-01
4.439036250114440918e-01
4.458315670490264893e-01
4.478036463260650635e-01
4.498165547847747803e-01
4.518702328205108643e-01
4.539655745029449463e-01
4.560803771018981934e-01
4.582363367080688477e-01
4.604166746139526367e-01
4.626341462135314941e-01
4.648867547512054443e-01
4.671745300292968750e-01
4.694950282573699951e-01
4.718255400657653809e-01
4.742051064968109131e-01
4.766135811805725098e-01
4.790468513965606689e-01
4.815017580986022949e-01
4.839781820774078369e-01
4.864729642868041992e-01
4.889593124389648438e-01
4.914813637733459473e-01
4.940122067928314209e-01
4.965493381023406982e-01
4.990880489349365234e-01
5.016262531280517578e-01
5.041602849960327148e-01
5.066635012626647949e-01
5.091767907142639160e-01
5.116741061210632324e-01
5.141493082046508789e-01
5.166003108024597168e-01
5.190222263336181641e-01
5.214102864265441895e-01
5.237585902214050293e-01
5.260640978813171387e-01
5.283023118972778320e-01
5.305061936378479004e-01
5.326536297798156738e-01
5.347378849983215332e-01
5.367544889450073242e-01
5.386983156204223633e-01
5.405650138854980469e-01
5.423499345779418945e-01
5.440477132797241211e-01
5.456410050392150879e-01
5.471528172492980957e-01
5.485643744468688965e-01
5.498722195625305176e-01
5.510722994804382324e-01
5.521600842475891113e-01
5.531322956085205078e-01
5.539861917495727539e-01
5.547121167182922363e-01
5.553206205368041992e-01
5.558025240898132324e-01
5.561553835868835449e-01
5.563769936561584473e-01
5.564662814140319824e-01
5.564219355583190918e-01
5.562427639961242676e-01
5.559282898902893066e-01
5.554816722869873047e-01
5.548977851867675781e-01
5.541785955429077148e-01
5.533255934715270996e-01
5.523439049720764160e-01
5.512317419052124023e-01
5.499897599220275879e-01
5.486193895339965820e-01
5.471233129501342773e-01
5.455165505409240723e-01
5.437778830528259277e-01
5.419223904609680176e-01
5.399522781372070312e-01
5.378717184066772461e-01
5.356838703155517578e-01
5.333930253982543945e-01
5.310030579566955566e-01
5.285363197326660156e-01
5.259600281715393066e-01
5.232970714569091797e-01
5.205516219139099121e-01
5.177275538444519043e-01
5.148296952247619629e-01
5.118618607521057129e-01
5.088278055191040039e-01
5.057336688041687012e-01
5.026065707206726074e-01
4.994037747383117676e-01
4.961524903774261475e-01
4.928574860095977783e-01
4.895222187042236328e-01
4.861506819725036621e-01
4.827474653720855713e-01
4.793163836002349854e-01
4.758604466915130615e-01
4.723825156688690186e-01
4.688875973224639893e-01
4.653790295124053955e-01
4.618847072124481201e-01
4.583577215671539307e-01
4.548257887363433838e-01
4.512917399406433105e-01
4.477590322494506836e-01
4.442296326160430908e-01
4.407062828540802002e-01
4.371899664402008057e-01
4.336855709552764893e-01
4.301943480968475342e-01
4.267169535160064697e-01
4.232565462589263916e-01
4.198380708694458008e-01
4.164157211780548096e-01
4.130143821239471436e-01
4.096353650093078613e-01
4.062798321247100830e-01
4.029484987258911133e-01
3.996428549289703369e-01
3.963645994663238525e-01
3.931125104427337646e-01
3.898877501487731934e-01
3.866912722587585449e-01
3.835227787494659424e-01
3.804034888744354248e-01
3.772918581962585449e-01
3.742080628871917725e-01
3.711532354354858398e-01
3.681161701679229736e-01
3.650858402252197266e-01
3.620840013027191162e-01
3.591121435165405273e-01
3.561685681343078613e-01
3.532543480396270752e-01
3.503690063953399658e-01
3.475123643875122070e-01
3.447023630142211914e-01
3.419045209884643555e-01
3.391357660293579102e-01
3.363962769508361816e-01
3.336870074272155762e-01
3.310078382492065430e-01
3.283571898937225342e-01
3.257383704185485840e-01
3.231499493122100830e-01
3.205915689468383789e-01
3.180643022060394287e-01
3.155677616596221924e-01
3.131163120269775391e-01
3.106808364391326904e-01
3.082763552665710449e-01
3.059028089046478271e-01
3.035595118999481201e-01
3.012472093105316162e-01
2.989645004272460938e-01
2.967125177383422852e-01
2.944910526275634766e-01
2.922995090484619141e-01
2.901372611522674561e-01
2.880049049854278564e-01
2.859011888504028320e-01
2.838270366191864014e-01
2.817803621292114258e-01
2.797633409500122070e-01
2.777744829654693604e-01
2.758131027221679688e-01
2.738787233829498291e-01
2.719830870628356934e-01
2.701032459735870361e-01
2.682501971721649170e-01
2.664234340190887451e-01
2.646227777004241943e-01
2.628466784954071045e-01
2.610967457294464111e-01
2.593719661235809326e-01
2.576716244220733643e-01
2.559958100318908691e-01
2.543440461158752441e-01
2.527151107788085938e-01
2.511105537414550781e-01
2.495289742946624756e-01
2.479699701070785522e-01
2.464337199926376343e-01
2.449196726083755493e-01
2.434274256229400635e-01
2.419559359550476074e-01
2.405066192150115967e-01
2.390782088041305542e-01
2.376773059368133545e-01
2.362899482250213623e-01
2.349226623773574829e-01
2.335744947195053101e-01
2.322467416524887085e-01
2.309382259845733643e-01
2.296488136053085327e-01
2.284160256385803223e-01
2.272211611270904541e-01
2.260455638170242310e-01
2.248866111040115356e-01
2.237470000982284546e-01
2.226258516311645508e-01
2.215217202901840210e-01
2.204356193542480469e-01
2.193662375211715698e-01
2.183135598897933960e-01
2.172782421112060547e-01
2.162588685750961304e-01
2.152561843395233154e-01
2.142734676599502563e-01
2.133008837699890137e-01
2.123453468084335327e-01
2.114045172929763794e-01
2.104794085025787354e-01
2.095687687397003174e-01
2.086727172136306763e-01
2.077916711568832397e-01
2.069244980812072754e-01
2.060717642307281494e-01
2.052324712276458740e-01
2.044064104557037354e-01
2.035944610834121704e-01
2.027957737445831299e-01
2.020107209682464600e-01
2.012383639812469482e-01
2.004790008068084717e-01
1.997320055961608887e-01
1.989976018667221069e-01
1.982756406068801880e-01
1.975656896829605103e-01
1.968669742345809937e-01
1.961808502674102783e-01
1.955063492059707642e-01
1.948437094688415527e-01
1.941922307014465332e-01
1.935521513223648071e-01
1.929230242967605591e-01
1.923051178455352783e-01
1.916977316141128540e-01
1.911010891199111938e-01
1.905142515897750854e-01
1.899386644363403320e-01
1.893735229969024658e-01
1.888184249401092529e-01
1.882734000682830811e-01
1.877384334802627563e-01
1.872131973505020142e-01
1.866978555917739868e-01
1.861918866634368896e-01
1.856954544782638550e-01
1.852075606584548950e-01
1.847297549247741699e-01
1.842613220214843750e-01
1.838018149137496948e-01
1.833513230085372925e-01
1.829097270965576172e-01
1.824768483638763428e-01
1.820527911186218262e-01
1.816371530294418335e-01
1.812301874160766602e-01
1.808304786682128906e-01
1.804400682449340820e-01
1.800580769777297974e-01
1.796840876340866089e-01
1.793183237314224243e-01
1.789603829383850098e-01
1.786103993654251099e-01
1.782972365617752075e-01
1.780328303575515747e-01
1.777758598327636719e-01
1.775260269641876221e-01
1.772842854261398315e-01
1.770486533641815186e-01
1.768200248479843140e-01
1.765982657670974731e-01
1.763834506273269653e-01
1.761763989925384521e-01
1.759751290082931519e-01
1.757804453372955322e-01
1.755924224853515625e-01
1.754109412431716919e-01
1.752368807792663574e-01
1.750683337450027466e-01
1.749061495065689087e-01
1.747502237558364868e-01
1.746006309986114502e-01
1.744582206010818481e-01
1.743209809064865112e-01
1.741898208856582642e-01
1.740647405385971069e-01
1.739456653594970703e-01
1.738335043191909790e-01
1.737262904644012451e-01
1.736249625682830811e-01
1.735294163227081299e-01
1.734397113323211670e-01
1.733566820621490479e-01
1.732782572507858276e-01
1.732055991888046265e-01
1.731385588645935059e-01
1.730770915746688843e-01
1.730211228132247925e-01
1.729716211557388306e-01
1.729270070791244507e-01
1.728874593973159790e-01
1.728533059358596802e-01
1.728245317935943604e-01
1.728019714355468750e-01
1.727837771177291870e-01
1.727708578109741211e-01
1.727631539106369019e-01
1.727606207132339478e-01
1.727641969919204712e-01
1.727719604969024658e-01
1.727848351001739502e-01
1.728027909994125366e-01
1.728258132934570312e-01
1.728547215461730957e-01
1.728877425193786621e-01
1.729257255792617798e-01
1.729686409235000610e-01
1.730165034532546997e-01
1.730701476335525513e-01
1.731277555227279663e-01
1.731902062892913818e-01
1.732572913169860840e-01
1.733293682336807251e-01
1.734071075916290283e-01
1.734887361526489258e-01
1.735750883817672729e-01
1.736661642789840698e-01
1.737630218267440796e-01
1.738643795251846313e-01
1.739695072174072266e-01
1.740792840719223022e-01
1.741936802864074707e-01
1.743126958608627319e-01
1.744371354579925537e-01
1.745652854442596436e-01
1.746979951858520508e-01
1.748352348804473877e-01
1.749769896268844604e-01
1.751240938901901245e-01
1.752751022577285767e-01
1.754285991191864014e-01
1.755873113870620728e-01
1.757492721080780029e-01
1.759160906076431274e-01
1.760861426591873169e-01
1.762610375881195068e-01
1.764399111270904541e-01
1.766219884157180786e-01
1.768088489770889282e-01
1.770004034042358398e-01
1.771951913833618164e-01
1.773939132690429688e-01
1.775957494974136353e-01
1.778022646903991699e-01
1.780118942260742188e-01
1.782262027263641357e-01
1.784443408250808716e-01
1.786655634641647339e-01
1.788914054632186890e-01
1.791202723979949951e-01
1.793537288904190063e-01
1.795916110277175903e-01
1.798326522111892700e-01
1.800774484872817993e-01
1.803252398967742920e-01
1.805775314569473267e-01
1.808327883481979370e-01
1.810925006866455078e-01
1.813559085130691528e-01
1.816222518682479858e-01
1.818930059671401978e-01
1.821666806936264038e-01
1.824447214603424072e-01
1.827276945114135742e-01
1.830129921436309814e-01
1.833018809556961060e-01
1.835936307907104492e-01
1.838896721601486206e-01
1.841885596513748169e-01
1.844916641712188721e-01
1.847983151674270630e-01
1.851072907447814941e-01
1.854209154844284058e-01
1.857373565435409546e-01
1.860579103231430054e-01
1.863834857940673828e-01
1.867109388113021851e-01
1.870418041944503784e-01
1.873753964900970459e-01
1.877130120992660522e-01
1.880533546209335327e-01
1.883976757526397705e-01
1.887453198432922363e-01
1.890956461429595947e-01
1.894498765468597412e-01
1.898067593574523926e-01
1.901675015687942505e-01
1.905339211225509644e-01
1.909005045890808105e-01
1.912709027528762817e-01
1.916438639163970947e-01
1.920205652713775635e-01
1.923992335796356201e-01
1.927821636199951172e-01
1.931681632995605469e-01
1.935566663742065430e-01
1.939487606287002563e-01
1.943433135747909546e-01
1.947440207004547119e-01
1.951451003551483154e-01
1.955485790967941284e-01
1.959555000066757202e-01
1.963647902011871338e-01
1.967774629592895508e-01
1.971924602985382080e-01
1.976107805967330933e-01
1.980318725109100342e-01
1.984552145004272461e-01
1.988845467567443848e-01
1.993133276700973511e-01
1.997452527284622192e-01
2.001799345016479492e-01
2.006222009658813477e-01
2.010663449764251709e-01
2.015129625797271729e-01
2.019611597061157227e-01
2.024135291576385498e-01
2.028647810220718384e-01
2.033183723688125610e-01
2.037733495235443115e-01
2.042295187711715698e-01
2.046872526407241821e-01
2.051475644111633301e-01
2.056112140417098999e-01
2.060733884572982788e-01
2.065369635820388794e-01
2.070022374391555786e-01
2.074691355228424072e-01
2.079366445541381836e-01
2.084056884050369263e-01
2.088785320520401001e-01
2.093502283096313477e-01
2.098223268985748291e-01
2.102957665920257568e-01
2.107698768377304077e-01
2.112449258565902710e-01
2.117215692996978760e-01
2.122016251087188721e-01
2.126791924238204956e-01
2.131575047969818115e-01
2.136374413967132568e-01
2.141170650720596313e-01
2.145972698926925659e-01
2.150780111551284790e-01
2.155594378709793091e-01
2.160448133945465088e-01
2.165268063545227051e-01
2.170091271400451660e-01
2.174918949604034424e-01
2.179753631353378296e-01
2.184582650661468506e-01
2.189414352178573608e-01
2.194274961948394775e-01
2.199112027883529663e-01
2.203941047191619873e-01
2.208769917488098145e-01
2.213595211505889893e-01
2.218417823314666748e-01
2.223244458436965942e-01
2.228091359138488770e-01
2.232902199029922485e-01
2.237707972526550293e-01
2.242515683174133301e-01
2.247309088706970215e-01
2.252095639705657959e-01
2.256874442100524902e-01
2.261645197868347168e-01
2.266443818807601929e-01
2.271195650100708008e-01
2.275937199592590332e-01
2.280667573213577271e-01
2.285393476486206055e-01
2.290100008249282837e-01
2.294793426990509033e-01
2.299503237009048462e-01
2.304175794124603271e-01
2.308826446533203125e-01
2.313461005687713623e-01
2.318079620599746704e-01
2.322681397199630737e-01
2.327300608158111572e-01
2.331866174936294556e-01
2.336412519216537476e-01
2.340939193964004517e-01
2.345451116561889648e-01
2.349964976310729980e-01
2.354428172111511230e-01
2.358869016170501709e-01
2.363284975290298462e-01
2.367684990167617798e-01
2.372054010629653931e-01
2.376424074172973633e-01
2.380741536617279053e-01
2.385038733482360840e-01
2.389302551746368408e-01
2.393535971641540527e-01
2.397769987583160400e-01
2.401947379112243652e-01
2.406100779771804810e-01
2.410214692354202271e-01
2.413993775844573975e-01
2.417673766613006592e-01
2.421298623085021973e-01
2.424894571304321289e-01
2.428452372550964355e-01
2.431976944208145142e-01
2.435493916273117065e-01
2.438957095146179199e-01
2.442380189895629883e-01
2.445771694183349609e-01
2.449125051498413086e-01
2.452472597360610962e-01
2.455753982067108154e-01
2.458999007940292358e-01
2.462207227945327759e-01
2.465383261442184448e-01
2.468543350696563721e-01
2.471638470888137817e-01
2.474694699048995972e-01
2.477712184190750122e-01
2.480695545673370361e-01
2.483656406402587891e-01
2.486554682254791260e-01
2.489416897296905518e-01
2.492238879203796387e-01
2.495015114545822144e-01
2.497749775648117065e-01
2.500463724136352539e-01
2.503118813037872314e-01
2.505727112293243408e-01
2.508297264575958252e-01
2.510820031166076660e-01
2.513322830200195312e-01
2.515758275985717773e-01
2.518149614334106445e-01
2.520497143268585205e-01
2.522803843021392822e-01
2.525085210800170898e-01
2.527298331260681152e-01
2.529466152191162109e-01
2.531592249870300293e-01
2.533669173717498779e-01
2.535716891288757324e-01
2.537706792354583740e-01
2.539648711681365967e-01
2.541540563106536865e-01
2.543385922908782959e-01
2.545199990272521973e-01
2.546954154968261719e-01
2.548658251762390137e-01
2.550320923328399658e-01
2.551930546760559082e-01
2.553509175777435303e-01
2.555023431777954102e-01
2.556490004062652588e-01
2.557908594608306885e-01
2.559294402599334717e-01
2.560622394084930420e-01
2.561896741390228271e-01
2.563122808933258057e-01
2.564314305782318115e-01
2.565443813800811768e-01
2.566524744033813477e-01
2.567557692527770996e-01
2.568560242652893066e-01
2.569496035575866699e-01
2.570383846759796143e-01
2.571222782135009766e-01
2.572022974491119385e-01
2.572766542434692383e-01
2.573460936546325684e-01
2.574112713336944580e-01
2.574718296527862549e-01
2.575268745422363281e-01
2.575770318508148193e-01
2.576223611831665039e-01
2.576636075973510742e-01
2.576994299888610840e-01
2.577310502529144287e-01
2.577573060989379883e-01
2.577793598175048828e-01
2.577961385250091553e-01
2.578081488609313965e-01
2.578155100345611572e-01
2.578185796737670898e-01
2.578171491622924805e-01
2.578104734420776367e-01
2.577991485595703125e-01
2.577835023403167725e-01
2.577629089355468750e-01
2.577377855777740479e-01
2.577081024646759033e-01
2.576746940612792969e-01
2.576358318328857422e-01
2.575925886631011963e-01
2.575360834598541260e-01
2.574605047702789307e-01
2.573805749416351318e-01
2.572952508926391602e-01
2.572055160999298096e-01
2.571102976799011230e-01
2.570109069347381592e-01
2.569062709808349609e-01
2.567972242832183838e-01
2.566829919815063477e-01
2.565649151802062988e-01
2.564415037631988525e-01
2.563138306140899658e-01
2.561812698841094971e-01
2.560451030731201172e-01
2.559036910533905029e-01
2.557581067085266113e-01
2.556079924106597900e-01
2.554543912410736084e-01
2.552957236766815186e-01
2.551330327987670898e-01
2.549662888050079346e-01
2.547957897186279297e-01
2.546206712722778320e-01
2.544415593147277832e-01
2.542587816715240479e-01
2.540723681449890137e-01
2.538815736770629883e-01
2.536871731281280518e-01
2.534888088703155518e-01
2.532873153686523438e-01
2.530816197395324707e-01
2.528724372386932373e-01
2.526596188545227051e-01
2.524438202381134033e-01
2.522244453430175781e-01
2.520009577274322510e-01
2.517744600772857666e-01
2.515451908111572266e-01
2.513116300106048584e-01
2.510759830474853516e-01
2.508366405963897705e-01
2.505937218666076660e-01
2.503487169742584229e-01
2.501007914543151855e-01
2.498483806848526001e-01
2.495950907468795776e-01
2.493380904197692871e-01
2.490776330232620239e-01
2.488151043653488159e-01
2.485508769750595093e-01
2.482818812131881714e-01
2.480119764804840088e-01
2.477395981550216675e-01
2.474634796380996704e-01
2.471857219934463501e-01
2.469060570001602173e-01
2.466228604316711426e-01
2.463386207818984985e-01
2.460517287254333496e-01
2.457623183727264404e-01
2.454711496829986572e-01
2.451783567667007446e-01
2.448817491531372070e-01
2.445855140686035156e-01
2.442864030599594116e-01
2.439858615398406982e-01
2.436816394329071045e-01
2.433780282735824585e-01
2.430717647075653076e-01
2.427627295255661011e-01
2.424537241458892822e-01
2.421429306268692017e-01
2.418287396430969238e-01
2.415149211883544922e-01
2.411998957395553589e-01
2.408816814422607422e-01
2.405633181333541870e-01
2.402445822954177856e-01
2.399220317602157593e-01
2.396002262830734253e-01
2.392769008874893188e-01
2.389517277479171753e-01
2.386261820793151855e-01
2.382998913526535034e-01
2.379712462425231934e-01
2.376429885625839233e-01
2.373134940862655640e-01
2.369817048311233521e-01
2.366511225700378418e-01
2.363193929195404053e-01
2.359848916530609131e-01
2.356516718864440918e-01
2.353181391954421997e-01
2.349835634231567383e-01
2.346463799476623535e-01
2.343112826347351074e-01
2.339747399091720581e-01
2.336361855268478394e-01
2.332987189292907715e-01
2.329616695642471313e-01
2.326215952634811401e-01
2.322831451892852783e-01
2.319515049457550049e-01
2.317017614841461182e-01
2.314537763595581055e-01
2.312061488628387451e-01
2.309560477733612061e-01
2.307085692882537842e-01
2.304615378379821777e-01
2.302127182483673096e-01
2.299654483795166016e-01
2.297189384698867798e-01
2.294710576534271240e-01
2.292250841856002808e-01
2.289794087409973145e-01
2.287317365407943726e-01
2.284867018461227417e-01
2.282421439886093140e-01
2.279959917068481445e-01
2.277514636516571045e-01
2.275060415267944336e-01
2.272628396749496460e-01
2.270201444625854492e-01
2.267752289772033691e-01
2.265333682298660278e-01
2.262900322675704956e-01
2.260490357875823975e-01
2.258077114820480347e-01
2.255657613277435303e-01
2.253261953592300415e-01
2.250851988792419434e-01
2.248466312885284424e-01
2.246077805757522583e-01
2.243684381246566772e-01
2.241313457489013672e-01
2.238948047161102295e-01
2.236564308404922485e-01
2.234210073947906494e-01
2.231844663619995117e-01
2.229502350091934204e-01
2.227159589529037476e-01
2.224811613559722900e-01
2.222487479448318481e-01
2.220152467489242554e-01
2.217834293842315674e-01
2.215529829263687134e-01
2.213213741779327393e-01
2.210922390222549438e-01
2.208620011806488037e-01
2.206334918737411499e-01
2.204064130783081055e-01
2.201782613992691040e-01
2.199525833129882812e-01
2.197251468896865845e-01
2.195009291172027588e-01
2.192773967981338501e-01
2.190528512001037598e-01
2.188301384449005127e-01
2.186071574687957764e-01
2.183866351842880249e-01
2.181669026613235474e-01
2.179455459117889404e-01
2.177273631095886230e-01
2.175099849700927734e-01
2.172916978597640991e-01
2.170759439468383789e-01
2.168585658073425293e-01
2.166444659233093262e-01
2.164311408996582031e-01
2.162169665098190308e-01
2.160046249628067017e-01
2.157921791076660156e-01
2.155822664499282837e-01
2.153731733560562134e-01
2.151626199483871460e-01
2.149552702903747559e-01
2.147471457719802856e-01
2.145415693521499634e-01
2.143362164497375488e-01
2.141308039426803589e-01
2.139278799295425415e-01
2.137243151664733887e-01
2.135232090950012207e-01
2.133223861455917358e-01
2.131215035915374756e-01
2.129232287406921387e-01
2.127242684364318848e-01
2.125271260738372803e-01
2.123316675424575806e-01
2.121354639530181885e-01
2.119419425725936890e-01
2.117485702037811279e-01
2.115553468465805054e-01
2.113646864891052246e-01
2.111733406782150269e-01
2.109839469194412231e-01
2.107961028814315796e-01
2.106078118085861206e-01
2.104219347238540649e-01
2.102349549531936646e-01
2.100512087345123291e-01
2.098667770624160767e-01
2.096850275993347168e-01
2.095026224851608276e-01
2.093222439289093018e-01
2.091418802738189697e-01
2.089641839265823364e-01
2.087860554456710815e-01
2.086096107959747314e-01
2.084335088729858398e-01
2.082598358392715454e-01
2.080872803926467896e-01
2.079135328531265259e-01
2.077431231737136841e-01
2.075722813606262207e-01
2.074196040630340576e-01
2.072707563638687134e-01
2.071235477924346924e-01
2.069764435291290283e-01
2.068316191434860229e-01
2.066863030195236206e-01
2.065432667732238770e-01
2.063998878002166748e-01
2.062586545944213867e-01
2.061162441968917847e-01
2.059767842292785645e-01
2.058382183313369751e-01
2.056992053985595703e-01
2.055624574422836304e-01
2.054252475500106812e-01
2.052903622388839722e-01
2.051551938056945801e-01
2.050214558839797974e-01
2.048880010843276978e-01
2.047567665576934814e-01
2.046251296997070312e-01
2.044957727193832397e-01
2.043660432100296021e-01
2.042385190725326538e-01
2.041106671094894409e-01
2.039846479892730713e-01
2.038599550724029541e-01
2.037349939346313477e-01
2.036122083663940430e-01
2.034891694784164429e-01
2.033682912588119507e-01
2.032471895217895508e-01
2.031282186508178711e-01
2.030086517333984375e-01
2.028916329145431519e-01
2.027744054794311523e-01
2.026593536138534546e-01
2.025440931320190430e-01
2.024309784173965454e-01
2.023176997900009155e-01
2.022059112787246704e-01
2.020957618951797485e-01
2.019857019186019897e-01
2.018775045871734619e-01
2.017692476511001587e-01
2.016630619764328003e-01
2.015567421913146973e-01
2.014525532722473145e-01
2.013476938009262085e-01
2.012455016374588013e-01
2.011432796716690063e-01
2.010433822870254517e-01
2.009431868791580200e-01
2.008450478315353394e-01
2.007469385862350464e-01
2.006508708000183105e-01
2.005551755428314209e-01
2.004601210355758667e-01
2.003671377897262573e-01
2.002741843461990356e-01
2.001835256814956665e-01
2.000926584005355835e-01
2.000037878751754761e-01
1.999143958091735840e-01
1.998276561498641968e-01
1.997409611940383911e-01
1.996562927961349487e-01
1.995717585086822510e-01
1.994894593954086304e-01
1.994070410728454590e-01
1.993265748023986816e-01
1.992457062005996704e-01
1.991673856973648071e-01
1.990892440080642700e-01
1.990122199058532715e-01
1.989370882511138916e-01
1.988621950149536133e-01
1.987895220518112183e-01
1.987168192863464355e-01
1.986453980207443237e-01
1.985748559236526489e-01
1.985062360763549805e-01
1.984378993511199951e-01
1.983714252710342407e-01
1.983053237199783325e-01
1.982402801513671875e-01
1.981768608093261719e-01
1.981140673160552979e-01
1.980531215667724609e-01
1.979925334453582764e-01
1.979338079690933228e-01
1.978754699230194092e-01
1.978189349174499512e-01
1.977628171443939209e-01
1.977079957723617554e-01
1.976545155048370361e-01
1.976018100976943970e-01
1.975509375333786011e-01
1.975005120038986206e-01
1.974518895149230957e-01
1.974037885665893555e-01
1.973574012517929077e-01
1.973109990358352661e-01
1.972669064998626709e-01
1.972237676382064819e-01
1.971819549798965454e-01
1.971407681703567505e-01
1.971007883548736572e-01
1.970624625682830811e-01
1.970242261886596680e-01
1.969882249832153320e-01
1.969528943300247192e-01
1.969195753335952759e-01
1.968866288661956787e-01
1.968552917242050171e-01
1.968247145414352417e-01
1.967952847480773926e-01
1.967670023441314697e-01
1.967400014400482178e-01
1.967145651578903198e-01
1.966900080442428589e-01
1.966673284769058228e-01
1.966467052698135376e-01
1.966340988874435425e-01
1.966212242841720581e-01
1.966101527214050293e-01
1.965999454259872437e-01
1.965907216072082520e-01
1.965824514627456665e-01
1.965758800506591797e-01
1.965697556734085083e-01
1.965648233890533447e-01
1.965613663196563721e-01
1.965586543083190918e-01
1.965572237968444824e-01
1.965567916631698608e-01
1.965575814247131348e-01
1.965588480234146118e-01
1.965621262788772583e-01
1.965657770633697510e-01
1.965708136558532715e-01
1.965772062540054321e-01
1.965844780206680298e-01
1.965926140546798706e-01
1.966026723384857178e-01
1.966129988431930542e-01
1.966253668069839478e-01
1.966380029916763306e-01
1.966520547866821289e-01
1.966674178838729858e-01
1.966839134693145752e-01
1.967014819383621216e-01
1.967203915119171143e-01
1.967403143644332886e-01
1.967609822750091553e-01
1.967837661504745483e-01
1.968068182468414307e-01
1.968314349651336670e-01
1.968573480844497681e-01
1.968843191862106323e-01
1.969121545553207397e-01
1.969420909881591797e-01
1.969722360372543335e-01
1.970041096210479736e-01
1.970372945070266724e-01
1.970714628696441650e-01
1.971069872379302979e-01
1.971438229084014893e-01
1.971816867589950562e-01
1.972205191850662231e-01
1.972612738609313965e-01
1.973025947809219360e-01
1.973455995321273804e-01
1.973897218704223633e-01
1.974352151155471802e-01
1.974815577268600464e-01
1.975299119949340820e-01
1.975787729024887085e-01
1.976291090250015259e-01
1.976811140775680542e-01
1.977343112230300903e-01
1.977884918451309204e-01
1.978443115949630737e-01
1.979015022516250610e-01
1.979591101408004761e-01
1.980193406343460083e-01
1.980800181627273560e-01
1.981420218944549561e-01
1.982057541608810425e-01
1.982704401016235352e-01
1.983364075422286987e-01
1.984046995639801025e-01
1.984729170799255371e-01
1.985434293746948242e-01
1.986153125762939453e-01
1.986880153417587280e-01
1.987627148628234863e-01
1.988381743431091309e-01
1.989155262708663940e-01
1.989939659833908081e-01
1.990739852190017700e-01
1.991551518440246582e-01
1.992382407188415527e-01
1.993220150470733643e-01
1.994078606367111206e-01
1.994947195053100586e-01
1.995832771062850952e-01
1.996729820966720581e-01
1.997638493776321411e-01
1.998569965362548828e-01
1.999515593051910400e-01
2.000467628240585327e-01
2.001443356275558472e-01
2.002432793378829956e-01
2.003429532051086426e-01
2.004449516534805298e-01
2.005470991134643555e-01
2.006524652242660522e-01
2.007585167884826660e-01
2.008656412363052368e-01
2.009751647710800171e-01
2.010862380266189575e-01
2.011974453926086426e-01
2.013120651245117188e-01
2.014273107051849365e-01
2.015436887741088867e-01
2.016624659299850464e-01
2.017818540334701538e-01
2.019038498401641846e-01
2.020274996757507324e-01
2.021516114473342896e-01
2.022779285907745361e-01
2.024068832397460938e-01
2.025353014469146729e-01
2.026669830083847046e-01
2.028002589941024780e-01
2.029340416193008423e-01
2.030702084302902222e-01
2.032077014446258545e-01
2.033471465110778809e-01
2.034887522459030151e-01
2.036307156085968018e-01
2.037757784128189087e-01
2.039225399494171143e-01
2.040694653987884521e-01
2.042196542024612427e-01
2.043710500001907349e-01
2.045236527919769287e-01
2.046785354614257812e-01
2.048355937004089355e-01
2.049943506717681885e-01
2.051535397768020630e-01
2.053154408931732178e-01
2.054800987243652344e-01
2.056439965963363647e-01
2.058118581771850586e-01
2.059766054153442383e-01
2.061031460762023926e-01
2.062289416790008545e-01
2.063590139150619507e-01
2.064903974533081055e-01
2.066219300031661987e-01
2.067569047212600708e-01
2.068936824798583984e-01
2.070323228836059570e-01
2.071710079908370972e-01
2.073133289813995361e-01
2.074574232101440430e-01
2.076035588979721069e-01
2.077500820159912109e-01
2.078993767499923706e-01
2.080516070127487183e-01
2.082028090953826904e-01
2.083587050437927246e-01
2.085156738758087158e-01
2.086755484342575073e-01
2.088344097137451172e-01
2.089981138706207275e-01
2.091629952192306519e-01
2.093285769224166870e-01
2.094978243112564087e-01
2.096690237522125244e-01
2.098423987627029419e-01
2.100154012441635132e-01
2.101928442716598511e-01
2.103721052408218384e-01
2.105535864830017090e-01
2.107347398996353149e-01
2.109204679727554321e-01
2.111086249351501465e-01
2.112955749034881592e-01
2.114880532026290894e-01
2.116816043853759766e-01
2.118782848119735718e-01
2.120738178491592407e-01
2.122748196125030518e-01
2.124770432710647583e-01
2.126798331737518311e-01
2.128866314888000488e-01
2.130963653326034546e-01
2.133080512285232544e-01
2.135192602872848511e-01
2.137354463338851929e-01
