6.507670879364013672e-01
6.500735878944396973e-01
6.493771672248840332e-01
6.486774682998657227e-01
6.479755043983459473e-01
6.473756432533264160e-01
6.468017697334289551e-01
6.462219953536987305e-01
6.456367373466491699e-01
6.450459361076354980e-01
6.448778510093688965e-01
6.449446678161621094e-01
6.450031995773315430e-01
6.450532078742980957e-01
6.450966596603393555e-01
6.452641487121582031e-01
6.456671953201293945e-01
6.460667848587036133e-01
6.464611887931823730e-01
6.468513011932373047e-01
6.472379565238952637e-01
6.475200653076171875e-01
6.477920413017272949e-01
6.480628252029418945e-01
6.483324766159057617e-01
6.486013531684875488e-01
6.489263176918029785e-01
6.493793725967407227e-01
6.498332619667053223e-01
6.502877473831176758e-01
6.507428884506225586e-01
6.511986255645751953e-01
6.515330672264099121e-01
6.517582535743713379e-01
6.519851684570312500e-01
6.522138714790344238e-01
6.524447202682495117e-01
6.526779532432556152e-01
6.527530550956726074e-01
6.527041792869567871e-01
6.526567935943603516e-01
6.526120305061340332e-01
6.525678038597106934e-01
6.525252461433410645e-01
6.524803042411804199e-01
6.524307727813720703e-01
6.523829698562622070e-01
6.523368954658508301e-01
6.522925496101379395e-01
6.522505283355712891e-01
6.521855592727661133e-01
6.517574787139892578e-01
6.513294577598571777e-01
6.509032249450683594e-01
6.504771709442138672e-01
6.500529646873474121e-01
6.496290564537048340e-01
6.492704749107360840e-01
6.489750742912292480e-01
6.486811041831970215e-01
6.483889222145080566e-01
6.480981111526489258e-01
6.478092670440673828e-01
6.475219726562500000e-01
6.471458077430725098e-01
6.467393040657043457e-01
6.463330388069152832e-01
6.459282636642456055e-01
6.455247402191162109e-01
6.451221704483032227e-01
6.447221636772155762e-01
6.442170143127441406e-01
6.436739563941955566e-01
6.431318521499633789e-01
6.425911188125610352e-01
6.420516967773437500e-01
6.415135264396667480e-01
6.409764885902404785e-01
6.404433846473693848e-01
6.399164795875549316e-01
6.393896341323852539e-01
6.388638615608215332e-01
6.383404135704040527e-01
6.378170847892761230e-01
6.372949481010437012e-01
6.367750167846679688e-01
6.362620592117309570e-01
6.357512474060058594e-01
6.352410912513732910e-01
6.347331404685974121e-01
6.342252492904663086e-01
6.337196230888366699e-01
6.332144141197204590e-01
6.326554417610168457e-01
6.318922638893127441e-01
6.311300992965698242e-01
6.303691267967224121e-01
6.296093463897705078e-01
6.288504004478454590e-01
6.280927658081054688e-01
6.273363828659057617e-01
6.266227960586547852e-01
6.261196136474609375e-01
6.256185173988342285e-01
6.251179575920104980e-01
6.246194243431091309e-01
6.241213679313659668e-01
6.236245036125183105e-01
6.231298446655273438e-01
6.226354837417602539e-01
6.219646334648132324e-01
6.212534904479980469e-01
6.205433607101440430e-01
6.198353171348571777e-01
6.191273927688598633e-01
6.184206604957580566e-01
6.177158355712890625e-01
6.170115470886230469e-01
6.163230538368225098e-01
6.157158613204956055e-01
6.151108741760253906e-01
6.145061850547790527e-01
6.139034628868103027e-01
6.133012771606445312e-01
6.127012968063354492e-01
6.121022701263427734e-01
6.115037798881530762e-01
6.109267473220825195e-01
6.104586124420166016e-01
6.099917888641357422e-01
6.095260977745056152e-01
6.090618371963500977e-01
6.085996627807617188e-01
6.081379055976867676e-01
6.076773405075073242e-01
6.072179675102233887e-01
6.067598462104797363e-01
6.061312556266784668e-01
6.054626703262329102e-01
6.047955155372619629e-01
6.041285991668701172e-01
6.034639477729797363e-01
6.028004288673400879e-01
6.021373867988586426e-01
6.014763116836547852e-01
6.008157730102539062e-01
6.001641154289245605e-01
5.995946526527404785e-01
5.990254878997802734e-01
5.984584093093872070e-01
5.976628065109252930e-01
5.970979928970336914e-01
5.965353250503540039e-01
5.959730148315429688e-01
5.954127907752990723e-01
5.948535203933715820e-01
5.942946672439575195e-01
5.939282178878784180e-01
5.935707688331604004e-01
5.932142734527587891e-01
5.928588509559631348e-01
5.925055146217346191e-01
5.921522378921508789e-01
5.918003320693969727e-01
5.914492607116699219e-01
5.910992026329040527e-01
5.907504558563232422e-01
5.904389619827270508e-01
5.901784300804138184e-01
5.899190306663513184e-01
5.896606445312500000e-01
5.894033908843994141e-01
5.891472101211547852e-01
5.888920426368713379e-01
5.886379480361938477e-01
5.883848667144775391e-01
5.881328582763671875e-01
5.878820419311523438e-01
5.876404643058776855e-01
5.874112248420715332e-01
5.871830582618713379e-01
5.869564414024353027e-01
5.867308974266052246e-01
5.865069031715393066e-01
5.862842798233032227e-01
5.860628485679626465e-01
5.858429074287414551e-01
5.856242775917053223e-01
5.854071974754333496e-01
5.851915478706359863e-01
5.849404335021972656e-01
5.846897959709167480e-01
5.844399333000183105e-01
5.841925144195556641e-01
5.839460492134094238e-01
5.837021470069885254e-01
5.834591984748840332e-01
5.832189321517944336e-01
5.829796195030212402e-01
5.827431082725524902e-01
5.825076103210449219e-01
5.822750926017761230e-01
5.819934606552124023e-01
5.817124843597412109e-01
5.814335346221923828e-01
5.811576247215270996e-01
5.808829665184020996e-01
5.806104540824890137e-01
5.803413987159729004e-01
5.800740122795104980e-01
5.798091888427734375e-01
5.795471072196960449e-01
5.792888998985290527e-01
5.790325403213500977e-01
5.786358118057250977e-01
5.780684351921081543e-01
5.775042772293090820e-01
5.769438743591308594e-01
5.763871073722839355e-01
5.758354067802429199e-01
5.752869844436645508e-01
5.747432112693786621e-01
5.742046833038330078e-01
5.736714601516723633e-01
5.731452107429504395e-01
5.726243853569030762e-01
5.721106529235839844e-01
5.716774463653564453e-01
5.713869333267211914e-01
5.711072087287902832e-01
5.708373785018920898e-01
5.705806612968444824e-01
5.703365206718444824e-01
5.701086521148681641e-01
5.698970556259155273e-01
5.697062015533447266e-01
5.695369839668273926e-01
5.693951845169067383e-01
5.692831277847290039e-01
5.692087411880493164e-01
5.691772103309631348e-01
5.692469477653503418e-01
5.694123506546020508e-01
5.696634650230407715e-01
5.700286030769348145e-01
5.705512166023254395e-01
5.713080763816833496e-01
5.724498033523559570e-01
5.743823647499084473e-01
5.815801024436950684e-01
5.865069627761840820e-01
5.892682671546936035e-01
5.917175412178039551e-01
5.940210223197937012e-01
5.962387919425964355e-01
5.983887314796447754e-01
6.004540324211120605e-01
6.024882793426513672e-01
6.044945120811462402e-01
6.064776182174682617e-01
6.084372997283935547e-01
6.103761196136474609e-01
6.122932434082031250e-01
6.141871809959411621e-01
6.160591840744018555e-01
6.179065108299255371e-01
6.197298765182495117e-01
6.215264201164245605e-01
6.232966780662536621e-01
6.250383853912353516e-01
6.267501115798950195e-01
6.284357905387878418e-01
6.300907731056213379e-01
6.317123174667358398e-01
6.332999467849731445e-01
6.348526477813720703e-01
6.363703012466430664e-01
6.378499269485473633e-01
6.392917037010192871e-01
6.406946778297424316e-01
6.420588493347167969e-01
6.433821320533752441e-01
6.446644067764282227e-01
6.459060311317443848e-01
6.471051573753356934e-01
6.482620835304260254e-01
6.493858695030212402e-01
6.505045890808105469e-01
6.515787243843078613e-01
6.526094675064086914e-01
6.535957455635070801e-01
6.545386910438537598e-01
6.554372310638427734e-01
6.562930345535278320e-01
6.571049690246582031e-01
6.578746438026428223e-01
6.586011648178100586e-01
6.592862606048583984e-01
6.599292159080505371e-01
6.605310440063476562e-01
6.610929965972900391e-01
6.616143584251403809e-01
6.620970964431762695e-01
6.625574231147766113e-01
6.629977822303771973e-01
6.634006500244140625e-01
6.637656688690185547e-01
6.640943288803100586e-01
6.643878221511840820e-01
6.646457910537719727e-01
6.648697853088378906e-01
6.650610566139221191e-01
6.652193665504455566e-01
6.653461456298828125e-01
6.654421091079711914e-01
6.655087471008300781e-01
6.655458211898803711e-01
6.655546426773071289e-01
6.655366420745849609e-01
6.654914617538452148e-01
6.654205322265625000e-01
6.654450893402099609e-01
6.654680967330932617e-01
6.654670834541320801e-01
6.654430627822875977e-01
6.653968691825866699e-01
6.653286814689636230e-01
6.652405261993408203e-01
6.651327013969421387e-01
6.650058031082153320e-01
6.648609042167663574e-01
6.646986007690429688e-01
6.645196080207824707e-01
6.643240451812744141e-01
6.641138792037963867e-01
6.638891696929931641e-01
6.636503338813781738e-01
6.633984446525573730e-01
6.631338596343994141e-01
6.628667116165161133e-01
6.626240015029907227e-01
6.623718738555908203e-01
6.621100902557373047e-01
6.618393659591674805e-01
6.615606546401977539e-01
6.612738966941833496e-01
6.609800457954406738e-01
6.606793403625488281e-01
6.603720784187316895e-01
6.600589156150817871e-01
6.597400307655334473e-01
6.594160795211791992e-01
6.590871214866638184e-01
6.587538719177246094e-01
6.584168076515197754e-01
6.580755114555358887e-01
6.577308177947998047e-01
6.573826670646667480e-01
6.570318341255187988e-01
6.567371487617492676e-01
6.564915180206298828e-01
6.562451124191284180e-01
6.559981107711791992e-01
6.557508111000061035e-01
6.555033922195434570e-01
6.552560329437255859e-01
6.550090312957763672e-01
6.547625064849853516e-01
6.545165777206420898e-01
6.542714834213256836e-01
6.540273427963256836e-01
6.537843942642211914e-01
6.535426378250122070e-01
6.533023118972778320e-01
6.530629992485046387e-01
6.528258323669433594e-01
6.525905132293701172e-01
6.523569822311401367e-01
6.521254777908325195e-01
6.518960595130920410e-01
6.516625285148620605e-01
6.514280438423156738e-01
6.511969566345214844e-01
6.509677767753601074e-01
6.507421135902404785e-01
6.505184769630432129e-01
6.502985358238220215e-01
6.500806212425231934e-01
6.498665213584899902e-01
6.496545672416687012e-01
6.494464874267578125e-01
6.492406725883483887e-01
6.490387320518493652e-01
6.488391757011413574e-01
6.486436128616333008e-01
6.484504342079162598e-01
6.482612490653991699e-01
6.480745077133178711e-01
6.478918790817260742e-01
6.477116942405700684e-01
6.475356817245483398e-01
6.473619937896728516e-01
6.471865177154541016e-01
6.470109820365905762e-01
6.468381881713867188e-01
6.466683149337768555e-01
6.465025544166564941e-01
6.463389396667480469e-01
6.461788415908813477e-01
6.460222005844116211e-01
6.458683013916015625e-01
6.457173228263854980e-01
6.455703377723693848e-01
6.454255580902099609e-01
6.452839374542236328e-01
6.451462507247924805e-01
6.450107097625732422e-01
6.448786258697509766e-01
6.447498798370361328e-01
6.446238160133361816e-01
6.445012092590332031e-01
6.443811655044555664e-01
6.442639231681823730e-01
6.441505551338195801e-01
6.440392732620239258e-01
6.438988447189331055e-01
6.435335278511047363e-01
6.431692242622375488e-01
6.428059339523315430e-01
6.424436569213867188e-01
6.420823931694030762e-01
6.417220830917358398e-01
6.413630247116088867e-01
6.410046219825744629e-01
6.406471133232116699e-01
6.402906179428100586e-01
6.399350166320800781e-01
6.395803093910217285e-01
6.392264366149902344e-01
6.388734579086303711e-01
6.385213136672973633e-01
6.381693482398986816e-01
6.378188729286193848e-01
6.374692320823669434e-01
6.371203660964965820e-01
6.367722749710083008e-01
6.364250183105468750e-01
6.360787153244018555e-01
6.357328891754150391e-01
6.353877782821655273e-01
6.350365281105041504e-01
6.346383690834045410e-01
6.342410445213317871e-01
6.338445544242858887e-01
6.334488987922668457e-01
6.330540180206298828e-01
6.326599717140197754e-01
6.322667002677917480e-01
6.318742036819458008e-01
6.314825415611267090e-01
6.310915946960449219e-01
6.307014226913452148e-01
6.303111910820007324e-01
6.299224495887756348e-01
6.295344829559326172e-01
6.291471719741821289e-01
6.287608146667480469e-01
6.283749341964721680e-01
6.279897093772888184e-01
6.276051998138427734e-01
6.272213459014892578e-01
6.268380880355834961e-01
6.264554858207702637e-01
6.260735392570495605e-01
6.256922483444213867e-01
6.253114342689514160e-01
6.249313354492187500e-01
6.245628595352172852e-01
6.242066621780395508e-01
6.238517761230468750e-01
6.234963536262512207e-01
6.231424212455749512e-01
6.227881312370300293e-01
6.224351525306701660e-01
6.220817565917968750e-01
6.217296123504638672e-01
6.213771104812622070e-01
6.210249662399291992e-01
6.206738948822021484e-01
6.203225255012512207e-01
6.199724078178405762e-01
6.196218132972717285e-01
6.192723512649536133e-01
6.189224720001220703e-01
6.185737252235412598e-01
6.182242631912231445e-01
6.178761720657348633e-01
6.175275444984436035e-01
6.171799898147583008e-01
6.168318986892700195e-01
6.164849400520324707e-01
6.161373853683471680e-01
6.157906651496887207e-01
6.154435873031616211e-01
6.150975823402404785e-01
6.147509813308715820e-01
6.142714619636535645e-01
6.137869954109191895e-01
6.133025288581848145e-01
6.128169894218444824e-01
6.123321652412414551e-01
6.118470430374145508e-01
6.113618016242980957e-01
6.108755469322204590e-01
6.103898286819458008e-01
6.099039912223815918e-01
6.094179749488830566e-01
6.089317798614501953e-01
6.084442734718322754e-01
6.079576015472412109e-01
6.074706912040710449e-01
6.069835424423217773e-01
6.064960956573486328e-01
6.060075759887695312e-01
6.055197119712829590e-01
6.050314307212829590e-01
6.045430302619934082e-01
6.040534377098083496e-01
6.035645604133605957e-01
6.030752062797546387e-01
6.025856733322143555e-01
6.020959019660949707e-01
6.016049981117248535e-01
6.011145114898681641e-01
6.006238460540771484e-01
6.001328825950622559e-01
5.996494293212890625e-01
5.991776585578918457e-01
5.987050533294677734e-01
5.982329249382019043e-01
5.977606773376464844e-01
5.972874760627746582e-01
5.968148708343505859e-01
5.963412523269653320e-01
5.958682894706726074e-01
5.953950881958007812e-01
5.949209332466125488e-01
5.944473147392272949e-01
5.939736962318420410e-01
5.934988260269165039e-01
5.930246114730834961e-01
5.925493836402893066e-01
5.920746922492980957e-01
5.915998816490173340e-01
5.911239385604858398e-01
5.906485915184020996e-01
5.901731848716735840e-01
5.896964073181152344e-01
5.892204046249389648e-01
5.887432098388671875e-01
5.882667303085327148e-01
5.877900123596191406e-01
5.873119831085205078e-01
5.868346691131591797e-01
5.863571763038635254e-01
5.858784317970275879e-01
5.854004025459289551e-01
5.849210619926452637e-01
5.844424366950988770e-01
5.838747024536132812e-01
5.832542777061462402e-01
5.826326608657836914e-01
5.820115804672241211e-01
5.813900828361511230e-01
5.807672142982482910e-01
5.801450014114379883e-01
5.795223116874694824e-01
5.788984298706054688e-01
5.782749652862548828e-01
5.776512622833251953e-01
5.770270824432373047e-01
5.764016509056091309e-01
5.757767558097839355e-01
5.751515030860900879e-01
5.745249390602111816e-01
5.738989710807800293e-01
5.732726454734802246e-01
5.726459622383117676e-01
5.720179080963134766e-01
5.713904500007629395e-01
5.707626938819885254e-01
5.701335668563842773e-01
5.695050954818725586e-01
5.688762068748474121e-01
5.682470202445983887e-01
5.676165223121643066e-01
5.669866204261779785e-01
5.663564205169677734e-01
5.657248497009277344e-01
5.650939345359802246e-01
5.644626617431640625e-01
5.638310909271240234e-01
5.631982088088989258e-01
5.625658631324768066e-01
5.619596242904663086e-01
5.614128112792968750e-01
5.608649849891662598e-01
5.603181719779968262e-01
5.597711801528930664e-01
5.592242479324340820e-01
5.586772561073303223e-01
5.581291913986206055e-01
5.575821399688720703e-01
5.570349693298339844e-01
5.564877986907958984e-01
5.559405684471130371e-01
5.553923845291137695e-01
5.548450946807861328e-01
5.542977452278137207e-01
5.537503361701965332e-01
5.532029867172241211e-01
5.526545047760009766e-01
5.521070361137390137e-01
5.515595078468322754e-01
5.510119795799255371e-01
5.504643321037292480e-01
5.499157309532165527e-01
5.493680238723754883e-01
5.488203167915344238e-01
5.482725501060485840e-01
5.477247834205627441e-01
5.471759438514709473e-01
5.466281175613403320e-01
5.460801720619201660e-01
5.455322861671447754e-01
5.449842810630798340e-01
5.444353222846984863e-01
5.438872575759887695e-01
5.433391928672790527e-01
5.427910685539245605e-01
5.422420501708984375e-01
5.416938066482543945e-01
5.411129593849182129e-01
5.403608083724975586e-01
5.396088957786560059e-01
5.388581156730651855e-01
5.381066799163818359e-01
5.373553633689880371e-01
5.366042852401733398e-01
5.357121825218200684e-01
5.349619388580322266e-01
5.342119336128234863e-01
5.334621071815490723e-01
5.327125787734985352e-01
5.319642424583435059e-01
5.312151908874511719e-01
5.304663777351379395e-01
5.297178626060485840e-01
5.289695858955383301e-01
5.282216072082519531e-01
5.274738669395446777e-01
5.267264246940612793e-01
5.259792804718017578e-01
5.252334475517272949e-01
5.244868397712707520e-01
5.237405300140380859e-01
5.229945778846740723e-01
5.222489237785339355e-01
5.215036273002624512e-01
5.207585692405700684e-01
5.200138688087463379e-01
5.192695260047912598e-01
5.185264348983764648e-01
5.177827477455139160e-01
5.170394182205200195e-01
5.162963867187500000e-01
5.155537128448486328e-01
5.148113965988159180e-01
5.140694379806518555e-01
5.133278369903564453e-01
5.125866532325744629e-01
5.118468999862670898e-01
5.111064314842224121e-01
5.103663802146911621e-01
5.097979903221130371e-01
5.092653632164001465e-01
5.087337493896484375e-01
5.082027912139892578e-01
5.076723098754882812e-01
5.071428418159484863e-01
5.066137909889221191e-01
5.060856938362121582e-01
5.055581331253051758e-01
5.050314068794250488e-01
5.045051574707031250e-01
5.039799213409423828e-01
5.034551024436950684e-01
5.029312372207641602e-01
5.024078488349914551e-01
5.018853545188903809e-01
5.013634562492370605e-01
5.008423328399658203e-01
5.003218054771423340e-01
4.998020827770233154e-01
4.992829263210296631e-01
4.987646341323852539e-01
4.982468485832214355e-01
4.977309405803680420e-01
4.972147047519683838e-01
4.966990351676940918e-01
4.961842000484466553e-01
4.956699013710021973e-01
4.951564669609069824e-01
4.946435689926147461e-01
4.941315054893493652e-01
4.936199784278869629e-01
4.931092858314514160e-01
4.925991296768188477e-01
4.920898079872131348e-01
4.915810227394104004e-01
4.910731017589569092e-01
4.905656576156616211e-01
4.900591075420379639e-01
4.895530641078948975e-01
4.890478551387786865e-01
4.885431528091430664e-01
4.880393147468566895e-01
4.875360131263732910e-01
4.870335161685943604e-01
4.865302741527557373e-01
4.860270619392395020e-01
4.855254590511322021e-01
4.850236475467681885e-01
4.845236837863922119e-01
4.840233027935028076e-01
4.835245907306671143e-01
4.830255806446075439e-01
4.825275838375091553e-01
4.820309281349182129e-01
4.815340936183929443e-01
4.810388982295989990e-01
4.805434346199035645e-01
4.800498783588409424e-01
4.795558452606201172e-01
4.790624976158142090e-01
4.785708189010620117e-01
4.780791103839874268e-01
4.775888323783874512e-01
4.770982563495635986e-01
4.766093790531158447e-01
4.761202335357666016e-01
4.756320118904113770e-01
4.751451909542083740e-01
4.746581315994262695e-01
4.741726815700531006e-01
4.736872613430023193e-01
4.732032120227813721e-01
4.727189242839813232e-01
4.722352921962738037e-01
4.717533290386199951e-01
4.712713360786437988e-01
4.707907140254974365e-01
4.703098535537719727e-01
4.698306024074554443e-01
4.693513512611389160e-01
4.688725769519805908e-01
4.683953523635864258e-01
4.679179191589355469e-01
4.674420952796936035e-01
4.669662415981292725e-01
4.664917886257171631e-01
4.660170674324035645e-01
4.655430018901824951e-01
4.650708138942718506e-01
4.645981192588806152e-01
4.641270041465759277e-01
4.636556506156921387e-01
4.631858766078948975e-01
4.628519713878631592e-01
4.625314772129058838e-01
4.622121155261993408e-01
4.618926346302032471e-01
4.615745842456817627e-01
4.612561464309692383e-01
4.609388709068298340e-01
4.606214463710784912e-01
4.603054225444793701e-01
4.599890112876892090e-01
4.596740305423736572e-01
4.593583643436431885e-01
4.590443670749664307e-01
4.587299823760986328e-01
4.584169983863830566e-01
4.581035971641540527e-01
4.577913284301757812e-01
4.574789404869079590e-01
4.571679234504699707e-01
4.568565189838409424e-01
4.565464854240417480e-01
4.562357962131500244e-01
4.559267461299896240e-01
4.556172788143157959e-01
4.553092122077941895e-01
4.550016224384307861e-01
4.546933472156524658e-01
4.543867409229278564e-01
4.540796875953674316e-01
4.537740349769592285e-01
4.534679353237152100e-01
4.531629681587219238e-01
4.528578221797943115e-01
4.525540769100189209e-01
4.522498846054077148e-01
4.519470632076263428e-01
4.516435563564300537e-01
4.513416588306427002e-01
4.510393440723419189e-01
4.507384002208709717e-01
4.504370093345642090e-01
4.501367211341857910e-01
4.498362541198730469e-01
4.495371580123901367e-01
4.492376446723937988e-01
4.489391744136810303e-01
4.486405551433563232e-01
4.483432769775390625e-01
4.480455815792083740e-01
4.477491974830627441e-01
4.474521279335021973e-01
4.471566677093505859e-01
4.468607604503631592e-01
4.465744495391845703e-01
4.463157653808593750e-01
4.460573792457580566e-01
4.457994103431701660e-01
4.455405771732330322e-01
4.452832639217376709e-01
4.450263082981109619e-01
4.447697103023529053e-01
4.445134401321411133e-01
4.442566335201263428e-01
4.440007805824279785e-01
4.437455534934997559e-01
4.434906244277954102e-01
4.432360827922821045e-01
4.429809749126434326e-01
4.427268207073211670e-01
4.424732625484466553e-01
4.422200620174407959e-01
4.419671893119812012e-01
4.417146444320678711e-01
4.414612948894500732e-01
4.412094056606292725e-01
4.409578740596771240e-01
4.407066404819488525e-01
4.404557645320892334e-01
4.402043223381042480e-01
4.399538338184356689e-01
4.397039115428924561e-01
4.394543468952178955e-01
4.392050802707672119e-01
4.389552772045135498e-01
4.387063980102539062e-01
4.384581148624420166e-01
4.382101297378540039e-01
4.379625022411346436e-01
4.377151727676391602e-01
4.374670088291168213e-01
4.372203052043914795e-01
4.369739294052124023e-01
4.367278814315795898e-01
4.364821314811706543e-01
4.362358152866363525e-01
4.359903931617736816e-01
4.357455968856811523e-01
4.355010986328125000e-01
4.352568984031677246e-01
4.350121617317199707e-01
4.347683191299438477e-01
4.345250427722930908e-01
4.342820644378662109e-01
4.340394139289855957e-01
4.337961971759796143e-01
4.335538744926452637e-01
4.333121478557586670e-01
4.330706894397735596e-01
4.328295588493347168e-01
4.325886964797973633e-01
4.323473274707794189e-01
4.321067929267883301e-01
4.318765401840209961e-01
4.316864311695098877e-01
4.314968883991241455e-01
4.313072860240936279e-01
4.311181902885437012e-01
4.309293627738952637e-01
4.307405054569244385e-01
4.305521249771118164e-01
4.303637444972991943e-01
4.301750063896179199e-01
4.299871027469635010e-01
4.297997057437896729e-01
4.296122491359710693e-01
4.294253587722778320e-01
4.292383491992950439e-01
4.290519058704376221e-01
4.288654029369354248e-01
4.286794066429138184e-01
4.284933507442474365e-01
4.283069670200347900e-01
4.281213879585266113e-01
4.279363155364990234e-01
4.277511835098266602e-01
4.275665879249572754e-01
4.273822009563446045e-01
4.271977543830871582e-01
4.269786477088928223e-01
4.267568886280059814e-01
4.265345036983489990e-01
4.263123571872711182e-01
4.260912537574768066e-01
4.258695542812347412e-01
4.256480634212493896e-01
4.254276156425476074e-01
4.252065718173980713e-01
4.249857068061828613e-01
4.247650802135467529e-01
4.245455265045166016e-01
4.243253171443939209e-01
4.241053164005279541e-01
4.238863885402679443e-01
4.236668348312377930e-01
4.234474897384643555e-01
4.232291877269744873e-01
4.230102896690368652e-01
4.227915704250335693e-01
4.225739240646362305e-01
4.223556220531463623e-01
4.221375584602355957e-01
4.219205081462860107e-01
4.217028617858886719e-01
4.214853942394256592e-01
4.213218390941619873e-01
4.212028980255126953e-01
4.210841357707977295e-01
4.209654927253723145e-01
4.208478629589080811e-01
4.207295179367065430e-01
4.206113517284393311e-01
4.204933047294616699e-01
4.203754067420959473e-01
4.202585220336914062e-01
4.201409518718719482e-01
4.200235009193420410e-01
4.199061989784240723e-01
4.197899103164672852e-01
4.196729063987731934e-01
4.195560514926910400e-01
4.194393455982208252e-01
4.193227589130401611e-01
4.192071855068206787e-01
4.190908968448638916e-01
4.189747571945190430e-01
4.188587367534637451e-01
4.187437295913696289e-01
4.186280071735382080e-01
4.185124039649963379e-01
4.183969795703887939e-01
4.182816445827484131e-01
4.181666672229766846e-01
4.180433154106140137e-01
4.179200530052185059e-01
4.177977442741394043e-01
4.176747202873229980e-01
4.175521135330200195e-01
4.174293279647827148e-01
4.173066616058349609e-01
4.171849191188812256e-01
4.170624911785125732e-01
4.169401526451110840e-01
4.168179333209991455e-01
4.166966378688812256e-01
4.165746569633483887e-01
4.164530634880065918e-01
4.163312613964080811e-01
4.162104427814483643e-01
4.160888791084289551e-01
4.159674644470214844e-01
4.158461093902587891e-01
4.157257080078125000e-01
4.156046211719512939e-01
4.154839217662811279e-01
4.153630137443542480e-01
4.152430593967437744e-01
4.151223599910736084e-01
4.150017797946929932e-01
4.148812890052795410e-01
4.147617220878601074e-01
4.146668314933776855e-01
4.146117269992828369e-01
4.145575463771820068e-01
4.145022630691528320e-01
4.144482016563415527e-01
4.143933951854705811e-01
4.143386185169219971e-01
4.142847657203674316e-01
4.142301082611083984e-01
4.141760468482971191e-01
4.141215682029724121e-01
4.140671193599700928e-01
4.140135943889617920e-01
4.139592945575714111e-01
4.139050245285034180e-01
4.138513803482055664e-01
4.137972593307495117e-01
4.137440323829650879e-01
4.136900007724761963e-01
4.136360585689544678e-01
4.135830104351043701e-01
4.135288596153259277e-01
4.134759604930877686e-01
4.134222567081451416e-01
4.133686125278472900e-01
4.133158624172210693e-01
4.132623374462127686e-01
4.132093489170074463e-01
4.131559431552886963e-01
4.131025969982147217e-01
4.130478203296661377e-01
4.129901230335235596e-01
4.129323959350585938e-01
4.128749668598175049e-01
4.128171801567077637e-01
4.127593934535980225e-01
4.127015173435211182e-01
4.126431643962860107e-01
4.125852882862091064e-01
4.125273525714874268e-01
4.124697744846343994e-01
4.124117791652679443e-01
4.123537838459014893e-01
4.122961163520812988e-01
4.122380316257476807e-01
4.121799468994140625e-01
4.121213257312774658e-01
4.120631814002990723e-01
4.120049774646759033e-01
4.119467735290527344e-01
4.118888676166534424e-01
4.118305742740631104e-01
4.117722511291503906e-01
4.117142558097839355e-01
4.116558730602264404e-01
4.115974605083465576e-01
4.115385115146636963e-01
4.114800393581390381e-01
4.114215075969696045e-01
4.113632738590240479e-01
4.113046824932098389e-01
4.112548828125000000e-01
4.112578630447387695e-01
4.112611114978790283e-01
4.112638831138610840e-01
4.112673997879028320e-01
4.112703502178192139e-01
4.112728238105773926e-01
4.112752079963684082e-01
4.112778604030609131e-01
4.112808704376220703e-01
4.112829566001892090e-01
4.112852513790130615e-01
4.112871289253234863e-01
4.112888872623443604e-01
4.112917482852935791e-01
4.112932980060577393e-01
4.112951159477233887e-01
4.111835956573486328e-01
4.110651612281799316e-01
4.109464585781097412e-01
4.108267128467559814e-01
4.107054471969604492e-01
4.105843305587768555e-01
4.104625582695007324e-01
4.103395938873291016e-01
4.102164506912231445e-01
4.100925922393798828e-01
4.099672138690948486e-01
4.098420143127441406e-01
4.097164869308471680e-01
4.095898568630218506e-01
4.094616770744323730e-01
4.093336462974548340e-01
4.092088639736175537e-01
4.090909957885742188e-01
4.089713096618652344e-01
4.088505804538726807e-01
4.087280035018920898e-01
4.086040258407592773e-01
4.084780812263488770e-01
4.083511531352996826e-01
4.082231819629669189e-01
4.080933034420013428e-01
4.079623520374298096e-01
4.078294634819030762e-01
4.076946079730987549e-01
4.075587093830108643e-01
4.074217081069946289e-01
4.072827696800231934e-01
4.071422219276428223e-01
4.067701399326324463e-01
4.060612618923187256e-01
4.053484797477722168e-01
4.046300053596496582e-01
4.039076268672943115e-01
4.031799733638763428e-01
4.024479389190673828e-01
4.017110168933868408e-01
4.009683728218078613e-01
4.002217650413513184e-01
3.994693458080291748e-01
3.987129032611846924e-01
3.979515731334686279e-01
3.971849381923675537e-01
3.964137434959411621e-01
3.956367075443267822e-01
3.948556482791900635e-01
3.940593898296356201e-01
3.930685818195343018e-01
3.920761048793792725e-01
3.910800218582153320e-01
3.900800049304962158e-01
3.890783786773681641e-01
3.880722820758819580e-01
3.870640695095062256e-01
3.860525190830230713e-01
3.850383162498474121e-01
3.840211331844329834e-01
3.830006718635559082e-01
3.819775879383087158e-01
3.809506893157958984e-01
3.799223303794860840e-01
3.788896203041076660e-01
3.778554797172546387e-01
3.768178522586822510e-01
3.757662773132324219e-01
3.746831715106964111e-01
3.736010491847991943e-01
3.725169599056243896e-01
3.714333176612854004e-01
3.703492283821105957e-01
3.692644536495208740e-01
3.681795299053192139e-01
3.670933544635772705e-01
3.660076856613159180e-01
3.649222850799560547e-01
3.638350665569305420e-01
3.627483844757080078e-01
3.616614043712615967e-01
3.605738878250122070e-01
3.594863414764404297e-01
3.583977222442626953e-01
3.573103249073028564e-01
3.562343120574951172e-01
3.554109334945678711e-01
3.545880019664764404e-01
3.537648320198059082e-01
3.529436290264129639e-01
3.521220386028289795e-01
3.513002395629882812e-01
3.504795432090759277e-01
3.496593534946441650e-01
3.488389551639556885e-01
3.480196893215179443e-01
3.472002446651458740e-01
3.463819622993469238e-01
3.455641865730285645e-01
3.447462320327758789e-01
3.439294397830963135e-01
3.431140184402465820e-01
3.422975838184356689e-01
3.414823412895202637e-01
3.406669795513153076e-01
3.398528099060058594e-01
3.390392065048217773e-01
3.382254242897033691e-01
3.374128937721252441e-01
3.366008996963500977e-01
3.357888162136077881e-01
3.349779546260833740e-01
3.341669738292694092e-01
3.333572447299957275e-01
3.325489163398742676e-01
3.317396640777587891e-01
3.309317231178283691e-01
3.301243484020233154e-01
3.293168544769287109e-01
3.285106718540191650e-01
3.277051448822021484e-01
3.268994688987731934e-01
3.260951638221740723e-01
3.253380358219146729e-01
3.247227072715759277e-01
3.241086304187774658e-01
3.234935402870178223e-01
3.228805065155029297e-01
3.222672343254089355e-01
3.216544985771179199e-01
3.210422694683074951e-01
3.204305768013000488e-01
3.198194503784179688e-01
3.192087411880493164e-01
3.185986876487731934e-01
3.179891407489776611e-01
3.173808455467224121e-01
3.167715966701507568e-01
3.161643743515014648e-01
3.155569732189178467e-01
3.149501085281372070e-01
3.143437504768371582e-01
3.137379884719848633e-01
3.131327629089355469e-01
3.125280439853668213e-01
3.119239211082458496e-01
3.113203346729278564e-01
3.107180595397949219e-01
3.101148307323455811e-01
3.095136284828186035e-01
3.089122772216796875e-01
3.083114624023437500e-01
3.077112138271331787e-01
3.071115612983703613e-01
3.065124154090881348e-01
3.059146106243133545e-01
3.053158819675445557e-01
3.047184944152832031e-01
3.041223883628845215e-01
3.035253584384918213e-01
3.029303848743438721e-01
3.023352622985839844e-01
3.017407357692718506e-01
3.010974824428558350e-01
3.004077076911926270e-01
2.997176051139831543e-01
2.990279197692871094e-01
2.983394265174865723e-01
2.976505458354949951e-01
2.969629168510437012e-01
2.962749302387237549e-01
2.955874204635620117e-01
2.949010729789733887e-01
2.942143678665161133e-01
2.935289144515991211e-01
2.928438782691955566e-01
2.921585738658905029e-01
2.914744615554809570e-01
2.907900214195251465e-01
2.901068627834320068e-01
2.894233763217926025e-01
2.887403666973114014e-01
2.880585789680480957e-01
2.873764634132385254e-01
2.866956293582916260e-01
2.860145270824432373e-01
2.853338718414306641e-01
2.846544981002807617e-01
2.839747667312622070e-01
2.832963764667510986e-01
2.826176881790161133e-01
2.819395065307617188e-01
2.812632620334625244e-01
2.805860042572021484e-01
2.799101173877716064e-01
2.792339324951171875e-01
2.785590589046478271e-01
2.778838872909545898e-01
2.772091627120971680e-01
2.765358388423919678e-01
2.758622467517852783e-01
2.751899361610412598e-01
2.745173871517181396e-01
2.738452851772308350e-01
2.731746137142181396e-01
2.725074589252471924e-01
2.718436121940612793e-01
2.711797058582305908e-01
2.705165147781372070e-01
2.698549628257751465e-01
2.691933512687683105e-01
2.685333192348480225e-01
2.678732573986053467e-01
2.672146856784820557e-01
2.665561735630035400e-01
2.658992409706115723e-01
2.652422785758972168e-01
2.645868957042694092e-01
2.639314532279968262e-01
2.632776498794555664e-01
2.626238167285919189e-01
2.619715929031372070e-01
2.613193690776824951e-01
2.606678605079650879e-01
2.600180208683013916e-01
2.593681812286376953e-01
2.587199509143829346e-01
2.580717206001281738e-01
2.574250400066375732e-01
2.567784190177917480e-01
2.561334371566772461e-01
2.554884254932403564e-01
2.548450827598571777e-01
2.542016208171844482e-01
2.535599172115325928e-01
2.529181838035583496e-01
2.522781193256378174e-01
2.516380548477172852e-01
2.509995400905609131e-01
2.503611147403717041e-01
2.497235387563705444e-01
2.490876317024230957e-01
2.484517246484756470e-01
2.478173971176147461e-01
2.471831589937210083e-01
2.465506047010421753e-01
2.459180653095245361e-01
2.452872097492218018e-01
2.446556836366653442e-01
2.440254688262939453e-01
2.433961480855941772e-01
2.427670657634735107e-01
2.421399354934692383e-01
2.415132373571395874e-01
2.408874630928039551e-01
2.402636408805847168e-01
2.396400868892669678e-01
2.390179038047790527e-01
2.383974045515060425e-01
2.377770841121673584e-01
2.371582388877868652e-01
2.365402281284332275e-01
2.359241694211959839e-01
2.353092432022094727e-01
2.346939146518707275e-01
2.340812236070632935e-01
2.334696352481842041e-01
2.328583300113677979e-01
2.322484403848648071e-01
2.316392809152603149e-01
2.310321927070617676e-01
2.304262220859527588e-01
2.298199832439422607e-01
2.292162775993347168e-01
2.286127507686614990e-01
2.280112951993942261e-01
2.274104356765747070e-01
2.268103957176208496e-01
2.262123376131057739e-01
2.256144583225250244e-01
2.250181287527084351e-01
2.244234830141067505e-01
2.238291203975677490e-01
2.232367545366287231e-01
2.226448804140090942e-01
2.220539301633834839e-01
2.214649766683578491e-01
2.208763211965560913e-01
2.202891409397125244e-01
2.197036147117614746e-01
2.191182672977447510e-01
2.185350358486175537e-01
2.179515808820724487e-01
2.173706442117691040e-01
2.167908549308776855e-01
2.162136435508728027e-01
2.156693786382675171e-01
2.151258736848831177e-01
2.145849913358688354e-01
2.140440195798873901e-01
2.135055363178253174e-01
2.129675894975662231e-01
2.124312520027160645e-01
2.118958383798599243e-01
2.113611847162246704e-01
2.108290195465087891e-01
2.102973908185958862e-01
2.097673863172531128e-01
2.092382758855819702e-01
2.087108045816421509e-01
2.081842273473739624e-01
2.076583206653594971e-01
2.071351110935211182e-01
2.066123336553573608e-01
2.060911953449249268e-01
2.055709362030029297e-01
2.050513327121734619e-01
2.045344561338424683e-01
2.040179967880249023e-01
2.035031765699386597e-01
2.029892355203628540e-01
2.024769634008407593e-01
2.019654214382171631e-01
2.014552652835845947e-01
2.009467929601669312e-01
2.004391700029373169e-01
1.999332308769226074e-01
1.994280070066452026e-01
1.989250332117080688e-01
1.984220296144485474e-01
1.979207545518875122e-01
1.974211335182189941e-01
1.969223767518997192e-01
1.964255869388580322e-01
1.959289312362670898e-01
1.954339742660522461e-01
1.949407011270523071e-01
1.944482773542404175e-01
1.939573884010314941e-01
1.934675127267837524e-01
1.929797381162643433e-01
1.924919635057449341e-01
1.920058876276016235e-01
1.915214955806732178e-01
1.910377889871597290e-01
1.906335502862930298e-01
1.902434974908828735e-01
1.898541450500488281e-01
1.894654631614685059e-01
1.890785545110702515e-01
1.886929124593734741e-01
1.883075237274169922e-01
1.879236996173858643e-01
1.875413656234741211e-01
1.871592849493026733e-01
1.867789924144744873e-01
1.863999664783477783e-01
1.860208064317703247e-01
1.856440007686614990e-01
1.852674335241317749e-01
1.848928332328796387e-01
1.845191419124603271e-01
1.841455101966857910e-01
1.837742179632186890e-01
1.834040284156799316e-01
1.830341070890426636e-01
1.826661229133605957e-01
1.822986751794815063e-01
1.819320619106292725e-01
1.815673857927322388e-01
1.812038272619247437e-01
1.808401644229888916e-01
1.804788261651992798e-01
1.801175475120544434e-01
1.797584146261215210e-01
1.794003993272781372e-01
1.790422797203063965e-01
1.786864846944808960e-01
1.783317923545837402e-01
1.779771596193313599e-01
1.776246875524520874e-01
1.772729605436325073e-01
1.769218891859054565e-01
1.765727549791336060e-01
1.762247234582901001e-01
1.758767664432525635e-01
1.755306124687194824e-01
1.751851141452789307e-01
1.748415380716323853e-01
1.744990944862365723e-01
1.741569340229034424e-01
1.738161444664001465e-01
1.734770536422729492e-01
1.731382459402084351e-01
1.728013902902603149e-01
1.724656522274017334e-01
1.721298843622207642e-01
1.718054413795471191e-01
1.714844554662704468e-01
1.711642146110534668e-01
1.708461940288543701e-01
1.705280989408493042e-01
1.702113896608352661e-01
1.698954850435256958e-01
1.695814132690429688e-01
1.692679077386856079e-01
1.689551621675491333e-01
1.686438024044036865e-01
1.683343350887298584e-01
1.680245250463485718e-01
1.677163839340209961e-01
1.674098223447799683e-01
1.671038419008255005e-01
1.667989194393157959e-01
1.664947867393493652e-01
1.661928445100784302e-01
1.658908873796463013e-01
1.655899733304977417e-01
1.652912795543670654e-01
1.649925410747528076e-01
1.646952033042907715e-01
1.643989384174346924e-01
1.641042828559875488e-01
1.638098806142807007e-01
1.635165959596633911e-01
1.632254868745803833e-01
1.629346609115600586e-01
1.626446396112442017e-01
1.623560041189193726e-01
1.620689779520034790e-01
1.617822200059890747e-01
1.614968627691268921e-01
1.612131148576736450e-01
1.609299629926681519e-01
1.606476157903671265e-01
1.603666543960571289e-01
1.600876003503799438e-01
1.598082333803176880e-01
1.595305800437927246e-01
1.592537611722946167e-01
1.589791327714920044e-01
1.587047874927520752e-01
1.584313064813613892e-01
1.581600010395050049e-01
1.578886359930038452e-01
1.576184928417205811e-01
1.573497205972671509e-01
1.570826023817062378e-01
1.568160653114318848e-01
1.565506458282470703e-01
1.562868803739547729e-01
1.560233384370803833e-01
1.557479053735733032e-01
1.554623991250991821e-01
1.551780998706817627e-01
1.548942029476165771e-01
1.546120792627334595e-01
1.543314158916473389e-01
1.540515720844268799e-01
1.537725478410720825e-01
1.534955352544784546e-01
1.532195061445236206e-01
1.529441475868225098e-01
1.526708155870437622e-01
1.523987054824829102e-01
1.521266102790832520e-01
1.518569588661193848e-01
1.515883207321166992e-01
1.513211429119110107e-01
1.510544270277023315e-01
1.507897377014160156e-01
1.505262851715087891e-01
1.502626389265060425e-01
1.500016897916793823e-01
1.497419923543930054e-01
1.494827568531036377e-01
1.492255777120590210e-01
1.489696353673934937e-01
1.487147659063339233e-01
1.484605818986892700e-01
1.482084542512893677e-01
1.479571014642715454e-01
1.477067321538925171e-01
1.474582105875015259e-01
1.472111791372299194e-01
1.469654142856597900e-01
1.467201709747314453e-01
1.464769840240478516e-01
1.462350934743881226e-01
1.459935307502746582e-01
1.457537263631820679e-01
1.455157101154327393e-01
1.452782452106475830e-01
1.450428515672683716e-01
1.448085904121398926e-01
1.445758193731307983e-01
1.443435996770858765e-01
1.441134810447692871e-01
1.438841223716735840e-01
1.436558663845062256e-01
1.434295475482940674e-01
1.432047486305236816e-01
1.429805010557174683e-01
1.427583843469619751e-01
1.425375938415527344e-01
1.423180103302001953e-01
1.420991867780685425e-01
1.418818682432174683e-01
1.416665166616439819e-01
1.414517760276794434e-01
1.412391662597656250e-01
1.410434842109680176e-01
1.408531963825225830e-01
1.406642496585845947e-01
1.404766142368316650e-01
1.402903199195861816e-01
1.401047259569168091e-01
1.399211138486862183e-01
1.397388428449630737e-01
1.395579278469085693e-01
1.393783688545227051e-01
1.392000317573547363e-01
1.390231996774673462e-01
1.388477385044097900e-01
1.386729776859283447e-01
1.385002583265304565e-01
1.383289247751235962e-01
1.381589919328689575e-01
1.379904448986053467e-01
1.378232836723327637e-01
1.376575380563735962e-01
1.374931037425994873e-01
1.373301744461059570e-01
1.371679455041885376e-01
1.370078623294830322e-01
1.368492096662521362e-01
1.366919875144958496e-01
1.365362256765365601e-01
1.363818943500518799e-01
1.362290084362030029e-01
1.360775828361511230e-01
1.359276324510574341e-01
1.357790529727935791e-01
1.356320381164550781e-01
1.354864984750747681e-01
1.353416442871093750e-01
1.351990848779678345e-01
1.350580155849456787e-01
1.349184513092041016e-01
1.347804069519042969e-01
1.346438676118850708e-01
1.345081329345703125e-01
1.343745738267898560e-01
1.342426240444183350e-01
1.341122090816497803e-01
1.339833438396453857e-01
1.338560283184051514e-01
1.337293982505798340e-01
1.336051970720291138e-01
1.334825754165649414e-01
1.333615183830261230e-01
1.332420557737350464e-01
1.331241279840469360e-01
1.330078542232513428e-01
1.328931748867034912e-01
1.327801048755645752e-01
1.326686590909957886e-01
1.325588226318359375e-01
1.324506253004074097e-01
1.323430985212326050e-01
1.322381645441055298e-01
1.321348696947097778e-01
1.320332437753677368e-01
1.319376081228256226e-01
1.318538039922714233e-01
1.317718029022216797e-01
1.316916495561599731e-01
1.316133290529251099e-01
1.315368711948394775e-01
1.314622461795806885e-01
1.313894838094711304e-01
1.313175112009048462e-01
1.312484592199325562e-01
1.311812847852706909e-01
1.311159878969192505e-01
1.310525536537170410e-01
1.309910118579864502e-01
1.309313625097274780e-01
1.308736056089401245e-01
1.308177411556243896e-01
1.307637840509414673e-01
1.307117193937301636e-01
1.306615620851516724e-01
1.306121945381164551e-01
1.305658668279647827e-01
1.305214464664459229e-01
1.304789334535598755e-01
1.304383575916290283e-01
1.303996890783309937e-01
1.303629875183105469e-01
1.303281784057617188e-01
1.302952915430068970e-01
1.302643418312072754e-01
1.302353143692016602e-01
1.302082091569900513e-01
1.301830708980560303e-01
1.301598250865936279e-01
1.301378905773162842e-01
1.301184892654418945e-01
1.301010102033615112e-01
1.300854533910751343e-01
1.300718784332275391e-01
1.300588548183441162e-01
1.300490349531173706e-01
1.300411075353622437e-01
1.300350874662399292e-01
1.300309598445892334e-01
1.300287991762161255e-01
1.300284415483474731e-01
1.300299614667892456e-01
1.300333589315414429e-01
1.300386041402816772e-01
1.300457119941711426e-01
1.300547420978546143e-01
1.300655156373977661e-01
1.300781071186065674e-01
1.300925165414810181e-01
1.301087290048599243e-01
1.301267147064208984e-01
1.301464736461639404e-01
1.301680952310562134e-01
1.301913559436798096e-01
1.302163302898406982e-01
1.302415877580642700e-01
1.302699744701385498e-01
1.303000152111053467e-01
1.303318291902542114e-01
1.303651481866836548e-01
1.304000914096832275e-01
1.304366141557693481e-01
1.304965764284133911e-01
1.305686384439468384e-01
1.306415796279907227e-01
1.307151019573211670e-01
1.307900398969650269e-01
1.308657377958297729e-01
1.309423893690109253e-01
1.310196965932846069e-01
1.310978978872299194e-01
1.311767995357513428e-01
1.312562376260757446e-01
1.313364207744598389e-01
1.314170360565185547e-01
1.314968317747116089e-01
1.315781325101852417e-01
1.316601634025573730e-01
1.317426860332489014e-01
1.318253725767135620e-01
1.319084465503692627e-01
1.319917291402816772e-01
1.320750117301940918e-01
1.321585029363632202e-01
1.322418898344039917e-01
1.323253661394119263e-01
1.324082165956497192e-01
1.324914246797561646e-01
1.325743943452835083e-01
1.326569169759750366e-01
1.327392160892486572e-01
1.328209340572357178e-01
1.329022943973541260e-01
1.329830586910247803e-01
1.330630481243133545e-01
1.331424415111541748e-01
1.332205682992935181e-01
1.332982927560806274e-01
1.333750635385513306e-01
1.334506720304489136e-01
1.335253119468688965e-01
1.335986107587814331e-01
1.336707919836044312e-01
1.337414830923080444e-01
1.338108777999877930e-01
1.338787525892257690e-01
1.339446306228637695e-01
1.340092271566390991e-01
1.340719312429428101e-01
1.341329067945480347e-01
1.341919451951980591e-01
1.342488229274749756e-01
1.343037188053131104e-01
1.343563050031661987e-01
1.344067007303237915e-01
1.344547122716903687e-01
1.344999670982360840e-01
1.345429718494415283e-01
1.345832347869873047e-01
1.346208751201629639e-01
1.346556842327117920e-01
1.346875131130218506e-01
1.347164213657379150e-01
1.347421854734420776e-01
1.347648501396179199e-01
1.347841918468475342e-01
1.348001062870025635e-01
1.348127573728561401e-01
1.348218470811843872e-01
1.348273903131484985e-01
1.348292231559753418e-01
1.348273456096649170e-01
1.348216235637664795e-01
1.348152458667755127e-01
1.348092854022979736e-01
1.347988843917846680e-01
1.347840577363967896e-01
1.347648352384567261e-01
1.347409337759017944e-01
1.347124427556991577e-01
1.346793025732040405e-01
1.346414983272552490e-01
1.345990747213363647e-01
1.345518231391906738e-01
1.344997584819793701e-01
1.344429105520248413e-01
1.343812197446823120e-01
1.343147307634353638e-01
1.342432945966720581e-01
1.341669708490371704e-01
1.340857148170471191e-01
1.339995265007019043e-01
1.339084804058074951e-01
1.338124126195907593e-01
1.337113827466964722e-01
1.336053907871246338e-01
1.334944516420364380e-01
1.333786249160766602e-01
1.332577764987945557e-01
1.331319808959960938e-01
1.330012530088424683e-01
1.328656226396560669e-01
1.327251493930816650e-01
1.325798481702804565e-01
1.324295848608016968e-01
1.322744637727737427e-01
1.321145445108413696e-01
1.319498270750045776e-01
1.317804306745529175e-01
1.316057592630386353e-01
1.314268708229064941e-01
1.312433332204818726e-01
1.310552060604095459e-01
1.308625787496566772e-01
1.306653916835784912e-01
1.304637342691421509e-01
1.302576661109924316e-01
1.300472170114517212e-01
1.298325508832931519e-01
1.296135634183883667e-01
1.293903738260269165e-01
1.291630566120147705e-01
1.289316713809967041e-01
1.286963373422622681e-01
1.284570097923278809e-01
1.282137781381607056e-01
1.279667466878890991e-01
1.277159750461578369e-01
1.274616271257400513e-01
1.272035837173461914e-01
1.269419938325881958e-01
1.266772598028182983e-01
1.264088600873947144e-01
1.261372417211532593e-01
1.258623003959655762e-01
1.255842149257659912e-01
1.253030449151992798e-01
1.250176578760147095e-01
1.247306913137435913e-01
1.244407594203948975e-01
1.241480633616447449e-01
1.238526999950408936e-01
1.235547438263893127e-01
1.232544034719467163e-01
1.229514926671981812e-01
1.226462349295616150e-01
1.223386749625205994e-01
1.220289468765258789e-01
1.217172667384147644e-01
1.214042678475379944e-01
1.211025491356849670e-01
1.207990050315856934e-01
1.204937472939491272e-01
1.201871782541275024e-01
1.198790222406387329e-01
1.195697113871574402e-01
1.192591190338134766e-01
1.189471557736396790e-01
1.186342313885688782e-01
1.183184832334518433e-01
1.180034950375556946e-01
1.176875680685043335e-01
1.173705682158470154e-01
1.170529425144195557e-01
1.167343780398368835e-01
1.164153590798377991e-01
1.160956844687461853e-01
1.157752424478530884e-01
1.154545322060585022e-01
1.151331290602684021e-01
1.148115918040275574e-01
1.144882589578628540e-01
1.141661033034324646e-01
1.138437464833259583e-01
1.135209649801254272e-01
1.131983324885368347e-01
1.128753647208213806e-01
1.125526651740074158e-01
1.122300103306770325e-01
1.119071468710899353e-01
1.115847155451774597e-01
1.112621799111366272e-01
1.109401434659957886e-01
1.106164753437042236e-01
1.102950423955917358e-01
1.099739894270896912e-01
1.096530035138130188e-01
1.093327775597572327e-01
1.090127378702163696e-01
1.086934953927993774e-01
1.083748415112495422e-01
1.080568581819534302e-01
1.077394038438796997e-01
1.074223071336746216e-01
1.071062311530113220e-01
1.067889183759689331e-01
1.064743325114250183e-01
1.061605438590049744e-01
1.058472394943237305e-01
1.055350974202156067e-01
1.052235066890716553e-01
1.049131825566291809e-01
1.046037524938583374e-01
1.042949557304382324e-01
1.039874926209449768e-01
1.036806628108024597e-01
1.033752188086509705e-01
1.030692681670188904e-01
1.027655974030494690e-01
1.024633496999740601e-01
1.021618694067001343e-01
1.018618866801261902e-01
1.015630364418029785e-01
1.012653559446334839e-01
1.009688600897789001e-01
1.006731614470481873e-01
1.003790572285652161e-01
1.000858023762702942e-01
9.979267418384552002e-02
9.950227290391921997e-02
9.921275824308395386e-02
9.892491251230239868e-02
9.863794595003128052e-02
9.835268557071685791e-02
9.806831926107406616e-02
9.778565168380737305e-02
9.750433266162872314e-02
9.722393751144409180e-02
9.694384783506393433e-02
9.666613489389419556e-02
9.639018028974533081e-02
9.611754864454269409e-02
9.586971998214721680e-02
9.562334418296813965e-02
9.537803381681442261e-02
9.513492882251739502e-02
9.489151090383529663e-02
9.465088695287704468e-02
9.441132098436355591e-02
9.417398273944854736e-02
9.393764287233352661e-02
9.370272606611251831e-02
9.346931427717208862e-02
9.323595464229583740e-02
9.300531446933746338e-02
9.277607500553131104e-02
9.254869818687438965e-02
9.232195466756820679e-02
9.209693223237991333e-02
9.187375754117965698e-02
9.165030717849731445e-02
9.142915159463882446e-02
9.120971709489822388e-02
9.099210053682327271e-02
9.077542275190353394e-02
9.056009352207183838e-02
9.034580737352371216e-02
9.013248980045318604e-02
8.992124348878860474e-02
8.971135318279266357e-02
8.950293064117431641e-02
8.929570019245147705e-02
8.908981084823608398e-02
8.888524025678634644e-02
8.868243545293807983e-02
8.847904950380325317e-02
8.827841281890869141e-02
8.807905763387680054e-02
8.788143843412399292e-02
8.768434822559356689e-02
8.748883754014968872e-02
8.729503303766250610e-02
8.710099756717681885e-02
8.690895885229110718e-02
8.671846985816955566e-02
8.652967214584350586e-02
8.634165674448013306e-02
8.615486323833465576e-02
8.596897125244140625e-02
8.578404784202575684e-02
8.560088276863098145e-02
8.541889488697052002e-02
8.523825556039810181e-02
8.505863696336746216e-02
8.488018065690994263e-02
8.470288664102554321e-02
8.452720940113067627e-02
8.435099571943283081e-02
8.417713642120361328e-02
8.400487899780273438e-02
8.383328467607498169e-02
8.366252481937408447e-02
8.349315077066421509e-02
8.332533389329910278e-02
8.315725624561309814e-02
8.299089223146438599e-02
8.282587677240371704e-02
8.266238868236541748e-02
8.249949663877487183e-02
8.233767002820968628e-02
8.217623084783554077e-02
8.201648294925689697e-02
8.185777068138122559e-02
8.170008659362792969e-02
8.154360949993133545e-02
8.138713240623474121e-02
8.123247325420379639e-02
8.107880502939224243e-02
8.092658966779708862e-02
8.077463507652282715e-02
8.062390238046646118e-02
8.047381043434143066e-02
8.032501488924026489e-02
8.017691224813461304e-02
8.002999424934387207e-02
7.988447695970535278e-02
7.973868399858474731e-02
7.959455251693725586e-02
7.945109903812408447e-02
7.930925488471984863e-02
7.918722182512283325e-02
7.907115668058395386e-02
7.895611971616744995e-02
7.884205877780914307e-02
7.872898876667022705e-02
7.861666381359100342e-02
7.850437611341476440e-02
7.839328795671463013e-02
7.828316092491149902e-02
7.817329466342926025e-02
7.806459814310073853e-02
7.795571535825729370e-02
7.784843444824218750e-02
7.774185389280319214e-02
7.763595879077911377e-02
7.753051817417144775e-02
7.742489129304885864e-02
7.732103765010833740e-02
7.721785455942153931e-02
7.711534202098846436e-02
7.701324671506881714e-02
7.691141217947006226e-02
7.681085169315338135e-02
7.671047002077102661e-02
7.661097496747970581e-02
7.651232182979583740e-02
7.641429454088211060e-02
7.631628215312957764e-02
7.621928304433822632e-02
7.612310349941253662e-02
7.602707296609878540e-02
7.593210041522979736e-02
7.583693414926528931e-02
7.574314624071121216e-02
7.564995437860488892e-02
7.555733621120452881e-02
7.546508312225341797e-02
7.537259906530380249e-02
7.528170198202133179e-02
7.519136369228363037e-02
7.510136812925338745e-02
7.501213997602462769e-02
7.492292672395706177e-02
7.483433932065963745e-02
7.474654167890548706e-02
7.465948909521102905e-02
7.457295060157775879e-02
7.448644191026687622e-02
7.440076023340225220e-02
7.431580126285552979e-02
7.423090189695358276e-02
7.414697110652923584e-02
7.406284660100936890e-02
7.397991418838500977e-02
7.389748841524124146e-02
7.381554692983627319e-02
7.373342663049697876e-02
7.365202158689498901e-02
7.357154041528701782e-02
7.349154353141784668e-02
7.341135293245315552e-02
7.333230227231979370e-02
7.325371354818344116e-02
7.317558676004409790e-02
7.309683412313461304e-02
7.301962375640869141e-02
7.294286787509918213e-02
7.286655902862548828e-02
7.279025018215179443e-02
7.271464169025421143e-02
7.263965159654617310e-02
7.256466895341873169e-02
7.249011844396591187e-02
7.241623848676681519e-02
7.234296947717666626e-02
7.227012515068054199e-02
7.219727337360382080e-02
7.212507724761962891e-02
7.205303758382797241e-02
7.198183983564376831e-02
7.191064208745956421e-02
7.184007018804550171e-02
7.177007943391799927e-02
7.170048356056213379e-02
7.163088023662567139e-02
7.156145572662353516e-02
7.149302214384078979e-02
7.142497599124908447e-02
7.135692983865737915e-02
7.128946483135223389e-02
7.122255116701126099e-02
7.115600258111953735e-02
7.108902186155319214e-02
7.102304697036743164e-02
7.095760107040405273e-02
7.089489698410034180e-02
7.083731144666671753e-02
7.077965885400772095e-02
7.072296738624572754e-02
7.066568732261657715e-02
7.060954719781875610e-02
7.055332511663436890e-02
7.049804925918579102e-02
7.044219225645065308e-02
7.038744539022445679e-02
7.033278793096542358e-02
7.027871161699295044e-02
7.022423297166824341e-02
7.017083466053009033e-02
7.011751085519790649e-02
7.006476819515228271e-02
7.001160830259323120e-02
6.995952129364013672e-02
6.990748643875122070e-02
6.985603272914886475e-02
6.980416178703308105e-02
6.975349783897399902e-02
6.970255821943283081e-02
6.965234130620956421e-02
6.960171461105346680e-02
6.955227255821228027e-02
6.950254738330841064e-02
6.945353001356124878e-02
6.940426677465438843e-02
6.935584545135498047e-02
6.930729746818542480e-02
6.925944983959197998e-02
6.921134889125823975e-02
6.916406750679016113e-02
6.911665946245193481e-02
6.907009333372116089e-02
6.902296096086502075e-02
6.897679716348648071e-02
6.893049180507659912e-02
6.888474524021148682e-02
6.883897632360458374e-02
6.879388540983200073e-02
6.874838471412658691e-02
6.870396435260772705e-02
6.865924596786499023e-02
6.861494481563568115e-02
6.857088953256607056e-02
6.852734833955764771e-02
6.848339736461639404e-02
6.844036281108856201e-02
6.839730590581893921e-02
6.835451722145080566e-02
6.831181049346923828e-02
6.826989352703094482e-02
6.822743266820907593e-02
6.818585097789764404e-02
6.814409792423248291e-02
6.810290366411209106e-02
6.806161999702453613e-02
6.802097707986831665e-02
6.798007339239120483e-02
6.793988496065139771e-02
6.789951771497726440e-02
6.785956025123596191e-02
6.781978905200958252e-02
6.778049468994140625e-02
6.774101406335830688e-02
6.770194321870803833e-02
6.766305118799209595e-02
6.762462109327316284e-02
6.758580356836318970e-02
6.754793971776962280e-02
6.750975549221038818e-02
6.747196614742279053e-02
6.743419915437698364e-02
6.739716976881027222e-02
6.735961139202117920e-02
6.732284277677536011e-02
6.728602945804595947e-02
6.724947690963745117e-02
6.721291691064834595e-02
6.717695295810699463e-02
6.714073568582534790e-02
6.710515916347503662e-02
6.706938892602920532e-02
6.703414767980575562e-02
6.699875742197036743e-02
6.696394085884094238e-02
6.692875176668167114e-02
6.689444929361343384e-02
6.685980409383773804e-02
6.682556122541427612e-02
6.679128855466842651e-02
6.675771623849868774e-02
6.672380119562149048e-02
6.669028848409652710e-02
6.665686517953872681e-02
6.662387400865554810e-02
6.659051030874252319e-02
6.655786186456680298e-02
6.652514636516571045e-02
6.649268418550491333e-02
6.646017730236053467e-02
6.642965972423553467e-02
6.641431897878646851e-02
6.639961898326873779e-02
6.638463586568832397e-02
6.636985391378402710e-02
6.635545939207077026e-02
6.634078174829483032e-02
6.632643193006515503e-02
6.631182134151458740e-02
6.629782170057296753e-02
6.628338992595672607e-02
6.626958400011062622e-02
6.625586748123168945e-02
6.624160706996917725e-02
6.622808426618576050e-02
6.621427834033966064e-02
6.620080769062042236e-02
6.618706136941909790e-02
6.617378443479537964e-02
6.616073101758956909e-02
6.614739447832107544e-02
6.613426655530929565e-02
6.612110882997512817e-02
6.610829383134841919e-02
6.609532237052917480e-02
6.608268618583679199e-02
6.607013940811157227e-02
6.605743616819381714e-02
6.604506820440292358e-02
6.603254377841949463e-02
6.602035462856292725e-02
6.600788235664367676e-02
6.599599123001098633e-02
6.598418205976486206e-02
6.597184389829635620e-02
6.596021354198455811e-02
6.594817340373992920e-02
6.593670696020126343e-02
6.592483073472976685e-02
6.591341644525527954e-02
6.590220332145690918e-02
6.589058786630630493e-02
6.587941199541091919e-02
6.586807221174240112e-02
6.585707515478134155e-02
6.584590673446655273e-02
6.583507359027862549e-02
6.582430005073547363e-02
6.581337004899978638e-02
6.580277532339096069e-02
6.579200178384780884e-02
6.578145176172256470e-02
6.577083468437194824e-02
6.576066464185714722e-02
6.575047224760055542e-02
6.573996692895889282e-02
6.572993099689483643e-02
6.571970134973526001e-02
6.570991128683090210e-02
6.569962203502655029e-02
6.568998843431472778e-02
6.568042933940887451e-02
6.567048281431198120e-02
6.566107273101806641e-02
6.565116345882415771e-02
6.564189493656158447e-02
6.563234329223632812e-02
6.562314182519912720e-02
6.561361998319625854e-02
6.560456007719039917e-02
6.559566408395767212e-02
6.558647006750106812e-02
6.557751446962356567e-02
6.556846946477890015e-02
6.555977463722229004e-02
6.555087119340896606e-02
6.554228067398071289e-02
6.553380191326141357e-02
6.552511453628540039e-02
6.551676988601684570e-02
6.550821661949157715e-02
6.549997627735137939e-02
6.549149006605148315e-02
6.548350304365158081e-02
6.547550857067108154e-02
6.546718627214431763e-02
6.545940041542053223e-02
6.545125693082809448e-02
6.544360518455505371e-02
6.543555110692977905e-02
6.542797386646270752e-02
6.542052328586578369e-02
6.541271507740020752e-02
6.540528684854507446e-02
6.539767235517501831e-02
6.539042294025421143e-02
6.538295000791549683e-02
6.537571549415588379e-02
6.536872684955596924e-02
6.536138802766799927e-02
6.535451859235763550e-02
6.534731388092041016e-02
6.534045934677124023e-02
6.533338129520416260e-02
6.532677263021469116e-02
6.532017141580581665e-02
6.531322002410888672e-02
6.530674546957015991e-02
6.530003994703292847e-02
6.529373675584793091e-02
6.528699398040771484e-02
6.528081744909286499e-02
6.527465581893920898e-02
6.526417285203933716e-02
6.525249779224395752e-02
6.524083018302917480e-02
6.522929668426513672e-02
6.521786749362945557e-02
6.520646065473556519e-02
6.519515812397003174e-02
6.518422812223434448e-02
6.517305970191955566e-02
6.516180187463760376e-02
6.515076011419296265e-02
6.513977795839309692e-02
6.512882560491561890e-02
6.511797010898590088e-02
6.510714441537857056e-02
6.509641557931900024e-02
6.508606672286987305e-02
6.507535278797149658e-02
6.506478041410446167e-02
6.505430489778518677e-02
6.504385918378829956e-02
6.503350287675857544e-02
6.502318382263183594e-02
6.501295417547225952e-02
6.500275433063507080e-02
6.499288231134414673e-02
6.498283892869949341e-02
6.497282534837722778e-02
6.496290117502212524e-02
6.495301425457000732e-02
6.494320929050445557e-02
6.493344157934188843e-02
6.492375582456588745e-02
6.491434574127197266e-02
6.490478664636611938e-02
6.489526480436325073e-02
6.488581746816635132e-02
6.487641483545303345e-02
6.486709415912628174e-02
6.485781073570251465e-02
6.484849750995635986e-02
6.483934819698333740e-02
6.483058631420135498e-02
6.482155621051788330e-02
6.481257081031799316e-02
6.480365991592407227e-02
6.479479372501373291e-02
6.478599458932876587e-02
6.477714329957962036e-02
6.476846337318420410e-02
6.475983560085296631e-02
6.475161015987396240e-02
6.474309414625167847e-02
6.473464518785476685e-02
6.472624838352203369e-02
6.471791118383407593e-02
6.470952928066253662e-02
6.470131129026412964e-02
6.469314545392990112e-02
6.468503922224044800e-02
6.467732042074203491e-02
6.466932594776153564e-02
6.466139107942581177e-02
6.465341150760650635e-02
6.464558839797973633e-02
6.463782489299774170e-02
6.463011354207992554e-02
6.462246179580688477e-02
6.461519002914428711e-02
6.460765749216079712e-02
6.460016965866088867e-02
6.459263712167739868e-02
6.458526104688644409e-02
6.457795202732086182e-02
6.457069516181945801e-02
6.456348299980163574e-02
6.455634534358978271e-02
6.454957276582717896e-02
6.454253941774368286e-02
6.453544646501541138e-02
6.452852487564086914e-02
6.452164798974990845e-02
6.451483815908432007e-02
6.450806558132171631e-02
6.450136750936508179e-02
6.449472159147262573e-02
6.448834389448165894e-02
6.448180973529815674e-02
6.447530537843704224e-02
6.446888297796249390e-02
6.446249037981033325e-02
6.445617973804473877e-02
6.444989144802093506e-02
6.444368511438369751e-02
6.443741172552108765e-02
6.443164497613906860e-02
6.442560255527496338e-02
6.441958248615264893e-02
6.441365182399749756e-02
6.440774351358413696e-02
6.440191715955734253e-02
6.439611315727233887e-02
6.439029425382614136e-02
6.438460201025009155e-02
6.437931209802627563e-02
6.437372416257858276e-02
6.436821818351745605e-02
6.436277180910110474e-02
6.435734033584594727e-02
6.435190141201019287e-02
6.434657424688339233e-02
6.434133648872375488e-02
6.433643400669097900e-02
6.433130800724029541e-02
6.432618945837020874e-02
6.432116776704788208e-02
6.431619822978973389e-02
6.431113928556442261e-02
6.430627405643463135e-02
6.430142372846603394e-02
6.429666280746459961e-02
6.429222971200942993e-02
6.428556144237518311e-02
6.427444517612457275e-02
6.426301598548889160e-02
6.425191462039947510e-02
6.424069404602050781e-02
6.422975659370422363e-02
6.421850621700286865e-02
6.420777738094329834e-02
6.419663876295089722e-02
6.418592482805252075e-02
6.417499482631683350e-02
6.416440010070800781e-02
6.415379792451858521e-02
6.414309144020080566e-02
6.413260847330093384e-02
6.412191689014434814e-02
6.411169469356536865e-02
6.410105526447296143e-02
6.409084796905517578e-02
6.408041715621948242e-02
6.407032907009124756e-02
6.405991315841674805e-02
6.405002623796463013e-02
6.403972208499908447e-02
6.402994692325592041e-02
6.401975452899932861e-02
6.400999426841735840e-02
6.400007009506225586e-02
6.399035453796386719e-02
6.398076564073562622e-02
6.397093832492828369e-02
6.396146118640899658e-02
6.395164877176284790e-02
6.394237279891967773e-02
6.393274664878845215e-02
6.392341852188110352e-02
6.391399353742599487e-02
6.390476971864700317e-02
6.389536708593368530e-02
6.388641893863677979e-02
6.387704610824584961e-02
6.386812031269073486e-02
6.385903060436248779e-02
6.385013461112976074e-02
6.384137272834777832e-02
6.383243948221206665e-02
6.382370740175247192e-02
6.381480395793914795e-02
6.380626559257507324e-02
6.379746645689010620e-02
6.378903239965438843e-02
6.378035247325897217e-02
6.377203017473220825e-02
6.376344710588455200e-02
6.375523656606674194e-02
6.374676525592803955e-02
6.373857706785202026e-02
6.373030692338943481e-02
6.372230499982833862e-02
6.371427327394485474e-02
6.370616704225540161e-02
6.369833648204803467e-02
6.369015574455261230e-02
6.368251889944076538e-02
6.367453932762145996e-02
6.366682797670364380e-02
6.365904211997985840e-02
6.365144252777099609e-02
6.364367902278900146e-02
6.363636255264282227e-02
6.362861394882202148e-02
6.362131983041763306e-02
6.361386179924011230e-02
6.360657513141632080e-02
6.359944492578506470e-02
6.359204649925231934e-02
6.358502060174942017e-02
6.357774883508682251e-02
6.357081234455108643e-02
6.356364488601684570e-02
6.355683505535125732e-02
6.354975700378417969e-02
6.354305148124694824e-02
6.353610008955001831e-02
6.352948397397994995e-02
6.352263689041137695e-02
6.351604312658309937e-02
6.350938975811004639e-02
6.350300461053848267e-02
6.349635124206542969e-02
6.349007040262222290e-02
6.348384916782379150e-02
6.347735226154327393e-02
6.347123533487319946e-02
6.346475332975387573e-02
6.345883011817932129e-02
6.345257163047790527e-02
6.344655156135559082e-02
6.344047933816909790e-02
6.343468278646469116e-02
6.342851370573043823e-02
6.342291086912155151e-02
6.341696530580520630e-02
6.341125816106796265e-02
6.340550631284713745e-02
6.339990347623825073e-02
6.339447200298309326e-02
6.338888406753540039e-02
6.338343024253845215e-02
6.337786465883255005e-02
6.337273120880126953e-02
6.336713582277297974e-02
6.336201727390289307e-02
6.335674226284027100e-02
6.335160136222839355e-02
6.334634870290756226e-02
6.334139406681060791e-02
6.333624571561813354e-02
6.333144009113311768e-02
6.332634389400482178e-02
6.332165002822875977e-02
6.331700831651687622e-02
6.331206113100051880e-02
6.330752372741699219e-02
6.330273300409317017e-02
6.329824030399322510e-02
6.329356133937835693e-02
6.328922510147094727e-02
6.328473240137100220e-02
6.328035891056060791e-02
6.327588856220245361e-02
6.327184289693832397e-02
6.326732784509658813e-02
6.326330453157424927e-02
6.325701624155044556e-02
6.323236227035522461e-02
6.320726871490478516e-02
6.318277120590209961e-02
6.315828114748001099e-02
6.313350796699523926e-02
6.310917437076568604e-02
6.308470666408538818e-02
6.306052953004837036e-02
6.303607672452926636e-02
6.301206350326538086e-02
6.298792362213134766e-02
6.296407431364059448e-02
6.294022500514984131e-02
6.291624158620834351e-02
6.289271265268325806e-02
6.286872923374176025e-02
6.284536421298980713e-02
6.282170116901397705e-02
6.279848515987396240e-02
6.277482211589813232e-02
6.275177001953125000e-02
6.272842735052108765e-02
6.270537525415420532e-02
6.268247961997985840e-02
6.265945732593536377e-02
6.263672560453414917e-02
6.261369585990905762e-02
6.259112060070037842e-02
6.256841123104095459e-02
6.254599988460540771e-02
6.252328306436538696e-02
6.250102818012237549e-02
6.247892603278160095e-02
6.245636567473411560e-02
6.243442371487617493e-02
6.241219118237495422e-02
6.239040568470954895e-02
6.236816197633743286e-02
6.234653294086456299e-02
6.232461705803871155e-02
6.230296939611434937e-02
6.228121370077133179e-02
6.225990131497383118e-02
6.223858892917633057e-02
6.221696361899375916e-02
6.219581142067909241e-02
