4.562444984912872314e-01
4.558410346508026123e-01
4.554336369037628174e-01
4.550375938415527344e-01
4.546703696250915527e-01
4.544689059257507324e-01
4.543497264385223389e-01
4.542785584926605225e-01
4.542524218559265137e-01
4.542609453201293945e-01
4.548038244247436523e-01
4.556396901607513428e-01
4.564562141895294189e-01
4.572295248508453369e-01
4.579506218433380127e-01
4.587828516960144043e-01
4.598701298236846924e-01
4.609172344207763672e-01
4.619255959987640381e-01
4.628999829292297363e-01
4.638450741767883301e-01
4.646421372890472412e-01
4.654069244861602783e-01
4.661535918712615967e-01
4.668854475021362305e-01
4.676066637039184570e-01
4.683899283409118652e-01
4.693257808685302734e-01
4.702600240707397461e-01
4.711951017379760742e-01
4.721336364746093750e-01
4.730782210826873779e-01
4.738778471946716309e-01
4.745495021343231201e-01
4.752355217933654785e-01
4.759385883808135986e-01
4.766615629196166992e-01
4.774059653282165527e-01
4.779701530933380127e-01
4.783817529678344727e-01
4.787709116935729980e-01
4.791347980499267578e-01
4.794887006282806396e-01
4.798384606838226318e-01
4.801709055900573730e-01
4.804734587669372559e-01
4.807462692260742188e-01
4.809858798980712891e-01
4.811933338642120361e-01
4.813765883445739746e-01
4.815151095390319824e-01
4.812130033969879150e-01
4.809267222881317139e-01
4.806756973266601562e-01
4.804747998714447021e-01
4.803413748741149902e-01
4.802861809730529785e-01
4.803968071937561035e-01
4.806765615940093994e-01
4.810533225536346436e-01
4.815246462821960449e-01
4.820822775363922119e-01
4.827118813991546631e-01
4.833872914314270020e-01
4.839224219322204590e-01
4.843943715095520020e-01
4.848742783069610596e-01
4.853245913982391357e-01
4.857135713100433350e-01
4.860225319862365723e-01
4.862402379512786865e-01
4.862262010574340820e-01
4.860656857490539551e-01
4.858120083808898926e-01
4.854717254638671875e-01
4.850531816482543945e-01
4.845643639564514160e-01
4.840139746665954590e-01
4.834210276603698730e-01
4.828190207481384277e-01
4.822622835636138916e-01
4.815537929534912109e-01
4.809423983097076416e-01
4.803575277328491211e-01
4.797697067260742188e-01
4.791831374168395996e-01
4.786086380481719971e-01
4.780423939228057861e-01
4.774865806102752686e-01
4.769447743892669678e-01
4.764147698879241943e-01
4.759003520011901855e-01
4.754001200199127197e-01
4.748562276363372803e-01
4.741093218326568604e-01
4.733797311782836914e-01
4.726670086383819580e-01
4.719703197479248047e-01
4.712880551815032959e-01
4.706192016601562500e-01
4.699622690677642822e-01
4.693612754344940186e-01
4.689968526363372803e-01
4.686371088027954102e-01
4.682775437831878662e-01
4.679173231124877930e-01
4.675517082214355469e-01
4.671787321567535400e-01
4.667968451976776123e-01
4.664016067981719971e-01
4.658041596412658691e-01
4.651491940021514893e-01
4.644813835620880127e-01
4.638031423091888428e-01
4.631159305572509766e-01
4.624248743057250977e-01
4.617375135421752930e-01
4.610584676265716553e-01
4.604134261608123779e-01
4.598872065544128418e-01
4.593918323516845703e-01
4.589316546916961670e-01
4.585144817829132080e-01
4.581432342529296875e-01
4.578230679035186768e-01
4.575556814670562744e-01
4.573415219783782959e-01
4.572029709815979004e-01
4.572318196296691895e-01
4.573140144348144531e-01
4.574488401412963867e-01
4.576308429241180420e-01
4.578588008880615234e-01
4.581250846385955811e-01
4.584262371063232422e-01
4.587570428848266602e-01
4.591076970100402832e-01
4.592820703983306885e-01
4.594142735004425049e-01
4.595370888710021973e-01
4.596398770809173584e-01
4.597149193286895752e-01
4.597473740577697754e-01
4.597266614437103271e-01
4.596450626850128174e-01
4.594901502132415771e-01
4.592654705047607422e-01
4.590602219104766846e-01
4.587692320346832275e-01
4.583947360515594482e-01
4.577590823173522949e-01
4.571499228477478027e-01
4.564762711524963379e-01
4.557460248470306396e-01
4.549699723720550537e-01
4.541565477848052979e-01
4.533139169216156006e-01
4.526577889919281006e-01
4.519944489002227783e-01
4.513247311115264893e-01
4.506540298461914062e-01
4.499888420104980469e-01
4.493329226970672607e-01
4.486909508705139160e-01
4.480645954608917236e-01
4.474549889564514160e-01
4.468654990196228027e-01
4.463355541229248047e-01
4.458788037300109863e-01
4.454424977302551270e-01
4.450257122516632080e-01
4.446283280849456787e-01
4.442493021488189697e-01
4.438894093036651611e-01
4.435473978519439697e-01
4.432224929332733154e-01
4.429136216640472412e-01
4.426207542419433594e-01
4.423426091670989990e-01
4.420778751373291016e-01
4.418262243270874023e-01
4.415869414806365967e-01
4.413584768772125244e-01
4.411402940750122070e-01
4.409309029579162598e-01
4.407295286655426025e-01
4.405346810817718506e-01
4.403454065322875977e-01
4.401601552963256836e-01
4.399777650833129883e-01
4.397286772727966309e-01
4.394782185554504395e-01
4.392267763614654541e-01
4.389744997024536133e-01
4.387184083461761475e-01
4.384587109088897705e-01
4.381925761699676514e-01
4.379204213619232178e-01
4.376395344734191895e-01
4.373509287834167480e-01
4.370525181293487549e-01
4.367459714412689209e-01
4.363709986209869385e-01
4.359877705574035645e-01
4.355993568897247314e-01
4.352086484432220459e-01
4.348162412643432617e-01
4.344266355037689209e-01
4.340439438819885254e-01
4.336701929569244385e-01
4.333101212978363037e-01
4.329676628112792969e-01
4.326475262641906738e-01
4.323512017726898193e-01
4.319626986980438232e-01
4.314581751823425293e-01
4.309839308261871338e-01
4.305414259433746338e-01
4.301308393478393555e-01
4.297536611557006836e-01
4.294074475765228271e-01
4.290923476219177246e-01
4.288072586059570312e-01
4.285525679588317871e-01
4.283288419246673584e-01
4.281332492828369141e-01
4.279671907424926758e-01
4.278955459594726562e-01
4.279723465442657471e-01
4.280751645565032959e-01
4.281985163688659668e-01
4.283437430858612061e-01
4.285063147544860840e-01
4.286891520023345947e-01
4.288865923881530762e-01
4.291017949581146240e-01
4.293287992477416992e-01
4.295710027217864990e-01
4.298221468925476074e-01
4.300855398178100586e-01
4.303546547889709473e-01
4.306769371032714844e-01
4.310299158096313477e-01
4.313872456550598145e-01
4.317438900470733643e-01
4.321002364158630371e-01
4.324517250061035156e-01
4.327988624572753906e-01
4.331453442573547363e-01
4.336858689785003662e-01
4.346317648887634277e-01
4.356063306331634521e-01
4.365835189819335938e-01
4.375188350677490234e-01
4.383832216262817383e-01
4.391472339630126953e-01
4.397639930248260498e-01
4.402753114700317383e-01
4.406754076480865479e-01
4.409686923027038574e-01
4.411531388759613037e-01
4.412336349487304688e-01
4.412114918231964111e-01
4.410873055458068848e-01
4.408655464649200439e-01
4.405469000339508057e-01
4.401355683803558350e-01
4.396339356899261475e-01
4.390484392642974854e-01
4.383805394172668457e-01
4.376372098922729492e-01
4.368294477462768555e-01
4.359581470489501953e-01
4.350246191024780273e-01
4.340460896492004395e-01
4.330438971519470215e-01
4.320095777511596680e-01
4.309479892253875732e-01
4.298634529113769531e-01
4.287680983543395996e-01
4.276652932167053223e-01
4.265641272068023682e-01
4.254665970802307129e-01
4.243831634521484375e-01
4.233117699623107910e-01
4.222617149353027344e-01
4.212436378002166748e-01
4.203011691570281982e-01
4.193815886974334717e-01
4.184902906417846680e-01
4.176284670829772949e-01
4.167950451374053955e-01
4.159923195838928223e-01
4.152188003063201904e-01
4.144744277000427246e-01
4.137617647647857666e-01
4.130760133266448975e-01
4.124206602573394775e-01
4.117908477783203125e-01
4.111878573894500732e-01
4.106123745441436768e-01
4.100598394870758057e-01
4.095324873924255371e-01
4.090501070022583008e-01
4.086149334907531738e-01
4.082004129886627197e-01
4.078026115894317627e-01
4.074222743511199951e-01
4.070584177970886230e-01
4.067085683345794678e-01
4.063721299171447754e-01
4.060488641262054443e-01
4.057365059852600098e-01
4.054340422153472900e-01
4.051407873630523682e-01
4.048562645912170410e-01
4.045780599117279053e-01
4.043058156967163086e-01
4.040392935276031494e-01
4.037758409976959229e-01
4.035151600837707520e-01
4.034065306186676025e-01
4.033258855342864990e-01
4.032431542873382568e-01
4.031575620174407959e-01
4.030678868293762207e-01
4.029728472232818604e-01
4.028728902339935303e-01
4.027669131755828857e-01
4.026540815830230713e-01
4.025337100028991699e-01
4.024058580398559570e-01
4.022700786590576172e-01
4.021257460117340088e-01
4.019742608070373535e-01
4.018153846263885498e-01
4.016492366790771484e-01
4.014775156974792480e-01
4.013008773326873779e-01
4.011269807815551758e-01
4.009762704372406006e-01
4.008269608020782471e-01
4.006798863410949707e-01
4.005369842052459717e-01
4.004011452198028564e-01
4.002737402915954590e-01
4.001568257808685303e-01
4.000521600246429443e-01
3.999612629413604736e-01
3.998857736587524414e-01
3.998268544673919678e-01
3.997858464717864990e-01
3.997632265090942383e-01
3.997599780559539795e-01
3.997769653797149658e-01
3.998136222362518311e-01
3.998703062534332275e-01
3.999473154544830322e-01
4.000442624092102051e-01
4.002175033092498779e-01
4.004595279693603516e-01
4.007234871387481689e-01
4.010079801082611084e-01
4.013137221336364746e-01
4.016390740871429443e-01
4.019848406314849854e-01
4.023491442203521729e-01
4.027330875396728516e-01
4.031353592872619629e-01
4.035545885562896729e-01
4.039921164512634277e-01
4.044455885887145996e-01
4.049154520034790039e-01
4.054013192653656006e-01
4.059021770954132080e-01
4.064187705516815186e-01
4.069501161575317383e-01
4.074959158897399902e-01
4.080558121204376221e-01
4.086293876171112061e-01
4.092111885547637939e-01
4.098043441772460938e-01
4.104126095771789551e-01
4.110338389873504639e-01
4.116694629192352295e-01
4.123173952102661133e-01
4.129790067672729492e-01
4.136522710323333740e-01
4.143386185169219971e-01
4.150359034538269043e-01
4.157456457614898682e-01
4.164657592773437500e-01
4.171977639198303223e-01
4.179394543170928955e-01
4.186924397945404053e-01
4.194526970386505127e-01
4.202254414558410645e-01
4.210047721862792969e-01
4.217959940433502197e-01
4.225930273532867432e-01
4.234013557434082031e-01
4.242148399353027344e-01
4.250360727310180664e-01
4.258611202239990234e-01
4.266938567161560059e-01
4.275298118591308594e-01
4.283716976642608643e-01
4.292187690734863281e-01
4.300678670406341553e-01
4.309222698211669922e-01
4.317766129970550537e-01
4.326340556144714355e-01
4.334914386272430420e-01
4.343496561050415039e-01
4.352049827575683594e-01
4.360616803169250488e-01
4.369126558303833008e-01
4.377622306346893311e-01
4.386057555675506592e-01
4.394431710243225098e-01
4.402743875980377197e-01
4.410972893238067627e-01
4.419108629226684570e-01
4.427153766155242920e-01
4.435073435306549072e-01
4.442475140094757080e-01
4.446955025196075439e-01
4.451259076595306396e-01
4.455343186855316162e-01
4.459210038185119629e-01
4.462847113609313965e-01
4.466240704059600830e-01
4.469380080699920654e-01
4.472246170043945312e-01
4.474827647209167480e-01
4.477110207080841064e-01
4.479079246520996094e-01
4.480720162391662598e-01
4.482019245624542236e-01
4.482960999011993408e-01
4.483531117439270020e-01
4.483706355094909668e-01
4.483489692211151123e-01
4.482858479022979736e-01
4.481797814369201660e-01
4.480296671390533447e-01
4.478339552879333496e-01
4.475919306278228760e-01
4.473014473915100098e-01
4.469617307186126709e-01
4.465678632259368896e-01
4.460903108119964600e-01
4.455629289150238037e-01
4.449862539768218994e-01
4.443570077419281006e-01
4.436758160591125488e-01
4.429440796375274658e-01
4.421578645706176758e-01
4.413208961486816406e-01
4.404288828372955322e-01
4.394840002059936523e-01
4.384891986846923828e-01
4.374388158321380615e-01
4.363377690315246582e-01
4.351894557476043701e-01
4.339881837368011475e-01
4.327386915683746338e-01
4.314459562301635742e-01
4.301042556762695312e-01
4.287231266498565674e-01
4.273006916046142578e-01
4.258393049240112305e-01
4.243367016315460205e-01
4.228044748306274414e-01
4.212407469749450684e-01
4.196434617042541504e-01
4.180255532264709473e-01
4.163891673088073730e-01
4.147367775440216064e-01
4.130635261535644531e-01
4.113816916942596436e-01
4.096909463405609131e-01
4.079882204532623291e-01
4.062888026237487793e-01
4.045895636081695557e-01
4.028903841972351074e-01
4.012035131454467773e-01
3.995278477668762207e-01
3.978675305843353271e-01
3.962192535400390625e-01
3.945974409580230713e-01
3.929986953735351562e-01
3.914225101470947266e-01
3.898796141147613525e-01
3.883689939975738525e-01
3.868918418884277344e-01
3.854514062404632568e-01
3.840482234954833984e-01
3.826853334903717041e-01
3.813631832599639893e-01
3.800844550132751465e-01
3.788487613201141357e-01
3.776586353778839111e-01
3.765133917331695557e-01
3.754149377346038818e-01
3.743652999401092529e-01
3.732719719409942627e-01
3.722244501113891602e-01
3.712255358695983887e-01
3.702744841575622559e-01
3.693720698356628418e-01
3.685173094272613525e-01
3.677091896533966064e-01
3.669466376304626465e-01
3.662299513816833496e-01
3.655574321746826172e-01
3.649281859397888184e-01
3.643411099910736084e-01
3.637945353984832764e-01
3.632882833480834961e-01
3.628206551074981689e-01
3.623903989791870117e-01
3.619964122772216797e-01
3.616365194320678711e-01
3.613108396530151367e-01
3.610173463821411133e-01
3.607552647590637207e-01
3.605227768421173096e-01
3.603192865848541260e-01
3.601441979408264160e-01
3.599961400032043457e-01
3.598741888999938965e-01
3.597760498523712158e-01
3.597036898136138916e-01
3.596552014350891113e-01
3.596288263797760010e-01
3.596305251121520996e-01
3.596608638763427734e-01
3.597110211849212646e-01
3.597841262817382812e-01
3.598782718181610107e-01
3.599913716316223145e-01
3.601270914077758789e-01
3.602831065654754639e-01
3.604582846164703369e-01
3.606555461883544922e-01
3.608727455139160156e-01
3.611104488372802734e-01
3.613662123680114746e-01
3.616407811641693115e-01
3.619370162487030029e-01
3.622496128082275391e-01
3.625828623771667480e-01
3.629314899444580078e-01
3.632988929748535156e-01
3.636803925037384033e-01
3.640772104263305664e-01
3.644901216030120850e-01
3.649143874645233154e-01
3.653531968593597412e-01
3.658009469509124756e-01
3.662618696689605713e-01
3.667285740375518799e-01
3.672065734863281250e-01
3.676893115043640137e-01
3.681773543357849121e-01
3.686741590499877930e-01
3.691717386245727539e-01
3.696760237216949463e-01
3.701219856739044189e-01
3.705366253852844238e-01
3.709480464458465576e-01
3.713587820529937744e-01
3.717710375785827637e-01
3.721776604652404785e-01
3.725852072238922119e-01
3.729868829250335693e-01
3.733848333358764648e-01
3.737819790840148926e-01
3.741727471351623535e-01
3.745589852333068848e-01
3.749403953552246094e-01
3.753173351287841797e-01
3.756921887397766113e-01
3.760585486888885498e-01
3.764202594757080078e-01
3.767770528793334961e-01
3.771280348300933838e-01
3.774756193161010742e-01
3.778155148029327393e-01
3.781501054763793945e-01
3.784779608249664307e-01
3.788010776042938232e-01
3.791202604770660400e-01
3.794316053390502930e-01
3.797360658645629883e-01
3.800355792045593262e-01
3.803287446498870850e-01
3.806177079677581787e-01
3.808987438678741455e-01
3.811739981174468994e-01
3.814427256584167480e-01
3.817049264907836914e-01
3.819633424282073975e-01
3.822282850742340088e-01
3.825196921825408936e-01
3.828052282333374023e-01
3.830855190753936768e-01
3.833605945110321045e-01
3.836297094821929932e-01
3.838931322097778320e-01
3.841503858566284180e-01
3.844023346900939941e-01
3.846488893032073975e-01
3.848891854286193848e-01
3.851239979267120361e-01
3.853517770767211914e-01
3.855747282505035400e-01
3.857913613319396973e-01
3.860023021697998047e-01
3.862068355083465576e-01
3.864048719406127930e-01
3.865972161293029785e-01
3.867837190628051758e-01
3.869637548923492432e-01
3.871378600597381592e-01
3.873046040534973145e-01
3.874662518501281738e-01
3.876212537288665771e-01
3.877702355384826660e-01
3.879125714302062988e-01
3.880480825901031494e-01
3.881776928901672363e-01
3.883011937141418457e-01
3.884180188179016113e-01
3.885287046432495117e-01
3.886318206787109375e-01
3.887296319007873535e-01
3.888206779956817627e-01
3.889055848121643066e-01
3.889816105365753174e-01
3.890535831451416016e-01
3.890866637229919434e-01
3.889446258544921875e-01
3.887950181961059570e-01
3.886388242244720459e-01
3.884732127189636230e-01
3.883012533187866211e-01
3.881219327449798584e-01
3.882401585578918457e-01
3.880411684513092041e-01
3.878340125083923340e-01
3.876206278800964355e-01
3.874000012874603271e-01
3.871732354164123535e-01
3.869384229183197021e-01
3.866966366767883301e-01
3.864470422267913818e-01
3.861913383007049561e-01
3.859287500381469727e-01
3.856593370437622070e-01
3.853830993175506592e-01
3.851001262664794922e-01
3.848107159137725830e-01
3.845144510269165039e-01
3.842115700244903564e-01
3.839021623134613037e-01
3.835862576961517334e-01
3.832633495330810547e-01
3.829346299171447754e-01
3.825996220111846924e-01
3.822577595710754395e-01
3.819111585617065430e-01
3.815574347972869873e-01
3.811971545219421387e-01
3.808312416076660156e-01
3.804592788219451904e-01
3.800809681415557861e-01
3.796971440315246582e-01
3.793074190616607666e-01
3.789115846157073975e-01
3.785111010074615479e-01
3.781040608882904053e-01
3.776911199092864990e-01
3.774004280567169189e-01
3.771319091320037842e-01
3.768591582775115967e-01
3.765827417373657227e-01
3.763026297092437744e-01
3.760184049606323242e-01
3.757306635379791260e-01
3.754390776157379150e-01
3.751437067985534668e-01
3.748446702957153320e-01
3.745419979095458984e-01
3.742355108261108398e-01
3.739255368709564209e-01
3.736118078231811523e-01
3.732945621013641357e-01
3.729736506938934326e-01
3.726492524147033691e-01
3.723211884498596191e-01
3.719896972179412842e-01
3.716545701026916504e-01
3.713160455226898193e-01
3.709739148616790771e-01
3.706282973289489746e-01
3.702802658081054688e-01
3.699276447296142578e-01
3.695717751979827881e-01
3.692122399806976318e-01
3.688494861125946045e-01
3.684830665588378906e-01
3.681134581565856934e-01
3.677401840686798096e-01
3.673637211322784424e-01
3.669835925102233887e-01
3.666003048419952393e-01
3.662132918834686279e-01
3.658231794834136963e-01
3.654293417930603027e-01
3.650323748588562012e-01
3.646316528320312500e-01
3.642278611660003662e-01
3.638202250003814697e-01
3.634095489978790283e-01
3.629949986934661865e-01
3.625773787498474121e-01
3.621558547019958496e-01
3.617265224456787109e-01
3.612933158874511719e-01
3.608571588993072510e-01
3.604171276092529297e-01
3.599741160869598389e-01
3.595271706581115723e-01
3.590777218341827393e-01
3.586232066154479980e-01
3.581658005714416504e-01
3.577050566673278809e-01
3.572404384613037109e-01
3.567731082439422607e-01
3.563004732131958008e-01
3.558258414268493652e-01
3.553457260131835938e-01
3.548625111579895020e-01
3.543764352798461914e-01
3.538848161697387695e-01
3.533909022808074951e-01
3.528911769390106201e-01
3.523892164230346680e-01
3.518821895122528076e-01
3.513701856136322021e-01
3.508556485176086426e-01
3.503349423408508301e-01
3.498116731643676758e-01
3.492831587791442871e-01
3.487498760223388672e-01
3.482120633125305176e-01
3.476684689521789551e-01
3.471220433712005615e-01
3.465699553489685059e-01
3.460125327110290527e-01
3.454503417015075684e-01
3.448827266693115234e-01
3.443103730678558350e-01
3.437326848506927490e-01
3.431493639945983887e-01
3.425611853599548340e-01
3.419687449932098389e-01
3.413690328598022461e-01
3.407665193080902100e-01
3.401583731174468994e-01
3.395458459854125977e-01
3.389289677143096924e-01
3.383091986179351807e-01
3.376879394054412842e-01
3.370628356933593750e-01
3.364402651786804199e-01
3.359468579292297363e-01
3.354693949222564697e-01
3.349976241588592529e-01
3.345363140106201172e-01
3.340892195701599121e-01
3.336575329303741455e-01
3.332498669624328613e-01
3.328679800033569336e-01
3.325168490409851074e-01
3.321997523307800293e-01
3.319193720817565918e-01
3.316736519336700439e-01
3.314620256423950195e-01
3.312775492668151855e-01
3.311140239238739014e-01
3.309603631496429443e-01
3.308072984218597412e-01
3.306433856487274170e-01
3.304610252380371094e-01
3.302510976791381836e-01
3.300104439258575439e-01
3.297342360019683838e-01
3.294229209423065186e-01
3.290765583515167236e-01
3.286979198455810547e-01
3.282886147499084473e-01
3.278488814830780029e-01
3.273863494396209717e-01
3.269006013870239258e-01
3.263957798480987549e-01
3.258725702762603760e-01
3.253325819969177246e-01
3.247799575328826904e-01
3.242159187793731689e-01
3.236399888992309570e-01
3.230549395084381104e-01
3.224575221538543701e-01
3.218549489974975586e-01
3.212438225746154785e-01
3.206261992454528809e-01
3.200008869171142578e-01
3.193696141242980957e-01
3.187289535999298096e-01
3.180854320526123047e-01
3.174351453781127930e-01
3.167795240879058838e-01
3.161176145076751709e-01
3.154481947422027588e-01
3.147748708724975586e-01
3.140967488288879395e-01
3.134119212627410889e-01
3.127225637435913086e-01
3.120239675045013428e-01
3.113302290439605713e-01
3.106536567211151123e-01
3.099707961082458496e-01
3.092818558216094971e-01
3.085825741291046143e-01
3.078809976577758789e-01
3.071731925010681152e-01
3.064590096473693848e-01
3.057385683059692383e-01
3.050109744071960449e-01
3.042743504047393799e-01
3.035348355770111084e-01
3.027888536453247070e-01
3.020365536212921143e-01
3.012770414352416992e-01
3.005116581916809082e-01
2.997402548789978027e-01
2.989624440670013428e-01
2.981783151626586914e-01
2.973843812942504883e-01
2.965866625308990479e-01
2.957838475704193115e-01
2.949747443199157715e-01
2.941596210002899170e-01
2.933385372161865234e-01
2.925107479095458984e-01
2.916776239871978760e-01
2.908389866352081299e-01
2.899908721446990967e-01
2.891411781311035156e-01
2.882853746414184570e-01
2.874248623847961426e-01
2.865595221519470215e-01
2.856893241405487061e-01
2.848145663738250732e-01
2.839352488517761230e-01
2.830508351325988770e-01
2.821591496467590332e-01
2.812678813934326172e-01
2.803731858730316162e-01
2.794752717018127441e-01
2.785739004611968994e-01
2.776702642440795898e-01
2.767647504806518555e-01
2.758574783802032471e-01
2.749486267566680908e-01
2.740336954593658447e-01
2.731229662895202637e-01
2.722122073173522949e-01
2.713017165660858154e-01
2.703919112682342529e-01
2.694827020168304443e-01
2.685756385326385498e-01
2.676711082458496094e-01
2.667693793773651123e-01
2.658710181713104248e-01
2.649766504764556885e-01
2.640863656997680664e-01
2.632015347480773926e-01
2.623297274112701416e-01
2.614920437335968018e-01
2.606614530086517334e-01
2.598382532596588135e-01
2.590235769748687744e-01
2.582179009914398193e-01
2.574215829372406006e-01
2.566359341144561768e-01
2.558612823486328125e-01
2.550980746746063232e-01
2.543479204177856445e-01
2.536079287528991699e-01
2.528854310512542725e-01
2.521782219409942627e-01
2.514863014221191406e-01
2.508110404014587402e-01
2.501527965068817139e-01
2.495125681161880493e-01
2.488908022642135620e-01
2.482879459857940674e-01
2.477053999900817871e-01
2.471438646316528320e-01
2.466033250093460083e-01
2.460850626230239868e-01
2.455893456935882568e-01
2.451165020465850830e-01
2.446429878473281860e-01
2.441918998956680298e-01
2.437654137611389160e-01
2.433644980192184448e-01
2.429901361465454102e-01
2.426417320966720581e-01
2.423201203346252441e-01
2.420261651277542114e-01
2.417591810226440430e-01
2.415198683738708496e-01
2.413085252046585083e-01
2.411257475614547729e-01
2.409707158803939819e-01
2.408439964056015015e-01
2.407461404800415039e-01
2.406761646270751953e-01
2.406345158815383911e-01
2.406215965747833252e-01
2.406363189220428467e-01
2.406790256500244141e-01
2.407498955726623535e-01
2.408478558063507080e-01
2.409730404615402222e-01
2.411255240440368652e-01
2.413041442632675171e-01
2.415088713169097900e-01
2.417661547660827637e-01
2.420701086521148682e-01
2.423977404832839966e-01
2.427487075328826904e-01
2.431227862834930420e-01
2.435185760259628296e-01
2.439360916614532471e-01
2.443712949752807617e-01
2.448301613330841064e-01
2.453092485666275024e-01
2.458070665597915649e-01
2.463235259056091309e-01
2.468579262495040894e-01
2.474099844694137573e-01
2.479783147573471069e-01
2.485625445842742920e-01
2.491621524095535278e-01
2.497764080762863159e-01
2.504050135612487793e-01
2.510466575622558594e-01
2.517008185386657715e-01
2.523671686649322510e-01
2.530451714992523193e-01
2.537337243556976318e-01
2.544324100017547607e-01
2.551405429840087891e-01
2.558526694774627686e-01
2.565783262252807617e-01
2.573113441467285156e-01
2.580519616603851318e-01
2.587999999523162842e-01
2.595542967319488525e-01
2.603145241737365723e-01
2.610802352428436279e-01
2.618510127067565918e-01
2.626264989376068115e-01
2.634057700634002686e-01
2.641886770725250244e-01
2.649746239185333252e-01
2.657636106014251709e-01
2.665545046329498291e-01
2.673419415950775146e-01
2.681362926959991455e-01
2.689320147037506104e-01
2.697282731533050537e-01
2.705248892307281494e-01
2.713216543197631836e-01
2.721185088157653809e-01
2.729144394397735596e-01
2.737095057964324951e-01
2.745034694671630859e-01
2.752965390682220459e-01
2.760875523090362549e-01
2.768766582012176514e-01
2.776638269424438477e-01
2.784436643123626709e-01
2.792428433895111084e-01
2.800668478012084961e-01
2.808893322944641113e-01
2.817095816135406494e-01
2.825278043746948242e-01
2.833432555198669434e-01
2.841562628746032715e-01
2.849668860435485840e-01
2.857694923877716064e-01
2.865747213363647461e-01
2.873763442039489746e-01
2.881748080253601074e-01
2.889703512191772461e-01
2.897622883319854736e-01
2.905507981777191162e-01
2.913361787796020508e-01
2.921175956726074219e-01
2.928954958915710449e-01
2.936645746231079102e-01
2.944346368312835693e-01
2.952011227607727051e-01
2.959635853767395020e-01
2.967220842838287354e-01
2.974761724472045898e-01
2.982261776924133301e-01
2.989723086357116699e-01
2.997139692306518555e-01
3.004476726055145264e-01
3.011807799339294434e-01
3.019097447395324707e-01
3.026506006717681885e-01
3.034086227416992188e-01
3.041630685329437256e-01
3.049135208129882812e-01
3.056607544422149658e-01
3.064042329788208008e-01
3.071400225162506104e-01
3.078755438327789307e-01
3.086079359054565430e-01
3.093366622924804688e-01
3.100613355636596680e-01
3.107826113700866699e-01
3.115001022815704346e-01
3.122134804725646973e-01
3.129195868968963623e-01
3.136257827281951904e-01
3.143272697925567627e-01
3.150258660316467285e-01
3.157205879688262939e-01
3.164116144180297852e-01
3.170984983444213867e-01
3.177782595157623291e-01
3.184579610824584961e-01
3.191334605216979980e-01
3.198055624961853027e-01
3.204739689826965332e-01
3.211376368999481201e-01
3.217985033988952637e-01
3.224522769451141357e-01
3.231053650379180908e-01
3.237551152706146240e-01
3.244154155254364014e-01
3.251617252826690674e-01
3.259053528308868408e-01
3.266469836235046387e-01
3.273837566375732422e-01
3.281203806400299072e-01
3.288550972938537598e-01
3.295874893665313721e-01
3.303171396255493164e-01
3.310455083847045898e-01
3.317709863185882568e-01
3.324908912181854248e-01
3.332118391990661621e-01
3.339304924011230469e-01
3.346471786499023438e-01
3.353612720966339111e-01
3.360728621482849121e-01
3.368086516857147217e-01
3.375414311885833740e-01
3.382744491100311279e-01
3.390055596828460693e-01
3.397338390350341797e-01
3.404605388641357422e-01
3.411848545074462891e-01
3.419060111045837402e-01
3.426232933998107910e-01
3.433409333229064941e-01
3.440555930137634277e-01
3.447685539722442627e-01
3.454788625240325928e-01
3.461872935295104980e-01
3.468902707099914551e-01
3.475940227508544922e-01
3.483557105064392090e-01
3.492196798324584961e-01
3.500833213329315186e-01
3.509457409381866455e-01
3.518055379390716553e-01
3.526667058467864990e-01
3.535260260105133057e-01
3.543854355812072754e-01
3.552435636520385742e-01
3.561011552810668945e-01
3.569553196430206299e-01
3.578110337257385254e-01
3.586645722389221191e-01
3.595181703567504883e-01
3.603703081607818604e-01
3.612217009067535400e-01
3.620701432228088379e-01
3.628325164318084717e-01
3.634643852710723877e-01
3.640896379947662354e-01
3.647066950798034668e-01
3.653167784214019775e-01
3.659162819385528564e-01
3.665106892585754395e-01
3.670971393585205078e-01
3.676745891571044922e-01
3.682444989681243896e-01
3.688051402568817139e-01
3.693566024303436279e-01
3.699008226394653320e-01
3.704349398612976074e-01
3.709612488746643066e-01
3.714776635169982910e-01
3.719856142997741699e-01
3.724644184112548828e-01
3.725868463516235352e-01
3.726964294910430908e-01
3.727931082248687744e-01
3.728753626346588135e-01
3.729447126388549805e-01
3.729991018772125244e-01
3.730416893959045410e-01
3.730693161487579346e-01
3.730845153331756592e-01
3.730859458446502686e-01
3.730716705322265625e-01
3.730454742908477783e-01
3.730044066905975342e-01
3.729500472545623779e-01
3.728810250759124756e-01
3.727983236312866211e-01
3.727022707462310791e-01
3.725173175334930420e-01
3.721168935298919678e-01
3.717036843299865723e-01
3.712763488292694092e-01
3.708365857601165771e-01
3.703838288784027100e-01
3.699166178703308105e-01
3.694376051425933838e-01
3.689446151256561279e-01
3.684398233890533447e-01
3.679220080375671387e-01
3.673906624317169189e-01
3.668477535247802734e-01
3.662923276424407959e-01
3.657234907150268555e-01
3.651433587074279785e-01
3.645499646663665771e-01
3.639453053474426270e-01
3.633336126804351807e-01
3.628149926662445068e-01
3.622892200946807861e-01
3.617556989192962646e-01
3.612157106399536133e-01
3.606673479080200195e-01
3.601118624210357666e-01
3.595496714115142822e-01
3.589799404144287109e-01
3.584032952785491943e-01
3.578197062015533447e-01
3.572294712066650391e-01
3.566324114799499512e-01
3.560294806957244873e-01
3.554194271564483643e-01
3.548028469085693359e-01
3.541810810565948486e-01
3.535519838333129883e-01
3.529174625873565674e-01
3.522761166095733643e-01
3.516287505626678467e-01
3.509754538536071777e-01
3.503163456916809082e-01
3.496524095535278320e-01
3.489819169044494629e-01
3.483058214187622070e-01
3.476242423057556152e-01
3.469372391700744629e-01
3.462459146976470947e-01
3.455494940280914307e-01
3.448467254638671875e-01
3.441388905048370361e-01
3.434260785579681396e-01
3.427093327045440674e-01
3.419867157936096191e-01
3.412593305110931396e-01
3.405271768569946289e-01
3.397904932498931885e-01
3.390909731388092041e-01
3.385088145732879639e-01
3.379238843917846680e-01
3.373348116874694824e-01
3.367442190647125244e-01
3.361519575119018555e-01
3.355557918548583984e-01
3.349559605121612549e-01
3.343545496463775635e-01
3.337506055831909180e-01
3.331443369388580322e-01
3.325354158878326416e-01
3.319240510463714600e-01
3.313105106353759766e-01
3.306933045387268066e-01
3.300764262676239014e-01
3.294558823108673096e-01
3.288331329822540283e-01
3.282072842121124268e-01
3.275803029537200928e-01
3.269512355327606201e-01
3.263204991817474365e-01
3.256874680519104004e-01
3.250524997711181641e-01
3.244158327579498291e-01
3.237759470939636230e-01
3.231369554996490479e-01
3.224946558475494385e-01
3.218505978584289551e-01
3.212039470672607422e-01
3.205565512180328369e-01
3.199088871479034424e-01
3.192585408687591553e-01
3.186052441596984863e-01
3.179515898227691650e-01
3.172967433929443359e-01
3.166404068470001221e-01
3.159827291965484619e-01
3.153234124183654785e-01
3.146627545356750488e-01
3.139728009700775146e-01
3.132517933845520020e-01
3.125282227993011475e-01
3.118024766445159912e-01
3.110749125480651855e-01
3.103462755680084229e-01
3.096145093441009521e-01
3.088804185390472412e-01
3.081443011760711670e-01
3.074066042900085449e-01
3.066680431365966797e-01
3.059265613555908203e-01
3.051840364933013916e-01
3.044385910034179688e-01
3.036917746067047119e-01
3.029442727565765381e-01
3.021940886974334717e-01
3.014418780803680420e-01
3.006880581378936768e-01
2.999330759048461914e-01
2.991776168346405029e-01
2.984196245670318604e-01
2.976597845554351807e-01
2.968985438346862793e-01
2.961363494396209717e-01
2.953737974166870117e-01
2.946089506149291992e-01
2.938424050807952881e-01
2.930746376514434814e-01
2.923071682453155518e-01
2.915384471416473389e-01
2.907675802707672119e-01
2.899951934814453125e-01
2.892221808433532715e-01
2.884476780891418457e-01
2.876735925674438477e-01
2.868975996971130371e-01
2.861201763153076172e-01
2.853423058986663818e-01
2.845631241798400879e-01
2.837844789028167725e-01
2.830041348934173584e-01
2.822063267230987549e-01
2.814012169837951660e-01
2.805953919887542725e-01
2.797908484935760498e-01
2.789852321147918701e-01
2.781789898872375488e-01
2.773731946945190430e-01
2.765668332576751709e-01
2.757623493671417236e-01
2.749559581279754639e-01
2.741501033306121826e-01
2.733437716960906982e-01
2.725380361080169678e-01
2.717332839965820312e-01
2.709278166294097900e-01
2.701219320297241211e-01
2.693167924880981445e-01
2.685112953186035156e-01
2.677074074745178223e-01
2.669029533863067627e-01
2.660981714725494385e-01
2.652942836284637451e-01
2.644901573657989502e-01
2.636883258819580078e-01
2.628848552703857422e-01
2.620823979377746582e-01
2.612797617912292480e-01
2.604781389236450195e-01
2.596777379512786865e-01
2.588770389556884766e-01
2.580762207508087158e-01
2.572765648365020752e-01
2.564767897129058838e-01
2.556795179843902588e-01
2.548808753490447998e-01
2.540828287601470947e-01
2.532860338687896729e-01
2.524892091751098633e-01
2.516949772834777832e-01
2.508994936943054199e-01
2.501052916049957275e-01
2.493111789226531982e-01
2.485184222459793091e-01
2.477260828018188477e-01
2.469175755977630615e-01
2.460986822843551636e-01
2.452804744243621826e-01
2.444642633199691772e-01
2.436497509479522705e-01
2.428356260061264038e-01
2.420235425233840942e-01
2.412122040987014771e-01
2.404020130634307861e-01
2.395941764116287231e-01
2.387883663177490234e-01
2.379824966192245483e-01
2.371783405542373657e-01
2.363763302564620972e-01
2.355758249759674072e-01
2.347764223814010620e-01
2.339788973331451416e-01
2.331829071044921875e-01
2.323877364397048950e-01
2.315939068794250488e-01
2.308030128479003906e-01
2.300131767988204956e-01
2.292248904705047607e-01
2.284366041421890259e-01
2.276514917612075806e-01
2.268684357404708862e-01
2.260864973068237305e-01
2.253053039312362671e-01
2.245258837938308716e-01
2.237487882375717163e-01
2.229737639427185059e-01
2.221990823745727539e-01
2.214269191026687622e-01
2.206556648015975952e-01
2.198867946863174438e-01
2.191198766231536865e-01
2.183536291122436523e-01
2.175897657871246338e-01
2.168268710374832153e-01
2.160655558109283447e-01
2.153067588806152344e-01
2.145500332117080688e-01
2.137946486473083496e-01
2.130394130945205688e-01
2.122874557971954346e-01
2.115372121334075928e-01
2.107903808355331421e-01
2.100626677274703979e-01
2.093361765146255493e-01
2.086132913827896118e-01
2.078908830881118774e-01
2.071731239557266235e-01
2.064556032419204712e-01
2.057400792837142944e-01
2.050266265869140625e-01
2.043144404888153076e-01
2.036068290472030640e-01
2.028995007276535034e-01
2.021941542625427246e-01
2.014908790588378906e-01
2.007896304130554199e-01
2.000904232263565063e-01
1.993934810161590576e-01
1.986990720033645630e-01
1.980059444904327393e-01
1.973148435354232788e-01
1.966257542371749878e-01
1.959389299154281616e-01
1.952546238899230957e-01
1.945715993642807007e-01
1.938906162977218628e-01
1.932116001844406128e-01
1.925346404314041138e-01
1.918606013059616089e-01
1.911876201629638672e-01
1.905166804790496826e-01
1.898477077484130859e-01
1.891807764768600464e-01
1.885167062282562256e-01
1.878544688224792480e-01
1.871927529573440552e-01
1.865337342023849487e-01
1.858767718076705933e-01
1.852217167615890503e-01
1.845702826976776123e-01
1.839184910058975220e-01
1.832693517208099365e-01
1.826222687959671021e-01
1.819770634174346924e-01
1.813347935676574707e-01
1.806934922933578491e-01
1.800549328327178955e-01
1.794168800115585327e-01
1.787814348936080933e-01
1.781480610370635986e-01
1.775173544883728027e-01
1.769671887159347534e-01
1.764320433139801025e-01
1.758979856967926025e-01
1.753655225038528442e-01
1.748363822698593140e-01
1.743081212043762207e-01
1.737807840108871460e-01
1.732552945613861084e-01
1.727321296930313110e-01
1.722098886966705322e-01
1.716908961534500122e-01
1.711727827787399292e-01
1.706549525260925293e-01
1.701401770114898682e-01
1.696262806653976440e-01
1.691148132085800171e-01
1.686057895421981812e-01
1.680962294340133667e-01
1.675896793603897095e-01
1.670847684144973755e-01
1.665807217359542847e-01
1.660790592432022095e-01
1.655791699886322021e-01
1.650799512863159180e-01
1.645831018686294556e-01
1.640878617763519287e-01
1.635928452014923096e-01
1.631007790565490723e-01
1.626102626323699951e-01
1.621213406324386597e-01
1.616339832544326782e-01
1.611468642950057983e-01
1.606626212596893311e-01
1.601799428462982178e-01
1.596987694501876831e-01
1.592191755771636963e-01
1.587405353784561157e-01
1.582632511854171753e-01
1.577882319688796997e-01
1.573147326707839966e-01
1.568427085876464844e-01
1.563716679811477661e-01
1.559019386768341064e-01
1.554344594478607178e-01
1.549684703350067139e-01
1.545032262802124023e-01
1.540403366088867188e-01
1.535787880420684814e-01
1.531179547309875488e-01
1.526593267917633057e-01
1.522021740674972534e-01
1.517451703548431396e-01
1.513030081987380981e-01
1.508644074201583862e-01
1.504266262054443359e-01
1.499914824962615967e-01
1.495564281940460205e-01
1.491232365369796753e-01
1.486920267343521118e-01
1.482617259025573730e-01
1.478325277566909790e-01
1.474041491746902466e-01
1.469776034355163574e-01
1.465531140565872192e-01
1.461293101310729980e-01
1.457066833972930908e-01
1.452856063842773438e-01
1.448655724525451660e-01
1.444468498229980469e-01
1.440288871526718140e-01
1.436134576797485352e-01
1.431991904973983765e-01
1.427850723266601562e-01
1.423734426498413086e-01
1.419618725776672363e-01
1.415520310401916504e-01
1.411434561014175415e-01
1.407363712787628174e-01
1.403308808803558350e-01
1.399255543947219849e-01
1.395226716995239258e-01
1.391202807426452637e-01
1.387186497449874878e-01
1.383187174797058105e-01
1.379202455282211304e-01
1.375233232975006104e-01
1.371270269155502319e-01
1.367321908473968506e-01
1.363382786512374878e-01
1.359451115131378174e-01
1.355535984039306641e-01
1.351639926433563232e-01
1.347749680280685425e-01
1.343869864940643311e-01
1.339997351169586182e-01
1.336148232221603394e-01
1.332303434610366821e-01
1.328465938568115234e-01
1.324651688337326050e-01
1.320847272872924805e-01
1.317044198513031006e-01
1.313257068395614624e-01
1.309484094381332397e-01
1.305719763040542603e-01
1.301966607570648193e-01
1.298227608203887939e-01
1.294502466917037964e-01
1.290644407272338867e-01
1.286682486534118652e-01
1.282732635736465454e-01
1.278787553310394287e-01
1.274857372045516968e-01
1.270943284034729004e-01
1.267046332359313965e-01
1.263148784637451172e-01
1.259270012378692627e-01
1.255398839712142944e-01
1.251536458730697632e-01
1.247692778706550598e-01
1.243860647082328796e-01
1.240038275718688965e-01
1.236229240894317627e-01
1.232427656650543213e-01
1.228641495108604431e-01
1.224859729409217834e-01
1.221096366643905640e-01
1.217344254255294800e-01
1.213597580790519714e-01
1.209868043661117554e-01
1.206149607896804810e-01
1.202435418963432312e-01
1.198739334940910339e-01
1.195054277777671814e-01
1.191376373171806335e-01
1.187706515192985535e-01
1.184054464101791382e-01
1.180418357253074646e-01
1.176781207323074341e-01
1.173157989978790283e-01
1.169549450278282166e-01
1.165951639413833618e-01
1.162357702851295471e-01
1.158781349658966064e-01
1.155215650796890259e-01
1.151649951934814453e-01
1.148110330104827881e-01
1.144576370716094971e-01
1.141046062111854553e-01
1.137533113360404968e-01
1.134026944637298584e-01
1.130534857511520386e-01
1.127046272158622742e-01
1.123574823141098022e-01
1.120118424296379089e-01
1.116660684347152710e-01
1.113216504454612732e-01
1.109786033630371094e-01
1.106358915567398071e-01
1.102948710322380066e-01
1.099548563361167908e-01
1.096154972910881042e-01
1.092768162488937378e-01
1.089402586221694946e-01
1.086042448878288269e-01
1.082685440778732300e-01
1.079345121979713440e-01
1.076158508658409119e-01
1.073021441698074341e-01
1.069893613457679749e-01
1.066774949431419373e-01
1.063665449619293213e-01
1.060569509863853455e-01
1.057478189468383789e-01
1.054395958781242371e-01
1.051322743296623230e-01
1.048258468508720398e-01
1.045199930667877197e-01
1.042153537273406982e-01
1.039116084575653076e-01
1.036091819405555725e-01
1.033071950078010559e-01
1.030060872435569763e-01
1.027058660984039307e-01
1.024065092206001282e-01
1.021080240607261658e-01
1.018104031682014465e-01
1.015133336186408997e-01
1.012174338102340698e-01
1.009228229522705078e-01
1.006286367774009705e-01
1.003352999687194824e-01
1.000428125262260437e-01
9.975116699934005737e-02
9.946035593748092651e-02
9.917039424180984497e-02
9.888126701116561890e-02
9.859296679496765137e-02
9.830520302057266235e-02
9.801855683326721191e-02
9.773273766040802002e-02
9.744814783334732056e-02
9.716396778821945190e-02
9.688059985637664795e-02
9.659804403781890869e-02
9.631629288196563721e-02
9.603535383939743042e-02
9.575457870960235596e-02
9.547495096921920776e-02
9.519640356302261353e-02
9.491866081953048706e-02
9.464170038700103760e-02
9.436552971601486206e-02
9.409055113792419434e-02
9.381594508886337280e-02
9.354212880134582520e-02
9.326907992362976074e-02
9.299680590629577637e-02
9.272503107786178589e-02
9.245429933071136475e-02
9.218434244394302368e-02
9.191513806581497192e-02
9.164669364690780640e-02
9.137900918722152710e-02
9.111208468675613403e-02
9.084629267454147339e-02
9.058087319135665894e-02
9.031619131565093994e-02
9.005225449800491333e-02
8.978886902332305908e-02
8.952684700489044189e-02
8.926536887884140015e-02
8.900495618581771851e-02
8.874533325433731079e-02
8.848650753498077393e-02
8.822847902774810791e-02
8.797122538089752197e-02
8.771488815546035767e-02
8.745920658111572266e-02
8.720430731773376465e-02
8.695017546415328979e-02
8.669681847095489502e-02
8.644422888755798340e-02
8.619214594364166260e-02
8.594109117984771729e-02
8.569078892469406128e-02
8.544123917818069458e-02
8.519244939088821411e-02
8.494440466165542603e-02
8.469723910093307495e-02
8.445068448781967163e-02
8.420487493276596069e-02
8.395981043577194214e-02
8.371546864509582520e-02
8.347186446189880371e-02
8.322875201702117920e-02
8.298660069704055786e-02
8.274517953395843506e-02
8.250448107719421387e-02
8.226449042558670044e-02
8.202522248029708862e-02
8.178643882274627686e-02
8.154859393835067749e-02
8.131086826324462891e-02
8.107443153858184814e-02
8.083869516849517822e-02
8.060365915298461914e-02
8.036909252405166626e-02
8.013579994440078735e-02
7.990284264087677002e-02
7.967057079076766968e-02
7.943898439407348633e-02
7.920808345079421997e-02
7.897763699293136597e-02
7.874808460474014282e-02
7.851921766996383667e-02
7.829101383686065674e-02
7.806348055601119995e-02
7.783661037683486938e-02
7.761018723249435425e-02
7.738465070724487305e-02
7.715976238250732422e-02
7.693552970886230469e-02
7.671196013689041138e-02
7.648903876543045044e-02
7.626675814390182495e-02
7.604490965604782104e-02
7.582392543554306030e-02
7.560358196496963501e-02
7.538420706987380981e-02
7.516513764858245850e-02
7.494669407606124878e-02
7.472867518663406372e-02
7.451149076223373413e-02
7.429493963718414307e-02
7.407900691032409668e-02
7.388508319854736328e-02
7.370229065418243408e-02
7.352022081613540649e-02
7.333791255950927734e-02
7.315666228532791138e-02
7.297612726688385010e-02
7.279589772224426270e-02
7.261636853218078613e-02
7.243715226650238037e-02
7.225842773914337158e-02
7.208040356636047363e-02
7.190267741680145264e-02
7.172564417123794556e-02
7.154923677444458008e-02
7.137244939804077148e-02
7.119688391685485840e-02
7.102160155773162842e-02
7.084700465202331543e-02
7.067269831895828247e-02
7.049886137247085571e-02
7.032569497823715210e-02
7.015281915664672852e-02
6.998059898614883423e-02
6.980866193771362305e-02
6.963685899972915649e-02
6.946586072444915771e-02
6.929532438516616821e-02
6.912543624639511108e-02
6.895583122968673706e-02
6.878685951232910156e-02
6.861816346645355225e-02
6.844992935657501221e-02
6.828231364488601685e-02
6.811498105525970459e-02
6.794776022434234619e-02
6.778132170438766479e-02
6.761532276868820190e-02
6.744994968175888062e-02
6.728484481573104858e-02
6.712035089731216431e-02
6.695611774921417236e-02
6.679249554872512817e-02
6.662912666797637939e-02
6.646619737148284912e-02
6.630336493253707886e-02
6.614129245281219482e-02
6.597980856895446777e-02
6.581859290599822998e-02
6.565779447555541992e-02
6.549757719039916992e-02
6.533761322498321533e-02
6.517824530601501465e-02
6.501910835504531860e-02
6.486039608716964722e-02
6.470175832509994507e-02
6.454385817050933838e-02
6.438653916120529175e-02
6.422946602106094360e-02
6.407278776168823242e-02
6.391667574644088745e-02
6.376080214977264404e-02
6.360549479722976685e-02
6.345041841268539429e-02
6.329590082168579102e-02
6.314112246036529541e-02
6.298723071813583374e-02
6.283389031887054443e-02
6.268077343702316284e-02
6.252820789813995361e-02
6.237586215138435364e-02
6.222390383481979370e-02
6.208717823028564453e-02
6.197186559438705444e-02
6.185695156455039978e-02
6.174211949110031128e-02
6.162799149751663208e-02
6.151361763477325439e-02
6.139947846531867981e-02
6.128555908799171448e-02
6.117187440395355225e-02
6.105889379978179932e-02
6.094566360116004944e-02
6.083264946937561035e-02
6.071986630558967590e-02
6.060730293393135071e-02
6.049542501568794250e-02
6.038330495357513428e-02
6.027140095829963684e-02
6.015970557928085327e-02
6.004823371767997742e-02
5.993744730949401855e-02
5.982640385627746582e-02
5.971556901931762695e-02
5.960494652390480042e-02
5.949453637003898621e-02
5.938479676842689514e-02
5.927480384707450867e-02
5.916501581668853760e-02
5.905542895197868347e-02
5.894605442881584167e-02
5.883734300732612610e-02
5.872850492596626282e-02
5.861973389983177185e-02
5.851116403937339783e-02
5.840279161930084229e-02
5.829460918903350830e-02
5.818708240985870361e-02
5.807896330952644348e-02
5.797136947512626648e-02
5.786396935582160950e-02
5.775676667690277100e-02
5.765019357204437256e-02
5.754336714744567871e-02
5.743673443794250488e-02
5.733028426766395569e-02
5.722401291131973267e-02
5.711838230490684509e-02
5.701248347759246826e-02
5.690677091479301453e-02
5.680124089121818542e-02
5.669589340686798096e-02
5.659115687012672424e-02
5.648616701364517212e-02
5.638134852051734924e-02
5.627670884132385254e-02
5.617224797606468201e-02
5.606839805841445923e-02
5.596428364515304565e-02
5.586033314466476440e-02
5.575669184327125549e-02
5.565309152007102966e-02
5.555008351802825928e-02
5.544681847095489502e-02
5.534371733665466309e-02
5.524077638983726501e-02
5.513766035437583923e-02
5.503548309206962585e-02
5.493303760886192322e-02
5.483074858784675598e-02
5.472862720489501953e-02
5.462666600942611694e-02
5.452527850866317749e-02
5.442363023757934570e-02
5.432213842868804932e-02
5.422079190611839294e-02
5.411960929632186890e-02
5.401900038123130798e-02
5.391878262162208557e-02
5.382646620273590088e-02
5.373454466462135315e-02
5.364232137799263000e-02
5.355061218142509460e-02
5.345860123634338379e-02
5.336710810661315918e-02
5.327571183443069458e-02
5.318401753902435303e-02
5.309282988309860229e-02
5.300096422433853149e-02
5.290998145937919617e-02
5.281909927725791931e-02
5.272790417075157166e-02
5.263720825314521790e-02
5.254620686173439026e-02
5.245571210980415344e-02
5.236530303955078125e-02
5.227458849549293518e-02
5.218436941504478455e-02
5.209383741021156311e-02
5.200380459427833557e-02
5.191320553421974182e-02
5.182334408164024353e-02
5.173357576131820679e-02
5.164349824190139771e-02
5.155390501022338867e-02
5.146399512887001038e-02
5.137457326054573059e-02
5.128523334860801697e-02
5.119557306170463562e-02
5.110639706254005432e-02
5.101690813899040222e-02
5.092788860201835632e-02
5.083818361163139343e-02
5.074932426214218140e-02
5.066054686903953552e-02
5.057144537568092346e-02
5.048281699419021606e-02
5.039387568831443787e-02
5.030538886785507202e-02
5.021698400378227234e-02
5.012837052345275879e-02
5.004009976983070374e-02
4.995151981711387634e-02
4.986339807510375977e-02
4.977455735206604004e-02
4.968656599521636963e-02
4.959864541888237000e-02
4.951040819287300110e-02
4.942260310053825378e-02
4.933449253439903259e-02
4.924682900309562683e-02
4.915921390056610107e-02
4.907129332423210144e-02
4.898381233215332031e-02
4.889600351452827454e-02
4.880863800644874573e-02
4.872092232108116150e-02
4.863329976797103882e-02
4.854609072208404541e-02
4.845857620239257812e-02
4.837149009108543396e-02
4.828417301177978516e-02
4.819719120860099792e-02
4.811025783419609070e-02
4.802300035953521729e-02
4.793616384267807007e-02
4.784901440143585205e-02
4.776186123490333557e-02
4.767515882849693298e-02
4.758814349770545959e-02
4.750154167413711548e-02
4.741461202502250671e-02
4.732810333371162415e-02
4.724126309156417847e-02
4.715482518076896667e-02
4.706843569874763489e-02
4.698172584176063538e-02
4.689497500658035278e-02
4.680834338068962097e-02
4.672210291028022766e-02
4.663716256618499756e-02
4.656809940934181213e-02
4.649900272488594055e-02
4.642976820468902588e-02
4.636093601584434509e-02
4.629127681255340576e-02
4.622201249003410339e-02
4.615260288119316101e-02
4.608360305428504944e-02
4.601420089602470398e-02
4.594475403428077698e-02
4.587551206350326538e-02
4.580552503466606140e-02
4.573593661189079285e-02
4.566628858447074890e-02
4.559694975614547729e-02
4.552712291479110718e-02
4.545732587575912476e-02
4.538782685995101929e-02
4.531747475266456604e-02
4.524742811918258667e-02
4.517742618918418884e-02
4.510771110653877258e-02
4.503759741783142090e-02
4.496742039918899536e-02
4.489709809422492981e-02
4.482668265700340271e-02
4.475633054971694946e-02
4.468593001365661621e-02
4.461571201682090759e-02
4.454517737030982971e-02
4.447459429502487183e-02
4.440394788980484009e-02
4.433357715606689453e-02
4.426222667098045349e-02
4.419139027595520020e-02
4.412048682570457458e-02
4.404984042048454285e-02
4.397872090339660645e-02
4.390762373805046082e-02
4.383677616715431213e-02
4.376505687832832336e-02
4.369366168975830078e-02
4.362228512763977051e-02
4.355116933584213257e-02
4.347966611385345459e-02
4.340809211134910583e-02
4.333634302020072937e-02
4.326444119215011597e-02
4.319265484809875488e-02
4.312077909708023071e-02
4.304907098412513733e-02
4.297706484794616699e-02
4.290497303009033203e-02
4.283281788229942322e-02
4.276091232895851135e-02
4.268800467252731323e-02
4.261561110615730286e-02
4.254347458481788635e-02
4.247094690799713135e-02
4.239825159311294556e-02
4.232557490468025208e-02
4.225312918424606323e-02
4.217976331710815430e-02
4.210677742958068848e-02
4.203379154205322266e-02
4.196104034781455994e-02
4.188790172338485718e-02
4.181469231843948364e-02
4.174109920859336853e-02
4.166772961616516113e-02
4.159429296851158142e-02
4.152078181505203247e-02
4.144741222262382507e-02
4.137320443987846375e-02
4.129946604371070862e-02
4.122564941644668579e-02
4.115206748247146606e-02
4.107803106307983398e-02
4.100400209426879883e-02
4.092963412404060364e-02
4.085545986890792847e-02
4.078114777803421021e-02
4.070682078599929810e-02
4.063273593783378601e-02
4.055773094296455383e-02
4.048319905996322632e-02
4.040854424238204956e-02
4.033419489860534668e-02
4.026856645941734314e-02
4.020501673221588135e-02
4.014161974191665649e-02
4.007833078503608704e-02
4.001498967409133911e-02
3.995155170559883118e-02
3.988740965723991394e-02
3.982365503907203674e-02
3.975988179445266724e-02
3.969571739435195923e-02
3.963172808289527893e-02
3.956698253750801086e-02
3.950280696153640747e-02
3.943853080272674561e-02
3.937415406107902527e-02
3.930962458252906799e-02
3.924421221017837524e-02
3.917957469820976257e-02
3.911487758159637451e-02
3.905010595917701721e-02
3.898517787456512451e-02
3.891965746879577637e-02
3.885468468070030212e-02
3.878935799002647400e-02
3.872420638799667358e-02
3.865906968712806702e-02
3.859390318393707275e-02
3.852806240320205688e-02
3.846275061368942261e-02
3.839747607707977295e-02
3.833190351724624634e-02
3.826660290360450745e-02
3.820061311125755310e-02
3.813529014587402344e-02
3.807000070810317993e-02
3.800471872091293335e-02
3.793938457965850830e-02
3.787326067686080933e-02
3.780807554721832275e-02
3.774294629693031311e-02
3.767778724431991577e-02
3.761279210448265076e-02
3.754725679755210876e-02
3.748214617371559143e-02
3.741734847426414490e-02
3.735273331403732300e-02
3.728823363780975342e-02
3.722328320145606995e-02
3.715902194380760193e-02
3.709499165415763855e-02
3.703087568283081055e-02
3.696722909808158875e-02
3.690311685204505920e-02
3.683990240097045898e-02
3.677694872021675110e-02
3.671424835920333862e-02
3.665116801857948303e-02
3.658880293369293213e-02
3.652701526880264282e-02
3.646557405591011047e-02
3.640384227037429810e-02
3.634316101670265198e-02
3.628289327025413513e-02
3.622303903102874756e-02
3.616279736161231995e-02
3.610391914844512939e-02
3.604554757475852966e-02
3.598774597048759460e-02
3.592998161911964417e-02
3.587329015135765076e-02
3.581731393933296204e-02
3.576178476214408875e-02
3.570670261979103088e-02
3.565281629562377930e-02
3.559979423880577087e-02
3.554760664701461792e-02
3.549581766128540039e-02
3.544537350535392761e-02
3.539571911096572876e-02
3.534731641411781311e-02
3.529956564307212830e-02
3.525330871343612671e-02
3.520829230546951294e-02
3.516450151801109314e-02
3.512164577841758728e-02
3.508022427558898926e-02
3.504052385687828064e-02
3.500231727957725525e-02
3.496537730097770691e-02
3.493032231926918030e-02
3.489705175161361694e-02
3.486557304859161377e-02
3.483551740646362305e-02
3.480786085128784180e-02
3.478232026100158691e-02
3.476079180836677551e-02
3.474487736821174622e-02
3.473109379410743713e-02
3.472008183598518372e-02
3.471134230494499207e-02
3.470562398433685303e-02
3.470252454280853271e-02
3.470269963145256042e-02
3.470581024885177612e-02
3.471236675977706909e-02
3.472217172384262085e-02
3.473575040698051453e-02
3.475311398506164551e-02
3.477442637085914612e-02
3.479968383908271790e-02
3.482943400740623474e-02
3.486393019556999207e-02
3.490298241376876831e-02
3.494679555296897888e-02
3.499597311019897461e-02
3.505107387900352478e-02
3.511147201061248779e-02
3.517754003405570984e-02
3.525007888674736023e-02
3.532990813255310059e-02
3.541590645909309387e-02
3.550877422094345093e-02
3.560940176248550415e-02
3.571897000074386597e-02
3.583570569753646851e-02
3.596081584692001343e-02
3.609513491392135620e-02
3.624045103788375854e-02
3.639419004321098328e-02
3.655803203582763672e-02
3.673297911882400513e-02
3.692122176289558411e-02
3.711948171257972717e-02
3.732987493276596069e-02
3.755626454949378967e-02
3.779355064034461975e-02
3.804528340697288513e-02
3.831494599580764771e-02
3.859755024313926697e-02
3.889619186520576477e-02
3.921605274081230164e-02
3.955006226897239685e-02
3.990324586629867554e-02
4.028025642037391663e-02
4.067382216453552246e-02
4.108887910842895508e-02
4.153187945485115051e-02
4.199336096644401550e-02
4.247982054948806763e-02
4.299795627593994141e-02
4.353755339980125427e-02
4.410517215728759766e-02
4.470983892679214478e-02
4.533823952078819275e-02
4.599902778863906860e-02
4.670175164937973022e-02
4.743174090981483459e-02
4.819812625646591187e-02
4.901289567351341248e-02
4.985771700739860535e-02
5.074431002140045166e-02
5.167396366596221924e-02
5.266025662422180176e-02
5.368169769644737244e-02
5.475188419222831726e-02
5.588564276695251465e-02
5.705855414271354675e-02
5.828493833541870117e-02
5.958301573991775513e-02
6.092337146401405334e-02
6.232301890850067139e-02
6.380097568035125732e-02
6.532496958971023560e-02
6.691267341375350952e-02
6.858590245246887207e-02
7.030741870403289795e-02
7.209699600934982300e-02
7.397723197937011719e-02
7.590709626674652100e-02
7.790698111057281494e-02
8.000248670578002930e-02
8.214536309242248535e-02
8.435861766338348389e-02
8.666854351758956909e-02
8.902091532945632935e-02
9.144113957881927490e-02
9.395604580640792847e-02
9.650497138500213623e-02
9.911318868398666382e-02
1.017772257328033447e-01
1.045255735516548157e-01
1.072894036769866943e-01
1.100940555334091187e-01
1.129686310887336731e-01
1.158386394381523132e-01
1.187286227941513062e-01
1.216677203774452209e-01
1.245773732662200928e-01
1.274787783622741699e-01
1.303483098745346069e-01
1.331625133752822876e-01
1.359473466873168945e-01
1.387271434068679810e-01
1.414240002632141113e-01
1.440652608871459961e-01
1.466712802648544312e-01
1.491710692644119263e-01
1.515874564647674561e-01
1.539418995380401611e-01
1.561676263809204102e-01
1.582875400781631470e-01
1.603221595287322998e-01
1.622126400470733643e-01
1.639814376831054688e-01
1.656443774700164795e-01
1.671570986509323120e-01
1.685548871755599976e-01
1.698012650012969971e-01
1.709145605564117432e-01
1.719061285257339478e-01
1.727522015571594238e-01
1.734761446714401245e-01
1.740612536668777466e-01
1.745197921991348267e-01
1.748613119125366211e-01
1.750789433717727661e-01
1.751839518547058105e-01
1.751771867275238037e-01
1.750651299953460693e-01
1.748533248901367188e-01
1.745478957891464233e-01
1.741543412208557129e-01
1.736732572317123413e-01
1.731190532445907593e-01
1.724869608879089355e-01
1.717941015958786011e-01
1.710404008626937866e-01
1.702219843864440918e-01
1.693613529205322266e-01
1.684450954198837280e-01
1.674962043762207031e-01
1.665116250514984131e-01
1.654824912548065186e-01
1.644364297389984131e-01
1.633528321981430054e-01
1.622593402862548828e-01
1.611488014459609985e-01
1.600101739168167114e-01
1.588727235794067383e-01
1.577118337154388428e-01
1.565579771995544434e-01
1.553996652364730835e-01
1.542257219552993774e-01
1.530639231204986572e-01
1.518904268741607666e-01
1.507337242364883423e-01
1.495812237262725830e-01
1.484202891588211060e-01
1.472806185483932495e-01
1.461488455533981323e-01
1.450127810239791870e-01
1.438998430967330933e-01
1.427840143442153931e-01
1.416927874088287354e-01
1.406135708093643188e-01
1.395343542098999023e-01
1.384795904159545898e-01
1.374264955520629883e-01
1.363991647958755493e-01
1.353854835033416748e-01
1.343733668327331543e-01
1.333877295255661011e-01
1.324050724506378174e-01
1.314478218555450439e-01
1.305045485496520996e-01
1.295652687549591064e-01
1.286512166261672974e-01
1.277408152818679810e-01
1.268553286790847778e-01
1.259835511445999146e-01
1.251159608364105225e-01
1.242728382349014282e-01
1.234336718916893005e-01
1.226171702146530151e-01
1.218149960041046143e-01
1.210166737437248230e-01
1.202409788966178894e-01
1.194776147603988647e-01
1.187189295887947083e-01
1.179818809032440186e-01
1.172482818365097046e-01
1.165354400873184204e-01
1.158348545432090759e-01
1.151381582021713257e-01
1.144611388444900513e-01
1.137874424457550049e-01
1.131333559751510620e-01
1.124825552105903625e-01
1.118505299091339111e-01
1.112215369939804077e-01
1.106100901961326599e-01
1.100021079182624817e-01
1.094116419553756714e-01
1.088240072131156921e-01
1.082523912191390991e-01
1.076843887567520142e-01
1.071319580078125000e-01
1.065891310572624207e-01
1.060479879379272461e-01
1.055227890610694885e-01
1.050001308321952820e-01
1.044987365603446960e-01
1.040011122822761536e-01
1.035167723894119263e-01
1.030347049236297607e-01
1.025659516453742981e-01
1.020987778902053833e-01
1.016444489359855652e-01
1.011920198798179626e-01
1.007515639066696167e-01
1.003122329711914062e-01
9.988522529602050781e-02
9.946466237306594849e-02
9.904535859823226929e-02
9.863741695880889893e-02
9.823069721460342407e-02
9.783478081226348877e-02
9.744042903184890747e-02
9.705583006143569946e-02
9.667263180017471313e-02
9.629966318607330322e-02
9.592765569686889648e-02
9.556542336940765381e-02
9.520407766103744507e-02
9.485226869583129883e-02
9.450121968984603882e-02
9.415925294160842896e-02
9.382222592830657959e-02
9.348580986261367798e-02
9.315816313028335571e-02
9.283110499382019043e-02
9.251253306865692139e-02
9.219443798065185547e-02
9.188459068536758423e-02
9.157513827085494995e-02
9.127365797758102417e-02
9.097259491682052612e-02
9.067916870117187500e-02
9.038614481687545776e-02
9.010052680969238281e-02
8.981521427631378174e-02
8.953677117824554443e-02
8.926224708557128906e-02
8.898831903934478760e-02
8.872094750404357910e-02
8.845369517803192139e-02
8.819314837455749512e-02
8.793278038501739502e-02
8.767881244421005249e-02
8.742462843656539917e-02
8.717704564332962036e-02
8.692953735589981079e-02
8.668839931488037109e-02
8.644701540470123291e-02
8.621150255203247070e-02
8.597596734762191772e-02
8.574615418910980225e-02
8.551882952451705933e-02
8.529178053140640259e-02
8.507015556097030640e-02
8.484850078821182251e-02
8.463246375322341919e-02
8.441601693630218506e-02
8.420474082231521606e-02
8.399305492639541626e-02
8.378664404153823853e-02
8.358015865087509155e-02
8.337850123643875122e-02
8.317668735980987549e-02
8.297995477914810181e-02
8.278272300958633423e-02
8.259008824825286865e-02
8.239697664976119995e-02
8.220861852169036865e-02
8.202008157968521118e-02
8.183360844850540161e-02
8.165145665407180786e-02
8.146907389163970947e-02
8.129118382930755615e-02
8.111273497343063354e-02
8.093809336423873901e-02
8.076346665620803833e-02
8.059278875589370728e-02
8.042185753583908081e-02
8.025478571653366089e-02
8.008740842342376709e-02
7.992183417081832886e-02
7.976000756025314331e-02
7.959782332181930542e-02
7.943926006555557251e-02
7.928041368722915649e-02
7.912506908178329468e-02
7.896942645311355591e-02
7.881723344326019287e-02
7.866472750902175903e-02
7.851528376340866089e-02
7.836610078811645508e-02
7.821810990571975708e-02
7.807331532239913940e-02
7.792821526527404785e-02
7.778625190258026123e-02
7.764394581317901611e-02
7.750473171472549438e-02
7.736491411924362183e-02
7.722835987806320190e-02
7.709174603223800659e-02
7.695777714252471924e-02
7.682342827320098877e-02
7.669033855199813843e-02
7.656010985374450684e-02
7.642926275730133057e-02
7.630143314599990845e-02
7.617322355508804321e-02
7.604804635047912598e-02
7.592217624187469482e-02
7.579895853996276855e-02
7.567535340785980225e-02
7.555287331342697144e-02
7.543271034955978394e-02
7.531239837408065796e-02
7.519461214542388916e-02
7.507641613483428955e-02
7.496100664138793945e-02
7.484417408704757690e-02
7.472914457321166992e-02
7.461316138505935669e-02
7.449980080127716064e-02
7.438592612743377686e-02
7.427304983139038086e-02
7.416211813688278198e-02
7.405128329992294312e-02
7.394212484359741211e-02
7.383283227682113647e-02
7.372561097145080566e-02
7.361803203821182251e-02
7.351258397102355957e-02
7.340660691261291504e-02
7.330278307199478149e-02
7.319822907447814941e-02
7.309500873088836670e-02
7.299327105283737183e-02
7.289140671491622925e-02
7.279142737388610840e-02
7.269109785556793213e-02
7.259240746498107910e-02
7.249379903078079224e-02
7.239657640457153320e-02
7.229942828416824341e-02
7.220363616943359375e-02
7.210771739482879639e-02
7.201241701841354370e-02
7.191900908946990967e-02
7.182517647743225098e-02
7.173302769660949707e-02
7.164054363965988159e-02
7.154951244592666626e-02
7.145855575799942017e-02
7.136774808168411255e-02
7.127893716096878052e-02
7.118960469961166382e-02
7.110203802585601807e-02
7.101374119520187378e-02
7.092657685279846191e-02
7.084052264690399170e-02
7.075434923171997070e-02
7.066867500543594360e-02
7.058468461036682129e-02
7.050026953220367432e-02
7.041633874177932739e-02
7.033403217792510986e-02
7.025101780891418457e-02
7.017002999782562256e-02
7.008811831474304199e-02
7.000704854726791382e-02
6.992735713720321655e-02
6.984735280275344849e-02
6.976757943630218506e-02
6.968973577022552490e-02
6.961099803447723389e-02
6.953396648168563843e-02
6.945642083883285522e-02
6.937948614358901978e-02
6.930392235517501831e-02
6.922786682844161987e-02
6.915238499641418457e-02
6.907795369625091553e-02
6.900361925363540649e-02
6.892925500869750977e-02
6.885650753974914551e-02
6.878326088190078735e-02
6.871140748262405396e-02
6.863886117935180664e-02
6.856724619865417480e-02
6.849641352891921997e-02
6.842547655105590820e-02
6.835487484931945801e-02
6.828560680150985718e-02
6.821594387292861938e-02
6.814739108085632324e-02
6.807857006788253784e-02
6.800984591245651245e-02
6.794279813766479492e-02
6.787489354610443115e-02
6.780766695737838745e-02
6.774150580167770386e-02
6.767506152391433716e-02
6.760871410369873047e-02
6.754397600889205933e-02
6.747838854789733887e-02
6.741420924663543701e-02
6.734953820705413818e-02
6.728535145521163940e-02
6.722214818000793457e-02
6.715867668390274048e-02
6.709556281566619873e-02
6.703341007232666016e-02
6.697099655866622925e-02
6.690935045480728149e-02
6.684780865907669067e-02
6.678613275289535522e-02
6.672577559947967529e-02
6.666494905948638916e-02
6.660456210374832153e-02
6.654489785432815552e-02
6.648533046245574951e-02
6.642562896013259888e-02
6.636719405651092529e-02
6.630830466747283936e-02
6.625049561262130737e-02
6.619232892990112305e-02
6.613435596227645874e-02
6.607744842767715454e-02
6.601990759372711182e-02
6.596311926841735840e-02
6.590681523084640503e-02
6.585044413805007935e-02
6.579425185918807983e-02
6.573908776044845581e-02
6.568329036235809326e-02
6.562885642051696777e-02
6.557362526655197144e-02
6.551895290613174438e-02
6.546505540609359741e-02
6.541092693805694580e-02
6.535706669092178345e-02
6.530397385358810425e-02
6.525065004825592041e-02
6.519730389118194580e-02
6.514526158571243286e-02
6.509244441986083984e-02
6.504015624523162842e-02
6.498801708221435547e-02
6.493681669235229492e-02
6.488500535488128662e-02
6.483388692140579224e-02
6.478314101696014404e-02
6.473234295845031738e-02
6.467935442924499512e-02
6.460670381784439087e-02
6.453444063663482666e-02
6.446235626935958862e-02
6.439038366079330444e-02
6.431911885738372803e-02
6.424770504236221313e-02
6.417645514011383057e-02
6.410558521747589111e-02
6.403540819883346558e-02
6.396507471799850464e-02
6.389490514993667603e-02
6.382510066032409668e-02
6.375624984502792358e-02
6.368669867515563965e-02
6.361784040927886963e-02
6.354931741952896118e-02
6.348097324371337891e-02
6.341245025396347046e-02
6.334460526704788208e-02
6.327708065509796143e-02
6.320973485708236694e-02
6.314219534397125244e-02
6.307583302259445190e-02
6.300905346870422363e-02
6.294240802526473999e-02
6.287611275911331177e-02
6.281042098999023438e-02
6.274458765983581543e-02
6.267888098955154419e-02
6.261352449655532837e-02
6.254874914884567261e-02
6.248384341597557068e-02
6.241932511329650879e-02
6.235506758093833923e-02
6.229099258780479431e-02
6.222671270370483398e-02
6.216308102011680603e-02
6.209969893097877502e-02
6.203650310635566711e-02
6.197309866547584534e-02
6.191077828407287598e-02
6.184779852628707886e-02
6.178545579314231873e-02
6.172316521406173706e-02
6.166141107678413391e-02
6.159953400492668152e-02
