6.902313828468322754e-01
6.900224685668945312e-01
6.898044347763061523e-01
6.895753741264343262e-01
6.893372535705566406e-01
6.891727447509765625e-01
6.890218853950500488e-01
6.888592839241027832e-01
6.886831521987915039e-01
6.884891986846923828e-01
6.886405348777770996e-01
6.889688372611999512e-01
6.892627477645874023e-01
6.895228028297424316e-01
6.897523999214172363e-01
6.900653839111328125e-01
6.905547380447387695e-01
6.909992694854736328e-01
6.913999915122985840e-01
6.917663812637329102e-01
6.921117305755615234e-01
6.923837661743164062e-01
6.926624774932861328e-01
6.929687261581420898e-01
6.933152079582214355e-01
6.937106847763061523e-01
6.942127346992492676e-01
6.948894858360290527e-01
6.956110596656799316e-01
6.963672041893005371e-01
6.971455812454223633e-01
6.979332566261291504e-01
6.986226439476013184e-01
6.992136836051940918e-01
6.997867226600646973e-01
7.003366351127624512e-01
7.008618116378784180e-01
7.013609409332275391e-01
7.016983628273010254e-01
7.019043564796447754e-01
7.020866870880126953e-01
7.022451162338256836e-01
7.023800611495971680e-01
7.024977207183837891e-01
7.025980949401855469e-01
7.026805877685546875e-01
7.027519345283508301e-01
7.028131484985351562e-01
7.028654217720031738e-01
7.029107809066772461e-01
7.029287815093994141e-01
7.026250958442687988e-01
7.023159265518188477e-01
7.020041942596435547e-01
7.016897201538085938e-01
7.013749480247497559e-01
7.010595202445983887e-01
7.008005976676940918e-01
7.005971074104309082e-01
7.003957033157348633e-01
7.001969814300537109e-01
7.000011205673217773e-01
6.998100280761718750e-01
6.996263861656188965e-01
6.993695497512817383e-01
6.990721821784973145e-01
6.987625956535339355e-01
6.984607577323913574e-01
6.981695294380187988e-01
6.978884935379028320e-01
6.976199150085449219e-01
6.972630620002746582e-01
6.968831419944763184e-01
6.965194344520568848e-01
6.961734294891357422e-01
6.958467364311218262e-01
6.955413222312927246e-01
6.952590346336364746e-01
6.950010657310485840e-01
6.947530508041381836e-01
6.944675445556640625e-01
6.941026449203491211e-01
6.937347650527954102e-01
6.934090852737426758e-01
6.930990815162658691e-01
6.927924156188964844e-01
6.924847960472106934e-01
6.921676993370056152e-01
6.918361186981201172e-01
6.914904713630676270e-01
6.911283731460571289e-01
6.907517313957214355e-01
6.903591752052307129e-01
6.898999810218811035e-01
6.892321705818176270e-01
6.885517835617065430e-01
6.878602504730224609e-01
6.871590018272399902e-01
6.864492297172546387e-01
6.857326626777648926e-01
6.850107312202453613e-01
6.843236684799194336e-01
6.838302612304687500e-01
6.833367347717285156e-01
6.828426718711853027e-01
6.823507547378540039e-01
6.818606853485107422e-01
6.813741326332092285e-01
6.808932423591613770e-01
6.804170608520507812e-01
6.797790527343750000e-01
6.791086196899414062e-01
6.784454584121704102e-01
6.777913570404052734e-01
6.771448254585266113e-01
6.765075325965881348e-01
6.758804321289062500e-01
6.752624511718750000e-01
6.746675372123718262e-01
6.741545200347900391e-01
6.736523509025573730e-01
6.731590032577514648e-01
6.726751923561096191e-01
6.721988916397094727e-01
6.717302799224853516e-01
6.712673306465148926e-01
6.708080172538757324e-01
6.703709959983825684e-01
6.700388789176940918e-01
6.697062253952026367e-01
6.693719625473022461e-01
6.690344810485839844e-01
6.686938405036926270e-01
6.683475971221923828e-01
6.679962873458862305e-01
6.676397919654846191e-01
6.672784686088562012e-01
6.667470932006835938e-01
6.661723852157592773e-01
6.655953526496887207e-01
6.650159358978271484e-01
6.644376516342163086e-01
6.638605594635009766e-01
6.632854342460632324e-01
6.627147793769836426e-01
6.621482372283935547e-01
6.615942120552062988e-01
6.611209511756896973e-01
6.606532335281372070e-01
6.601928472518920898e-01
6.596139669418334961e-01
6.591693758964538574e-01
6.587303876876831055e-01
6.582940220832824707e-01
6.578611135482788086e-01
6.574296355247497559e-01
6.569980382919311523e-01
6.567495465278625488e-01
6.565074324607849121e-01
6.562628149986267090e-01
6.560152769088745117e-01
6.557652354240417480e-01
6.555100083351135254e-01
6.552506685256958008e-01
6.549866199493408203e-01
6.547181606292724609e-01
6.544457077980041504e-01
6.542037725448608398e-01
6.540058851242065430e-01
6.538047194480895996e-01
6.536003947257995605e-01
6.533929705619812012e-01
6.531825065612792969e-01
6.529685258865356445e-01
6.527510285377502441e-01
6.525298357009887695e-01
6.523048877716064453e-01
6.520761847496032715e-01
6.518523097038269043e-01
6.516364216804504395e-01
6.514171957969665527e-01
6.511954665184020996e-01
6.509711146354675293e-01
6.507453322410583496e-01
6.505183577537536621e-01
6.502910256385803223e-01
6.500642895698547363e-01
6.498389244079589844e-01
6.496159434318542480e-01
6.493962407112121582e-01
6.491478681564331055e-01
6.489034891128540039e-01
6.486641168594360352e-01
6.484317779541015625e-01
6.482056379318237305e-01
6.479876041412353516e-01
6.477764248847961426e-01
6.475738286972045898e-01
6.473782062530517578e-01
6.471911668777465820e-01
6.470108032226562500e-01
6.468386054039001465e-01
6.466252207756042480e-01
6.464168429374694824e-01
6.462143063545227051e-01
6.460178494453430176e-01
6.458253264427185059e-01
6.456366181373596191e-01
6.454525589942932129e-01
6.452705860137939453e-01
6.450910568237304688e-01
6.449134349822998047e-01
6.447380185127258301e-01
6.445625424385070801e-01
6.442482471466064453e-01
6.437650918960571289e-01
6.432816386222839355e-01
6.427977681159973145e-01
6.423128843307495117e-01
6.418282985687255859e-01
6.413418054580688477e-01
6.408544778823852539e-01
6.403664946556091309e-01
6.398776769638061523e-01
6.393895149230957031e-01
6.389002203941345215e-01
6.384115815162658691e-01
6.379946470260620117e-01
6.377095580101013184e-01
6.374309659004211426e-01
6.371584534645080566e-01
6.368960738182067871e-01
6.366436481475830078e-01
6.364054679870605469e-01
6.361820697784423828e-01
6.359786987304687500e-01
6.357969641685485840e-01
6.356437802314758301e-01
6.355227828025817871e-01
6.354435682296752930e-01
6.354136466979980469e-01
6.354935169219970703e-01
6.356825232505798340e-01
6.359779238700866699e-01
6.364182829856872559e-01
6.370641589164733887e-01
6.380236148834228516e-01
6.395149827003479004e-01
6.421372890472412109e-01
6.527276039123535156e-01
6.442192196846008301e-01
6.413488388061523438e-01
6.394348144531250000e-01
6.380183696746826172e-01
6.369187831878662109e-01
6.360309720039367676e-01
6.352653503417968750e-01
6.346301436424255371e-01
6.340973377227783203e-01
6.336503028869628906e-01
6.332727074623107910e-01
6.329558491706848145e-01
6.326900124549865723e-01
6.324675679206848145e-01
6.322855949401855469e-01
6.321378946304321289e-01
6.320238113403320312e-01
6.319390535354614258e-01
6.318845152854919434e-01
6.318581700325012207e-01
6.318577527999877930e-01
6.318776607513427734e-01
6.319255232810974121e-01
6.319982409477233887e-01
6.320931911468505859e-01
6.322090625762939453e-01
6.323509812355041504e-01
6.325157880783081055e-01
6.327001452445983887e-01
6.329002380371093750e-01
6.331147551536560059e-01
6.333383917808532715e-01
6.335704326629638672e-01
6.338087320327758789e-01
6.340502500534057617e-01
6.342930793762207031e-01
6.345493197441101074e-01
6.348553895950317383e-01
6.351577639579772949e-01
6.354570388793945312e-01
6.357503533363342285e-01
6.360391974449157715e-01
6.363206505775451660e-01
6.365965604782104492e-01
6.368645429611206055e-01
6.371263265609741211e-01
6.373800635337829590e-01
6.376275420188903809e-01
6.378672122955322266e-01
6.380999684333801270e-01
6.383271813392639160e-01
6.385473608970642090e-01
6.387628316879272461e-01
6.389957666397094727e-01
6.392498612403869629e-01
6.395006179809570312e-01
6.397468447685241699e-01
6.399902701377868652e-01
6.402323246002197266e-01
6.404719352722167969e-01
6.407108306884765625e-01
6.409503817558288574e-01
6.411898732185363770e-01
6.414304971694946289e-01
6.416728496551513672e-01
6.419187188148498535e-01
6.421668529510498047e-01
6.424186825752258301e-01
6.426755785942077637e-01
6.429361104965209961e-01
6.432017087936401367e-01
6.436588168144226074e-01
6.441562175750732422e-01
6.446579098701477051e-01
6.451639533042907715e-01
6.456744670867919922e-01
6.461883783340454102e-01
6.467073559761047363e-01
6.472300291061401367e-01
6.477560997009277344e-01
6.482855081558227539e-01
6.488173007965087891e-01
6.493511795997619629e-01
6.498854756355285645e-01
6.504212617874145508e-01
6.509568691253662109e-01
6.514916419982910156e-01
6.520242691040039062e-01
6.525539755821228027e-01
6.530891656875610352e-01
6.536546945571899414e-01
6.542146205902099609e-01
6.547663211822509766e-01
6.553096771240234375e-01
6.558431386947631836e-01
6.563656926155090332e-01
6.568763852119445801e-01
6.573739647865295410e-01
6.578572988510131836e-01
6.583254933357238770e-01
6.587773561477661133e-01
6.592120528221130371e-01
6.596286296844482422e-01
6.600262522697448730e-01
6.604048609733581543e-01
6.607623100280761719e-01
6.610988378524780273e-01
6.614135503768920898e-01
6.617064476013183594e-01
6.620371341705322266e-01
6.623972058296203613e-01
6.627346277236938477e-01
6.630499958992004395e-01
6.633428335189819336e-01
6.636143326759338379e-01
6.638638973236083984e-01
6.640930771827697754e-01
6.643013954162597656e-01
6.644901037216186523e-01
6.646606922149658203e-01
6.648127436637878418e-01
6.649486422538757324e-01
6.650687456130981445e-01
6.651741266250610352e-01
6.652653813362121582e-01
6.653450727462768555e-01
6.654138565063476562e-01
6.654729843139648438e-01
6.655237674713134766e-01
6.655677556991577148e-01
6.655768156051635742e-01
6.655692458152770996e-01
6.655603051185607910e-01
6.655497550964355469e-01
6.655405163764953613e-01
6.655322313308715820e-01
6.655277609825134277e-01
6.655266880989074707e-01
6.655319333076477051e-01
6.655428409576416016e-01
6.655622720718383789e-01
6.655895113945007324e-01
6.656273007392883301e-01
6.656748056411743164e-01
6.657346487045288086e-01
6.658065319061279297e-01
6.658915877342224121e-01
6.659899950027465820e-01
6.661029458045959473e-01
6.662302613258361816e-01
6.663732528686523438e-01
6.665312647819519043e-01
6.666817665100097656e-01
6.668335199356079102e-01
6.670003533363342285e-01
6.671832203865051270e-01
6.673829555511474609e-01
6.675977110862731934e-01
6.678286194801330566e-01
6.680759191513061523e-01
6.683382391929626465e-01
6.686158776283264160e-01
6.689093708992004395e-01
6.692169308662414551e-01
6.695386171340942383e-01
6.698755025863647461e-01
6.702246069908142090e-01
6.705872416496276855e-01
6.709624528884887695e-01
6.713488698005676270e-01
6.717470288276672363e-01
6.721550822257995605e-01
6.725728511810302734e-01
6.730006337165832520e-01
6.734359264373779297e-01
6.738440394401550293e-01
6.740131974220275879e-01
6.741893291473388672e-01
6.743701696395874023e-01
6.745557188987731934e-01
6.747451424598693848e-01
6.749377846717834473e-01
6.751329302787780762e-01
6.753295063972473145e-01
6.755269765853881836e-01
6.757243871688842773e-01
6.759210228919982910e-01
6.761160492897033691e-01
6.763088107109069824e-01
6.764982938766479492e-01
6.766839027404785156e-01
6.768640875816345215e-01
6.770395040512084961e-01
6.772087812423706055e-01
6.773702502250671387e-01
6.775249838829040527e-01
6.776713728904724121e-01
6.778082251548767090e-01
6.779361367225646973e-01
6.780537962913513184e-01
6.781559586524963379e-01
6.782184243202209473e-01
6.782693266868591309e-01
6.783075332641601562e-01
6.783338189125061035e-01
6.783470511436462402e-01
6.783464550971984863e-01
6.783326268196105957e-01
6.783042550086975098e-01
6.782619357109069824e-01
6.782050728797912598e-01
6.781330704689025879e-01
6.780456900596618652e-01
6.779439449310302734e-01
6.778268814086914062e-01
6.776948571205139160e-01
6.775476932525634766e-01
6.773852705955505371e-01
6.772078871726989746e-01
6.770155429840087891e-01
6.768085360527038574e-01
6.765871047973632812e-01
6.763511896133422852e-01
6.761013865470886230e-01
6.758379340171813965e-01
6.755608320236206055e-01
6.752709150314331055e-01
6.749759316444396973e-01
6.746765375137329102e-01
6.743656396865844727e-01
6.740429401397705078e-01
6.737102270126342773e-01
6.733658313751220703e-01
6.730127334594726562e-01
6.726494431495666504e-01
6.722774505615234375e-01
6.718968152999877930e-01
6.715082526206970215e-01
6.711129546165466309e-01
6.707095503807067871e-01
6.703011393547058105e-01
6.698861718177795410e-01
6.694660186767578125e-01
6.690408587455749512e-01
6.686120629310607910e-01
6.681786179542541504e-01
6.677426695823669434e-01
6.673029065132141113e-01
6.668614149093627930e-01
6.664170026779174805e-01
6.659717559814453125e-01
6.655243039131164551e-01
6.650766134262084961e-01
6.646276116371154785e-01
6.641790270805358887e-01
6.637303233146667480e-01
6.631640195846557617e-01
6.625939011573791504e-01
6.620244383811950684e-01
6.614549756050109863e-01
6.608873009681701660e-01
6.603207588195800781e-01
6.597556471824645996e-01
6.591912508010864258e-01
6.586292386054992676e-01
6.580690145492553711e-01
6.575105190277099609e-01
6.569539308547973633e-01
6.563984155654907227e-01
6.558455824851989746e-01
6.552947163581848145e-01
6.547456979751586914e-01
6.541989445686340332e-01
6.536527276039123535e-01
6.531091332435607910e-01
6.525674462318420410e-01
6.520270109176635742e-01
6.514872312545776367e-01
6.509499549865722656e-01
6.504134535789489746e-01
6.498781442642211914e-01
6.493437886238098145e-01
6.488097310066223145e-01
6.482768654823303223e-01
6.477445363998413086e-01
6.472129225730895996e-01
6.466891169548034668e-01
6.461772918701171875e-01
6.456650495529174805e-01
6.451531052589416504e-01
6.446409225463867188e-01
6.441279053688049316e-01
6.436148881912231445e-01
6.431004405021667480e-01
6.425864696502685547e-01
6.420713663101196289e-01
6.415545344352722168e-01
6.410376429557800293e-01
6.405200362205505371e-01
6.400005817413330078e-01
6.394805312156677246e-01
6.389588713645935059e-01
6.384365558624267578e-01
6.379135251045227051e-01
6.373881697654724121e-01
6.368628740310668945e-01
6.363366246223449707e-01
6.358081102371215820e-01
6.352798342704772949e-01
6.347495317459106445e-01
6.342196464538574219e-01
6.336886882781982422e-01
6.331566572189331055e-01
6.326246261596679688e-01
6.320926547050476074e-01
6.315597295761108398e-01
6.310270428657531738e-01
6.304941177368164062e-01
6.299617886543273926e-01
6.293528676033020020e-01
6.286982297897338867e-01
6.280434727668762207e-01
6.273901462554931641e-01
6.267369389533996582e-01
6.260843276977539062e-01
6.254331469535827637e-01
6.247836947441101074e-01
6.241349577903747559e-01
6.234883069992065430e-01
6.228440999984741211e-01
6.222019791603088379e-01
6.215614676475524902e-01
6.209244132041931152e-01
6.202898025512695312e-01
6.196578741073608398e-01
6.190301179885864258e-01
6.184058785438537598e-01
6.177854537963867188e-01
6.171678304672241211e-01
6.165556311607360840e-01
6.159479022026062012e-01
6.153440475463867188e-01
6.147459745407104492e-01
6.141527891159057617e-01
6.135652065277099609e-01
6.129823923110961914e-01
6.124061942100524902e-01
6.118360757827758789e-01
6.112710833549499512e-01
6.107136011123657227e-01
6.101627349853515625e-01
6.096187829971313477e-01
6.090809106826782227e-01
6.085512042045593262e-01
6.080541610717773438e-01
6.076222062110900879e-01
6.071975231170654297e-01
6.067822575569152832e-01
6.063755750656127930e-01
6.059777736663818359e-01
6.055889129638671875e-01
6.052081584930419922e-01
6.048377156257629395e-01
6.044765114784240723e-01
6.041249632835388184e-01
6.037830114364624023e-01
6.034500598907470703e-01
6.031278371810913086e-01
6.028157472610473633e-01
6.025137305259704590e-01
6.022221446037292480e-01
6.019397974014282227e-01
6.016690135002136230e-01
6.014086604118347168e-01
6.011590957641601562e-01
6.009200811386108398e-01
6.006910800933837891e-01
6.004737019538879395e-01
6.002673506736755371e-01
6.000717878341674805e-01
5.998874306678771973e-01
5.997129678726196289e-01
5.995506644248962402e-01
5.993992686271667480e-01
5.992590785026550293e-01
5.991297960281372070e-01
5.990108251571655273e-01
5.989036560058593750e-01
5.988076925277709961e-01
5.987225174903869629e-01
5.986459851264953613e-01
5.985825061798095703e-01
5.985007882118225098e-01
5.982770919799804688e-01
5.980651378631591797e-01
5.978658199310302734e-01
5.976754426956176758e-01
5.974983572959899902e-01
5.973327755928039551e-01
5.975959897041320801e-01
5.974627733230590820e-01
5.973384380340576172e-01
5.972269177436828613e-01
5.971257686614990234e-01
5.970358848571777344e-01
5.969551801681518555e-01
5.968843102455139160e-01
5.968206524848937988e-01
5.967684984207153320e-01
5.967253446578979492e-01
5.966908335685729980e-01
5.966644883155822754e-01
5.966460704803466797e-01
5.966334342956542969e-01
5.966295599937438965e-01
5.966321825981140137e-01
5.966408848762512207e-01
5.966552495956420898e-01
5.966720581054687500e-01
5.966959595680236816e-01
5.967239141464233398e-01
5.967524051666259766e-01
5.967872142791748047e-01
5.968231558799743652e-01
5.968579053878784180e-01
5.968959331512451172e-01
5.969339013099670410e-01
5.969684720039367676e-01
5.970039963722229004e-01
5.970372557640075684e-01
5.970647335052490234e-01
5.970917344093322754e-01
5.971128344535827637e-01
5.971257686614990234e-01
5.972865223884582520e-01
5.974693298339843750e-01
5.976396799087524414e-01
5.978010892868041992e-01
5.979498624801635742e-01
5.980833768844604492e-01
5.982046723365783691e-01
5.983108878135681152e-01
5.983986854553222656e-01
5.984715819358825684e-01
5.985261201858520508e-01
5.985601544380187988e-01
5.985757112503051758e-01
5.985707640647888184e-01
5.985425114631652832e-01
5.984934568405151367e-01
5.984196662902832031e-01
5.983233451843261719e-01
5.982010960578918457e-01
5.980547666549682617e-01
5.978813171386718750e-01
5.976823568344116211e-01
5.974560379981994629e-01
5.972024798393249512e-01
5.969207882881164551e-01
5.966101884841918945e-01
5.962713360786437988e-01
5.959033370018005371e-01
5.955063700675964355e-01
5.950801968574523926e-01
5.946245789527893066e-01
5.941398739814758301e-01
5.936255455017089844e-01
5.930826067924499512e-01
5.925099253654479980e-01
5.919093489646911621e-01
5.912793278694152832e-01
5.906221270561218262e-01
5.899360775947570801e-01
5.892239809036254883e-01
5.884837508201599121e-01
5.877186059951782227e-01
5.869262814521789551e-01
5.861106514930725098e-01
5.852687954902648926e-01
5.844021439552307129e-01
5.835141539573669434e-01
5.826023221015930176e-01
5.816708207130432129e-01
5.807170867919921875e-01
5.797452926635742188e-01
5.787556171417236328e-01
5.777444839477539062e-01
5.767192840576171875e-01
5.756757259368896484e-01
5.746191740036010742e-01
5.735492110252380371e-01
5.724622011184692383e-01
5.713667273521423340e-01
5.702558159828186035e-01
5.691375732421875000e-01
5.680105686187744141e-01
5.668709278106689453e-01
5.657274723052978516e-01
5.645729899406433105e-01
5.634165406227111816e-01
5.622541904449462891e-01
5.610841512680053711e-01
5.599145889282226562e-01
5.587379932403564453e-01
5.575634837150573730e-01
5.563871860504150391e-01
5.552074313163757324e-01
5.540304183959960938e-01
5.528509020805358887e-01
5.516768097877502441e-01
5.505041480064392090e-01
5.493312478065490723e-01
5.481641292572021484e-01
5.469982624053955078e-01
5.458391904830932617e-01
5.446847081184387207e-01
5.435329079627990723e-01
5.423890352249145508e-01
5.412520766258239746e-01
5.401176214218139648e-01
5.389937758445739746e-01
5.378760695457458496e-01
5.367657542228698730e-01
5.356611609458923340e-01
5.345664620399475098e-01
5.334809422492980957e-01
5.324000120162963867e-01
5.313315391540527344e-01
5.303922295570373535e-01
5.294741988182067871e-01
5.285641551017761230e-01
5.276663899421691895e-01
5.267795324325561523e-01
5.258996486663818359e-01
5.250334143638610840e-01
5.241768956184387207e-01
5.233292579650878906e-01
5.224937796592712402e-01
5.216696858406066895e-01
5.208550691604614258e-01
5.200496315956115723e-01
5.192562937736511230e-01
5.184743404388427734e-01
5.176998376846313477e-01
5.169386863708496094e-01
5.161873102188110352e-01
5.154473781585693359e-01
5.147149562835693359e-01
5.139960050582885742e-01
5.132864117622375488e-01
5.125864744186401367e-01
5.118981003761291504e-01
5.112208724021911621e-01
5.105540156364440918e-01
5.098947286605834961e-01
5.092483162879943848e-01
5.086110234260559082e-01
5.079843997955322266e-01
5.073666572570800781e-01
5.067576169967651367e-01
5.061587691307067871e-01
5.055701136589050293e-01
5.049896836280822754e-01
5.044191479682922363e-01
5.038550496101379395e-01
5.033021569252014160e-01
5.027570128440856934e-01
5.022212862968444824e-01
5.016931295394897461e-01
5.011739134788513184e-01
5.006611347198486328e-01
5.001585483551025391e-01
4.996630251407623291e-01
4.991760551929473877e-01
4.986962378025054932e-01
4.982240498065948486e-01
4.977595210075378418e-01
4.973033666610717773e-01
4.968534409999847412e-01
4.964119493961334229e-01
4.959758818149566650e-01
4.955571293830871582e-01
4.951732158660888672e-01
4.947959482669830322e-01
4.944253265857696533e-01
4.940593242645263672e-01
4.937016069889068604e-01
4.933501780033111572e-01
4.930049479007720947e-01
4.926658272743225098e-01
4.923318326473236084e-01
4.920038580894470215e-01
4.916825294494628906e-01
4.913669228553771973e-01
4.910569787025451660e-01
4.907517135143280029e-01
4.904525578022003174e-01
4.901590347290039062e-01
4.898708164691925049e-01
4.895878434181213379e-01
4.893096089363098145e-01
4.890357255935668945e-01
4.887679517269134521e-01
4.885050654411315918e-01
4.882470369338989258e-01
4.879937767982482910e-01
4.877443611621856689e-01
4.875001311302185059e-01
4.872607290744781494e-01
4.870255887508392334e-01
4.867951273918151855e-01
4.865681529045104980e-01
4.863460659980773926e-01
4.861284792423248291e-01
4.859150648117065430e-01
4.857057929039001465e-01
4.855005741119384766e-01
4.852982163429260254e-01
4.851008951663970947e-01
4.849075675010681152e-01
4.847180843353271484e-01
4.845324456691741943e-01
4.843496978282928467e-01
4.841712713241577148e-01
4.839967787265777588e-01
4.838259518146514893e-01
4.836587309837341309e-01
4.834942519664764404e-01
4.833338260650634766e-01
4.831772148609161377e-01
4.830240607261657715e-01
4.828743636608123779e-01
4.827271997928619385e-01
4.825839996337890625e-01
4.824444353580474854e-01
4.823082089424133301e-01
4.821752905845642090e-01
4.820456504821777344e-01
4.819184243679046631e-01
4.817950427532196045e-01
4.816847741603851318e-01
4.816172719001770020e-01
4.815531671047210693e-01
4.814919233322143555e-01
4.814340770244598389e-01
4.813793599605560303e-01
4.813274443149566650e-01
4.812789261341094971e-01
4.812331795692443848e-01
4.811899960041046143e-01
4.811504483222961426e-01
4.811145365238189697e-01
4.810811579227447510e-01
4.810511469841003418e-01
4.810239374637603760e-01
4.810001254081726074e-01
4.809790551662445068e-01
4.809614121913909912e-01
4.809465408325195312e-01
4.809342622756958008e-01
4.809256196022033691e-01
4.809203743934631348e-01
4.809179306030273438e-01
4.809189140796661377e-01
4.809230268001556396e-01
4.809300005435943604e-01
4.809051454067230225e-01
4.808805584907531738e-01
4.808582961559295654e-01
4.808391630649566650e-01
4.808240532875061035e-01
4.808112382888793945e-01
4.808016121387481689e-01
4.807960093021392822e-01
4.807927310466766357e-01
4.807926714420318604e-01
4.807957410812377930e-01
4.808028638362884521e-01
4.808123707771301270e-01
4.808250367641448975e-01
4.808417558670043945e-01
4.808607995510101318e-01
4.808830916881561279e-01
4.809093773365020752e-01
4.809379875659942627e-01
4.809698164463043213e-01
4.810056388378143311e-01
4.810438156127929688e-01
4.810851514339447021e-01
4.811304509639739990e-01
4.811781048774719238e-01
4.812288582324981689e-01
4.813356101512908936e-01
4.814891517162322998e-01
4.816456437110900879e-01
4.818051457405090332e-01
4.819684624671936035e-01
4.821338355541229248e-01
4.823022186756134033e-01
4.824726283550262451e-01
4.826467931270599365e-01
4.828246533870697021e-01
4.830045104026794434e-01
4.831872582435607910e-01
4.833728075027465820e-01
4.835619628429412842e-01
4.837530851364135742e-01
4.839469492435455322e-01
4.841435551643371582e-01
4.843428432941436768e-01
4.845456779003143311e-01
4.847503602504730225e-01
4.849576354026794434e-01
4.851675629615783691e-01
4.853808879852294922e-01
4.855960011482238770e-01
4.858136773109436035e-01
4.860338270664215088e-01
4.862554669380187988e-01
4.864808320999145508e-01
4.866998195648193359e-01
4.869212210178375244e-01
4.871458709239959717e-01
4.873721003532409668e-01
4.876010119915008545e-01
4.878319501876831055e-01
4.880652427673339844e-01
4.883016347885131836e-01
4.885395467281341553e-01
4.887797236442565918e-01
4.890221655368804932e-01
4.892676472663879395e-01
4.895145297050476074e-01
4.897628128528594971e-01
4.900141358375549316e-01
4.902684092521667480e-01
4.905240535736083984e-01
4.907818436622619629e-01
4.910417795181274414e-01
4.913046658039093018e-01
4.915688037872314453e-01
4.918353855609893799e-01
4.921036958694458008e-01
4.923749566078186035e-01
4.926474094390869141e-01
4.929218888282775879e-01
4.931984841823577881e-01
4.934766292572021484e-01
4.937816858291625977e-01
4.941271245479583740e-01
4.944753050804138184e-01
4.948243200778961182e-01
4.951764047145843506e-01
4.955295920372009277e-01
4.958846867084503174e-01
4.962424635887145996e-01
4.966000914573669434e-01
4.969613254070281982e-01
4.973239302635192871e-01
4.976884126663208008e-01
4.980554878711700439e-01
4.984236359596252441e-01
4.987936019897460938e-01
4.991657733917236328e-01
4.995393455028533936e-01
4.999153912067413330e-01
5.002910494804382324e-01
5.006698369979858398e-01
5.010511279106140137e-01
5.014330744743347168e-01
5.018177628517150879e-01
5.022033452987670898e-01
5.025906562805175781e-01
5.029803514480590820e-01
5.033709406852722168e-01
5.037621855735778809e-01
5.041559934616088867e-01
5.045514106750488281e-01
5.049462914466857910e-01
5.053389668464660645e-01
5.057330727577209473e-01
5.061288475990295410e-01
5.065257549285888672e-01
5.069239139556884766e-01
5.073220133781433105e-01
5.077224373817443848e-01
5.081245899200439453e-01
5.085280537605285645e-01
5.089331269264221191e-01
5.093391537666320801e-01
5.097463726997375488e-01
5.101551413536071777e-01
5.105631947517395020e-01
5.109740495681762695e-01
5.113854408264160156e-01
5.117985606193542480e-01
5.122127532958984375e-01
5.126280784606933594e-01
5.130447745323181152e-01
5.134606361389160156e-01
5.138791203498840332e-01
5.142989158630371094e-01
5.147194266319274902e-01
5.151409506797790527e-01
5.155628323554992676e-01
5.159862637519836426e-01
5.164089202880859375e-01
5.168344974517822266e-01
5.172606110572814941e-01
5.176956057548522949e-01
5.181797742843627930e-01
5.186648368835449219e-01
5.191501379013061523e-01
5.196352601051330566e-01
5.201219916343688965e-01
5.206089019775390625e-01
5.210962891578674316e-01
5.215844511985778809e-01
5.220736265182495117e-01
5.225623250007629395e-01
5.230501294136047363e-01
5.235396027565002441e-01
5.240293741226196289e-01
5.245207548141479492e-01
5.250111222267150879e-01
5.255022644996643066e-01
5.258782505989074707e-01
5.262456536293029785e-01
5.266148447990417480e-01
5.269830226898193359e-01
5.273499488830566406e-01
5.277172923088073730e-01
5.280839204788208008e-01
5.284497141838073730e-01
5.288135409355163574e-01
5.291785597801208496e-01
5.295420885086059570e-01
5.299057364463806152e-01
5.302692055702209473e-01
5.306316018104553223e-01
5.309906005859375000e-01
5.313515067100524902e-01
5.317112207412719727e-01
5.320704579353332520e-01
5.324274301528930664e-01
5.327829122543334961e-01
5.331344604492187500e-01
5.334857106208801270e-01
5.338347554206848145e-01
5.341820716857910156e-01
5.345278978347778320e-01
5.348712205886840820e-01
5.352112054824829102e-01
5.355504155158996582e-01
5.358870625495910645e-01
5.362218618392944336e-01
5.365549921989440918e-01
5.368853211402893066e-01
5.372117161750793457e-01
5.373107194900512695e-01
5.370764732360839844e-01
5.368372797966003418e-01
5.365915298461914062e-01
5.363406538963317871e-01
5.360819697380065918e-01
5.358192920684814453e-01
5.355508327484130859e-01
5.352754592895507812e-01
5.349948406219482422e-01
5.347074270248413086e-01
5.344130396842956543e-01
5.341142416000366211e-01
5.338089466094970703e-01
5.334977507591247559e-01
5.331795215606689453e-01
5.328558087348937988e-01
5.325154066085815430e-01
5.320055484771728516e-01
5.314931869506835938e-01
5.309764742851257324e-01
5.304549336433410645e-01
5.299310684204101562e-01
5.294002890586853027e-01
5.288681387901306152e-01
5.283319354057312012e-01
5.277921557426452637e-01
5.272486209869384766e-01
5.266993641853332520e-01
5.261482000350952148e-01
5.255924463272094727e-01
5.250344276428222656e-01
5.244711637496948242e-01
5.239040851593017578e-01
5.233342051506042480e-01
5.227578282356262207e-01
5.221717953681945801e-01
5.215869545936584473e-01
5.210003256797790527e-01
5.204126834869384766e-01
5.198265314102172852e-01
5.192402005195617676e-01
5.186538100242614746e-01
5.180666446685791016e-01
5.174784660339355469e-01
5.168928503990173340e-01
5.163057446479797363e-01
5.157195329666137695e-01
5.151335597038269043e-01
5.145459175109863281e-01
5.139603614807128906e-01
5.133743286132812500e-01
5.127902030944824219e-01
5.122187137603759766e-01
5.119180679321289062e-01
5.116170048713684082e-01
5.113186836242675781e-01
5.110233426094055176e-01
5.107288956642150879e-01
5.104353427886962891e-01
5.101422667503356934e-01
5.098528265953063965e-01
5.095642209053039551e-01
5.092781186103820801e-01
5.089931488037109375e-01
5.087105035781860352e-01
5.084280371665954590e-01
5.081483125686645508e-01
5.078712701797485352e-01
5.075969099998474121e-01
5.073228478431701660e-01
5.070496797561645508e-01
5.067794322967529297e-01
5.065121054649353027e-01
5.062467455863952637e-01
5.059825181961059570e-01
5.057193636894226074e-01
5.054602026939392090e-01
5.052022337913513184e-01
5.049473047256469727e-01
5.046936869621276855e-01
5.044410824775695801e-01
5.041934251785278320e-01
5.039463639259338379e-01
5.037024617195129395e-01
5.034608244895935059e-01
5.032186508178710938e-01
5.029816627502441406e-01
5.027469992637634277e-01
5.025138854980468750e-01
5.022839903831481934e-01
5.021017789840698242e-01
5.020670890808105469e-01
5.020352602005004883e-01
5.020039677619934082e-01
5.019762516021728516e-01
5.019479393959045410e-01
5.019236207008361816e-01
5.019016265869140625e-01
5.018815994262695312e-01
5.018637180328369141e-01
5.018461346626281738e-01
5.018325448036193848e-01
5.018211603164672852e-01
5.018128752708435059e-01
5.018052458763122559e-01
5.017991662025451660e-01
5.017966032028198242e-01
5.017961859703063965e-01
5.017984509468078613e-01
5.018025636672973633e-01
5.018089413642883301e-01
5.018158555030822754e-01
5.018267631530761719e-01
5.018400549888610840e-01
5.018565058708190918e-01
5.018737912178039551e-01
5.018927454948425293e-01
5.019152760505676270e-01
5.019401311874389648e-01
5.019677877426147461e-01
5.019972920417785645e-01
5.020271539688110352e-01
5.020623803138732910e-01
5.020985603332519531e-01
5.021377205848693848e-01
5.021800994873046875e-01
5.022214651107788086e-01
5.022687911987304688e-01
5.023176074028015137e-01
5.023688673973083496e-01
5.023638606071472168e-01
5.023092627525329590e-01
5.022560358047485352e-01
5.022051334381103516e-01
5.021576881408691406e-01
5.021094679832458496e-01
5.020669102668762207e-01
5.020258426666259766e-01
5.019871592521667480e-01
5.019520521163940430e-01
5.019161105155944824e-01
5.018860101699829102e-01
5.018579959869384766e-01
5.018318891525268555e-01
5.018094778060913086e-01
5.017864108085632324e-01
5.017690658569335938e-01
5.017535090446472168e-01
5.017405152320861816e-01
5.017312765121459961e-01
5.017212629318237305e-01
5.017172694206237793e-01
5.017151236534118652e-01
5.017156004905700684e-01
5.017198324203491211e-01
5.017235279083251953e-01
5.017332434654235840e-01
5.017448067665100098e-01
5.017591118812561035e-01
5.017776489257812500e-01
5.017952919006347656e-01
5.018190741539001465e-01
5.018447637557983398e-01
5.018743276596069336e-01
5.019058585166931152e-01
5.019378066062927246e-01
5.019761323928833008e-01
5.020163655281066895e-01
5.020605921745300293e-01
5.021067261695861816e-01
5.021535158157348633e-01
5.022065043449401855e-01
5.022799372673034668e-01
5.023661255836486816e-01
5.024546980857849121e-01
5.025443434715270996e-01
5.026408433914184570e-01
5.027399063110351562e-01
5.028434991836547852e-01
5.029494166374206543e-01
5.030574798583984375e-01
5.031704902648925781e-01
5.032880306243896484e-01
5.034081935882568359e-01
5.035328269004821777e-01
5.036574602127075195e-01
5.037890672683715820e-01
5.039234161376953125e-01
5.040624141693115234e-01
5.042037963867187500e-01
5.043463110923767090e-01
5.044958591461181641e-01
5.046481490135192871e-01
5.048049688339233398e-01
5.049643516540527344e-01
5.051257014274597168e-01
5.052924752235412598e-01
5.054636597633361816e-01
5.056375265121459961e-01
5.058159232139587402e-01
5.059944391250610352e-01
5.061801671981811523e-01
5.063685774803161621e-01
5.065614581108093262e-01
5.067570805549621582e-01
5.069546699523925781e-01
5.071576237678527832e-01
5.073640346527099609e-01
5.075750946998596191e-01
5.077888369560241699e-01
5.080044269561767578e-01
5.082254409790039062e-01
5.084509849548339844e-01
5.086790919303894043e-01
5.089118480682373047e-01
5.091444253921508789e-01
5.094014406204223633e-01
5.096747279167175293e-01
5.099512934684753418e-01
5.102326869964599609e-01
5.105149745941162109e-01
5.108032822608947754e-01
5.110963582992553711e-01
5.113924741744995117e-01
5.116933584213256836e-01
5.119980573654174805e-01
5.123028755187988281e-01
5.126151442527770996e-01
5.129304528236389160e-01
5.132504105567932129e-01
5.135739445686340332e-01
5.138975381851196289e-01
5.142285823822021484e-01
5.145632624626159668e-01
5.149006843566894531e-01
5.152425169944763184e-01
5.155842304229736328e-01
5.159332156181335449e-01
5.162857174873352051e-01
5.166407227516174316e-01
5.170000791549682617e-01
5.173590183258056641e-01
5.177251696586608887e-01
5.180944800376892090e-01
5.184662342071533203e-01
5.188421010971069336e-01
5.192174315452575684e-01
5.195996761322021484e-01
5.199847817420959473e-01
5.203723311424255371e-01
5.207635164260864258e-01
5.211548805236816406e-01
5.215510725975036621e-01
5.219509601593017578e-01
5.223528146743774414e-01
5.227582454681396484e-01
5.231663584709167480e-01
5.235732793807983398e-01
5.239864587783813477e-01
5.244014263153076172e-01
5.248194932937622070e-01
5.252399444580078125e-01
5.256623625755310059e-01
5.261337161064147949e-01
5.266069769859313965e-01
5.270827412605285645e-01
5.275593400001525879e-01
5.280352234840393066e-01
5.285147428512573242e-01
5.289964079856872559e-01
5.294785499572753906e-01
5.299618244171142578e-01
5.304440259933471680e-01
5.309292078018188477e-01
5.314162373542785645e-01
5.319030880928039551e-01
5.323913693428039551e-01
5.328794121742248535e-01
5.333651304244995117e-01
5.338546633720397949e-01
5.343436002731323242e-01
5.348334312438964844e-01
5.353224277496337891e-01
5.358086824417114258e-01
5.362979769706726074e-01
5.367861390113830566e-01
5.372746586799621582e-01
5.377616882324218750e-01
5.382487177848815918e-01
5.387313961982727051e-01
5.392156839370727539e-01
5.396996736526489258e-01
5.401814579963684082e-01
5.406627058982849121e-01
5.411388278007507324e-01
5.416165590286254883e-01
5.420919656753540039e-01
5.425651073455810547e-01
5.430369973182678223e-01
5.435057282447814941e-01
5.439701080322265625e-01
5.444338917732238770e-01
5.448948144912719727e-01
5.453535914421081543e-01
5.458084344863891602e-01
5.462585687637329102e-01
5.467067956924438477e-01
5.471521019935607910e-01
5.475933551788330078e-01
5.480304956436157227e-01
5.484642386436462402e-01
5.488909482955932617e-01
5.493496656417846680e-01
5.498086214065551758e-01
5.502619147300720215e-01
5.507085323333740234e-01
5.511474013328552246e-01
5.515820980072021484e-01
5.520098805427551270e-01
5.524314641952514648e-01
5.528462529182434082e-01
5.532535910606384277e-01
5.536524653434753418e-01
5.540458559989929199e-01
5.544314980506896973e-01
5.548098683357238770e-01
5.551801323890686035e-01
5.555427670478820801e-01
5.558957457542419434e-01
5.562418699264526367e-01
5.565798878669738770e-01
5.569093227386474609e-01
5.572296380996704102e-01
5.575414299964904785e-01
5.578429698944091797e-01
5.581362843513488770e-01
5.584205985069274902e-01
5.586953759193420410e-01
5.589601993560791016e-01
5.592155456542968750e-01
5.594595074653625488e-01
5.596947669982910156e-01
5.599197745323181152e-01
5.601341128349304199e-01
5.603381991386413574e-01
5.605314970016479492e-01
5.607129335403442383e-01
5.608844161033630371e-01
5.610448718070983887e-01
5.611937046051025391e-01
5.613314509391784668e-01
5.614576339721679688e-01
5.615713596343994141e-01
5.616741180419921875e-01
5.617645978927612305e-01
5.618432760238647461e-01
5.619097948074340820e-01
5.619637370109558105e-01
5.620053410530090332e-01
5.620345473289489746e-01
5.620508790016174316e-01
5.620546340942382812e-01
5.620454549789428711e-01
5.620230436325073242e-01
5.619899034500122070e-01
5.619439482688903809e-01
5.618847012519836426e-01
5.618125200271606445e-01
5.617266893386840820e-01
5.616275668144226074e-01
5.615155100822448730e-01
5.613893866539001465e-01
5.612494945526123047e-01
5.610957741737365723e-01
5.609283447265625000e-01
5.607472062110900879e-01
5.605527758598327637e-01
5.603435635566711426e-01
5.601202845573425293e-01
5.598828792572021484e-01
5.596312880516052246e-01
5.593652725219726562e-01
5.590853095054626465e-01
5.587923526763916016e-01
5.584834814071655273e-01
5.581604838371276855e-01
5.578227639198303223e-01
5.574707984924316406e-01
5.571043491363525391e-01
5.567232966423034668e-01
5.563297271728515625e-01
5.559195280075073242e-01
5.554952025413513184e-01
5.550561547279357910e-01
5.546022653579711914e-01
5.541340708732604980e-01
5.536511540412902832e-01
5.531563162803649902e-01
5.526445508003234863e-01
5.521181225776672363e-01
5.515772700309753418e-01
5.510216951370239258e-01
5.504519343376159668e-01
5.498678684234619141e-01
5.492717623710632324e-01
5.486587882041931152e-01
5.480310916900634766e-01
5.473896861076354980e-01
5.467337965965270996e-01
5.460633039474487305e-01
5.453792214393615723e-01
5.446843504905700684e-01
5.439714789390563965e-01
5.432451963424682617e-01
5.425046682357788086e-01
5.417504310607910156e-01
5.409825444221496582e-01
5.402006506919860840e-01
5.394091010093688965e-01
5.385939478874206543e-01
5.377599000930786133e-01
5.369121432304382324e-01
5.360503196716308594e-01
5.351747274398803711e-01
5.342860817909240723e-01
5.333882570266723633e-01
5.324726700782775879e-01
5.315439105033874512e-01
5.306016206741333008e-01
5.296466350555419922e-01
5.286788344383239746e-01
5.276980400085449219e-01
5.267091393470764160e-01
5.257030725479125977e-01
5.246840715408325195e-01
5.236530900001525879e-01
5.226095914840698242e-01
5.215542912483215332e-01
5.204868316650390625e-01
5.194117426872253418e-01
5.183206200599670410e-01
5.172176957130432129e-01
5.161031484603881836e-01
5.149774551391601562e-01
5.138403177261352539e-01
5.126914978027343750e-01
5.115320086479187012e-01
5.103619098663330078e-01
5.091866850852966309e-01
5.079951286315917969e-01
5.067926049232482910e-01
5.055804848670959473e-01
5.043582320213317871e-01
5.031254887580871582e-01
5.018834471702575684e-01
5.006315112113952637e-01
4.993690848350524902e-01
4.981042742729187012e-01
4.968243241310119629e-01
4.955347776412963867e-01
4.942366778850555420e-01
4.929289519786834717e-01
4.916135370731353760e-01
4.902891516685485840e-01
4.889568686485290527e-01
4.876227974891662598e-01
4.862739443778991699e-01
4.849169552326202393e-01
4.835529029369354248e-01
4.821810424327850342e-01
4.808024466037750244e-01
4.794163703918457031e-01
4.780225753784179688e-01
4.766223430633544922e-01
4.752223491668701172e-01
4.738095104694366455e-01
4.723895490169525146e-01
4.709641039371490479e-01
4.695440828800201416e-01
4.681223332881927490e-01
4.666955173015594482e-01
4.652632772922515869e-01
4.638261497020721436e-01
4.623911678791046143e-01
4.609446227550506592e-01
4.594939351081848145e-01
4.580386281013488770e-01
4.565792977809906006e-01
4.551152884960174561e-01
4.536482393741607666e-01
4.521776437759399414e-01
4.507105052471160889e-01
4.492330253124237061e-01
4.477525353431701660e-01
4.462692141532897949e-01
4.447830021381378174e-01
4.432942867279052734e-01
4.418030679225921631e-01
4.403086304664611816e-01
4.388130307197570801e-01
4.373226761817932129e-01
4.358233809471130371e-01
4.343223571777343750e-01
4.328200221061706543e-01
4.313163161277770996e-01
4.298113882541656494e-01
4.283056259155273438e-01
4.267991483211517334e-01
4.252919554710388184e-01
4.237833619117736816e-01
4.222752153873443604e-01
4.207670092582702637e-01
4.192657768726348877e-01
4.177577495574951172e-01
4.162499308586120605e-01
4.147424995899200439e-01
4.132358133792877197e-01
4.117298126220703125e-01
4.102240800857543945e-01
4.087190330028533936e-01
4.072161912918090820e-01
4.057148396968841553e-01
4.042147099971771240e-01
4.027163684368133545e-01
4.012267291545867920e-01
3.997322022914886475e-01
3.982396721839904785e-01
3.967492878437042236e-01
3.952611982822418213e-01
3.937749564647674561e-01
3.922918736934661865e-01
3.908119499683380127e-01
3.893346488475799561e-01
3.878603279590606689e-01
3.863893449306488037e-01
3.849215805530548096e-01
3.834640085697174072e-01
3.820033371448516846e-01
3.805460631847381592e-01
3.790927529335021973e-01
3.776362240314483643e-01
3.761705756187438965e-01
3.747090697288513184e-01
3.732533454895019531e-01
3.718024492263793945e-01
3.703568875789642334e-01
3.689165711402893066e-01
3.674815595149993896e-01
3.660579621791839600e-01
3.646343648433685303e-01
3.632164001464843750e-01
3.618041872978210449e-01
3.603981435298919678e-01
3.589982390403747559e-01
3.576035201549530029e-01
3.562161028385162354e-01
3.548350930213928223e-01
3.534603714942932129e-01
3.520924448966979980e-01
3.507312238216400146e-01
3.493822216987609863e-01
3.480345308780670166e-01
3.466938734054565430e-01
3.453603684902191162e-01
3.440338075160980225e-01
3.427146673202514648e-01
3.414021134376525879e-01
3.400974571704864502e-01
3.388004302978515625e-01
3.375109434127807617e-01
3.362289071083068848e-01
3.349546790122985840e-01
3.336876332759857178e-01
3.324289619922637939e-01
3.311768174171447754e-01
3.299339413642883301e-01
3.286990225315093994e-01
3.274720013141632080e-01
3.262525200843811035e-01
3.250473439693450928e-01
3.238447308540344238e-01
3.226504325866699219e-01
3.214644193649291992e-01
3.202868402004241943e-01
3.191167712211608887e-01
3.179558217525482178e-01
3.168033957481384277e-01
3.156593143939971924e-01
3.145238161087036133e-01
3.133968710899353027e-01
3.122777938842773438e-01
3.111680448055267334e-01
3.100668787956237793e-01
3.089742064476013184e-01
3.078903555870056152e-01
3.068152070045471191e-01
3.057487308979034424e-01
3.046903014183044434e-01
3.036413192749023438e-01
3.026010096073150635e-01
3.015739321708679199e-01
3.005511760711669922e-01
2.995371222496032715e-01
2.985312640666961670e-01
2.975348532199859619e-01
2.965471744537353516e-01
2.955683171749114990e-01
2.946484684944152832e-01
2.937629818916320801e-01
2.928873002529144287e-01
2.920189499855041504e-01
2.911612987518310547e-01
2.903133928775787354e-01
2.894741594791412354e-01
2.886446714401245117e-01
2.878240048885345459e-01
2.870123684406280518e-01
2.862104475498199463e-01
2.854172289371490479e-01
2.846335470676422119e-01
2.838621735572814941e-01
2.830948233604431152e-01
2.823382019996643066e-01
2.815901339054107666e-01
2.808515131473541260e-01
2.801214754581451416e-01
2.794002890586853027e-01
2.786884009838104248e-01
2.779850363731384277e-01
2.772907912731170654e-01
2.766049802303314209e-01
2.759270370006561279e-01
2.752587795257568359e-01
2.745991647243499756e-01
2.739486098289489746e-01
2.733064293861389160e-01
2.726730108261108398e-01
2.720479369163513184e-01
2.714315056800842285e-01
2.708236575126647949e-01
2.702241539955139160e-01
2.696319818496704102e-01
2.690492868423461914e-01
2.684749364852905273e-01
2.679091691970825195e-01
2.673515081405639648e-01
2.668022215366363525e-01
2.662610113620758057e-01
2.657282054424285889e-01
2.652032971382141113e-01
2.646865844726562500e-01
2.641767859458923340e-01
2.636762261390686035e-01
2.631837427616119385e-01
2.626991569995880127e-01
2.622225284576416016e-01
2.617538869380950928e-01
2.612930238246917725e-01
2.608401477336883545e-01
2.603949010372161865e-01
2.599574923515319824e-01
2.595265507698059082e-01
2.591045200824737549e-01
2.586903274059295654e-01
2.582836449146270752e-01
2.578846216201782227e-01
2.574931383132934570e-01
2.571091949939727783e-01
2.567328214645385742e-01
2.563638091087341309e-01
2.560023367404937744e-01
2.556468844413757324e-01
2.553000748157501221e-01
2.549607455730438232e-01
2.546286284923553467e-01
2.543039023876190186e-01
2.539862990379333496e-01
2.536759674549102783e-01
2.534109354019165039e-01
2.532071471214294434e-01
2.530103027820587158e-01
2.528202533721923828e-01
2.526382803916931152e-01
2.524617314338684082e-01
2.522919178009033203e-01
2.521287202835083008e-01
2.519722580909729004e-01
2.518237531185150146e-01
2.516805231571197510e-01
2.515437901020050049e-01
2.514137029647827148e-01
2.512900829315185547e-01
2.511742711067199707e-01
2.510636150836944580e-01
2.509594559669494629e-01
2.508616149425506592e-01
2.507702410221099854e-01
2.506865859031677246e-01
2.506079077720642090e-01
2.505355477333068848e-01
2.504694759845733643e-01
2.504097223281860352e-01
2.503575086593627930e-01
2.503102123737335205e-01
2.502691447734832764e-01
2.502342462539672852e-01
2.502055466175079346e-01
2.501842975616455078e-01
2.501676976680755615e-01
2.501573562622070312e-01
2.501531243324279785e-01
2.501549720764160156e-01
2.501628398895263672e-01
2.501780688762664795e-01
2.501973807811737061e-01
2.502233088016510010e-01
2.502552568912506104e-01
2.502931654453277588e-01
2.503383159637451172e-01
2.503881156444549561e-01
2.504438459873199463e-01
2.505054473876953125e-01
2.505729496479034424e-01
2.506476342678070068e-01
2.507268488407135010e-01
2.508119344711303711e-01
2.509028613567352295e-01
2.509995996952056885e-01
2.511034011840820312e-01
2.512117326259613037e-01
2.513258457183837891e-01
2.514457106590270996e-01
2.515713572502136230e-01
2.517040371894836426e-01
2.518411576747894287e-01
2.519839704036712646e-01
2.521322965621948242e-01
2.522865235805511475e-01
2.524477541446685791e-01
2.526133656501770020e-01
2.527846693992614746e-01
2.529616057872772217e-01
2.531443536281585693e-01
2.533338963985443115e-01
2.535278201103210449e-01
2.537273764610290527e-01
2.539325654506683350e-01
2.541433274745941162e-01
2.543609738349914551e-01
2.545829713344573975e-01
2.548105418682098389e-01
2.550437152385711670e-01
2.552824318408966064e-01
2.555280029773712158e-01
2.557784318923950195e-01
2.560347020626068115e-01
2.562977671623229980e-01
2.565648257732391357e-01
2.568383216857910156e-01
2.571158111095428467e-01
2.573997676372528076e-01
2.576889097690582275e-01
2.579820156097412109e-01
2.582815289497375488e-01
2.585857212543487549e-01
2.588956356048583984e-01
2.592107653617858887e-01
2.595298290252685547e-01
2.598553001880645752e-01
2.601847350597381592e-01
2.605205178260803223e-01
2.608615159988403320e-01
2.612064182758331299e-01
2.615576982498168945e-01
2.619129419326782227e-01
2.622745037078857422e-01
2.626405954360961914e-01
2.630124986171722412e-01
2.633895277976989746e-01
2.637704908847808838e-01
2.641578018665313721e-01
2.645490467548370361e-01
2.649466097354888916e-01
2.653492987155914307e-01
2.657559514045715332e-01
2.661688625812530518e-01
2.665857374668121338e-01
2.670089304447174072e-01
2.674372792243957520e-01
2.678707242012023926e-01
2.683092355728149414e-01
2.687517106533050537e-01
2.692004144191741943e-01
2.696530818939208984e-01
2.701120376586914062e-01
2.705760300159454346e-01
2.710434794425964355e-01
2.715176939964294434e-01
2.719958126544952393e-01
2.724801898002624512e-01
2.729700505733489990e-01
2.734646201133728027e-01
2.739642262458801270e-01
2.744677662849426270e-01
2.749775648117065430e-01
2.754912376403808594e-01
2.760111093521118164e-01
2.765360772609710693e-01
2.770649194717407227e-01
2.775999605655670166e-01
2.781389355659484863e-01
2.786840796470642090e-01
2.792361378669738770e-01
2.797902226448059082e-01
2.803505361080169678e-01
2.809146642684936523e-01
2.814849615097045898e-01
2.820586264133453369e-01
2.826389372348785400e-01
2.832242548465728760e-01
2.838135063648223877e-01
2.844088375568389893e-01
2.850080132484436035e-01
2.856154739856719971e-01
2.862257957458496094e-01
2.868399620056152344e-01
2.874601781368255615e-01
2.880842983722686768e-01
2.887143790721893311e-01
2.893483936786651611e-01
2.899884283542633057e-01
2.906333208084106445e-01
2.912820577621459961e-01
2.919392585754394531e-01
2.925978302955627441e-01
2.932623922824859619e-01
2.939337491989135742e-01
2.946384549140930176e-01
2.953475713729858398e-01
2.960618436336517334e-01
2.967810332775115967e-01
2.975061535835266113e-01
2.982331216335296631e-01
2.989652454853057861e-01
2.997020781040191650e-01
3.004423081874847412e-01
3.011869490146636963e-01
3.019376695156097412e-01
3.026938140392303467e-01
3.034515380859375000e-01
3.042136430740356445e-01
3.049810230731964111e-01
3.057523667812347412e-01
3.065274059772491455e-01
3.073076605796813965e-01
3.080941438674926758e-01
3.088826537132263184e-01
3.096746802330017090e-01
3.104718923568725586e-01
3.112722933292388916e-01
3.120769560337066650e-01
3.128864467144012451e-01
3.137034475803375244e-01
3.145205676555633545e-01
3.153417110443115234e-01
3.161686360836029053e-01
3.169980049133300781e-01
3.178313374519348145e-01
3.186687231063842773e-01
3.195110261440277100e-01
3.203605115413665771e-01
3.212098479270935059e-01
3.220631480216979980e-01
3.229213654994964600e-01
3.237831592559814453e-01
3.246481120586395264e-01
3.255179226398468018e-01
3.263939917087554932e-01
3.272711932659149170e-01
3.281514644622802734e-01
3.290363252162933350e-01
3.299239575862884521e-01
3.308152854442596436e-01
3.317111432552337646e-01
3.326143324375152588e-01
3.335165381431579590e-01
3.344224393367767334e-01
3.353334963321685791e-01
3.362463414669036865e-01
3.371627628803253174e-01
3.380825817584991455e-01
3.390066623687744141e-01
3.399378359317779541e-01
3.408679366111755371e-01
3.418020606040954590e-01
3.427386283874511719e-01
3.436792492866516113e-01
3.446222841739654541e-01
3.455693423748016357e-01
3.465227484703063965e-01
3.474758565425872803e-01
3.484314084053039551e-01
3.493908047676086426e-01
3.503523170948028564e-01
3.513167202472686768e-01
3.522897362709045410e-01
3.532599806785583496e-01
3.542329370975494385e-01
3.552086949348449707e-01
3.561888039112091064e-01
3.571741580963134766e-01
3.581579625606536865e-01
3.591444194316864014e-01
3.601341247558593750e-01
3.611262142658233643e-01
3.621200323104858398e-01
3.631214797496795654e-01
3.641200065612792969e-01
3.651214241981506348e-01
3.661246299743652344e-01
3.671306073665618896e-01
3.681422472000122070e-01
3.691517710685729980e-01
3.701638281345367432e-01
3.711779117584228516e-01
3.721791207790374756e-01
3.731822073459625244e-01
3.741819858551025391e-01
3.751849830150604248e-01
3.761892616748809814e-01
3.771950900554656982e-01
3.782072961330413818e-01
3.792173266410827637e-01
3.802281320095062256e-01
3.812396526336669922e-01
3.822535276412963867e-01
3.832740783691406250e-01
3.842905759811401367e-01
3.853084146976470947e-01
3.863275647163391113e-01
3.873484134674072266e-01
3.883735835552215576e-01
3.893960416316986084e-01
3.904191851615905762e-01
3.914431929588317871e-01
3.924688398838043213e-01
3.934992849826812744e-01
3.945254683494567871e-01
3.955516219139099121e-01
3.965794146060943604e-01
3.976070284843444824e-01
3.986347913742065430e-01
3.996680080890655518e-01
4.006967544555664062e-01
4.017249941825866699e-01
4.027524292469024658e-01
4.037803411483764648e-01
4.048134982585906982e-01
4.058408737182617188e-01
4.068674743175506592e-01
4.078935384750366211e-01
4.089195132255554199e-01
4.099484086036682129e-01
4.109719097614288330e-01
4.119942486286163330e-01
4.130161404609680176e-01
4.140358269214630127e-01
4.150591194629669189e-01
4.160751700401306152e-01
4.170906245708465576e-01
4.181035161018371582e-01
4.191145300865173340e-01
4.201280772686004639e-01
4.211347997188568115e-01
4.221385121345520020e-01
4.231387972831726074e-01
4.241368174552917480e-01
4.251373410224914551e-01
4.261291623115539551e-01
4.271173775196075439e-01
4.281020760536193848e-01
4.290884137153625488e-01
4.300644993782043457e-01
4.310370981693267822e-01
4.320052266120910645e-01
4.329741895198822021e-01
4.339328110218048096e-01
4.348863065242767334e-01
4.358347952365875244e-01
4.367818534374237061e-01
4.377187788486480713e-01
4.386498630046844482e-01
4.395743906497955322e-01
4.404970705509185791e-01
4.414089024066925049e-01
4.423132240772247314e-01
4.432092607021331787e-01
4.441030025482177734e-01
4.449849426746368408e-01
4.458582103252410889e-01
4.467230439186096191e-01
4.475834071636199951e-01
4.484308063983917236e-01
4.492675662040710449e-01
4.500956833362579346e-01
4.509176015853881836e-01
4.517256021499633789e-01
4.525226056575775146e-01
4.533087611198425293e-01
4.540871679782867432e-01
4.548497498035430908e-01
4.556009769439697266e-01
4.563397765159606934e-01
4.570692181587219238e-01
4.577826857566833496e-01
4.584822952747344971e-01
4.591682851314544678e-01
4.598422944545745850e-01
4.604998230934143066e-01
4.611422717571258545e-01
4.617862403392791748e-01
4.624339044094085693e-01
4.630642831325531006e-01
4.636786878108978271e-01
4.642775058746337891e-01
4.648573994636535645e-01
4.654185771942138672e-01
4.659622311592102051e-01
4.664881825447082520e-01
4.669942259788513184e-01
4.674798250198364258e-01
4.679467976093292236e-01
4.683937430381774902e-01
4.688198864459991455e-01
4.692241549491882324e-01
4.696082174777984619e-01
4.699701964855194092e-01
4.703105688095092773e-01
4.706276059150695801e-01
4.709230363368988037e-01
4.711943864822387695e-01
4.714433252811431885e-01
4.716677665710449219e-01
4.718692600727081299e-01
4.720446467399597168e-01
4.721972048282623291e-01
4.723240137100219727e-01
4.724267423152923584e-01
4.725015461444854736e-01
4.725532233715057373e-01
4.725781083106994629e-01
4.725779891014099121e-01
4.725482463836669922e-01
4.724953174591064453e-01
4.724147915840148926e-01
4.723086059093475342e-01
4.721711874008178711e-01
4.720107913017272949e-01
4.718223214149475098e-01
4.716038703918457031e-01
4.713605642318725586e-01
4.710909724235534668e-01
4.707884490489959717e-01
4.704638719558715820e-01
4.701108038425445557e-01
4.697262048721313477e-01
4.693182706832885742e-01
4.688836336135864258e-01
4.684150516986846924e-01
4.679259657859802246e-01
4.674087464809417725e-01
4.668591916561126709e-01
4.662877917289733887e-01
4.656910300254821777e-01
4.650595188140869141e-01
4.644095599651336670e-01
4.637324512004852295e-01
4.630231261253356934e-01
4.622943103313446045e-01
4.615413546562194824e-01
4.607541561126708984e-01
4.599511623382568359e-01
4.591226577758789062e-01
4.582620561122894287e-01
4.573858380317687988e-01
4.564869105815887451e-01
4.555636644363403320e-01
4.546096026897430420e-01
4.536418616771697998e-01
4.526529610157012939e-01
4.516314268112182617e-01
4.506004154682159424e-01
4.495474398136138916e-01
4.484648108482360840e-01
4.473718106746673584e-01
4.462612569332122803e-01
4.451196789741516113e-01
4.439716339111328125e-01
4.428053200244903564e-01
4.416114389896392822e-01
4.404104053974151611e-01
4.391944706439971924e-01
4.379510283470153809e-01
4.367039501667022705e-01
4.354413151741027832e-01
4.341544806957244873e-01
4.328638017177581787e-01
4.315613806247711182e-01
4.302334189414978027e-01
4.289068877696990967e-01
4.275668859481811523e-01
4.262049198150634766e-01
4.248432815074920654e-01
4.234734177589416504e-01
4.220924973487854004e-01
4.206912219524383545e-01
4.192929267883300781e-01
4.178875982761383057e-01
4.164606928825378418e-01
4.150402843952178955e-01
4.136132597923278809e-01
4.121676683425903320e-01
4.107279777526855469e-01
4.092911481857299805e-01
4.079150557518005371e-01
4.065491855144500732e-01
4.051790237426757812e-01
4.037937819957733154e-01
4.024198651313781738e-01
4.010422527790069580e-01
3.996514976024627686e-01
3.982703685760498047e-01
3.968897759914398193e-01
3.954944610595703125e-01
3.941127359867095947e-01
3.927311301231384277e-01
3.913346230983734131e-01
3.899531960487365723e-01
3.885716199874877930e-01
3.871792852878570557e-01
3.857991099357604980e-01
3.844097256660461426e-01
3.830345273017883301e-01
3.816604614257812500e-01
3.802766203880310059e-01
3.789071142673492432e-01
3.775288462638854980e-01
3.761650621891021729e-01
3.748048841953277588e-01
3.734359443187713623e-01
3.720819652080535889e-01
3.707206845283508301e-01
3.693741261959075928e-01
3.680323362350463867e-01
3.666820526123046875e-01
3.653493821620941162e-01
3.640210032463073730e-01
3.626835942268371582e-01
3.613650202751159668e-01
3.600380122661590576e-01
3.587290346622467041e-01
3.574236631393432617e-01
3.561133742332458496e-01
3.548203408718109131e-01
3.535200655460357666e-01
3.522373437881469727e-01
3.509598970413208008e-01
3.496778607368469238e-01
3.484121859073638916e-01
3.471419513225555420e-01
3.458884954452514648e-01
3.446404933929443359e-01
3.433886170387268066e-01
3.421530723571777344e-01
3.409132063388824463e-01
3.396899104118347168e-01
3.384742736816406250e-01
3.372544646263122559e-01
3.360497951507568359e-01
3.348425030708312988e-01
3.336516320705413818e-01
3.324681520462036133e-01
3.312788605690002441e-01
3.301086425781250000e-01
3.289448320865631104e-01
3.277761340141296387e-01
3.266254663467407227e-01
3.254698514938354492e-01
3.243322074413299561e-01
3.232003748416900635e-01
3.220665752887725830e-01
3.209473490715026855e-01
3.198266923427581787e-01
3.187223672866821289e-01
3.176236748695373535e-01
3.165224492549896240e-01
3.154369890689849854e-01
3.143498897552490234e-01
3.132773637771606445e-01
3.122119903564453125e-01
3.111445903778076172e-01
3.100919127464294434e-01
3.090374767780303955e-01
3.079977631568908691e-01
3.069648742675781250e-01
3.059290349483489990e-01
3.049096167087554932e-01
3.038878142833709717e-01
3.028793036937713623e-01
3.018787503242492676e-01
3.008751571178436279e-01
2.998869419097900391e-01
2.989036142826080322e-01
2.979196608066558838e-01
2.969502508640289307e-01
2.959775626659393311e-01
2.950196862220764160e-01
2.940674424171447754e-01
2.931140661239624023e-01
2.921738028526306152e-01
2.912319898605346680e-01
2.903043329715728760e-01
2.893740832805633545e-01
2.884582579135894775e-01
2.875397503376007080e-01
2.866347432136535645e-01
2.857277989387512207e-01
2.848349213600158691e-01
2.839400172233581543e-01
2.830569148063659668e-01
2.821736037731170654e-01
2.813018858432769775e-01
2.804369032382965088e-01
2.795685231685638428e-01
2.787141203880310059e-01
2.778582572937011719e-01
2.770125865936279297e-01
2.761646807193756104e-01
2.753284275531768799e-01
2.744912505149841309e-01
2.736662924289703369e-01
2.728395462036132812e-01
2.720248699188232422e-01
2.712095379829406738e-01
2.704049944877624512e-01
2.695985138416290283e-01
2.688042223453521729e-01
2.680148184299468994e-01
2.672238349914550781e-01
2.664443254470825195e-01
2.656633853912353516e-01
2.648933529853820801e-01
2.641229927539825439e-01
2.633621096611022949e-01
2.626002430915832520e-01
2.618494033813476562e-01
2.610971331596374512e-01
2.603554427623748779e-01
2.596123516559600830e-01
2.588799595832824707e-01
2.581460475921630859e-01
2.574226260185241699e-01
2.567036151885986328e-01
2.559829652309417725e-01
2.552725970745086670e-01
2.545607686042785645e-01
2.538590729236602783e-01
2.531557679176330566e-01
2.524625957012176514e-01
2.517680823802947998e-01
2.510831654071807861e-01
2.503967881202697754e-01
2.497200220823287964e-01
2.490419000387191772e-01
2.483732402324676514e-01
2.477031350135803223e-01
2.470419108867645264e-01
2.463849931955337524e-01
2.457275241613388062e-01
2.450785040855407715e-01
2.444278448820114136e-01
2.437863796949386597e-01
2.431436032056808472e-01
2.425095885992050171e-01
2.418736070394515991e-01
2.412470132112503052e-01
2.406189888715744019e-01
2.400003373622894287e-01
2.393796145915985107e-01
2.387674003839492798e-01
2.381536662578582764e-01
2.375484108924865723e-01
2.369461804628372192e-01
2.363430410623550415e-01
2.357480227947235107e-01
2.351516783237457275e-01
2.345641851425170898e-01
2.339745312929153442e-01
2.333929836750030518e-01
2.328095138072967529e-01
2.322343438863754272e-01
2.316579520702362061e-01
2.310892641544342041e-01
2.305191606283187866e-01
2.299575358629226685e-01
2.293938100337982178e-01
2.288376539945602417e-01
2.282795906066894531e-01
2.277294993400573730e-01
2.271781265735626221e-01
2.266296595335006714e-01
2.260886281728744507e-01
2.255461961030960083e-01
2.250116914510726929e-01
2.244751006364822388e-01
2.239452451467514038e-01
2.234144955873489380e-01
2.228907048702239990e-01
2.223656326532363892e-01
2.218475043773651123e-01
2.213279157876968384e-01
2.208112627267837524e-01
2.203015387058258057e-01
2.197902500629425049e-01
2.192856967449188232e-01
2.187798619270324707e-01
2.182805985212326050e-01
2.177800536155700684e-01
2.172860652208328247e-01
2.167908102273941040e-01
2.163013815879821777e-01
2.158118337392807007e-01
2.153242379426956177e-01
2.148428559303283691e-01
2.143602669239044189e-01
2.138839066028594971e-01
2.134061902761459351e-01
2.129347622394561768e-01
2.124615162611007690e-01
2.119948863983154297e-01
2.115274816751480103e-01
2.110655605792999268e-01
2.106023132801055908e-01
2.101413160562515259e-01
2.096863687038421631e-01
2.092296183109283447e-01
2.087792307138442993e-01
2.083275020122528076e-01
2.078822404146194458e-01
2.074349969625473022e-01
2.069935202598571777e-01
2.065507024526596069e-01
2.061101645231246948e-01
2.056746929883956909e-01
2.052384018898010254e-01
2.048078030347824097e-01
2.043757289648056030e-01
2.039499580860137939e-01
2.035206109285354614e-01
2.030951082706451416e-01
2.026673704385757446e-01
2.022456079721450806e-01
2.018224447965621948e-01
2.014013677835464478e-01
2.009850740432739258e-01
2.005685567855834961e-01
2.001562416553497314e-01
1.997432708740234375e-01
1.993353217840194702e-01
1.989262104034423828e-01
1.985223144292831421e-01
1.981169730424880981e-01
1.977168321609497070e-01
1.973148584365844727e-01
1.969158351421356201e-01
1.965207904577255249e-01
1.961250156164169312e-01
1.957340836524963379e-01
1.953420042991638184e-01
1.949542164802551270e-01
1.945662200450897217e-01
1.941820830106735229e-01
1.937976181507110596e-01
1.934169679880142212e-01
1.930357217788696289e-01
1.926560103893280029e-01
1.922811418771743774e-01
1.919050663709640503e-01
1.915334612131118774e-01
1.911607682704925537e-01
1.907921582460403442e-01
1.904232800006866455e-01
1.900550574064254761e-01
1.896919906139373779e-01
1.893275231122970581e-01
1.889677196741104126e-01
1.886060386896133423e-01
1.882470548152923584e-01
1.878914535045623779e-01
1.875352114439010620e-01
1.871803998947143555e-01
1.868301331996917725e-01
1.864786297082901001e-01
1.861285418272018433e-01
1.857828795909881592e-01
1.854353994131088257e-01
1.850932538509368896e-01
1.847488433122634888e-01
1.844065189361572266e-01
1.840682029724121094e-01
1.837288886308670044e-01
1.833904832601547241e-01
1.830571144819259644e-01
1.827216595411300659e-01
1.823908388614654541e-01
1.820586025714874268e-01
1.817280203104019165e-01
1.814014315605163574e-01
1.810735464096069336e-01
1.807471364736557007e-01
1.804242134094238281e-01
1.801010668277740479e-01
1.797782927751541138e-01
1.794600188732147217e-01
1.791404634714126587e-01
1.788248568773269653e-01
1.785075664520263672e-01
1.781925410032272339e-01
1.778803914785385132e-01
1.775676459074020386e-01
1.772560626268386841e-01
1.769484430551528931e-01
1.766395419836044312e-01
1.763343065977096558e-01
1.760281175374984741e-01
1.757225096225738525e-01
1.754216700792312622e-01
1.751186698675155640e-01
1.748174428939819336e-01
1.745197623968124390e-01
1.742210984230041504e-01
1.739230901002883911e-01
1.736295819282531738e-01
1.733340471982955933e-01
1.730426251888275146e-01
1.727498173713684082e-01
1.724584400653839111e-01
1.721704304218292236e-01
1.718813478946685791e-01
1.715935617685317993e-01
1.713090091943740845e-01
1.710234880447387695e-01
1.707408875226974487e-01
1.704581230878829956e-01
1.701755225658416748e-01
1.698968708515167236e-01
1.696169376373291016e-01
1.693383157253265381e-01
1.690624803304672241e-01
1.687864512205123901e-01
1.685106307268142700e-01
1.682385951280593872e-01
1.679653674364089966e-01
1.676955670118331909e-01
1.674246639013290405e-01
1.671546250581741333e-01
1.668880283832550049e-01
1.666198223829269409e-01
1.663535088300704956e-01
1.660895496606826782e-01
1.658250391483306885e-01
1.655613780021667480e-01
1.653010696172714233e-01
1.650391072034835815e-01
1.647811979055404663e-01
1.645213216543197632e-01
1.642629951238632202e-01
1.640075892210006714e-01
1.637512445449829102e-01
1.634959131479263306e-01
1.632435321807861328e-01
1.629901677370071411e-01
1.627372950315475464e-01
1.624883413314819336e-01
1.622374057769775391e-01
1.619880348443984985e-01
1.617394387722015381e-01
1.614939421415328979e-01
1.612468957901000977e-01
1.610016673803329468e-01
1.607585400342941284e-01
1.605148166418075562e-01
1.602673977613449097e-01
1.599822640419006348e-01
1.596992313861846924e-01
1.594161540269851685e-01
1.591337919235229492e-01
1.588541567325592041e-01
1.585738211870193481e-01
1.582942903041839600e-01
1.580159962177276611e-01
1.577403843402862549e-01
1.574640721082687378e-01
1.571885645389556885e-01
1.569141894578933716e-01
1.566430628299713135e-01
1.563701629638671875e-01
1.560990512371063232e-01
1.558299660682678223e-01
1.555608510971069336e-01
1.552918255329132080e-01
1.550245881080627441e-01
1.547593027353286743e-01
1.544940024614334106e-01
1.542287319898605347e-01
1.539671123027801514e-01
1.537042856216430664e-01
1.534421741962432861e-01
1.531811654567718506e-01
1.529227197170257568e-01
1.526635438203811646e-01
1.524051427841186523e-01
1.521478295326232910e-01
1.518929898738861084e-01
1.516374498605728149e-01
1.513831466436386108e-01
1.511306613683700562e-01
1.508781015872955322e-01
1.506256312131881714e-01
1.503748744726181030e-01
1.501258611679077148e-01
1.498768478631973267e-01
1.496278792619705200e-01
1.493823379278182983e-01
1.491350382566452026e-01
1.488894969224929810e-01
1.486444771289825439e-01
1.484017670154571533e-01
1.481584310531616211e-01
