8.464926481246948242e-01
8.413578867912292480e-01
8.362002968788146973e-01
8.310380578041076660e-01
8.258494734764099121e-01
8.206329345703125000e-01
8.154153227806091309e-01
8.102004528045654297e-01
8.049975633621215820e-01
7.998131513595581055e-01
7.950336933135986328e-01
7.905052304267883301e-01
7.860124707221984863e-01
7.815932631492614746e-01
7.772396206855773926e-01
7.731041908264160156e-01
7.693210840225219727e-01
7.655925750732421875e-01
7.619181275367736816e-01
7.582999467849731445e-01
7.547395229339599609e-01
7.512402534484863281e-01
7.478004097938537598e-01
7.444193363189697266e-01
7.410927414894104004e-01
7.378678917884826660e-01
7.347778677940368652e-01
7.319138050079345703e-01
7.291162014007568359e-01
7.263800501823425293e-01
7.237057685852050781e-01
7.210935354232788086e-01
7.184720039367675781e-01
7.158458828926086426e-01
7.132743000984191895e-01
7.107663154602050781e-01
7.083184123039245605e-01
7.059556841850280762e-01
7.035031318664550781e-01
7.009906768798828125e-01
6.985347867012023926e-01
6.961370706558227539e-01
6.937955021858215332e-01
6.915114521980285645e-01
6.892807483673095703e-01
6.871011853218078613e-01
6.849799752235412598e-01
6.829174160957336426e-01
6.809100508689880371e-01
6.789788007736206055e-01
6.770851612091064453e-01
6.748946905136108398e-01
6.727554798126220703e-01
6.706725955009460449e-01
6.686447858810424805e-01
6.666737794876098633e-01
6.647608876228332520e-01
6.629649996757507324e-01
6.612872481346130371e-01
6.596667766571044922e-01
6.581039428710937500e-01
6.566002964973449707e-01
6.551629304885864258e-01
6.537814736366271973e-01
6.523621082305908203e-01
6.509680151939392090e-01
6.496272087097167969e-01
6.483408808708190918e-01
6.471081376075744629e-01
6.459264159202575684e-01
6.448004245758056641e-01
6.436175704002380371e-01
6.424475312232971191e-01
6.413283348083496094e-01
6.402639746665954590e-01
6.392532587051391602e-01
6.382936835289001465e-01
6.373829841613769531e-01
6.365230679512023926e-01
6.357151269912719727e-01
6.349523067474365234e-01
6.342337131500244141e-01
6.335613727569580078e-01
6.329312324523925781e-01
6.323431730270385742e-01
6.317971348762512207e-01
6.312968134880065918e-01
6.308356523513793945e-01
6.304131150245666504e-01
6.300286650657653809e-01
6.296777129173278809e-01
6.293615102767944336e-01
6.290773749351501465e-01
6.287769079208374023e-01
6.283312439918518066e-01
6.279178261756896973e-01
6.275355219841003418e-01
6.271831989288330078e-01
6.268590688705444336e-01
6.265621781349182129e-01
6.262909173965454102e-01
6.260794997215270996e-01
6.260662674903869629e-01
6.260725855827331543e-01
6.260955333709716797e-01
6.261357069015502930e-01
6.261900067329406738e-01
6.262585520744323730e-01
6.263403296470642090e-01
6.264334917068481445e-01
6.263940930366516113e-01
6.263330578804016113e-01
6.262819170951843262e-01
6.262415051460266113e-01
6.262083053588867188e-01
6.261834502220153809e-01
6.261652112007141113e-01
6.261521577835083008e-01
6.261581182479858398e-01
6.262406706809997559e-01
6.263277530670166016e-01
6.264189481735229492e-01
6.265147924423217773e-01
6.266137361526489258e-01
6.267165541648864746e-01
6.268236041069030762e-01
6.269337534904479980e-01
6.270624399185180664e-01
6.272732615470886230e-01
6.274868249893188477e-01
6.277047395706176758e-01
6.279247999191284180e-01
6.281493306159973145e-01
6.283763647079467773e-01
6.286073923110961914e-01
6.288436651229858398e-01
6.290833950042724609e-01
6.292057037353515625e-01
6.293049454689025879e-01
6.294088363647460938e-01
6.295175552368164062e-01
6.296338438987731934e-01
6.297549009323120117e-01
6.298813819885253906e-01
6.300157308578491211e-01
6.301546096801757812e-01
6.303051114082336426e-01
6.305301189422607422e-01
6.307597160339355469e-01
6.309966444969177246e-01
6.316936612129211426e-01
6.319497823715209961e-01
6.322152018547058105e-01
6.324860453605651855e-01
6.327649950981140137e-01
6.330516338348388672e-01
6.333454847335815430e-01
6.337854862213134766e-01
6.342404484748840332e-01
6.347019672393798828e-01
6.351716518402099609e-01
6.356503367424011230e-01
6.361352205276489258e-01
6.366271972656250000e-01
6.371277570724487305e-01
6.376388072967529297e-01
6.381573677062988281e-01
6.387124061584472656e-01
6.393160223960876465e-01
6.399273872375488281e-01
6.405484080314636230e-01
6.411790847778320312e-01
6.418214440345764160e-01
6.424720287322998047e-01
6.431328058242797852e-01
6.438039541244506836e-01
6.444874405860900879e-01
6.451797485351562500e-01
6.458827257156372070e-01
6.465990543365478516e-01
6.473261713981628418e-01
6.480624675750732422e-01
6.488118767738342285e-01
6.495707631111145020e-01
6.503432393074035645e-01
6.511253118515014648e-01
6.519214510917663574e-01
6.527274847030639648e-01
6.535480022430419922e-01
6.543810963630676270e-01
6.551762819290161133e-01
6.559844613075256348e-01
6.568025350570678711e-01
6.576366424560546875e-01
6.584810614585876465e-01
6.593396663665771484e-01
6.602091789245605469e-01
6.610935330390930176e-01
6.619916558265686035e-01
6.629051566123962402e-01
6.638332009315490723e-01
6.647774577140808105e-01
6.656887531280517578e-01
6.666149497032165527e-01
6.675578355789184570e-01
6.685187220573425293e-01
6.694992780685424805e-01
6.704959273338317871e-01
6.715123057365417480e-01
6.725479364395141602e-01
6.736042499542236328e-01
6.746820807456970215e-01
6.757805943489074707e-01
6.769018173217773438e-01
6.779580116271972656e-01
6.789301037788391113e-01
6.799333095550537109e-01
6.809661388397216797e-01
6.820279359817504883e-01
6.831263303756713867e-01
6.842593550682067871e-01
6.854301095008850098e-01
6.866381168365478516e-01
6.878916025161743164e-01
6.891916990280151367e-01
6.905379295349121094e-01
6.919401884078979492e-01
6.934555768966674805e-01
6.951327323913574219e-01
6.968811750411987305e-01
6.987010240554809570e-01
7.006035447120666504e-01
7.025936841964721680e-01
7.046887278556823730e-01
7.068942189216613770e-01
7.092317938804626465e-01
7.117123007774353027e-01
7.143645286560058594e-01
7.172087430953979492e-01
7.202861309051513672e-01
7.236335873603820801e-01
7.273458242416381836e-01
7.314832806587219238e-01
7.361443042755126953e-01
7.414875626564025879e-01
7.477768659591674805e-01
7.554553747177124023e-01
7.654283046722412109e-01
7.800930142402648926e-01
8.260531425476074219e-01
8.204425573348999023e-01
8.188710212707519531e-01
8.179783821105957031e-01
8.174281120300292969e-01
8.170930743217468262e-01
8.169031143188476562e-01
8.167954087257385254e-01
8.167727589607238770e-01
8.168112039566040039e-01
8.169037103652954102e-01
8.170344829559326172e-01
8.171995878219604492e-01
8.173951506614685059e-01
8.176109790802001953e-01
8.178492188453674316e-01
8.181007504463195801e-01
8.183689713478088379e-01
8.186457157135009766e-01
8.189299702644348145e-01
8.192248940467834473e-01
8.195248842239379883e-01
8.198443055152893066e-01
8.201665878295898438e-01
8.204922676086425781e-01
8.208238482475280762e-01
8.211554288864135742e-01
8.214921951293945312e-01
8.218274712562561035e-01
8.221664428710937500e-01
8.225038051605224609e-01
8.228445649147033691e-01
8.231826424598693848e-01
8.235231041908264160e-01
8.238614201545715332e-01
8.242012858390808105e-01
8.245381712913513184e-01
8.248835802078247070e-01
8.252508640289306641e-01
8.256192207336425781e-01
8.259872198104858398e-01
8.263513445854187012e-01
8.267173171043395996e-01
8.270793557167053223e-01
8.274433612823486328e-01
8.278057575225830078e-01
8.281651735305786133e-01
8.285254240036010742e-01
8.288827538490295410e-01
8.292407989501953125e-01
8.295980095863342285e-01
8.299522995948791504e-01
8.303075432777404785e-01
8.306600451469421387e-01
8.310306668281555176e-01
8.314195275306701660e-01
8.318059444427490234e-01
8.321935534477233887e-01
8.325783014297485352e-01
8.329631090164184570e-01
8.333470821380615234e-01
8.337306976318359375e-01
8.341144919395446777e-01
8.344952464103698730e-01
8.348782658576965332e-01
8.352613449096679688e-01
8.356448411941528320e-01
8.360279798507690430e-01
8.364112973213195801e-01
8.367930054664611816e-01
8.371770381927490234e-01
8.375613689422607422e-01
8.380632996559143066e-01
8.385885953903198242e-01
8.391146659851074219e-01
8.396390676498413086e-01
8.401667475700378418e-01
8.406949639320373535e-01
8.412246704101562500e-01
8.417530059814453125e-01
8.422825932502746582e-01
8.428157567977905273e-01
8.433477878570556641e-01
8.438811898231506348e-01
8.444156050682067871e-01
8.449519276618957520e-01
8.454897999763488770e-01
8.460318446159362793e-01
8.465730547904968262e-01
8.471159338951110840e-01
8.476606607437133789e-01
8.482081890106201172e-01
8.487579822540283203e-01
8.493087887763977051e-01
8.498639464378356934e-01
8.504183292388916016e-01
8.509746789932250977e-01
8.515327572822570801e-01
8.520927429199218750e-01
8.526547551155090332e-01
8.532187342643737793e-01
8.537848591804504395e-01
8.543503880500793457e-01
8.549206256866455078e-01
8.554903864860534668e-01
8.560653924942016602e-01
8.566420078277587891e-01
8.572182655334472656e-01
8.577994108200073242e-01
8.583801388740539551e-01
8.589876294136047363e-01
8.596132397651672363e-01
8.602431416511535645e-01
8.608721494674682617e-01
8.615054488182067871e-01
8.621379733085632324e-01
8.627746105194091797e-01
8.634104132652282715e-01
8.640503883361816406e-01
8.646920323371887207e-01
8.653327226638793945e-01
8.659775257110595703e-01
8.666213154792785645e-01
8.672666549682617188e-01
8.679134845733642578e-01
8.685612678527832031e-01
8.692108988761901855e-01
8.698619604110717773e-01
8.705143928527832031e-01
8.711680769920349121e-01
8.718230128288269043e-01
8.724130392074584961e-01
8.729756474494934082e-01
8.735391497611999512e-01
8.741025924682617188e-01
8.746667504310607910e-01
8.752309083938598633e-01
8.757956027984619141e-01
8.763602375984191895e-01
8.769252896308898926e-01
8.774900436401367188e-01
8.780551552772521973e-01
8.786199092864990234e-01
8.791849017143249512e-01
8.797494173049926758e-01
8.803139328956604004e-01
8.808751702308654785e-01
8.814390301704406738e-01
8.819994330406188965e-01
8.825622797012329102e-01
8.831215500831604004e-01
8.836831450462341309e-01
8.842411041259765625e-01
8.847455382347106934e-01
8.852103948593139648e-01
8.856755495071411133e-01
8.861364722251892090e-01
8.865957856178283691e-01
8.870556950569152832e-01
8.875106573104858398e-01
8.879670500755310059e-01
8.884178996086120605e-01
8.888695240020751953e-01
8.893164396286010742e-01
8.897635936737060547e-01
8.902055621147155762e-01
8.906481266021728516e-01
8.910851478576660156e-01
8.915221095085144043e-01
8.919544219970703125e-01
8.923832774162292480e-01
8.928100466728210449e-01
8.932332992553710938e-01
8.936538696289062500e-01
8.940716385841369629e-01
8.944861888885498047e-01
8.948777914047241211e-01
8.951285481452941895e-01
8.953805565834045410e-01
8.956283330917358398e-01
8.958746194839477539e-01
8.961193561553955078e-01
8.963624835014343262e-01
8.966038227081298828e-01
8.968437910079956055e-01
8.970822095870971680e-01
8.973190188407897949e-01
8.975540995597839355e-01
8.977875709533691406e-01
8.980193734169006348e-01
8.982494473457336426e-01
8.984777927398681641e-01
8.987039923667907715e-01
8.989289402961730957e-01
8.991520404815673828e-01
8.993705511093139648e-01
8.995901346206665039e-01
8.998078107833862305e-01
9.000205993652343750e-01
9.002346396446228027e-01
9.004468321800231934e-01
9.006594419479370117e-01
9.009072780609130859e-01
9.011539816856384277e-01
9.013967514038085938e-01
9.016411304473876953e-01
9.018843173980712891e-01
9.021234512329101562e-01
9.023641943931579590e-01
9.026007652282714844e-01
9.028388261795043945e-01
9.030755758285522461e-01
9.033082127571105957e-01
9.035418629646301270e-01
9.037744998931884766e-01
9.040027856826782227e-01
9.042325615882873535e-01
9.044603705406188965e-01
9.046842455863952637e-01
9.049094319343566895e-01
9.051302075386047363e-01
9.053494930267333984e-01
9.055671095848083496e-01
9.057858586311340332e-01
9.060001969337463379e-01
9.062128663063049316e-01
9.064266085624694824e-01
9.066358804702758789e-01
9.068360328674316406e-01
9.070259332656860352e-01
9.072168469429016113e-01
9.074031114578247070e-01
9.075872898101806641e-01
9.077718853950500488e-01
9.079519510269165039e-01
9.081297516822814941e-01
9.083084464073181152e-01
9.084820747375488281e-01
9.086536765098571777e-01
9.088238477706909180e-01
9.089938998222351074e-01
9.091594219207763672e-01
9.093226194381713867e-01
9.094865918159484863e-01
9.096454977989196777e-01
9.098024964332580566e-01
9.099575281143188477e-01
9.101102352142333984e-01
9.102605581283569336e-01
9.104090332984924316e-01
9.105550646781921387e-01
9.106990694999694824e-01
9.108408093452453613e-01
9.109809398651123047e-01
9.111183285713195801e-01
9.112537503242492676e-01
9.113841652870178223e-01
9.115101695060729980e-01
9.116353392601013184e-01
9.117589592933654785e-01
9.118812680244445801e-01
9.120026230812072754e-01
9.121232032775878906e-01
9.122422337532043457e-01
9.123599529266357422e-01
9.124769568443298340e-01
9.125924706459045410e-01
9.127066731452941895e-01
9.128196835517883301e-01
9.129317402839660645e-01
9.130422472953796387e-01
9.131515026092529297e-01
9.132595062255859375e-01
9.133641719818115234e-01
9.134694933891296387e-01
9.135736227035522461e-01
9.136744141578674316e-01
9.137759208679199219e-01
9.138759970664978027e-01
9.139724373817443848e-01
9.140703678131103516e-01
9.141665101051330566e-01
9.142612814903259277e-01
9.143522977828979492e-01
9.144446849822998047e-01
9.145353436470031738e-01
9.146223068237304688e-01
9.147142171859741211e-01
9.148100614547729492e-01
9.149015545845031738e-01
9.149941205978393555e-01
9.150850176811218262e-01
9.151715636253356934e-01
9.152591228485107422e-01
9.153445959091186523e-01
9.154265522956848145e-01
9.155090451240539551e-01
9.155894517898559570e-01
9.156685471534729004e-01
9.157434701919555664e-01
9.158169627189636230e-01
9.158908724784851074e-01
9.159606695175170898e-01
9.160312414169311523e-01
9.160979390144348145e-01
9.161646962165832520e-01
9.162279963493347168e-01
9.162892699241638184e-01
9.163511991500854492e-01
9.164093732833862305e-01
9.164675474166870117e-01
9.165222644805908203e-01
9.165769815444946289e-01
9.166282415390014648e-01
9.166797995567321777e-01
9.167273640632629395e-01
9.167735576629638672e-01
9.168196320533752441e-01
9.168623089790344238e-01
9.169052243232727051e-01
9.169526696205139160e-01
9.170057773590087891e-01
9.170552492141723633e-01
9.171034097671508789e-01
9.171515703201293945e-01
9.171965718269348145e-01
9.172414541244506836e-01
9.172831773757934570e-01
9.173230528831481934e-01
9.173631668090820312e-01
9.173995852470397949e-01
9.174345731735229492e-01
9.174675941467285156e-01
9.174990653991699219e-01
9.175301194190979004e-01
9.175580143928527832e-01
9.175840616226196289e-01
9.176080822944641113e-01
9.176304340362548828e-01
9.176523089408874512e-01
9.176709055900573730e-01
9.176873564720153809e-01
9.177021384239196777e-01
9.177147746086120605e-01
9.177271127700805664e-01
9.177357554435729980e-01
9.177426695823669434e-01
9.177473187446594238e-01
9.177501797676086426e-01
9.177522063255310059e-01
9.177508950233459473e-01
9.177473783493041992e-01
9.177419543266296387e-01
9.177343249320983887e-01
9.177259802818298340e-01
9.177153110504150391e-01
9.177054166793823242e-01
9.176929593086242676e-01
9.176782369613647461e-01
9.176609516143798828e-01
9.176414012908935547e-01
9.176194667816162109e-01
9.175949692726135254e-01
9.175681471824645996e-01
9.175388813018798828e-01
9.175072908401489258e-01
9.174731969833374023e-01
9.174368381500244141e-01
9.173979759216308594e-01
9.173567891120910645e-01
9.173131585121154785e-01
9.172672629356384277e-01
9.172189235687255859e-01
9.171683192253112793e-01
9.171152114868164062e-01
9.170598983764648438e-01
9.170020818710327148e-01
9.169420599937438965e-01
9.168796539306640625e-01
9.168149232864379883e-01
9.167478680610656738e-01
9.166785478591918945e-01
9.166068434715270996e-01
9.165328741073608398e-01
9.164566397666931152e-01
9.163780808448791504e-01
9.162972569465637207e-01
9.162141680717468262e-01
9.161288142204284668e-01
9.160411953926086426e-01
9.159513711929321289e-01
9.158586859703063965e-01
9.157643318176269531e-01
9.156678915023803711e-01
9.155688881874084473e-01
9.154664278030395508e-01
9.153605699539184570e-01
9.152508378028869629e-01
9.151381850242614746e-01
9.150220751762390137e-01
9.147937297821044922e-01
9.146684408187866211e-01
9.145393371582031250e-01
9.144071340560913086e-01
9.142715334892272949e-01
9.141325354576110840e-01
9.139900803565979004e-01
9.138441085815429688e-01
9.136945009231567383e-01
9.135416746139526367e-01
9.133853912353515625e-01
9.132256507873535156e-01
9.130625128746032715e-01
9.128958582878112793e-01
9.127256870269775391e-01
9.125521779060363770e-01
9.123752713203430176e-01
9.121948480606079102e-01
9.120110273361206055e-01
9.118236899375915527e-01
9.116330146789550781e-01
9.114388823509216309e-01
9.112413525581359863e-01
9.110404849052429199e-01
9.108361601829528809e-01
9.106284379959106445e-01
9.104173183441162109e-01
9.102028012275695801e-01
9.099850058555603027e-01
9.097637534141540527e-01
9.095391035079956055e-01
9.093112349510192871e-01
9.090799689292907715e-01
9.088452458381652832e-01
9.086074233055114746e-01
9.083742499351501465e-01
9.081398248672485352e-01
9.079027771949768066e-01
9.076627492904663086e-01
9.074200987815856934e-01
9.071749448776245117e-01
9.069268703460693359e-01
9.066761136054992676e-01
9.064231514930725098e-01
9.061672091484069824e-01
9.059087634086608887e-01
9.056481122970581055e-01
9.053847193717956543e-01
9.051187634468078613e-01
9.048508405685424805e-01
9.045800566673278809e-01
9.043074250221252441e-01
9.040318727493286133e-01
9.037545919418334961e-01
9.034744501113891602e-01
9.031926393508911133e-01
9.029079675674438477e-01
9.026212692260742188e-01
9.023329019546508789e-01
9.020416736602783203e-01
9.017490148544311523e-01
9.014535546302795410e-01
9.011566638946533203e-01
9.008570909500122070e-01
9.005561470985412598e-01
9.002525210380554199e-01
8.999475836753845215e-01
8.996400237083435059e-01
8.993312120437622070e-01
8.990197777748107910e-01
8.987072110176086426e-01
8.983919620513916016e-01
8.980756998062133789e-01
8.977568149566650391e-01
8.974369168281555176e-01
8.971144556999206543e-01
8.967910408973693848e-01
8.964650630950927734e-01
8.961382508277893066e-01
8.958088159561157227e-01
8.954745531082153320e-01
8.951389789581298828e-01
8.948011398315429688e-01
8.944622278213500977e-01
8.941209912300109863e-01
8.937788009643554688e-01
8.934352993965148926e-01
8.930891752243041992e-01
8.927421569824218750e-01
8.923931717872619629e-01
8.920432329177856445e-01
8.916921019554138184e-01
8.913383483886718750e-01
8.909841775894165039e-01
8.906275033950805664e-01
8.902702927589416504e-01
8.899120092391967773e-01
8.895509839057922363e-01
8.891900181770324707e-01
8.888263702392578125e-01
8.884627223014831543e-01
8.880974650382995605e-01
8.877297639846801758e-01
8.873622417449951172e-01
8.869922161102294922e-01
8.866221308708190918e-01
8.862504959106445312e-01
8.858770728111267090e-01
8.855031728744506836e-01
8.851270675659179688e-01
8.847511410713195801e-01
8.843736648559570312e-01
8.839944601058959961e-01
8.836148381233215332e-01
8.832334876060485840e-01
8.828516006469726562e-01
8.824688196182250977e-01
8.820843100547790527e-01
8.816994428634643555e-01
8.813139796257019043e-01
8.809258937835693359e-01
8.805384635925292969e-01
8.801497220993041992e-01
8.797599673271179199e-01
8.793684840202331543e-01
8.789769411087036133e-01
8.785848617553710938e-01
8.781904578208923340e-01
8.777965903282165527e-01
8.774430155754089355e-01
8.770930767059326172e-01
8.767423033714294434e-01
8.763918876647949219e-01
8.760415315628051758e-01
8.756895065307617188e-01
8.753389120101928711e-01
8.749876022338867188e-01
8.746352791786193848e-01
8.742836117744445801e-01
8.739321231842041016e-01
8.735802173614501953e-01
8.732272386550903320e-01
8.728749752044677734e-01
8.725228905677795410e-01
8.721691966056823730e-01
8.718170523643493652e-01
8.714643120765686035e-01
8.711119294166564941e-01
8.707578778266906738e-01
8.704053163528442383e-01
8.700524568557739258e-01
8.696986436843872070e-01
8.693456053733825684e-01
8.689929842948913574e-01
8.686403036117553711e-01
8.682861924171447754e-01
8.679335713386535645e-01
8.675805926322937012e-01
8.672280311584472656e-01
8.668751120567321777e-01
8.665215969085693359e-01
8.661687970161437988e-01
8.658164739608764648e-01
8.654638528823852539e-01
8.651117086410522461e-01
8.647582530975341797e-01
8.644063472747802734e-01
8.640541434288024902e-01
8.637025356292724609e-01
8.633506298065185547e-01
8.629994392395019531e-01
8.626465797424316406e-01
8.622955679893493652e-01
8.619443178176879883e-01
8.615937829017639160e-01
8.612429499626159668e-01
8.608914017677307129e-01
8.605409264564514160e-01
8.601911664009094238e-01
8.598412871360778809e-01
8.594919443130493164e-01
8.591411113739013672e-01
8.588002920150756836e-01
8.584855198860168457e-01
8.581710457801818848e-01
8.578569889068603516e-01
8.575416803359985352e-01
8.572283983230590820e-01
8.569154739379882812e-01
8.566029667854309082e-01
8.562908172607421875e-01
8.559786677360534668e-01
8.556661605834960938e-01
8.553553223609924316e-01
8.550447821617126465e-01
8.547347187995910645e-01
8.544246554374694824e-01
8.541155457496643066e-01
8.538067340850830078e-01
8.534983992576599121e-01
8.531904816627502441e-01
8.528817296028137207e-01
8.525743484497070312e-01
8.522677421569824219e-01
8.519616127014160156e-01
8.516559004783630371e-01
8.513506650924682617e-01
8.510454297065734863e-01
8.507412672042846680e-01
8.504374027252197266e-01
8.501327037811279297e-01
8.498298525810241699e-01
8.495269417762756348e-01
8.492251038551330566e-01
8.489236235618591309e-01
8.486225605010986328e-01
8.483220934867858887e-01
8.480219841003417969e-01
8.477221131324768066e-01
8.474217057228088379e-01
8.471230864524841309e-01
8.468250036239624023e-01
8.465273976325988770e-01
8.462298512458801270e-01
8.459333181381225586e-01
8.456372022628784180e-01
8.453415632247924805e-01
8.450464010238647461e-01
8.447499871253967285e-01
8.444559574127197266e-01
8.441623449325561523e-01
8.438692092895507812e-01
8.435765504837036133e-01
8.432838916778564453e-01
8.429924249649047852e-01
8.427012562751770020e-01
8.424106836318969727e-01
8.421205282211303711e-01
8.418309092521667480e-01
8.415413498878479004e-01
8.412528634071350098e-01
8.409709334373474121e-01
8.407156467437744141e-01
8.404608368873596191e-01
8.402068018913269043e-01
8.399531841278076172e-01
8.397002220153808594e-01
8.394479751586914062e-01
8.391962051391601562e-01
8.389451503753662109e-01
8.386940360069274902e-01
8.384441733360290527e-01
8.381934762001037598e-01
8.379447460174560547e-01
8.376966118812561035e-01
8.374490737915039062e-01
8.372020721435546875e-01
8.369557261466979980e-01
8.367098569869995117e-01
8.364647030830383301e-01
8.362194895744323730e-01
8.359754681587219238e-01
8.357319235801696777e-01
8.354890346527099609e-01
8.352466821670532227e-01
8.350048661231994629e-01
8.347636461257934570e-01
8.345111012458801270e-01
8.342582583427429199e-01
8.340053558349609375e-01
8.337528705596923828e-01
8.335013985633850098e-01
8.332498669624328613e-01
8.329988121986389160e-01
8.327486515045166016e-01
8.324984312057495117e-01
8.322486877441406250e-01
8.319993019104003906e-01
8.317509293556213379e-01
8.315024375915527344e-01
8.312544226646423340e-01
8.310073018074035645e-01
8.307601213455200195e-01
8.305132985115051270e-01
8.302674889564514160e-01
8.300215601921081543e-01
8.297759890556335449e-01
8.295314311981201172e-01
8.292866945266723633e-01
8.290423154830932617e-01
8.287989497184753418e-01
8.285554051399230957e-01
8.283123373985290527e-01
8.281043767929077148e-01
8.279258012771606445e-01
8.277478218078613281e-01
8.275703787803649902e-01
8.273940086364746094e-01
8.272176980972290039e-01
8.270418643951416016e-01
8.268678784370422363e-01
8.266931176185607910e-01
8.265194296836853027e-01
8.263458013534545898e-01
8.261725902557373047e-01
8.259999752044677734e-01
8.258283734321594238e-01
8.256567120552062988e-01
8.254855871200561523e-01
8.253149390220642090e-01
8.251448273658752441e-01
8.249757289886474609e-01
8.248065114021301270e-01
8.246378302574157715e-01
8.244696259498596191e-01
8.243024349212646484e-01
8.241351842880249023e-01
8.239683508872985840e-01
8.238019943237304688e-01
8.236373066902160645e-01
8.234725594520568848e-01
8.233112692832946777e-01
8.231504559516906738e-01
8.229905366897583008e-01
8.228304982185363770e-01
8.226707577705383301e-01
8.225115537643432617e-01
8.223526477813720703e-01
8.221947550773620605e-01
8.220366239547729492e-01
8.218788504600524902e-01
8.217214941978454590e-01
8.215650320053100586e-01
8.214083909988403320e-01
8.212533593177795410e-01
8.210973739624023438e-01
8.209424018859863281e-01
8.207871317863464355e-01
8.206322193145751953e-01
8.204776048660278320e-01
8.203239440917968750e-01
8.201700448989868164e-01
8.200163841247558594e-01
8.198630809783935547e-01
8.197106719017028809e-01
8.195580244064331055e-01
8.194056749343872070e-01
8.192536234855651855e-01
8.191036581993103027e-01
8.189766407012939453e-01
8.188884258270263672e-01
8.188011646270751953e-01
8.187137246131896973e-01
8.186271786689758301e-01
8.185403943061828613e-01
8.184540271759033203e-01
8.183685541152954102e-01
8.182840347290039062e-01
8.181992769241333008e-01
8.181142807006835938e-01
8.180295228958129883e-01
8.179457187652587891e-01
8.178616762161254883e-01
8.177778720855712891e-01
8.176950812339782715e-01
8.176119327545166016e-01
8.175296783447265625e-01
8.174483776092529297e-01
8.173661231994628906e-01
8.172847628593444824e-01
8.172031044960021973e-01
8.171223402023315430e-01
8.170412182807922363e-01
8.169603347778320312e-01
8.168803453445434570e-01
8.168000578880310059e-01
8.167218565940856934e-01
8.166421055793762207e-01
8.165625333786010742e-01
8.164930343627929688e-01
8.164358139038085938e-01
8.163787722587585449e-01
8.163219690322875977e-01
8.162653446197509766e-01
8.162089586257934570e-01
8.161540031433105469e-01
8.160973191261291504e-01
8.160415291786193848e-01
8.159858584403991699e-01
8.159303665161132812e-01
8.158751130104064941e-01
8.158199787139892578e-01
8.157649636268615723e-01
8.157114386558532715e-01
8.156568408012390137e-01
8.156017065048217773e-01
8.155474066734313965e-01
8.154932260513305664e-01
8.154391646385192871e-01
8.153852820396423340e-01
8.153327703475952148e-01
8.152791857719421387e-01
8.152256608009338379e-01
8.151723146438598633e-01
8.151190280914306641e-01
8.150653243064880371e-01
8.150122761726379395e-01
8.149606585502624512e-01
8.149078488349914551e-01
8.148552179336547852e-01
8.148136734962463379e-01
8.148401379585266113e-01
8.148667216300964355e-01
8.148936033248901367e-01
8.149226307868957520e-01
8.149499893188476562e-01
8.149775266647338867e-01
8.150053024291992188e-01
8.150332570075988770e-01
8.150621056556701660e-01
8.150905370712280273e-01
8.151203989982604980e-01
8.151491880416870117e-01
8.151782155036926270e-01
8.152080178260803223e-01
8.152374029159545898e-01
8.152669668197631836e-01
8.152585029602050781e-01
8.152492046356201172e-01
8.152383565902709961e-01
8.152272105216979980e-01
8.152151703834533691e-01
8.152034282684326172e-01
8.151914477348327637e-01
8.151784539222717285e-01
8.151671290397644043e-01
8.151541948318481445e-01
8.151403069496154785e-01
8.151267170906066895e-01
8.151128292083740234e-01
8.150985836982727051e-01
8.150846362113952637e-01
8.150697350502014160e-01
8.150824308395385742e-01
8.151431679725646973e-01
8.152034282684326172e-01
8.152631521224975586e-01
8.153237104415893555e-01
8.153823614120483398e-01
8.154398202896118164e-01
8.154973983764648438e-01
8.155544400215148926e-01
8.156108856201171875e-01
8.156681060791015625e-01
8.157233595848083496e-01
8.157773613929748535e-01
8.158314228057861328e-01
8.158848285675048828e-01
8.159376382827758789e-01
8.159911036491394043e-01
8.159009218215942383e-01
8.156024217605590820e-01
8.152995705604553223e-01
8.149909973144531250e-01
8.146781325340270996e-01
8.143607974052429199e-01
8.140376210212707520e-01
8.137092590332031250e-01
8.133748769760131836e-01
8.130359649658203125e-01
8.126910328865051270e-01
8.123428225517272949e-01
8.119878172874450684e-01
8.116266727447509766e-01
8.112607002258300781e-01
8.108884096145629883e-01
8.105113506317138672e-01
8.101179599761962891e-01
8.094924092292785645e-01
8.088619112968444824e-01
8.082253336906433105e-01
8.075820803642272949e-01
8.069337606430053711e-01
8.062800168991088867e-01
8.056195974349975586e-01
8.049525022506713867e-01
8.042800426483154297e-01
8.036015033721923828e-01
8.029177784919738770e-01
8.022270202636718750e-01
8.015294075012207031e-01
8.008266091346740723e-01
8.001166582107543945e-01
7.994030714035034180e-01
7.986815571784973145e-01
7.979204654693603516e-01
7.970640659332275391e-01
7.962040305137634277e-01
7.953382134437561035e-01
7.944701313972473145e-01
7.935957312583923340e-01
7.927159667015075684e-01
7.918322086334228516e-01
7.909428477287292480e-01
7.900512814521789551e-01
7.891536355018615723e-01
7.882502079010009766e-01
7.873429656028747559e-01
7.864310145378112793e-01
7.855154871940612793e-01
7.845942378044128418e-01
7.836674451828002930e-01
7.827370762825012207e-01
7.818099856376647949e-01
7.810491323471069336e-01
7.802876830101013184e-01
7.795218825340270996e-01
7.787550091743469238e-01
7.779849767684936523e-01
7.772123217582702637e-01
7.764394283294677734e-01
7.756624817848205566e-01
7.748830318450927734e-01
7.741016149520874023e-01
7.733175158500671387e-01
7.725315690040588379e-01
7.717449665069580078e-01
7.709541320800781250e-01
7.701613903045654297e-01
7.693672180175781250e-01
7.685695886611938477e-01
7.677718400955200195e-01
7.669697403907775879e-01
7.661657333374023438e-01
7.653594613075256348e-01
7.645506858825683594e-01
7.637417316436767578e-01
7.629287838935852051e-01
7.621133327484130859e-01
7.612959742546081543e-01
7.604759931564331055e-01
7.596559524536132812e-01
7.588328123092651367e-01
7.580062150955200195e-01
7.571778297424316406e-01
7.563471794128417969e-01
7.555157542228698730e-01
7.546807527542114258e-01
7.538435459136962891e-01
7.530037760734558105e-01
7.521621584892272949e-01
7.513612508773803711e-01
7.506808042526245117e-01
7.499995827674865723e-01
7.493157982826232910e-01
7.486320137977600098e-01
7.479484081268310547e-01
7.472617030143737793e-01
7.465732693672180176e-01
7.458840608596801758e-01
7.451935410499572754e-01
7.445032596588134766e-01
7.438102364540100098e-01
7.431159615516662598e-01
7.424209117889404297e-01
7.417232394218444824e-01
7.410275340080261230e-01
7.403282523155212402e-01
7.396277189254760742e-01
7.389255166053771973e-01
7.382224798202514648e-01
7.375181913375854492e-01
7.368141412734985352e-01
7.361073493957519531e-01
7.353993058204650879e-01
7.346905469894409180e-01
7.339791059494018555e-01
7.332697510719299316e-01
7.325567603111267090e-01
7.318424582481384277e-01
7.311265468597412109e-01
7.304098010063171387e-01
7.296937108039855957e-01
7.289749979972839355e-01
7.282536029815673828e-01
7.275319099426269531e-01
7.268094420433044434e-01
7.260863184928894043e-01
7.253614068031311035e-01
7.246347069740295410e-01
7.239068150520324707e-01
7.231398224830627441e-01
7.223312258720397949e-01
7.215201854705810547e-01
7.207071781158447266e-01
7.198927402496337891e-01
7.190777063369750977e-01
7.182593345642089844e-01
7.174383997917175293e-01
7.166154980659484863e-01
7.157911658287048340e-01
7.149662971496582031e-01
7.141380310058593750e-01
7.133080959320068359e-01
7.124752998352050781e-01
7.116411328315734863e-01
7.108063697814941406e-01
7.099682688713073730e-01
7.091274857521057129e-01
7.082847952842712402e-01
7.074406743049621582e-01
7.065960764884948730e-01
7.057480216026306152e-01
7.048973441123962402e-01
7.040446996688842773e-01
7.031906843185424805e-01
7.023361325263977051e-01
7.014781832695007324e-01
7.006175518035888672e-01
6.997549533843994141e-01
6.988919377326965332e-01
6.980274319648742676e-01
6.971595287322998047e-01
6.962889432907104492e-01
6.954170465469360352e-01
6.945425271987915039e-01
6.936680674552917480e-01
6.927902102470397949e-01
6.919096708297729492e-01
6.910278201103210449e-01
6.901432871818542480e-01
6.892588734626770020e-01
6.883710622787475586e-01
6.874753236770629883e-01
6.865760684013366699e-01
6.856745481491088867e-01
6.847734451293945312e-01
6.838693022727966309e-01
6.829627752304077148e-01
6.820553541183471680e-01
6.811455488204956055e-01
6.802369952201843262e-01
6.793239116668701172e-01
6.784099936485290527e-01
6.774936318397521973e-01
6.765764355659484863e-01
6.756590604782104492e-01
6.747386455535888672e-01
6.738158464431762695e-01
6.728921532630920410e-01
6.719661951065063477e-01
6.710407137870788574e-01
6.701123118400573730e-01
6.691814661026000977e-01
6.682499051094055176e-01
6.673159003257751465e-01
6.663833260536193848e-01
6.654461622238159180e-01
6.645082831382751465e-01
6.635680198669433594e-01
6.626270413398742676e-01
6.616858243942260742e-01
6.607416868209838867e-01
6.597952246665954590e-01
6.588480472564697266e-01
6.578984856605529785e-01
6.569504141807556152e-01
6.559977531433105469e-01
6.550436615943908691e-01
6.540888547897338867e-01
6.531317234039306641e-01
6.521761417388916016e-01
6.512159705162048340e-01
6.502552032470703125e-01
6.492921113967895508e-01
6.483284235000610352e-01
6.473636627197265625e-01
6.463878154754638672e-01
6.454050540924072266e-01
6.444203257560729980e-01
6.434355378150939941e-01
6.424511671066284180e-01
6.414635181427001953e-01
6.404758095741271973e-01
6.394862532615661621e-01
6.384958028793334961e-01
6.375053524971008301e-01
6.365152001380920410e-01
6.355220675468444824e-01
6.345279812812805176e-01
6.335338950157165527e-01
6.325390338897705078e-01
6.315436959266662598e-01
6.305471062660217285e-01
6.295496821403503418e-01
6.285505294799804688e-01
6.275506615638732910e-01
6.265521645545959473e-01
6.255516409873962402e-01
6.245503425598144531e-01
6.235464811325073242e-01
6.225437521934509277e-01
6.215415596961975098e-01
6.205374002456665039e-01
6.195318102836608887e-01
6.185253262519836426e-01
6.175192594528198242e-01
6.165137290954589844e-01
6.155055165290832520e-01
6.144976019859313965e-01
6.134880781173706055e-01
6.124789714813232422e-01
6.114707589149475098e-01
6.104595661163330078e-01
6.094489097595214844e-01
6.084367036819458008e-01
6.074242591857910156e-01
6.064121127128601074e-01
6.054007411003112793e-01
6.043877601623535156e-01
6.033724546432495117e-01
6.023586988449096680e-01
6.013445258140563965e-01
6.003338694572448730e-01
5.993576049804687500e-01
5.983807444572448730e-01
5.974060297012329102e-01
5.964297056198120117e-01
5.954578518867492676e-01
5.944830179214477539e-01
5.935088992118835449e-01
5.925347208976745605e-01
5.915602445602416992e-01
5.905902981758117676e-01
5.896174907684326172e-01
5.886453986167907715e-01
5.876734852790832520e-01
5.867025256156921387e-01
5.857316255569458008e-01
5.847627520561218262e-01
5.837941169738769531e-01
5.828249454498291016e-01
5.818568468093872070e-01
5.808889269828796387e-01
5.799230337142944336e-01
5.789576172828674316e-01
5.779917240142822266e-01
5.770270228385925293e-01
5.760625600814819336e-01
5.750994086265563965e-01
5.741387009620666504e-01
5.731766223907470703e-01
5.722158551216125488e-01
5.712555050849914551e-01
5.702964663505554199e-01
5.693400502204895020e-01
5.683836340904235840e-01
5.674262046813964844e-01
5.664705038070678711e-01
5.655162334442138672e-01
5.645624995231628418e-01
5.636131763458251953e-01
5.626608729362487793e-01
5.617103576660156250e-01
5.607614517211914062e-01
5.598132014274597168e-01
5.588687062263488770e-01
5.579227805137634277e-01
5.569792985916137695e-01
5.560351610183715820e-01
5.550928711891174316e-01
5.541525483131408691e-01
5.532149076461791992e-01
5.523939728736877441e-01
5.515943169593811035e-01
5.507955551147460938e-01
5.499977469444274902e-01
5.492048859596252441e-01
5.484116673469543457e-01
5.476187467575073242e-01
5.468282103538513184e-01
5.460399985313415527e-01
5.452521443367004395e-01
5.444692969322204590e-01
5.436862707138061523e-01
5.429030656814575195e-01
5.421234965324401855e-01
5.413444042205810547e-01
5.405684709548950195e-01
5.397962927818298340e-01
5.390220880508422852e-01
5.382516384124755859e-01
5.374830365180969238e-01
5.367150902748107910e-01
5.359503626823425293e-01
5.351887941360473633e-01
5.344265699386596680e-01
5.336675643920898438e-01
5.329105854034423828e-01
5.321537256240844727e-01
5.314006805419921875e-01
5.306502580642700195e-01
5.299013257026672363e-01
5.291544198989868164e-01
5.284077525138854980e-01
5.276650190353393555e-01
5.269243717193603516e-01
5.261863470077514648e-01
5.254499912261962891e-01
5.247151851654052734e-01
5.239817500114440918e-01
5.232518911361694336e-01
5.225241780281066895e-01
5.217990875244140625e-01
5.210753679275512695e-01
5.203530192375183105e-01
5.196343064308166504e-01
5.189177989959716797e-01
5.182023048400878906e-01
5.174916386604309082e-01
5.167820453643798828e-01
5.160735249519348145e-01
5.153687000274658203e-01
5.146661996841430664e-01
5.139642953872680664e-01
5.132820606231689453e-01
5.126035809516906738e-01
5.119268894195556641e-01
5.112543702125549316e-01
5.105823874473571777e-01
5.099131464958190918e-01
5.092478990554809570e-01
5.085843205451965332e-01
5.079221725463867188e-01
5.072620511054992676e-01
5.066047310829162598e-01
5.059511661529541016e-01
5.052998661994934082e-01
5.046498179435729980e-01
5.040033459663391113e-01
5.033582448959350586e-01
5.027157068252563477e-01
5.020751953125000000e-01
5.014389753341674805e-01
5.008054375648498535e-01
5.001726150512695312e-01
4.995440244674682617e-01
4.989163279533386230e-01
4.982915818691253662e-01
4.976694285869598389e-01
4.970508515834808350e-01
4.964353442192077637e-01
4.958207011222839355e-01
4.952104389667510986e-01
4.946014583110809326e-01
4.939948320388793945e-01
4.933911859989166260e-01
4.927912950515747070e-01
4.921944439411163330e-01
4.915989339351654053e-01
4.910072684288024902e-01
4.904172420501708984e-01
4.898297190666198730e-01
4.892452657222747803e-01
4.886649549007415771e-01
4.880870878696441650e-01
4.875110089778900146e-01
4.869374930858612061e-01
4.863684475421905518e-01
4.858008623123168945e-01
4.852359294891357422e-01
4.846754670143127441e-01
4.841177761554718018e-01
4.835614264011383057e-01
4.830083250999450684e-01
4.824592173099517822e-01
4.819118976593017578e-01
4.813675880432128906e-01
4.808273613452911377e-01
4.802900552749633789e-01
4.797339141368865967e-01
4.791633486747741699e-01
4.785959422588348389e-01
4.780303537845611572e-01
4.774692058563232422e-01
4.769114851951599121e-01
4.763580262660980225e-01
4.758054316043853760e-01
4.752573966979980469e-01
4.747125804424285889e-01
4.741698503494262695e-01
4.736317992210388184e-01
4.730970263481140137e-01
4.725652635097503662e-01
4.720371663570404053e-01
4.715124070644378662e-01
4.709910750389099121e-01
4.704717993736267090e-01
4.699573516845703125e-01
4.694462716579437256e-01
4.689381122589111328e-01
4.684339463710784912e-01
4.679331779479980469e-01
4.674346148967742920e-01
4.669408798217773438e-01
4.664506018161773682e-01
4.659638106822967529e-01
4.654792547225952148e-01
4.649996161460876465e-01
4.645242989063262939e-01
4.640504419803619385e-01
4.635814428329467773e-01
4.631160497665405273e-01
4.626542925834655762e-01
4.621947705745697021e-01
4.617402851581573486e-01
4.612894058227539062e-01
4.608408510684967041e-01
4.603979885578155518e-01
4.599581360816955566e-01
4.595206081867218018e-01
4.590881168842315674e-01
4.586593508720397949e-01
4.582343399524688721e-01
4.578117132186889648e-01
4.573941528797149658e-01
4.569809734821319580e-01
4.565696120262145996e-01
4.561634361743927002e-01
4.557609558105468750e-01
4.553609788417816162e-01
4.549662172794342041e-01
4.545751810073852539e-01
4.541881084442138672e-01
4.538035094738006592e-01
4.534244835376739502e-01
4.530489444732666016e-01
4.526759088039398193e-01
4.523081183433532715e-01
4.519692957401275635e-01
4.516402781009674072e-01
4.513150751590728760e-01
4.509935081005096436e-01
4.506756961345672607e-01
4.503619670867919922e-01
4.500516355037689209e-01
4.497450888156890869e-01
4.494422376155853271e-01
4.491431713104248047e-01
4.488480687141418457e-01
4.485565423965454102e-01
4.482688009738922119e-01
4.479850828647613525e-01
4.477048218250274658e-01
4.474284052848815918e-01
4.471558034420013428e-01
4.468869566917419434e-01
4.466219246387481689e-01
4.463606774806976318e-01
4.461034536361694336e-01
4.458498358726501465e-01
4.456001818180084229e-01
4.453541636466979980e-01
4.451119303703308105e-01
4.448735415935516357e-01
4.446389377117156982e-01
4.444081485271453857e-01
4.441811740398406982e-01
4.439580738544464111e-01
4.437387585639953613e-01
4.435235559940338135e-01
4.433118402957916260e-01
4.431039690971374512e-01
4.428999125957489014e-01
4.426996707916259766e-01
4.425032436847686768e-01
4.423106014728546143e-01
4.421217739582061768e-01
4.419367611408233643e-01
4.417544901371002197e-01
4.415773749351501465e-01
4.414037764072418213e-01
4.412340223789215088e-01
4.410679638385772705e-01
4.409057199954986572e-01
4.407471120357513428e-01
4.405924379825592041e-01
4.404415190219879150e-01
4.402943253517150879e-01
4.401508867740631104e-01
4.400116503238677979e-01
4.398756623268127441e-01
4.397435188293457031e-01
4.396150410175323486e-01
4.394902288913726807e-01
4.393691718578338623e-01
4.392518103122711182e-01
4.391378760337829590e-01
4.390278756618499756e-01
4.389214813709259033e-01
4.388187825679779053e-01
4.387344121932983398e-01
4.386855065822601318e-01
4.386408627033233643e-01
4.385995268821716309e-01
4.385618269443511963e-01
4.385278522968292236e-01
4.384975135326385498e-01
4.384707510471343994e-01
4.384477436542510986e-01
4.384281933307647705e-01
4.384121298789978027e-01
4.383995234966278076e-01
4.383904337882995605e-01
4.383848011493682861e-01
4.383829534053802490e-01
4.383840560913085938e-01
4.383884668350219727e-01
4.383960664272308350e-01
4.384069740772247314e-01
4.384210705757141113e-01
4.384384453296661377e-01
4.384587705135345459e-01
4.384821951389312744e-01
4.385086596012115479e-01
4.385380446910858154e-01
4.385704100131988525e-01
4.386062324047088623e-01
4.386442303657531738e-01
4.386850893497467041e-01
4.387286901473999023e-01
4.387748837471008301e-01
4.388237595558166504e-01
4.388758242130279541e-01
4.389297664165496826e-01
4.389854073524475098e-01
4.390442073345184326e-01
4.391053318977355957e-01
4.391686916351318359e-01
4.392348527908325195e-01
4.393021464347839355e-01
4.393719136714935303e-01
4.394437074661254883e-01
4.395174384117126465e-01
4.395930767059326172e-01
4.396709799766540527e-01
4.397500753402709961e-01
4.398308396339416504e-01
4.399131238460540771e-01
4.399969279766082764e-01
4.400821328163146973e-01
4.401692152023315430e-01
4.402570128440856934e-01
4.403459429740905762e-01
4.404359161853790283e-01
4.405269324779510498e-01
4.406188428401947021e-01
4.407115578651428223e-01
4.408055245876312256e-01
4.408996105194091797e-01
4.409942030906677246e-01
4.410888552665710449e-01
4.411842525005340576e-01
4.412798583507537842e-01
4.413761496543884277e-01
4.414719343185424805e-01
4.415676593780517578e-01
4.416632056236267090e-01
4.417785406112670898e-01
4.419026374816894531e-01
4.420241713523864746e-01
4.421437084674835205e-01
4.422613978385925293e-01
4.423761069774627686e-01
4.424888491630554199e-01
4.425984621047973633e-01
4.427058994770050049e-01
4.428103566169738770e-01
4.429113268852233887e-01
4.430097341537475586e-01
4.431043565273284912e-01
4.431961476802825928e-01
4.432842433452606201e-01
4.433683753013610840e-01
4.434491693973541260e-01
4.435256719589233398e-01
4.435986280441284180e-01
4.436673820018768311e-01
4.437313973903656006e-01
4.437915086746215820e-01
4.438465535640716553e-01
4.438973665237426758e-01
4.439429044723510742e-01
4.439840316772460938e-01
4.440200328826904297e-01
4.440504312515258789e-01
4.440760016441345215e-01
4.440955817699432373e-01
4.441100060939788818e-01
4.441187977790832520e-01
4.441211819648742676e-01
4.441181123256683350e-01
4.441085457801818848e-01
4.440931081771850586e-01
4.440712928771972656e-01
4.440426230430603027e-01
4.440077245235443115e-01
4.439656734466552734e-01
4.439171850681304932e-01
4.438613355159759521e-01
4.437986910343170166e-01
4.437288343906402588e-01
4.436514973640441895e-01
4.435668587684631348e-01
4.434743225574493408e-01
4.433743953704833984e-01
4.432666599750518799e-01
4.431506991386413574e-01
4.430270195007324219e-01
4.428949654102325439e-01
4.427548646926879883e-01
4.426064193248748779e-01
4.424495697021484375e-01
4.422841072082519531e-01
4.421098530292510986e-01
4.419270455837249756e-01
4.417354166507720947e-01
4.415346384048461914e-01
4.413250386714935303e-01
4.411062598228454590e-01
4.408783316612243652e-01
4.406411051750183105e-01
4.403948783874511719e-01
4.401388764381408691e-01
4.398734569549560547e-01
4.395984709262847900e-01
4.393139183521270752e-01
4.390195906162261963e-01
4.387155473232269287e-01
4.383945763111114502e-01
4.380536377429962158e-01
4.377031624317169189e-01
4.373429417610168457e-01
4.369727075099945068e-01
4.365931153297424316e-01
4.362038969993591309e-01
4.358049333095550537e-01
4.353964626789093018e-01
4.349780380725860596e-01
4.345504045486450195e-01
4.341130852699279785e-01
4.336663782596588135e-01
4.332101345062255859e-01
4.327441155910491943e-01
4.322690367698669434e-01
4.317846298217773438e-01
4.312908351421356201e-01
4.307878315448760986e-01
4.302754104137420654e-01
4.297540783882141113e-01
4.292236268520355225e-01
4.286841452121734619e-01
4.281357526779174805e-01
4.275782108306884766e-01
4.270120859146118164e-01
4.264372587203979492e-01
4.258536994457244873e-01
4.252616763114929199e-01
4.246608912944793701e-01
4.240522384643554688e-01
4.234349429607391357e-01
4.228094518184661865e-01
4.221757650375366211e-01
4.215340018272399902e-01
4.208841323852539062e-01
4.202219545841217041e-01
4.195566177368164062e-01
4.188836514949798584e-01
4.182032346725463867e-01
4.175151288509368896e-01
4.168199300765991211e-01
4.161175489425659180e-01
4.154081046581268311e-01
4.146915972232818604e-01
4.139681756496429443e-01
4.132381379604339600e-01
4.125014841556549072e-01
4.117583632469177246e-01
4.110089242458343506e-01
4.102530181407928467e-01
4.094912409782409668e-01
4.087234437465667725e-01
4.079497456550598145e-01
4.071704149246215820e-01
4.063853919506072998e-01
4.055950045585632324e-01
4.047991931438446045e-01
4.039990007877349854e-01
4.031930267810821533e-01
4.023820459842681885e-01
4.015664160251617432e-01
4.007460772991180420e-01
3.999212086200714111e-01
3.990862667560577393e-01
3.982528448104858398e-01
3.974152803421020508e-01
3.965736925601959229e-01
3.957283496856689453e-01
3.948793411254882812e-01
3.940267860889434814e-01
3.931707739830017090e-01
3.923115432262420654e-01
3.914490640163421631e-01
3.905836939811706543e-01
3.897155523300170898e-01
3.888463377952575684e-01
3.880024850368499756e-01
3.871559202671051025e-01
3.863073885440826416e-01
3.854572176933288574e-01
3.846052885055541992e-01
3.837520182132720947e-01
3.828973174095153809e-01
3.820412158966064453e-01
3.811841011047363281e-01
3.803195357322692871e-01
3.794604837894439697e-01
3.786005973815917969e-01
3.777397274971008301e-01
3.768784105777740479e-01
3.760164380073547363e-01
3.751543760299682617e-01
3.742918968200683594e-01
3.734290599822998047e-01
3.725664317607879639e-01
3.717034459114074707e-01
3.708409965038299561e-01
3.699731230735778809e-01
3.691111803054809570e-01
3.682497441768646240e-01
3.673884272575378418e-01
3.665281534194946289e-01
3.656681478023529053e-01
3.648094236850738525e-01
3.639515936374664307e-01
3.630942404270172119e-01
3.622385263442993164e-01
3.613834977149963379e-01
3.605301380157470703e-01
3.596715927124023438e-01
3.588210940361022949e-01
3.579721748828887939e-01
3.571242094039916992e-01
3.562785387039184570e-01
3.554341197013854980e-01
3.545919656753540039e-01
3.537518382072448730e-01
3.529140055179595947e-01
3.520778417587280273e-01
3.512433469295501709e-01
3.504116237163543701e-01
3.495754897594451904e-01
3.487483859062194824e-01
3.479237556457519531e-01
3.471009731292724609e-01
3.462812900543212891e-01
3.454636335372924805e-01
3.446493446826934814e-01
3.438376486301422119e-01
3.430282473564147949e-01
3.422223329544067383e-01
3.414186239242553711e-01
3.406185805797576904e-01
3.398156166076660156e-01
3.390210568904876709e-01
3.382301628589630127e-01
3.374418616294860840e-01
3.366575241088867188e-01
3.358764052391052246e-01
3.350986540317535400e-01
3.343242704868316650e-01
3.335525095462799072e-01
3.327849507331848145e-01
3.320202529430389404e-01
3.312540352344512939e-01
3.304971158504486084e-01
3.297431170940399170e-01
3.289935588836669922e-01
3.282468616962432861e-01
3.275047540664672852e-01
3.267655968666076660e-01
3.260309994220733643e-01
3.253003060817718506e-01
3.245726823806762695e-01
3.238441348075866699e-01
3.231243789196014404e-01
3.224093616008758545e-01
3.217021822929382324e-01
3.210454285144805908e-01
3.203929662704467773e-01
3.197440505027770996e-01
3.191008865833282471e-01
3.184558749198913574e-01
3.178205788135528564e-01
3.171888589859008789e-01
3.165630400180816650e-01
3.159406781196594238e-01
3.153226673603057861e-01
3.147091567516326904e-01
3.140946030616760254e-01
3.134896755218505859e-01
3.128890395164489746e-01
3.122937083244323730e-01
3.117012679576873779e-01
3.111137449741363525e-01
3.105315268039703369e-01
3.099477589130401611e-01
3.093728125095367432e-01
3.088028728961944580e-01
3.082382380962371826e-01
3.076770901679992676e-01
3.071202635765075684e-01
3.065672516822814941e-01
3.060152530670166016e-01
3.054715692996978760e-01
3.049323558807373047e-01
3.043978512287139893e-01
3.038673102855682373e-01
3.033412098884582520e-01
3.028194606304168701e-01
3.023030459880828857e-01
3.017846941947937012e-01
3.012760281562805176e-01
3.007717132568359375e-01
3.002726137638092041e-01
2.997764945030212402e-01
2.992851734161376953e-01
2.987990975379943848e-01
2.983118891716003418e-01
2.978330254554748535e-01
2.973589599132537842e-01
2.968901693820953369e-01
2.964247167110443115e-01
2.959635555744171143e-01
2.955061197280883789e-01
2.950500249862670898e-01
2.946016788482666016e-01
2.941574752330780029e-01
2.937180995941162109e-01
2.932824492454528809e-01
2.928509414196014404e-01
2.924236655235290527e-01
2.920016050338745117e-01
2.915780544281005859e-01
2.911632955074310303e-01
2.907537817955017090e-01
2.903473973274230957e-01
2.899447381496429443e-01
2.895466089248657227e-01
2.891536056995391846e-01
2.887595593929290771e-01
2.883734703063964844e-01
2.879917323589324951e-01
2.876150906085968018e-01
2.872414886951446533e-01
2.868719696998596191e-01
2.865031659603118896e-01
2.861416935920715332e-01
2.857842445373535156e-01
2.854307889938354492e-01
2.850819826126098633e-01
2.847325801849365234e-01
2.843910455703735352e-01
2.840534150600433350e-01
2.837207615375518799e-01
2.833907306194305420e-01
2.830648720264434814e-01
2.827401161193847656e-01
2.824220657348632812e-01
2.821076512336730957e-01
2.817972004413604736e-01
2.814916968345642090e-01
2.811853587627410889e-01
2.808864116668701172e-01
2.805911004543304443e-01
2.803008258342742920e-01
2.800422906875610352e-01
2.797922492027282715e-01
2.795479297637939453e-01
2.793075442314147949e-01
2.790704071521759033e-01
2.788364291191101074e-01
2.786020040512084961e-01
2.783739566802978516e-01
2.781491577625274658e-01
2.779264152050018311e-01
2.777076363563537598e-01
2.774883210659027100e-01
2.772756218910217285e-01
2.770658433437347412e-01
2.768589854240417480e-01
2.766549885272979736e-01
2.764497995376586914e-01
2.762517333030700684e-01
2.760566473007202148e-01
2.758644521236419678e-01
2.756749391555786133e-01
2.754852175712585449e-01
2.753016054630279541e-01
2.751197516918182373e-01
2.749416828155517578e-01
2.747664749622344971e-01
2.745940983295440674e-01
2.744212448596954346e-01
2.742542922496795654e-01
2.740901410579681396e-01
2.739277184009552002e-01
2.737690210342407227e-01
2.736098766326904297e-01
2.734565436840057373e-01
2.733059227466583252e-01
2.731579244136810303e-01
2.730125188827514648e-01
2.728657722473144531e-01
2.727256417274475098e-01
2.725881338119506836e-01
2.724531292915344238e-01
2.723207771778106689e-01
2.721880078315734863e-01
2.720597386360168457e-01
2.719349861145019531e-01
2.718127369880676270e-01
2.716929316520690918e-01
2.715727984905242920e-01
2.714579999446868896e-01
2.713456451892852783e-01
2.712347507476806641e-01
2.711272537708282471e-01
2.710193693637847900e-01
2.709166407585144043e-01
2.708163261413574219e-01
2.707183659076690674e-01
2.706200182437896729e-01
2.705258131027221680e-01
2.704348862171173096e-01
2.703462541103363037e-01
2.702572047710418701e-01
2.701731622219085693e-01
2.700913846492767334e-01
2.700117528438568115e-01
2.699309587478637695e-01
2.698558568954467773e-01
2.697829306125640869e-01
2.697122693061828613e-01
2.696411013603210449e-01
2.695748209953308105e-01
2.695105671882629395e-01
2.694476246833801270e-01
2.693850994110107422e-01
2.693273127079010010e-01
2.692715525627136230e-01
2.692178487777709961e-01
2.691636383533477783e-01
2.691141664981842041e-01
2.690657377243041992e-01
2.690201401710510254e-01
2.689741253852844238e-01
2.689327001571655273e-01
2.688931226730346680e-01
2.688554525375366211e-01
2.688173353672027588e-01
2.687828838825225830e-01
2.687509953975677490e-01
2.687210440635681152e-01
2.686905860900878906e-01
2.686644792556762695e-01
2.686401903629302979e-01
2.686176300048828125e-01
2.685937285423278809e-01
2.685750424861907959e-01
2.685579657554626465e-01
2.685527503490447998e-01
2.685714066028594971e-01
2.685910463333129883e-01
2.686130404472351074e-01
2.686338722705841064e-01
2.686595618724822998e-01
2.686861455440521240e-01
2.687149941921234131e-01
2.687426805496215820e-01
2.687751054763793945e-01
2.688081562519073486e-01
2.688437402248382568e-01
2.688779830932617188e-01
2.689167857170104980e-01
2.689560651779174805e-01
2.689979076385498047e-01
2.690383493900299072e-01
2.690831720829010010e-01
2.691285014152526855e-01
2.691762745380401611e-01
2.692224979400634766e-01
2.692728638648986816e-01
2.693240940570831299e-01
2.693774104118347168e-01
2.694291770458221436e-01
2.694849073886871338e-01
2.695415019989013672e-01
2.695999741554260254e-01
2.696567475795745850e-01
2.697177827358245850e-01
2.697792947292327881e-01
2.698427438735961914e-01
2.699043154716491699e-01
2.699700593948364258e-01
2.700362205505371094e-01
2.701038718223571777e-01
2.701702415943145752e-01
2.702403068542480469e-01
2.703108191490173340e-01
2.703806757926940918e-01
2.704531252384185791e-01
2.705272436141967773e-01
2.705996930599212646e-01
2.706753313541412354e-01
2.707515954971313477e-01
2.708274126052856445e-01
2.709051072597503662e-01
2.709845006465911865e-01
2.710621953010559082e-01
2.711432874202728271e-01
2.712241113185882568e-01
2.713047862052917480e-01
2.713874280452728271e-01
2.714710235595703125e-01
2.715531885623931885e-01
2.716384530067443848e-01
2.717237770557403564e-01
2.718080282211303711e-01
2.718945145606994629e-01
2.719821631908416748e-01
2.720674872398376465e-01
2.721561789512634277e-01
2.722447514533996582e-01
2.723324596881866455e-01
2.724215686321258545e-01
2.725119888782501221e-01
2.726022303104400635e-01
2.726915776729583740e-01
2.727821767330169678e-01
2.728739678859710693e-01
2.729637026786804199e-01
2.730556726455688477e-01
2.731477618217468262e-01
2.732387185096740723e-01
2.733311653137207031e-01
2.734238803386688232e-01
2.735148966312408447e-01
2.736082375049591064e-01
2.737008035182952881e-01
2.737925648689270020e-01
2.738855779170989990e-01
2.739790976047515869e-01
2.740700840950012207e-01
2.741634845733642578e-01
2.742564082145690918e-01
2.743476033210754395e-01
2.744402885437011719e-01
2.745333015918731689e-01
2.746240794658660889e-01
2.747163176536560059e-01
2.748082578182220459e-01
2.748987674713134766e-01
2.749902009963989258e-01
2.750813663005828857e-01
2.751722037792205811e-01
2.752614617347717285e-01
2.753511369228363037e-01
2.754412293434143066e-01
2.755288779735565186e-01
2.756180167198181152e-01
2.757059931755065918e-01
2.757925689220428467e-01
2.758798599243164062e-01
2.759625017642974854e-01
2.759919762611389160e-01
2.760227918624877930e-01
2.760526835918426514e-01
2.760811448097229004e-01
2.761102318763732910e-01
2.761383056640625000e-01
2.761645317077636719e-01
2.761918008327484131e-01
2.762182950973510742e-01
2.762422859668731689e-01
2.762674689292907715e-01
2.762919962406158447e-01
2.763143181800842285e-01
2.763373851776123047e-01
2.763594985008239746e-01
2.763795852661132812e-01
2.764005959033966064e-01
2.764192223548889160e-01
2.764385640621185303e-01
2.764569222927093506e-01
2.764736413955688477e-01
2.764904201030731201e-01
2.765050828456878662e-01
2.765202522277832031e-01
2.765352129936218262e-01
2.765474021434783936e-01
2.765600383281707764e-01
2.765705585479736328e-01
2.765814363956451416e-01
2.765921056270599365e-01
2.765997648239135742e-01
2.766082286834716797e-01
2.766157388687133789e-01
2.766210436820983887e-01
2.766267657279968262e-01
2.766297757625579834e-01
2.766335308551788330e-01
2.766365706920623779e-01
2.766368985176086426e-01
2.766377627849578857e-01
2.766359448432922363e-01
2.766351699829101562e-01
2.766328155994415283e-01
2.766281664371490479e-01
2.766238152980804443e-01
2.766170501708984375e-01
2.766111195087432861e-01
2.766035497188568115e-01
2.765936255455017090e-01
2.765839397907257080e-01
2.765722274780273438e-01
2.765603363513946533e-01
2.765475213527679443e-01
2.765321731567382812e-01
2.765173017978668213e-01
2.764995992183685303e-01
2.764821648597717285e-01
2.764636576175689697e-01
2.764427363872528076e-01
2.764219343662261963e-01
2.763999402523040771e-01
2.763751745223999023e-01
2.763507962226867676e-01
2.763240635395050049e-01
2.762972116470336914e-01
2.762691080570220947e-01
2.762385308742523193e-01
2.762082815170288086e-01
2.761752009391784668e-01
2.761422395706176758e-01
2.761079668998718262e-01
2.760714292526245117e-01
2.760346233844757080e-01
2.759952843189239502e-01
2.759559154510498047e-01
2.759156823158264160e-01
2.758724391460418701e-01
2.758292257785797119e-01
2.757833898067474365e-01
2.757375538349151611e-01
2.756907939910888672e-01
2.756409347057342529e-01
2.755912244319915771e-01
2.755388021469116211e-01
2.754866182804107666e-01
2.754328548908233643e-01
2.753763794898986816e-01
2.753198742866516113e-01
2.752622961997985840e-01
2.752017676830291748e-01
2.751411795616149902e-01
2.750778496265411377e-01
2.750148177146911621e-01
2.749500572681427002e-01
2.748826146125793457e-01
2.748151123523712158e-01
2.747451663017272949e-01
2.746748328208923340e-01
2.746018171310424805e-01
2.745287120342254639e-01
2.744528949260711670e-01
2.743771672248840332e-01
2.742985188961029053e-01
2.742197215557098389e-01
2.741381824016571045e-01
2.740567624568939209e-01
2.739724218845367432e-01
2.738878726959228516e-01
2.738019526004791260e-01
2.737134993076324463e-01
2.736245989799499512e-01
2.735330760478973389e-01
2.734359800815582275e-01
2.733349502086639404e-01
2.732342481613159180e-01
2.731309831142425537e-01
2.730278670787811279e-01
2.729222774505615234e-01
2.728168666362762451e-01
2.727090120315551758e-01
2.726012468338012695e-01
2.724913656711578369e-01
2.723813652992248535e-01
2.722702324390411377e-01
2.721566557884216309e-01
2.720432281494140625e-01
2.719274163246154785e-01
2.718116044998168945e-01
2.716934084892272949e-01
2.715755105018615723e-01
2.714550197124481201e-01
2.713346481323242188e-01
2.712119221687316895e-01
2.710891962051391602e-01
2.709641158580780029e-01
2.708391249179840088e-01
2.707117497920989990e-01
2.705844342708587646e-01
2.704559564590454102e-01
2.703250646591186523e-01
2.701942324638366699e-01
2.700610458850860596e-01
2.699279189109802246e-01
2.697923779487609863e-01
2.696569263935089111e-01
2.695191204547882080e-01
2.693813443183898926e-01
2.692412137985229492e-01
2.691010832786560059e-01
2.689586579799652100e-01
2.688162624835968018e-01
2.686714828014373779e-01
2.685268819332122803e-01
2.683809697628021240e-01
2.682326734066009521e-01
2.680844962596893311e-01
2.679339349269866943e-01
2.677834630012512207e-01
2.676306962966918945e-01
2.674779295921325684e-01
2.673228979110717773e-01
2.671678662300109863e-01
2.670105099678039551e-01
2.668530344963073730e-01
2.666934430599212646e-01
2.665338516235351562e-01
2.663719356060028076e-01
2.662100493907928467e-01
2.660471498966217041e-01
2.658819258213043213e-01
2.657166421413421631e-01
2.655491530895233154e-01
2.653815448284149170e-01
2.652118206024169922e-01
2.650421261787414551e-01
2.648702561855316162e-01
2.646982967853546143e-01
2.645241916179656982e-01
2.643500864505767822e-01
2.641737461090087891e-01
2.639973461627960205e-01
2.638188302516937256e-01
2.636403739452362061e-01
2.634597420692443848e-01
2.632791101932525635e-01
2.630963027477264404e-01
2.629123926162719727e-01
2.627286016941070557e-01
2.625425755977630615e-01
2.623565196990966797e-01
2.621683776378631592e-01
2.619803547859191895e-01
2.617901861667633057e-01
2.616000175476074219e-01
2.614077627658843994e-01
2.612155675888061523e-01
2.610211968421936035e-01
2.608259022235870361e-01
2.606304585933685303e-01
2.604330480098724365e-01
2.602357566356658936e-01
2.600363790988922119e-01
2.598370611667633057e-01
2.596357166767120361e-01
2.594344317913055420e-01
2.592311203479766846e-01
2.590278089046478271e-01
2.588223814964294434e-01
2.586161494255065918e-01
2.584099471569061279e-01
2.582018077373504639e-01
2.579937577247619629e-01
2.577836513519287109e-01
2.575737535953521729e-01
2.573617398738861084e-01
2.571499645709991455e-01
2.569359838962554932e-01
2.567223608493804932e-01
2.565067410469055176e-01
2.562901973724365234e-01
2.560738325119018555e-01
2.558554410934448242e-01
2.556372880935668945e-01
2.554172277450561523e-01
2.551971673965454102e-01
2.549753487110137939e-01
2.547537088394165039e-01
2.545301616191864014e-01
2.543058097362518311e-01
2.540814578533172607e-01
2.538553774356842041e-01
2.536295652389526367e-01
2.534017860889434814e-01
2.531741857528686523e-01
2.529471814632415771e-01
2.527268528938293457e-01
2.525049149990081787e-01
2.522832155227661133e-01
2.520601153373718262e-01
2.518360614776611328e-01
2.516125440597534180e-01
2.513873875141143799e-01
2.511626482009887695e-01
2.509360909461975098e-01
2.507102489471435547e-01
2.504824399948120117e-01
2.502550780773162842e-01
2.500263750553131104e-01
2.497977912425994873e-01
2.495677471160888672e-01
2.493371367454528809e-01
2.491069436073303223e-01
2.488749772310256958e-01
2.486437857151031494e-01
2.484106868505477905e-01
2.481781542301177979e-01
2.479440867900848389e-01
2.477104812860488892e-01
2.474752813577651978e-01
2.472405284643173218e-01
2.470041513442993164e-01
2.467675060033798218e-01
2.465309798717498779e-01
2.462929636240005493e-01
2.460557073354721069e-01
2.458166182041168213e-01
2.455781847238540649e-01
2.453382760286331177e-01
2.450978010892868042e-01
2.448576837778091431e-01
2.446164190769195557e-01
2.443753480911254883e-01
2.441328763961791992e-01
2.438900619745254517e-01
2.436476349830627441e-01
2.434036433696746826e-01
2.431595176458358765e-01
2.429155856370925903e-01
2.426702380180358887e-01
2.424247711896896362e-01
2.421794682741165161e-01
2.419328838586807251e-01
2.416869848966598511e-01
2.414395362138748169e-01
2.411915659904479980e-01
2.409444600343704224e-01
2.406956702470779419e-01
2.404465973377227783e-01
2.401981353759765625e-01
2.399482727050781250e-01
2.396988272666931152e-01
2.394483685493469238e-01
2.391972243785858154e-01
2.389466166496276855e-01
2.386950850486755371e-01
2.384427785873413086e-01
2.381912022829055786e-01
2.379384785890579224e-01
2.376852184534072876e-01
2.374324798583984375e-01
2.371788471937179565e-01
2.369254082441329956e-01
2.366708368062973022e-01
2.364160865545272827e-01
2.361617833375930786e-01
2.359061539173126221e-01
2.356505841016769409e-01
2.353952974081039429e-01
2.351387143135070801e-01
2.348831593990325928e-01
2.346260994672775269e-01
2.343687266111373901e-01
2.341122776269912720e-01
2.338544130325317383e-01
2.335961908102035522e-01
2.333390116691589355e-01
2.330803275108337402e-01
2.328214198350906372e-01
2.325633913278579712e-01
2.323040217161178589e-01
2.320452779531478882e-01
2.317856997251510620e-01
2.315255701541900635e-01
2.312664985656738281e-01
2.310058921575546265e-01
2.307451665401458740e-01
2.304854393005371094e-01
2.302242517471313477e-01
2.299638539552688599e-01
2.297026515007019043e-01
2.294409573078155518e-01
2.291799336671829224e-01
2.289182245731353760e-01
2.286559939384460449e-01
2.283945232629776001e-01
2.281322777271270752e-01
2.278696149587631226e-01
2.276075929403305054e-01
2.273449897766113281e-01
2.270827442407608032e-01
2.268195003271102905e-01
2.265564352273941040e-01
2.262938171625137329e-01
2.260302454233169556e-01
2.257667928934097290e-01
2.255038619041442871e-01
2.252399325370788574e-01
2.249762415885925293e-01
2.247129976749420166e-01
2.244487851858139038e-01
2.241856753826141357e-01
2.239213436841964722e-01
2.236569076776504517e-01
2.233936190605163574e-01
2.231290191411972046e-01
2.228643745183944702e-01
2.226009368896484375e-01
2.223361730575561523e-01
2.220714092254638672e-01
2.218077927827835083e-01
2.215429395437240601e-01
2.212780863046646118e-01
2.210135459899902344e-01
2.207494527101516724e-01
2.204845249652862549e-01
2.202199101448059082e-01
2.199558317661285400e-01
2.196908444166183472e-01
2.194248884916305542e-01
2.191485017538070679e-01
2.188723534345626831e-01
2.185955196619033813e-01
2.183181643486022949e-01
2.180416882038116455e-01
2.177639156579971313e-01
2.174862474203109741e-01
2.172080874443054199e-01
2.169308513402938843e-01
2.166523039340972900e-01
2.163739055395126343e-01
2.160949707031250000e-01
2.158170640468597412e-01
2.155378162860870361e-01
2.152587473392486572e-01
2.149799913167953491e-01
2.147006690502166748e-01
2.144208103418350220e-01
2.141411751508712769e-01
2.138618528842926025e-01
2.135819941759109497e-01
2.133015692234039307e-01
2.130222767591476440e-01
2.127417176961898804e-01
2.124613225460052490e-01
2.121805250644683838e-01
2.119007706642150879e-01
2.116197645664215088e-01
2.113390266895294189e-01
2.110578864812850952e-01
2.107777893543243408e-01
2.104964554309844971e-01
2.102154642343521118e-01
2.099347859621047974e-01
2.096536457538604736e-01
2.093720585107803345e-01
2.090908437967300415e-01
2.088099271059036255e-01
2.085286229848861694e-01
2.082468718290328979e-01
2.079663425683975220e-01
2.076844722032546997e-01
2.074031084775924683e-01
2.071213275194168091e-01
2.068405896425247192e-01
2.065587937831878662e-01
