8.465355038642883301e-01
8.451843857765197754e-01
8.449606299400329590e-01
8.457507491111755371e-01
8.474533557891845703e-01
8.500211238861083984e-01
8.532430529594421387e-01
8.569290041923522949e-01
8.609064221382141113e-01
8.650305867195129395e-01
8.693811893463134766e-01
8.738750815391540527e-01
8.785105347633361816e-01
8.833853602409362793e-01
8.886282444000244141e-01
8.942470550537109375e-01
8.998796343803405762e-01
9.049030542373657227e-01
9.097640514373779297e-01
9.151245951652526855e-01
9.210175871849060059e-01
9.274525642395019531e-01
9.344957470893859863e-01
9.419099688529968262e-01
9.492880105972290039e-01
9.560489058494567871e-01
9.618321657180786133e-01
9.662673473358154297e-01
9.690860509872436523e-01
9.701387882232666016e-01
9.693869352340698242e-01
9.669113755226135254e-01
9.629349708557128906e-01
9.577398896217346191e-01
9.516136646270751953e-01
9.449244141578674316e-01
9.380002617835998535e-01
9.312099814414978027e-01
9.246859550476074219e-01
9.186310172080993652e-01
9.132645130157470703e-01
9.087231755256652832e-01
9.047115445137023926e-01
8.998118638992309570e-01
8.946747779846191406e-01
8.910755515098571777e-01
8.886598348617553711e-01
8.869990706443786621e-01
8.859050869941711426e-01
8.852967023849487305e-01
8.850798606872558594e-01
8.850395679473876953e-01
8.852850794792175293e-01
8.857593536376953125e-01
8.863999247550964355e-01
8.871458172798156738e-01
8.879388570785522461e-01
8.887651562690734863e-01
8.896089196205139160e-01
8.904713988304138184e-01
8.914240002632141113e-01
8.925635814666748047e-01
8.939664959907531738e-01
8.956556320190429688e-01
8.975408673286437988e-01
8.996250629425048828e-01
9.015823006629943848e-01
9.030812382698059082e-01
9.044186472892761230e-01
9.056088328361511230e-01
9.067249298095703125e-01
9.078422188758850098e-01
9.091005325317382812e-01
9.106181263923645020e-01
9.124643206596374512e-01
9.146852493286132812e-01
9.173040390014648438e-01
9.203251004219055176e-01
9.237446784973144531e-01
9.276100993156433105e-01
9.319337010383605957e-01
9.338688254356384277e-01
9.396935701370239258e-01
9.443740844726562500e-01
9.488211870193481445e-01
9.531333446502685547e-01
9.572652578353881836e-01
9.611566662788391113e-01
9.647102355957031250e-01
9.678751826286315918e-01
9.706163406372070312e-01
9.728806614875793457e-01
9.746306538581848145e-01
9.758511185646057129e-01
9.765158295631408691e-01
9.766371250152587891e-01
9.762328863143920898e-01
9.753385782241821289e-01
9.739963412284851074e-01
9.722610116004943848e-01
9.701968431472778320e-01
9.678693413734436035e-01
9.654083847999572754e-01
9.628202319145202637e-01
9.601680040359497070e-01
9.574937224388122559e-01
9.548511505126953125e-01
9.522601366043090820e-01
9.497411847114562988e-01
9.472637176513671875e-01
9.447084665298461914e-01
9.420097470283508301e-01
9.390618205070495605e-01
9.357486367225646973e-01
9.320732355117797852e-01
9.281443953514099121e-01
9.241963624954223633e-01
9.204314351081848145e-01
9.169929027557373047e-01
9.139741063117980957e-01
9.113678336143493652e-01
9.091430902481079102e-01
9.072738289833068848e-01
9.057254195213317871e-01
9.044677019119262695e-01
9.034661650657653809e-01
9.026943445205688477e-01
9.021338820457458496e-01
9.017927646636962891e-01
9.015856981277465820e-01
9.014779329299926758e-01
9.014292955398559570e-01
9.013988375663757324e-01
9.013403058052062988e-01
9.012081027030944824e-01
9.009559154510498047e-01
9.005376696586608887e-01
8.998662829399108887e-01
8.989453911781311035e-01
8.977619409561157227e-01
8.963015079498291016e-01
8.945620059967041016e-01
8.925608992576599121e-01
8.903229236602783203e-01
8.878832459449768066e-01
8.852948546409606934e-01
8.826158046722412109e-01
8.799402713775634766e-01
8.772853612899780273e-01
8.747004270553588867e-01
8.700693845748901367e-01
8.679511547088623047e-01
8.660618066787719727e-01
8.644317388534545898e-01
8.630815148353576660e-01
8.620277643203735352e-01
8.612818121910095215e-01
8.609201312065124512e-01
8.608780503273010254e-01
8.611469864845275879e-01
8.617205619812011719e-01
8.625859022140502930e-01
8.637183308601379395e-01
8.650906085968017578e-01
8.666751980781555176e-01
8.684432506561279297e-01
8.703554868698120117e-01
8.724279999732971191e-01
8.747287988662719727e-01
8.773863911628723145e-01
8.806725740432739258e-01
8.848634958267211914e-01
8.900689482688903809e-01
8.960666656494140625e-01
9.024859070777893066e-01
9.089690446853637695e-01
9.153029918670654297e-01
9.213533997535705566e-01
9.270787835121154785e-01
9.324852228164672852e-01
9.375802874565124512e-01
9.423496723175048828e-01
9.468075037002563477e-01
9.509222507476806641e-01
9.547004103660583496e-01
9.581117630004882812e-01
9.611609578132629395e-01
9.638249874114990234e-01
9.661098122596740723e-01
9.680058956146240234e-01
9.695204496383666992e-01
9.706598520278930664e-01
9.714246988296508789e-01
9.718265533447265625e-01
9.718752503395080566e-01
9.715856313705444336e-01
9.709755778312683105e-01
9.700626134872436523e-01
9.688665270805358887e-01
9.674093127250671387e-01
9.657141566276550293e-01
9.638060927391052246e-01
9.617166519165039062e-01
9.594649672508239746e-01
9.570768475532531738e-01
9.545781612396240234e-01
9.519870877265930176e-01
9.493395090103149414e-01
9.466524124145507812e-01
9.439457654953002930e-01
9.412392377853393555e-01
9.385508298873901367e-01
9.359038472175598145e-01
9.333070516586303711e-01
9.307258725166320801e-01
9.281686544418334961e-01
9.256961941719055176e-01
9.233256578445434570e-01
9.210700392723083496e-01
9.189256429672241211e-01
9.168999791145324707e-01
9.149925708770751953e-01
9.132025837898254395e-01
9.115094542503356934e-01
9.098970890045166016e-01
9.083333611488342285e-01
9.067540168762207031e-01
9.050927162170410156e-01
9.032633304595947266e-01
9.011826515197753906e-01
8.990472555160522461e-01
8.972776532173156738e-01
8.961156606674194336e-01
8.953775763511657715e-01
8.947771191596984863e-01
8.941324353218078613e-01
8.933786153793334961e-01
8.924945592880249023e-01
8.914912939071655273e-01
8.903759717941284180e-01
8.891760706901550293e-01
8.879190683364868164e-01
8.866447806358337402e-01
8.853798508644104004e-01
8.841944932937622070e-01
8.831593990325927734e-01
8.824136257171630859e-01
8.821738958358764648e-01
8.830179572105407715e-01
8.909484148025512695e-01
8.907602429389953613e-01
8.892524242401123047e-01
8.875918984413146973e-01
8.859186172485351562e-01
8.842830657958984375e-01
8.827085494995117188e-01
8.812114596366882324e-01
8.798124194145202637e-01
8.785269856452941895e-01
8.773542046546936035e-01
8.763024806976318359e-01
8.753703236579895020e-01
8.745548725128173828e-01
8.738588094711303711e-01
8.732771873474121094e-01
8.728091120719909668e-01
8.724496364593505859e-01
8.721948266029357910e-01
8.720388412475585938e-01
8.719728589057922363e-01
8.719853162765502930e-01
8.720565438270568848e-01
8.721621036529541016e-01
8.722379207611083984e-01
8.721165060997009277e-01
8.714383840560913086e-01
8.716639876365661621e-01
8.742371201515197754e-01
8.757230043411254883e-01
8.767470717430114746e-01
8.777055144309997559e-01
8.786890506744384766e-01
8.797319531440734863e-01
8.808370232582092285e-01
8.820133209228515625e-01
8.832545280456542969e-01
8.845732212066650391e-01
8.859719038009643555e-01
8.874402046203613281e-01
8.889735341072082520e-01
8.905652165412902832e-01
8.922241330146789551e-01
8.939381837844848633e-01
8.957171440124511719e-01
8.975535631179809570e-01
8.994406461715698242e-01
9.013873338699340820e-01
9.033806324005126953e-01
9.054300189018249512e-01
9.075277447700500488e-01
9.096651673316955566e-01
9.118523597717285156e-01
9.140743017196655273e-01
9.163500666618347168e-01
9.186713099479675293e-01
9.210178256034851074e-01
9.233999252319335938e-01
9.258000254631042480e-01
9.282218217849731445e-01
9.306606054306030273e-01
9.331121444702148438e-01
9.355717897415161133e-01
9.380263686180114746e-01
9.404860734939575195e-01
9.429370760917663574e-01
9.453736543655395508e-01
9.477888941764831543e-01
9.501765370368957520e-01
9.525228142738342285e-01
9.548346400260925293e-01
9.570978283882141113e-01
9.593325853347778320e-01
9.615058302879333496e-01
9.636051654815673828e-01
9.656177759170532227e-01
9.675500988960266113e-01
9.693899750709533691e-01
9.711321592330932617e-01
9.727666974067687988e-01
9.742947816848754883e-01
9.757168889045715332e-01
9.770210385322570801e-01
9.782093763351440430e-01
9.792798161506652832e-01
9.802313446998596191e-01
9.810633659362792969e-01
9.817782044410705566e-01
9.823718667030334473e-01
9.828484058380126953e-01
9.832108020782470703e-01
9.834661483764648438e-01
9.836146235466003418e-01
9.836597442626953125e-01
9.836049675941467285e-01
9.834551215171813965e-01
9.832144379615783691e-01
9.828877449035644531e-01
9.824799895286560059e-01
9.819958806037902832e-01
9.814407825469970703e-01
9.808195233345031738e-01
9.801398515701293945e-01
9.794017076492309570e-01
9.786153435707092285e-01
9.777797460556030273e-01
9.769021272659301758e-01
9.759901762008666992e-01
9.750412106513977051e-01
9.740661382675170898e-01
9.730834960937500000e-01
9.721019864082336426e-01
9.710980653762817383e-01
9.700815677642822266e-01
9.690465927124023438e-01
9.680025577545166016e-01
9.669428467750549316e-01
9.658762812614440918e-01
9.647950530052185059e-01
9.637035727500915527e-01
9.626058340072631836e-01
9.614929556846618652e-01
9.603728055953979492e-01
9.592400193214416504e-01
9.580934643745422363e-01
9.569316506385803223e-01
9.557533264160156250e-01
9.545567631721496582e-01
9.533403515815734863e-01
9.521024227142333984e-01
9.508417248725891113e-01
9.495803713798522949e-01
9.483040571212768555e-01
9.470027685165405273e-01
9.456753134727478027e-01
9.443219304084777832e-01
9.429420828819274902e-01
9.415369629859924316e-01
9.401066899299621582e-01
9.386536478996276855e-01
9.371789097785949707e-01
9.356853961944580078e-01
9.341751933097839355e-01
9.326519966125488281e-01
9.311187863349914551e-01
9.295798540115356445e-01
9.280443787574768066e-01
9.265049695968627930e-01
9.249770641326904297e-01
9.234535098075866699e-01
9.219493865966796875e-01
9.204573631286621094e-01
9.189917445182800293e-01
9.175602793693542480e-01
9.161704778671264648e-01
9.148034453392028809e-01
9.134724736213684082e-01
9.121745824813842773e-01
9.109055399894714355e-01
9.096775054931640625e-01
9.084812998771667480e-01
9.073272943496704102e-01
9.062063694000244141e-01
9.051282405853271484e-01
9.040830731391906738e-01
9.030796885490417480e-01
9.021093845367431641e-01
9.011788368225097656e-01
9.002799987792968750e-01
8.994191288948059082e-01
8.985913991928100586e-01
8.977956175804138184e-01
8.970304727554321289e-01
8.962947726249694824e-01
8.955876827239990234e-01
8.949071764945983887e-01
8.942424058914184570e-01
8.935315608978271484e-01
8.928424715995788574e-01
8.921793103218078613e-01
8.915385603904724121e-01
8.909191489219665527e-01
8.903201818466186523e-01
8.897409439086914062e-01
8.891803026199340820e-01
8.886376023292541504e-01
8.881121277809143066e-01
8.876031637191772461e-01
8.871100544929504395e-01
8.866321444511413574e-01
8.861688971519470215e-01
8.857197761535644531e-01
8.852840662002563477e-01
8.848616480827331543e-01
8.844518661499023438e-01
8.840554952621459961e-01
8.836696743965148926e-01
8.832952976226806641e-01
8.829327821731567383e-01
8.825797438621520996e-01
8.822368979454040527e-01
8.819036483764648438e-01
8.815740346908569336e-01
8.812546133995056152e-01
8.809454441070556641e-01
8.806447982788085938e-01
8.803527951240539551e-01
8.800692558288574219e-01
8.797926902770996094e-01
8.795233368873596191e-01
8.792598843574523926e-01
8.790020942687988281e-01
8.787494897842407227e-01
8.785010576248168945e-01
8.782566785812377930e-01
8.780156970024108887e-01
8.777775168418884277e-01
8.775417208671569824e-01
8.773080110549926758e-01
8.770760893821716309e-01
8.768455386161804199e-01
8.766162991523742676e-01
8.763882517814636230e-01
8.761615157127380371e-01
8.759358525276184082e-01
8.757115602493286133e-01
8.754891157150268555e-01
8.752681612968444824e-01
8.750484585762023926e-01
8.748298883438110352e-01
8.746145367622375488e-01
8.744019269943237305e-01
8.741930127143859863e-01
8.739887475967407227e-01
8.737887740135192871e-01
8.735940456390380859e-01
8.734058141708374023e-01
8.732233643531799316e-01
8.730479478836059570e-01
8.728802800178527832e-01
8.727213144302368164e-01
8.725704550743103027e-01
8.724287152290344238e-01
8.722977638244628906e-01
8.721761107444763184e-01
8.720653653144836426e-01
8.719659447669982910e-01
8.718782663345336914e-01
8.718027472496032715e-01
8.717399835586547852e-01
8.716902732849121094e-01
8.716542124748229980e-01
8.716319799423217773e-01
8.716242909431457520e-01
8.716310858726501465e-01
8.716531395912170410e-01
8.716887831687927246e-01
8.717356324195861816e-01
8.717985153198242188e-01
8.718776106834411621e-01
8.719733357429504395e-01
8.720860481262207031e-01
8.722161054611206055e-01
8.723634481430053711e-01
8.725283741950988770e-01
8.727114796638488770e-01
8.729125857353210449e-01
8.731320500373840332e-01
8.733700513839721680e-01
8.736267685890197754e-01
8.739024400711059570e-01
8.741971850395202637e-01
8.745111823081970215e-01
8.748418092727661133e-01
8.751945495605468750e-01
8.755670785903930664e-01
8.759564757347106934e-01
8.763686418533325195e-01
8.768006563186645508e-01
8.772495388984680176e-01
8.777220845222473145e-01
8.782146573066711426e-01
8.787276148796081543e-01
8.792570233345031738e-01
8.798106312751770020e-01
8.803846240043640137e-01
8.809750676155090332e-01
8.815923333168029785e-01
8.822336792945861816e-01
8.828910589218139648e-01
8.835733532905578613e-01
8.842759728431701660e-01
8.849940896034240723e-01
8.857371211051940918e-01
8.865000009536743164e-01
8.872784376144409180e-01
8.880813717842102051e-01
8.889036178588867188e-01
8.897457718849182129e-01
8.906022310256958008e-01
8.914777040481567383e-01
8.923771381378173828e-01
8.932899236679077148e-01
8.942265510559082031e-01
8.951761722564697266e-01
8.961485028266906738e-01
8.971334695816040039e-01
8.981353640556335449e-01
8.991596698760986328e-01
9.001952409744262695e-01
9.012520909309387207e-01
9.023193120956420898e-01
9.034075736999511719e-01
9.045049548149108887e-01
9.056226015090942383e-01
9.067482948303222656e-01
9.078872203826904297e-01
9.090451002120971680e-01
9.102092385292053223e-01
9.113912582397460938e-01
9.125658869743347168e-01
9.137495756149291992e-01
9.149359464645385742e-01
9.161310791969299316e-01
9.173400402069091797e-01
9.185497164726257324e-01
9.197718501091003418e-01
9.209933280944824219e-01
9.222189188003540039e-01
9.234547615051269531e-01
9.246868491172790527e-01
9.259210824966430664e-01
9.271557927131652832e-01
9.283907413482666016e-01
9.296305775642395020e-01
9.308620691299438477e-01
9.320905804634094238e-01
9.333149194717407227e-01
9.345341324806213379e-01
9.357529282569885254e-01
9.369589686393737793e-01
9.381568431854248047e-01
9.393455386161804199e-01
9.405248165130615234e-01
9.416994452476501465e-01
9.428567886352539062e-01
9.440024495124816895e-01
9.451358318328857422e-01
9.462565779685974121e-01
9.473693370819091797e-01
9.484635591506958008e-01
9.495440125465393066e-01
9.506105780601501465e-01
9.516628980636596680e-01
9.527065157890319824e-01
9.537389278411865234e-01
9.547758102416992188e-01
9.557974934577941895e-01
9.568043351173400879e-01
9.577956795692443848e-01
9.587712287902832031e-01
9.597304463386535645e-01
9.606721997261047363e-01
9.615969061851501465e-01
9.625034928321838379e-01
9.633911848068237305e-01
9.642593264579772949e-01
9.651070237159729004e-01
9.659338593482971191e-01
9.667389392852783203e-01
9.675213694572448730e-01
9.682804346084594727e-01
9.690150618553161621e-01
9.697251915931701660e-01
9.704095125198364258e-01
9.710676670074462891e-01
9.716986417770385742e-01
9.723016619682312012e-01
9.728766083717346191e-01
9.734225869178771973e-01
9.739389419555664062e-01
9.744252562522888184e-01
9.748806953430175781e-01
9.753052592277526855e-01
9.756981730461120605e-01
9.760591387748718262e-01
9.763877391815185547e-01
9.766833186149597168e-01
9.769460558891296387e-01
9.771754741668701172e-01
9.773712158203125000e-01
9.775322675704956055e-01
9.776602387428283691e-01
9.777465462684631348e-01
9.777601957321166992e-01
9.777400493621826172e-01
9.776862859725952148e-01
9.775987863540649414e-01
9.774771332740783691e-01
9.773215651512145996e-01
9.770355224609375000e-01
9.767773747444152832e-01
9.764869213104248047e-01
9.761617779731750488e-01
9.758034348487854004e-01
9.754121303558349609e-01
9.749877452850341797e-01
9.745306968688964844e-01
9.740434885025024414e-01
9.735221266746520996e-01
9.729688763618469238e-01
9.723841547966003418e-01
9.717683792114257812e-01
9.711217880249023438e-01
9.704481959342956543e-01
9.697414636611938477e-01
9.690052866935729980e-01
9.682401418685913086e-01
9.674463868141174316e-01
9.666285514831542969e-01
9.657794833183288574e-01
9.649035334587097168e-01
9.640055894851684570e-01
9.630779027938842773e-01
9.621251821517944336e-01
9.611524343490600586e-01
9.601517319679260254e-01
9.591281414031982422e-01
9.580870270729064941e-01
9.570199847221374512e-01
9.559321999549865723e-01
9.548296332359313965e-01
9.537034630775451660e-01
9.525591135025024414e-01
9.514027833938598633e-01
9.502351284027099609e-01
9.490532279014587402e-01
9.478616714477539062e-01
9.466506838798522949e-01
9.454268813133239746e-01
9.441968202590942383e-01
9.429503679275512695e-01
9.416943192481994629e-01
9.404352903366088867e-01
9.391629695892333984e-01
9.378843903541564941e-01
9.366058111190795898e-01
9.353172183036804199e-01
9.340249300003051758e-01
9.327356219291687012e-01
9.314388036727905273e-01
9.301463961601257324e-01
9.288480281829833984e-01
9.275553226470947266e-01
9.262574911117553711e-01
9.249665737152099609e-01
9.236712455749511719e-01
9.223777651786804199e-01
9.210913777351379395e-01
9.198011159896850586e-01
9.185184836387634277e-01
9.172316789627075195e-01
9.159518480300903320e-01
9.146679043769836426e-01
9.133902192115783691e-01
9.121077060699462891e-01
9.108306765556335449e-01
9.095480442047119141e-01
9.082702398300170898e-01
9.069857597351074219e-01
9.057054519653320312e-01
9.044177532196044922e-01
9.031332135200500488e-01
9.018408656120300293e-01
9.005509614944458008e-01
8.992527127265930176e-01
8.979563713073730469e-01
8.966512680053710938e-01
8.953482508659362793e-01
8.940361142158508301e-01
8.927174210548400879e-01
8.914002180099487305e-01
8.900741934776306152e-01
8.887500762939453125e-01
8.874171972274780273e-01
8.860867023468017578e-01
8.847536444664001465e-01
8.834124207496643066e-01
8.820742368698120117e-01
8.807289600372314453e-01
8.793871402740478516e-01
8.780443668365478516e-01
8.766948580741882324e-01
8.753501772880554199e-01
8.739996552467346191e-01
8.726545572280883789e-01
8.713101148605346680e-01
8.699604868888854980e-01
8.686178326606750488e-01
8.672708868980407715e-01
8.659311532974243164e-01
8.645933270454406738e-01
8.632522821426391602e-01
8.619195222854614258e-01
8.605842590332031250e-01
8.592574596405029297e-01
8.579338788986206055e-01
8.566091656684875488e-01
8.552933335304260254e-01
8.539766669273376465e-01
8.526695966720581055e-01
8.513668775558471680e-01
8.500640988349914551e-01
8.487712144851684570e-01
8.474788665771484375e-01
8.461962938308715820e-01
8.449195027351379395e-01
8.436436057090759277e-01
8.423780798912048340e-01
8.411187529563903809e-01
8.398602008819580078e-01
8.386130332946777344e-01
8.373717069625854492e-01
8.361365795135498047e-01
8.349034786224365234e-01
8.336812257766723633e-01
8.324658274650573730e-01
8.312520980834960938e-01
8.300497531890869141e-01
8.288830518722534180e-01
8.277268409729003906e-01
8.265746235847473145e-01
8.254342079162597656e-01
8.243017196655273438e-01
8.231726884841918945e-01
8.220561146736145020e-01
8.209468126296997070e-01
8.198415637016296387e-01
8.187478184700012207e-01
8.176622390747070312e-01
8.165841698646545410e-01
8.155099153518676758e-01
8.144471049308776855e-01
8.133922219276428223e-01
8.123410344123840332e-01
8.113018274307250977e-01
8.102700114250183105e-01
8.092467188835144043e-01
8.082275986671447754e-01
8.072214722633361816e-01
8.062244057655334473e-01
8.052341938018798828e-01
8.042587041854858398e-01
8.032963871955871582e-01
8.023493885993957520e-01
8.014170527458190918e-01
8.005101680755615234e-01
7.996295094490051270e-01
7.987813949584960938e-01
7.979712486267089844e-01
7.972039580345153809e-01
7.964880466461181641e-01
7.958236932754516602e-01
7.952070236206054688e-01
7.946294546127319336e-01
7.940741181373596191e-01
7.935257554054260254e-01
7.929645180702209473e-01
7.923772335052490234e-01
7.917554974555969238e-01
7.910985946655273438e-01
7.904060482978820801e-01
7.896890640258789062e-01
7.889512777328491211e-01
7.881999015808105469e-01
7.874397039413452148e-01
7.866734266281127930e-01
7.859091758728027344e-01
7.851480245590209961e-01
7.843911051750183105e-01
7.836405634880065918e-01
7.828941345214843750e-01
7.821662425994873047e-01
7.814714312553405762e-01
7.807853221893310547e-01
7.801082730293273926e-01
7.794376611709594727e-01
7.787786722183227539e-01
7.781287431716918945e-01
7.774876952171325684e-01
7.768555879592895508e-01
7.762317657470703125e-01
7.756150960922241211e-01
7.750089764595031738e-01
7.744111418724060059e-01
7.738217115402221680e-01
7.732399106025695801e-01
7.726668119430541992e-01
7.721015810966491699e-01
7.715441584587097168e-01
7.709945440292358398e-01
7.704508900642395020e-01
7.699160575866699219e-01
7.693892121315002441e-01
7.688695788383483887e-01
7.683573365211486816e-01
7.678522467613220215e-01
7.673538327217102051e-01
7.668629884719848633e-01
7.663790583610534668e-01
7.659006118774414062e-01
7.654304504394531250e-01
7.649664282798767090e-01
7.645097374916076660e-01
7.640595436096191406e-01
7.636159062385559082e-01
7.631787061691284180e-01
7.627479434013366699e-01
7.623231410980224609e-01
7.619039416313171387e-01
7.614920735359191895e-01
7.610864043235778809e-01
7.606868743896484375e-01
7.602928280830383301e-01
7.599053978919982910e-01
7.595238685607910156e-01
7.591482996940612793e-01
7.587785124778747559e-01
7.584131956100463867e-01
7.580550909042358398e-01
7.577025890350341797e-01
7.573558092117309570e-01
7.570145726203918457e-01
7.566783428192138672e-01
7.563483119010925293e-01
7.560236454010009766e-01
7.557044029235839844e-01
7.553905248641967773e-01
7.550820112228393555e-01
7.547782063484191895e-01
7.544803023338317871e-01
7.541943788528442383e-01
7.539421916007995605e-01
7.536953091621398926e-01
7.534537911415100098e-01
7.532173991203308105e-01
7.529862523078918457e-01
7.527602910995483398e-01
7.525393366813659668e-01
7.523235678672790527e-01
7.521121501922607422e-01
7.519063949584960938e-01
7.517054080963134766e-01
7.515095472335815430e-01
7.513185143470764160e-01
7.511323690414428711e-01
7.509509921073913574e-01
7.507744431495666504e-01
7.506025433540344238e-01
7.504354119300842285e-01
7.502723336219787598e-01
7.501145005226135254e-01
7.499612569808959961e-01
7.498125433921813965e-01
7.496684193611145020e-01
7.495288252830505371e-01
7.493936419486999512e-01
7.492451071739196777e-01
7.490994930267333984e-01
7.489574551582336426e-01
7.488194704055786133e-01
7.486861944198608398e-01
7.485563755035400391e-01
7.484305500984191895e-01
7.483093142509460449e-01
7.481914162635803223e-01
7.480775117874145508e-01
7.479674220085144043e-01
7.478619217872619629e-01
7.477596402168273926e-01
7.476611137390136719e-01
7.475670576095581055e-01
7.474761605262756348e-01
7.473890185356140137e-01
7.473062276840209961e-01
7.472264766693115234e-01
7.471504211425781250e-01
7.470786571502685547e-01
7.470098733901977539e-01
7.469446659088134766e-01
7.468837499618530273e-01
7.468256950378417969e-01
7.467711567878723145e-01
7.467612624168395996e-01
7.467891573905944824e-01
7.468208074569702148e-01
7.468561530113220215e-01
7.468958497047424316e-01
7.469385266304016113e-01
7.469848990440368652e-01
7.470338940620422363e-01
7.470874190330505371e-01
7.471452355384826660e-01
7.472059130668640137e-01
7.472701668739318848e-01
7.473378777503967285e-01
7.474097609519958496e-01
7.474845051765441895e-01
7.475625872611999512e-01
7.476441860198974609e-01
7.477291226387023926e-01
7.478181123733520508e-01
7.479098439216613770e-01
7.480048537254333496e-01
7.481032013893127441e-01
7.482054829597473145e-01
7.483104467391967773e-01
7.484186291694641113e-01
7.485300302505493164e-01
7.486432194709777832e-01
7.487614750862121582e-01
7.488805055618286133e-01
7.490025162696838379e-01
7.491282224655151367e-01
7.492562532424926758e-01
7.493873834609985352e-01
7.495213150978088379e-01
7.496581673622131348e-01
7.497985959053039551e-01
7.499412894248962402e-01
7.500868439674377441e-01
7.502351999282836914e-01
7.503871321678161621e-01
7.505411505699157715e-01
7.506964206695556641e-01
7.508560419082641602e-01
7.510191202163696289e-01
7.511842250823974609e-01
7.513520717620849609e-01
7.515226602554321289e-01
7.516966462135314941e-01
7.518725991249084473e-01
7.520514130592346191e-01
7.522326707839965820e-01
7.524173259735107422e-01
7.526038289070129395e-01
7.527929544448852539e-01
7.529847025871276855e-01
7.531777620315551758e-01
7.533978819847106934e-01
7.536570429801940918e-01
7.539193034172058105e-01
7.541829943656921387e-01
7.544499039649963379e-01
7.547184824943542480e-01
7.549892663955688477e-01
7.552630901336669922e-01
7.555363178253173828e-01
7.558143734931945801e-01
7.560942173004150391e-01
7.563762068748474121e-01
7.566611170768737793e-01
7.569475173950195312e-01
7.572361230850219727e-01
7.575272321701049805e-01
7.578201293945312500e-01
7.581157088279724121e-01
7.584103941917419434e-01
7.587094902992248535e-01
7.590113282203674316e-01
7.593143582344055176e-01
7.596203088760375977e-01
7.599275112152099609e-01
7.602367997169494629e-01
7.605487108230590820e-01
7.608619332313537598e-01
7.611750960350036621e-01
7.614921927452087402e-01
7.618112564086914062e-01
7.621324062347412109e-01
7.624546885490417480e-01
7.627784013748168945e-01
7.631037831306457520e-01
7.634304165840148926e-01
7.637584209442138672e-01
7.640851736068725586e-01
7.644155621528625488e-01
7.647477388381958008e-01
7.650812864303588867e-01
7.654164433479309082e-01
7.657527327537536621e-01
7.660903334617614746e-01
7.664294838905334473e-01
7.667669057846069336e-01
7.671083807945251465e-01
7.674506902694702148e-01
7.677946686744689941e-01
7.681399583816528320e-01
7.684864997863769531e-01
7.688345313072204590e-01
7.691805362701416016e-01
7.695307135581970215e-01
7.698823213577270508e-01
7.702348828315734863e-01
7.705886363983154297e-01
7.709431052207946777e-01
7.712991237640380859e-01
7.716533541679382324e-01
7.720119953155517578e-01
7.723714113235473633e-01
7.727389335632324219e-01
7.731489539146423340e-01
7.735596895217895508e-01
7.739706635475158691e-01
7.743797302246093750e-01
7.747918963432312012e-01
7.752041816711425781e-01
7.756169438362121582e-01
7.760304212570190430e-01
7.764447331428527832e-01
7.768586874008178711e-01
7.772701978683471680e-01
7.776849865913391113e-01
7.781000733375549316e-01
7.785167098045349121e-01
7.789325118064880371e-01
7.793491482734680176e-01
7.796622514724731445e-01
7.799654603004455566e-01
7.802717089653015137e-01
7.805767655372619629e-01
7.808804512023925781e-01
7.811841368675231934e-01
7.814869284629821777e-01
7.817888259887695312e-01
7.820869088172912598e-01
7.823876142501831055e-01
7.826868891716003418e-01
7.829861044883728027e-01
7.832850813865661621e-01
7.835829854011535645e-01
7.838758826255798340e-01
7.841722965240478516e-01
7.844627499580383301e-01
7.847436666488647461e-01
7.850218415260314941e-01
7.852979898452758789e-01
7.855678200721740723e-01
7.858388423919677734e-01
7.861072421073913574e-01
7.863734960556030273e-01
7.866379022598266602e-01
7.868995070457458496e-01
7.871556282043457031e-01
7.874126434326171875e-01
7.876670956611633301e-01
7.879194021224975586e-01
7.881699800491333008e-01
7.884176969528198242e-01
7.886595726013183594e-01
7.887021899223327637e-01
7.884493470191955566e-01
7.881916761398315430e-01
7.879279255867004395e-01
7.876593470573425293e-01
7.873814702033996582e-01
7.871021628379821777e-01
7.868177294731140137e-01
7.865273356437683105e-01
7.862325310707092285e-01
7.859320044517517090e-01
7.856233716011047363e-01
7.853136658668518066e-01
7.849989533424377441e-01
7.846796512603759766e-01
7.843550443649291992e-01
7.840264439582824707e-01
7.836832404136657715e-01
7.832222580909729004e-01
7.827600240707397461e-01
7.822950482368469238e-01
7.818269729614257812e-01
7.813583016395568848e-01
7.808822989463806152e-01
7.804092168807983398e-01
7.799343466758728027e-01
7.794580459594726562e-01
7.789804935455322266e-01
7.784973382949829102e-01
7.780173420906066895e-01
7.775357365608215332e-01
7.770547866821289062e-01
7.765718102455139160e-01
7.760854363441467285e-01
7.756024599075317383e-01
7.751235365867614746e-01
7.746570706367492676e-01
7.741945981979370117e-01
7.737334966659545898e-01
7.732715010643005371e-01
7.728174328804016113e-01
7.723667621612548828e-01
7.719196677207946777e-01
7.714759707450866699e-01
7.710320949554443359e-01
7.705981731414794922e-01
7.701673507690429688e-01
7.697421312332153320e-01
7.693219780921936035e-01
7.689021229743957520e-01
7.684928178787231445e-01
7.680887579917907715e-01
7.676922082901000977e-01
7.673138380050659180e-01
7.672002911567687988e-01
7.670890688896179199e-01
7.669905424118041992e-01
7.669016122817993164e-01
7.668205499649047852e-01
7.667473554611206055e-01
7.666780948638916016e-01
7.666236758232116699e-01
7.665777206420898438e-01
7.665421366691589355e-01
7.665157318115234375e-01
7.664999365806579590e-01
7.664885520935058594e-01
7.664927840232849121e-01
7.665085196495056152e-01
7.665359973907470703e-01
7.665731906890869141e-01
7.666162848472595215e-01
7.666765451431274414e-01
7.667497396469116211e-01
7.668350338935852051e-01
7.669318914413452148e-01
7.670355439186096191e-01
7.671589255332946777e-01
7.672944664955139160e-01
7.674443125724792480e-01
7.676070928573608398e-01
7.677772641181945801e-01
7.679694294929504395e-01
7.681744098663330078e-01
7.683948278427124023e-01
7.686300873756408691e-01
7.688720226287841797e-01
7.691375613212585449e-01
7.694184780120849609e-01
7.697144746780395508e-01
7.700270414352416992e-01
7.703891992568969727e-01
7.709004282951354980e-01
7.714267373085021973e-01
7.719664573669433594e-01
7.725220918655395508e-01
7.730836272239685059e-01
7.736681699752807617e-01
7.742679715156555176e-01
7.748825550079345703e-01
7.755122184753417969e-01
7.761481404304504395e-01
7.768077254295349121e-01
7.774824500083923340e-01
7.781730294227600098e-01
7.788774967193603516e-01
7.795886397361755371e-01
7.803233861923217773e-01
7.810729742050170898e-01
7.818379402160644531e-01
7.826172113418579102e-01
7.834110260009765625e-01
7.842100858688354492e-01
7.850328087806701660e-01
7.858698368072509766e-01
7.867215871810913086e-01
7.875860929489135742e-01
7.884553670883178711e-01
7.893472909927368164e-01
7.902525663375854492e-01
7.911711335182189941e-01
7.921018004417419434e-01
7.930348515510559082e-01
7.939907312393188477e-01
7.949572801589965820e-01
7.959356307983398438e-01
7.969254255294799805e-01
7.979146838188171387e-01
7.989253997802734375e-01
7.999451756477355957e-01
8.009742498397827148e-01
8.019662499427795410e-01
8.029447793960571289e-01
8.039326667785644531e-01
8.049298524856567383e-01
8.059369325637817383e-01
8.069410920143127441e-01
8.079646229743957520e-01
8.089948892593383789e-01
8.100317716598510742e-01
8.110755681991577148e-01
8.121135830879211426e-01
8.131677508354187012e-01
8.142260909080505371e-01
8.152874112129211426e-01
8.163523077964782715e-01
8.174083828926086426e-01
8.184766769409179688e-01
8.195454478263854980e-01
8.206138610839843750e-01
8.216820955276489258e-01
8.227376937866210938e-01
8.238015770912170410e-01
8.248619437217712402e-01
8.259180188179016113e-01
8.269696235656738281e-01
8.280051946640014648e-01
8.290441632270812988e-01
8.300754427909851074e-01
8.310980796813964844e-01
8.321120738983154297e-01
8.331060409545898438e-01
8.340986967086791992e-01
8.350791335105895996e-01
8.360469937324523926e-01
8.370010256767272949e-01
8.379316926002502441e-01
8.388559818267822266e-01
8.397637605667114258e-01
8.406546115875244141e-01
8.415269851684570312e-01
8.423728942871093750e-01
8.432069420814514160e-01
8.440194129943847656e-01
8.448091149330139160e-01
8.455751538276672363e-01
8.463100790977478027e-01
8.470270633697509766e-01
8.477184176445007324e-01
8.483832478523254395e-01
8.490204811096191406e-01
8.496239781379699707e-01
8.502049446105957031e-01
8.507565259933471680e-01
8.512780666351318359e-01
8.517690300941467285e-01
8.522238731384277344e-01
8.526520133018493652e-01
8.530478477478027344e-01
8.534110188484191895e-01
8.537406325340270996e-01
8.540328741073608398e-01
8.542947769165039062e-01
8.545221686363220215e-01
8.547145724296569824e-01
8.548715710639953613e-01
8.549903631210327148e-01
8.550761342048645020e-01
8.551256060600280762e-01
8.551386594772338867e-01
8.551150560379028320e-01
8.550533056259155273e-01
8.549562096595764160e-01
8.548219799995422363e-01
8.546506166458129883e-01
8.544420003890991211e-01
8.541958928108215332e-01
8.539128899574279785e-01
8.535925745964050293e-01
8.532350659370422363e-01
8.528403043746948242e-01
8.524093627929687500e-01
8.519406914710998535e-01
8.514351248741149902e-01
8.508927822113037109e-01
8.503139019012451172e-01
8.496998548507690430e-01
8.490262627601623535e-01
8.483002185821533203e-01
8.475371003150939941e-01
8.467375040054321289e-01
8.459039330482482910e-01
8.450322151184082031e-01
8.441250324249267578e-01
8.431825041770935059e-01
8.422044515609741211e-01
8.411928415298461914e-01
8.401511311531066895e-01
8.390712141990661621e-01
8.379588127136230469e-01
8.368137478828430176e-01
8.356365561485290527e-01
8.344314098358154297e-01
8.331910967826843262e-01
8.319199681282043457e-01
8.306182026863098145e-01
8.292858004570007324e-01
8.279304504394531250e-01
8.265408277511596680e-01
8.251227140426635742e-01
8.236753940582275391e-01
8.222019076347351074e-01
8.207077980041503906e-01
8.191810846328735352e-01
8.176275491714477539e-01
8.160492777824401855e-01
8.144465088844299316e-01
8.128259778022766113e-01
8.111737966537475586e-01
8.094996213912963867e-01
8.078019022941589355e-01
8.060824275016784668e-01
8.043474555015563965e-01
8.025843501091003418e-01
8.008008599281311035e-01
7.989964485168457031e-01
7.971714735031127930e-01
7.953281402587890625e-01
7.934735417366027832e-01
7.915930747985839844e-01
7.896926999092102051e-01
7.877766489982604980e-01
7.858434319496154785e-01
7.839013338088989258e-01
7.819334268569946289e-01
7.799496054649353027e-01
7.779534459114074707e-01
7.759419083595275879e-01
7.739278674125671387e-01
7.718916535377502441e-01
7.698426246643066406e-01
7.677819728851318359e-01
7.657088637351989746e-01
7.636355161666870117e-01
7.615419626235961914e-01
7.594372630119323730e-01
7.573233842849731445e-01
7.551995515823364258e-01
7.530670166015625000e-01
7.509336471557617188e-01
7.487846612930297852e-01
7.466269135475158691e-01
7.444609999656677246e-01
7.422882914543151855e-01
7.401162385940551758e-01
7.379304766654968262e-01
7.357376217842102051e-01
7.335381507873535156e-01
7.313333749771118164e-01
7.291228175163269043e-01
7.269167900085449219e-01
7.246965765953063965e-01
7.224712967872619629e-01
7.202423214912414551e-01
7.180086374282836914e-01
7.157812714576721191e-01
7.135419249534606934e-01
7.112968564033508301e-01
7.090504169464111328e-01
7.068005800247192383e-01
7.045488357543945312e-01
7.023051381111145020e-01
7.000477910041809082e-01
6.977898478507995605e-01
6.955299377441406250e-01
6.932692527770996094e-01
6.910160183906555176e-01
6.887531876564025879e-01
6.864907145500183105e-01
6.842248439788818359e-01
6.819603443145751953e-01
6.796953082084655762e-01
6.774396896362304688e-01
6.753140687942504883e-01
6.732134819030761719e-01
6.711138486862182617e-01
6.690168380737304688e-01
6.669325828552246094e-01
6.648420691490173340e-01
6.627529263496398926e-01
6.606668829917907715e-01
6.585850119590759277e-01
6.565051674842834473e-01
6.544385552406311035e-01
6.523666381835937500e-01
6.502954959869384766e-01
6.482304930686950684e-01
6.461676359176635742e-01
6.441102623939514160e-01
6.420652866363525391e-01
6.400127410888671875e-01
6.379668712615966797e-01
6.359251141548156738e-01
6.338864564895629883e-01
6.318532228469848633e-01
6.298313736915588379e-01
6.278054118156433105e-01
6.257852911949157715e-01
6.237699389457702637e-01
6.217562556266784668e-01
6.197499632835388184e-01
6.177554726600646973e-01
6.157587170600891113e-01
6.137669086456298828e-01
6.117771863937377930e-01
6.097952127456665039e-01
6.078183054924011230e-01
6.058530211448669434e-01
6.038863658905029297e-01
6.019231677055358887e-01
5.999653339385986328e-01
5.980142951011657715e-01
5.960682630538940430e-01
5.941340923309326172e-01
5.921974778175354004e-01
5.902662277221679688e-01
5.883419513702392578e-01
5.864230990409851074e-01
5.845082402229309082e-01
5.826066136360168457e-01
5.807042121887207031e-01
5.788061022758483887e-01
5.769150853157043457e-01
5.750296115875244141e-01
5.731469988822937012e-01
5.713075995445251465e-01
5.694733262062072754e-01
5.676434040069580078e-01
5.658222436904907227e-01
5.640039443969726562e-01
5.621926784515380859e-01
5.603944659233093262e-01
5.585948228836059570e-01
5.568008422851562500e-01
5.550113916397094727e-01
5.532290935516357422e-01
5.514543056488037109e-01
5.496892929077148438e-01
5.479243993759155273e-01
5.461659431457519531e-01
5.444128513336181641e-01
5.426656603813171387e-01
5.409228801727294922e-01
5.391889810562133789e-01
5.374661684036254883e-01
5.357410907745361328e-01
5.340248942375183105e-01
5.323116779327392578e-01
5.306055545806884766e-01
5.289055109024047852e-01
5.272114872932434082e-01
5.255295634269714355e-01
5.238456726074218750e-01
5.221707820892333984e-01
5.205000042915344238e-01
5.188338160514831543e-01
5.171747207641601562e-01
5.155218839645385742e-01
5.138808488845825195e-01
5.122393369674682617e-01
5.106041431427001953e-01
5.089743137359619141e-01
5.073491334915161133e-01
5.057310461997985840e-01
5.041204690933227539e-01
5.025187134742736816e-01
5.009179115295410156e-01
4.993217289447784424e-01
4.977343678474426270e-01
4.961509108543395996e-01
4.945721328258514404e-01
4.930020272731781006e-01
4.914417862892150879e-01
4.898800551891326904e-01
4.883254766464233398e-01
4.867770075798034668e-01
4.852336943149566650e-01
4.836961925029754639e-01
4.821649193763732910e-01
4.806441068649291992e-01
4.790885448455810547e-01
4.775094985961914062e-01
4.759360849857330322e-01
4.743664264678955078e-01
4.728030860424041748e-01
4.712465107440948486e-01
4.697008430957794189e-01
4.681536853313446045e-01
4.666137099266052246e-01
4.650782942771911621e-01
4.635478258132934570e-01
4.620246291160583496e-01
4.605068564414978027e-01
4.589980244636535645e-01
4.574912488460540771e-01
4.559889435768127441e-01
4.544931054115295410e-01
4.530009925365447998e-01
4.515161812305450439e-01
4.500367045402526855e-01
4.485646486282348633e-01
4.470959603786468506e-01
4.456325769424438477e-01
4.441728889942169189e-01
4.427203536033630371e-01
4.412730634212493896e-01
4.398300051689147949e-01
4.383915662765502930e-01
4.369602203369140625e-01
4.355387687683105469e-01
4.341161847114562988e-01
4.326994419097900391e-01
4.312890172004699707e-01
4.298838078975677490e-01
4.284819364547729492e-01
4.270871281623840332e-01
4.256974160671234131e-01
4.243099987506866455e-01
4.229349493980407715e-01
4.215606153011322021e-01
4.201894998550415039e-01
4.188252985477447510e-01
4.174650013446807861e-01
4.161109328269958496e-01
4.147599935531616211e-01
4.134158790111541748e-01
4.120809137821197510e-01
4.107448756694793701e-01
4.094145894050598145e-01
4.080901741981506348e-01
4.067689180374145508e-01
4.054544568061828613e-01
4.041447341442108154e-01
4.028388857841491699e-01
4.015371203422546387e-01
4.002458155155181885e-01
3.989554941654205322e-01
3.976680040359497070e-01
3.963872194290161133e-01
3.951499760150909424e-01
3.939283192157745361e-01
3.927114605903625488e-01
3.914991021156311035e-01
3.902914226055145264e-01
3.890920877456665039e-01
3.878935575485229492e-01
3.866997659206390381e-01
3.855103552341461182e-01
3.843255341053009033e-01
3.831443488597869873e-01
3.819685280323028564e-01
3.807972073554992676e-01
3.796338438987731934e-01
3.784713447093963623e-01
3.773132860660552979e-01
3.761596679687500000e-01
3.750104010105133057e-01
3.738655447959899902e-01
3.727249503135681152e-01
3.715877830982208252e-01
3.704558312892913818e-01
3.693315684795379639e-01
3.682081699371337891e-01
3.670889735221862793e-01
3.659740686416625977e-01
3.648633360862731934e-01
3.637567460536956787e-01
3.626543879508972168e-01
3.615562319755554199e-01
3.604621589183807373e-01
3.593713343143463135e-01
3.582854270935058594e-01
3.572036325931549072e-01
3.561289906501770020e-01
3.550553023815155029e-01
3.539856374263763428e-01
3.529199361801147461e-01
3.518582880496978760e-01
3.508005738258361816e-01
3.497450947761535645e-01
3.486943840980529785e-01
3.476484715938568115e-01
3.466065227985382080e-01
3.455683588981628418e-01
3.445341289043426514e-01
3.435065448284149170e-01
3.424800038337707520e-01
3.414572179317474365e-01
3.404382467269897461e-01
3.394230008125305176e-01
3.384107649326324463e-01
3.374029994010925293e-01
3.363991081714630127e-01
3.353987932205200195e-01
3.344022035598754883e-01
3.334093093872070312e-01
3.324200809001922607e-01
3.314371109008789062e-01
3.304551541805267334e-01
3.294767439365386963e-01
3.285019695758819580e-01
3.275299072265625000e-01
3.265625238418579102e-01
3.255982100963592529e-01
3.246384561061859131e-01
3.236823678016662598e-01
3.227300643920898438e-01
3.217814862728118896e-01
3.208365440368652344e-01
3.198970258235931396e-01
3.189595043659210205e-01
3.180255591869354248e-01
3.170952200889587402e-01
3.161685168743133545e-01
3.152454495429992676e-01
3.143251240253448486e-01
3.134091794490814209e-01
3.124967813491821289e-01
3.115878105163574219e-01
3.106824159622192383e-01
3.097805082798004150e-01
3.088836669921875000e-01
3.079886436462402344e-01
3.070970773696899414e-01
3.062089681625366211e-01
3.053242266178131104e-01
3.044429123401641846e-01
3.035642504692077637e-01
3.026896417140960693e-01
3.018184006214141846e-01
3.009504973888397217e-01
3.000858426094055176e-01
2.992245554924011230e-01
2.983658909797668457e-01
2.975111603736877441e-01
2.966579198837280273e-01
2.958096563816070557e-01
2.949646413326263428e-01
2.941227555274963379e-01
2.932834327220916748e-01
2.924500107765197754e-01
2.916176915168762207e-01
2.907885015010833740e-01
2.899624705314636230e-01
2.891395986080169678e-01
2.883191108703613281e-01
2.875023782253265381e-01
2.866887450218200684e-01
2.858781516551971436e-01
2.850706279277801514e-01
2.842661440372467041e-01
2.834639847278594971e-01
2.826655209064483643e-01
2.818700671195983887e-01
2.810775041580200195e-01
2.802880108356475830e-01
2.795014381408691406e-01
2.787178158760070801e-01
2.779364287853240967e-01
2.771586477756500244e-01
2.763837277889251709e-01
2.756134569644927979e-01
2.748443186283111572e-01
2.740780115127563477e-01
2.733139395713806152e-01
2.725533545017242432e-01
2.717955708503723145e-01
2.710405886173248291e-01
2.703523039817810059e-01
2.696983516216278076e-01
2.690476179122924805e-01
2.683971524238586426e-01
2.677509486675262451e-01
2.671078741550445557e-01
2.664667069911956787e-01
2.658286988735198975e-01
2.651926577091217041e-01
2.645590305328369141e-01
2.639285624027252197e-01
2.632999718189239502e-01
2.626744210720062256e-01
2.620522677898406982e-01
2.614294290542602539e-01
2.608112096786499023e-01
2.601947784423828125e-01
2.595813870429992676e-01
2.589698433876037598e-01
2.583606541156768799e-01
2.577544152736663818e-01
2.571499943733215332e-01
2.565484941005706787e-01
2.559487223625183105e-01
2.553503215312957764e-01
2.547552585601806641e-01
2.541624903678894043e-01
2.535725831985473633e-01
2.529844641685485840e-01
2.523991167545318604e-01
2.518155276775360107e-01
2.512342333793640137e-01
2.506556510925292969e-01
2.500788569450378418e-01
2.495032250881195068e-01
2.489308714866638184e-01
2.483607232570648193e-01
2.477933019399642944e-01
2.472275793552398682e-01
2.466645091772079468e-01
2.461031377315521240e-01
2.455444633960723877e-01
2.449873983860015869e-01
2.444324940443038940e-01
2.438787072896957397e-01
2.433281093835830688e-01
2.427800893783569336e-01
2.422337234020233154e-01
2.416894584894180298e-01
2.411477565765380859e-01
2.406076788902282715e-01
2.400701791048049927e-01
2.395342439413070679e-01
2.390003800392150879e-01
2.384675294160842896e-01
2.379377633333206177e-01
2.374105304479598999e-01
2.368848621845245361e-01
2.363612204790115356e-01
2.358400225639343262e-01
2.353204041719436646e-01
2.348032593727111816e-01
2.342876195907592773e-01
2.337744534015655518e-01
2.332612723112106323e-01
2.327515482902526855e-01
2.322443127632141113e-01
2.317385375499725342e-01
2.312351912260055542e-01
2.307332903146743774e-01
2.302333563566207886e-01
2.297810018062591553e-01
2.293953150510787964e-01
2.290116548538208008e-01
2.286290824413299561e-01
2.282495200634002686e-01
2.278700172901153564e-01
2.274920344352722168e-01
2.271155565977096558e-01
2.267406284809112549e-01
2.263686656951904297e-01
2.259967625141143799e-01
2.256263047456741333e-01
2.252573817968368530e-01
2.248899340629577637e-01
2.245254218578338623e-01
2.241609394550323486e-01
2.237979471683502197e-01
2.234363704919815063e-01
2.230762988328933716e-01
2.227191478013992310e-01
2.223619818687438965e-01
2.220062613487243652e-01
2.216519862413406372e-01
2.212991416454315186e-01
2.209491878747940063e-01
2.205992043018341064e-01
2.202506661415100098e-01
2.199035137891769409e-01
2.195578217506408691e-01
2.192149609327316284e-01
2.188724428415298462e-01
2.185309529304504395e-01
2.181908786296844482e-01
2.178521752357482910e-01
2.175148427486419678e-01
2.171803414821624756e-01
2.168448716402053833e-01
2.165116965770721436e-01
2.161799073219299316e-01
2.158495038747787476e-01
2.155218273401260376e-01
2.151941359043121338e-01
2.148678004741668701e-01
2.145428210496902466e-01
2.142191678285598755e-01
2.138982713222503662e-01
2.135773152112960815e-01
2.132577002048492432e-01
2.129394114017486572e-01
2.126224786043167114e-01
2.123082131147384644e-01
2.119939178228378296e-01
2.116809338331222534e-01
2.113692462444305420e-01
2.110589146614074707e-01
2.107512503862380981e-01
2.104434967041015625e-01
2.101370394229888916e-01
2.098322808742523193e-01
2.095284312963485718e-01
2.092272192239761353e-01
2.089259475469589233e-01
2.086259722709655762e-01
2.083272486925125122e-01
2.080290168523788452e-01
2.077342271804809570e-01
2.074393481016159058e-01
2.071457207202911377e-01
2.068533897399902344e-01
2.065623104572296143e-01
2.062738090753555298e-01
2.059852480888366699e-01
2.056979387998580933e-01
2.054118365049362183e-01
2.051270157098770142e-01
2.048447728157043457e-01
2.045644223690032959e-01
2.043080925941467285e-01
2.040538191795349121e-01
2.037993371486663818e-01
2.035472244024276733e-01
2.032949030399322510e-01
2.030449658632278442e-01
2.027961015701293945e-01
2.025470137596130371e-01
2.023002803325653076e-01
2.020525783300399780e-01
2.018079906702041626e-01
2.015644609928131104e-01
2.013206928968429565e-01
2.010792493820190430e-01
2.008375823497772217e-01
2.005982697010040283e-01
2.003599554300308228e-01
2.001214325428009033e-01
1.998852193355560303e-01
1.996487379074096680e-01
1.994145959615707397e-01
1.991798132658004761e-01
1.989476978778839111e-01
1.987166106700897217e-01
1.984852850437164307e-01
1.982562243938446045e-01
1.980269104242324829e-01
1.977998763322830200e-01
1.975738406181335449e-01
1.973475217819213867e-01
1.971234828233718872e-01
1.968991607427597046e-01
1.966770738363265991e-01
1.964540928602218628e-01
1.962339878082275391e-01
1.960148662328720093e-01
1.957954466342926025e-01
1.955782622098922729e-01
1.953607946634292603e-01
1.951455175876617432e-01
1.949312090873718262e-01
1.947169005870819092e-01
1.945044696331024170e-01
1.942917704582214355e-01
1.940812468528747559e-01
1.938697695732116699e-01
1.936610937118530273e-01
1.934533715248107910e-01
1.932453215122222900e-01
1.930394023656845093e-01
1.928331851959228516e-01
1.926290988922119141e-01
1.924258917570114136e-01
1.922224014997482300e-01
1.920209974050521851e-01
1.918192654848098755e-01
1.916196346282958984e-01
1.914202719926834106e-01
1.912211924791336060e-01
1.910241395235061646e-01
1.908268034458160400e-01
1.906314939260482788e-01
1.904360800981521606e-01
1.902424693107604980e-01
1.900496929883956909e-01
1.898565441370010376e-01
1.896654069423675537e-01
1.894739270210266113e-01
1.892838478088378906e-01
1.890951395034790039e-01
1.889060884714126587e-01
1.887189894914627075e-01
1.885315030813217163e-01
1.883459836244583130e-01
1.881600469350814819e-01
1.879760473966598511e-01
1.877928078174591064e-01
1.876091957092285156e-01
1.874268800020217896e-01
1.872447431087493896e-01
1.870644688606262207e-01
1.868887990713119507e-01
1.867627352476119995e-01
1.866371631622314453e-01
1.865117698907852173e-01
1.863881647586822510e-01
1.862633377313613892e-01
1.861394792795181274e-01
1.860157847404479980e-01
1.858938485383987427e-01
1.857711821794509888e-01
1.856489032506942749e-01
1.855278760194778442e-01
1.854058206081390381e-01
1.852846443653106689e-01
1.851638108491897583e-01
1.850444525480270386e-01
1.849240958690643311e-01
1.848042607307434082e-01
1.846858561038970947e-01
1.845661401748657227e-01
1.844470202922821045e-01
1.843284219503402710e-01
1.842111796140670776e-01
1.840931326150894165e-01
1.839753389358520508e-01
1.838575750589370728e-01
1.837408393621444702e-01
1.836237609386444092e-01
1.835069358348846436e-01
1.833911538124084473e-01
1.832747161388397217e-01
1.831584870815277100e-01
1.830424517393112183e-01
1.829276382923126221e-01
1.828112155199050903e-01
1.826956719160079956e-01
1.825802624225616455e-01
1.824660152196884155e-01
1.823506653308868408e-01
1.822356432676315308e-01
1.821217238903045654e-01
1.820064187049865723e-01
1.818914562463760376e-01
1.817767620086669922e-01
1.816631704568862915e-01
1.815486252307891846e-01
1.814341098070144653e-01
1.813194006681442261e-01
1.812054663896560669e-01
1.810910254716873169e-01
1.809765547513961792e-01
1.808628886938095093e-01
1.807484179735183716e-01
1.806338876485824585e-01
1.805193424224853516e-01
1.804057359695434570e-01
1.802904009819030762e-01
1.801756471395492554e-01
1.800618320703506470e-01
1.799469292163848877e-01
1.798316985368728638e-01
1.797165870666503906e-01
1.796023100614547729e-01
1.794864684343338013e-01
1.793707609176635742e-01
1.792550832033157349e-01
1.791402101516723633e-01
1.790242046117782593e-01
1.789080202579498291e-01
1.787919551134109497e-01
1.786753684282302856e-01
1.785585880279541016e-01
1.784415692090988159e-01
1.783250719308853149e-01
1.782071441411972046e-01
1.780894249677658081e-01
1.779714226722717285e-01
1.778541207313537598e-01
1.777353882789611816e-01
1.776165813207626343e-01
1.774979531764984131e-01
1.773785501718521118e-01
1.772586405277252197e-01
1.771385818719863892e-01
1.770191490650177002e-01
1.768980175256729126e-01
1.767769604921340942e-01
1.766553670167922974e-01
1.765345335006713867e-01
1.764395684003829956e-01
1.763519942760467529e-01
1.762634962797164917e-01
1.761752665042877197e-01
1.760867685079574585e-01
1.759978532791137695e-01
1.759080588817596436e-01
1.758179962635040283e-01
1.757276952266693115e-01
1.756360530853271484e-01
1.755448281764984131e-01
1.754525005817413330e-01
1.753603368997573853e-01
1.752676963806152344e-01
1.751745641231536865e-01
1.750807464122772217e-01
1.749853789806365967e-01
1.748908013105392456e-01
1.747957617044448853e-01
1.747002303600311279e-01
1.746039688587188721e-01
1.745070219039916992e-01
1.744100153446197510e-01
1.743116229772567749e-01
1.742133945226669312e-01
1.741148978471755981e-01
1.740159094333648682e-01
1.739159822463989258e-01
1.738157570362091064e-01
1.737152636051177979e-01
1.736133992671966553e-01
1.735119074583053589e-01
1.734092831611633301e-01
1.733067780733108521e-01
1.732037961483001709e-01
1.731003075838088989e-01
1.729960888624191284e-01
1.728903204202651978e-01
1.727853417396545410e-01
1.726798713207244873e-01
1.725736409425735474e-01
1.724671870470046997e-01
1.723598390817642212e-01
1.722515374422073364e-01
1.721433550119400024e-01
1.720349341630935669e-01
1.719260066747665405e-01
1.718162298202514648e-01
1.717061251401901245e-01
1.715957671403884888e-01
1.714840978384017944e-01
1.713728010654449463e-01
1.712603867053985596e-01
1.711481362581253052e-01
1.710354536771774292e-01
1.709222793579101562e-01
1.708080023527145386e-01
1.706930994987487793e-01
1.705785840749740601e-01
1.704636067152023315e-01
1.703475266695022583e-01
1.702316701412200928e-01
1.701153814792633057e-01
1.699986308813095093e-01
1.698800176382064819e-01
1.697624325752258301e-01
1.696444004774093628e-01
1.695259958505630493e-01
1.694067716598510742e-01
1.692872643470764160e-01
1.691676080226898193e-01
1.690467596054077148e-01
1.689259409904479980e-01
1.688048392534255981e-01
1.686836332082748413e-01
1.685620546340942383e-01
1.684396862983703613e-01
1.683170944452285767e-01
1.681936085224151611e-01
1.680705398321151733e-01
1.679467558860778809e-01
1.678227335214614868e-01
1.676986515522003174e-01
1.675741970539093018e-01
1.674490571022033691e-01
1.673229187726974487e-01
1.671974956989288330e-01
1.670717746019363403e-01
1.669453680515289307e-01
1.668187528848648071e-01
1.666921377182006836e-01
1.665652096271514893e-01
1.664368212223052979e-01
1.663090735673904419e-01
1.661813259124755859e-01
1.660586148500442505e-01
1.659450680017471313e-01
1.658304035663604736e-01
1.657164692878723145e-01
1.656008064746856689e-01
1.654860079288482666e-01
1.653701215982437134e-01
1.652550101280212402e-01
1.651381999254226685e-01
1.650222837924957275e-01
1.649055927991867065e-01
1.647891402244567871e-01
1.646713167428970337e-01
1.645544022321701050e-01
1.644367426633834839e-01
1.643193811178207397e-01
1.642006486654281616e-01
1.640828698873519897e-01
1.639643907546997070e-01
1.638462245464324951e-01
1.637267023324966431e-01
1.636084765195846558e-01
1.634890139102935791e-01
1.633701622486114502e-01
1.632499992847442627e-01
1.631311476230621338e-01
1.630110889673233032e-01
1.628916561603546143e-01
1.627712845802307129e-01
1.626516282558441162e-01
1.625310927629470825e-01
1.624112427234649658e-01
1.622904390096664429e-01
1.621704101562500000e-01
1.620495170354843140e-01
1.619296222925186157e-01
1.618082374334335327e-01
1.616879254579544067e-01
1.615667939186096191e-01
1.614463329315185547e-01
1.613250970840454102e-01
1.612046211957931519e-01
1.610829979181289673e-01
1.609627604484558105e-01
1.608414649963378906e-01
1.607205867767333984e-01
1.605995744466781616e-01
1.604790240526199341e-01
1.603573858737945557e-01
1.602369099855422974e-01
1.601159274578094482e-01
1.599951535463333130e-01
1.598739773035049438e-01
1.597538888454437256e-01
1.596324592828750610e-01
1.595122069120407104e-01
1.593912392854690552e-01
1.592710167169570923e-01
1.591501832008361816e-01
1.590301990509033203e-01
1.589094400405883789e-01
1.587896198034286499e-01
1.586691290140151978e-01
1.585491150617599487e-01
1.584291011095046997e-01
1.583096683025360107e-01
1.581895649433135986e-01
1.580700129270553589e-01
1.579504460096359253e-01
1.578314751386642456e-01
1.577115207910537720e-01
1.575931012630462646e-01
1.574737727642059326e-01
1.573549956083297729e-01
1.572359502315521240e-01
1.571180969476699829e-01
1.569990217685699463e-01
1.568811982870101929e-01
1.567630469799041748e-01
1.566452383995056152e-01
1.565271317958831787e-01
1.564099937677383423e-01
1.562922149896621704e-01
1.561754047870635986e-01
1.560580283403396606e-01
1.559415608644485474e-01
1.558245569467544556e-01
1.557085216045379639e-01
1.555916070938110352e-01
1.554762572050094604e-01
1.553600579500198364e-01
1.552444994449615479e-01
1.551287174224853516e-01
1.550141870975494385e-01
1.548988372087478638e-01
1.547841578722000122e-01
1.546695083379745483e-01
1.545555889606475830e-01
1.544408202171325684e-01
1.543273329734802246e-01
1.542136371135711670e-01
1.541003137826919556e-01
1.539867967367172241e-01
1.538772583007812500e-01
1.537994444370269775e-01
1.537228524684906006e-01
1.536456495523452759e-01
1.535687744617462158e-01
1.534926593303680420e-01
1.534159183502197266e-01
1.533398032188415527e-01
1.532631218433380127e-01
1.531876325607299805e-01
1.531112194061279297e-01
1.530360579490661621e-01
1.529610604047775269e-01
1.528848707675933838e-01
1.528101861476898193e-01
1.527349203824996948e-01
1.526602655649185181e-01
1.525850594043731689e-01
1.525107324123382568e-01
1.524368822574615479e-01
1.523624658584594727e-01
1.522883772850036621e-01
1.522143036127090454e-01
1.521408110857009888e-01
1.520670801401138306e-01
1.519939899444580078e-01
1.519210189580917358e-01
1.518477946519851685e-01
1.517751961946487427e-01
1.517023146152496338e-01
1.516301035881042480e-01
1.515572816133499146e-01
1.514856815338134766e-01
1.514142453670501709e-01
1.513417065143585205e-01
1.512706428766250610e-01
1.511987000703811646e-01
1.511279791593551636e-01
1.510564684867858887e-01
1.509858071804046631e-01
1.509156376123428345e-01
1.508446037769317627e-01
1.507745385169982910e-01
1.507041752338409424e-01
1.506344228982925415e-01
1.505644321441650391e-01
1.504950523376464844e-01
1.504258960485458374e-01
1.503564417362213135e-01
1.502876132726669312e-01
1.502185314893722534e-01
1.501498222351074219e-01
1.500811129808425903e-01
1.500133126974105835e-01
1.499454379081726074e-01
1.498770266771316528e-01
1.498094946146011353e-01
1.497417241334915161e-01
1.496748626232147217e-01
1.496069133281707764e-01
1.495404392480850220e-01
1.494741439819335938e-01
1.494070142507553101e-01
1.493410766124725342e-01
1.492740958929061890e-01
1.492085456848144531e-01
1.491424590349197388e-01
1.490770280361175537e-01
1.490110754966735840e-01
1.489460021257400513e-01
1.488814055919647217e-01
1.488162726163864136e-01
1.487515270709991455e-01
1.486867815256118774e-01
1.486226767301559448e-01
1.485583037137985229e-01
1.484946012496948242e-01
1.484310626983642578e-01
1.483672857284545898e-01
1.483041197061538696e-01
1.482407152652740479e-01
1.481779813766479492e-01
1.481146812438964844e-01
1.480525732040405273e-01
1.479903906583786011e-01
1.479277014732360840e-01
1.478661596775054932e-01
1.478038430213928223e-01
1.477426886558532715e-01
1.476807743310928345e-01
1.476197540760040283e-01
1.475591808557510376e-01
1.474978327751159668e-01
1.474374085664749146e-01
1.473767161369323730e-01
1.473166495561599731e-01
1.472563445568084717e-01
1.471964567899703979e-01
1.471372246742248535e-01
1.470772475004196167e-01
1.470184326171875000e-01
1.469588428735733032e-01
1.469001770019531250e-01
1.468409895896911621e-01
1.467829346656799316e-01
1.467248350381851196e-01
1.466662436723709106e-01
1.466085463762283325e-01
1.465505659580230713e-01
1.464935094118118286e-01
1.464354544878005981e-01
1.463787704706192017e-01
1.463220566511154175e-01
1.462569981813430786e-01
1.461895406246185303e-01
1.461222618818283081e-01
1.460551917552947998e-01
1.459885388612747192e-01
1.459218412637710571e-01
1.458555757999420166e-01
1.457899808883666992e-01
1.457241028547286987e-01
1.456579715013504028e-01
1.455924957990646362e-01
1.455271989107131958e-01
1.454618871212005615e-01
1.453969776630401611e-01
1.453320682048797607e-01
1.452675461769104004e-01
1.452037096023559570e-01
1.451393663883209229e-01
1.450752317905426025e-01
1.450114995241165161e-01
1.449477672576904297e-01
1.448844224214553833e-01
1.448210775852203369e-01
1.447581499814987183e-01
1.446951925754547119e-01
1.446331143379211426e-01
1.445707827806472778e-01
1.445084214210510254e-01
1.444464623928070068e-01
1.443845033645629883e-01
1.443229615688323975e-01
1.442613899707794189e-01
1.442002356052398682e-01
1.441395431756973267e-01
1.440787911415100098e-01
1.440180391073226929e-01
1.439576745033264160e-01
1.438973098993301392e-01
1.438373625278472900e-01
1.437774002552032471e-01
1.437176316976547241e-01
1.436582654714584351e-01
1.435995995998382568e-01
1.435406506061553955e-01
1.434817016124725342e-01
1.434231400489807129e-01
1.433646082878112793e-01
1.433064639568328857e-01
1.432481110095977783e-01
1.431903690099716187e-01
1.431326419115066528e-01
1.430759876966476440e-01
1.430186778306961060e-01
1.429617404937744141e-01
1.429048329591751099e-01
1.428483128547668457e-01
1.427917778491973877e-01
1.427354961633682251e-01
1.426795870065689087e-01
1.426237076520919800e-01
1.425688862800598145e-01
1.425134092569351196e-01
1.424583345651626587e-01
1.424030810594558716e-01
1.423483937978744507e-01
1.422937661409378052e-01
1.422395110130310059e-01
1.421852856874465942e-01
1.421321183443069458e-01
1.420783251523971558e-01
1.420249044895172119e-01
1.419713199138641357e-01
1.419183164834976196e-01
1.418653726577758789e-01
1.418126225471496582e-01
1.417602449655532837e-01
1.417079269886016846e-01
1.416566520929336548e-01
1.416047513484954834e-01
1.415530294179916382e-01
1.415015757083892822e-01
1.414504647254943848e-01
1.413994282484054565e-01
1.413487643003463745e-01
1.412981450557708740e-01
1.412477791309356689e-01
1.411982029676437378e-01
1.411482542753219604e-01
1.410986483097076416e-01
1.410491317510604858e-01
1.409999579191207886e-01
1.409508883953094482e-01
1.409021615982055664e-01
1.408535242080688477e-01
1.408050358295440674e-01
1.407574862241744995e-01
1.407095193862915039e-01
1.406618803739547729e-01
1.406143605709075928e-01
1.405671685934066772e-01
1.405200809240341187e-01
1.404733359813690186e-01
1.404265165328979492e-01
1.403802186250686646e-01
1.403346806764602661e-01
1.402888447046279907e-01
1.402431130409240723e-01
1.401976048946380615e-01
1.401524394750595093e-01
1.401071995496749878e-01
1.400624960660934448e-01
1.400179117918014526e-01
1.399743109941482544e-01
1.399301886558532715e-01
1.398863941431045532e-01
1.398427337408065796e-01
1.397993266582489014e-01
1.397560387849807739e-01
1.397130936384201050e-01
1.396704614162445068e-01
1.396279782056808472e-01
1.395864784717559814e-01
1.395403295755386353e-01
1.394852399826049805e-01
1.394295245409011841e-01
1.393747478723526001e-01
1.393196880817413330e-01
1.392653286457061768e-01
1.392106264829635620e-01
1.391569375991821289e-01
1.391027420759201050e-01
1.390493661165237427e-01
1.389958411455154419e-01
1.389429569244384766e-01
1.388903856277465820e-01
1.388375461101531982e-01
1.387854665517807007e-01
1.387329548597335815e-01
1.386815160512924194e-01
1.386295706033706665e-01
1.385784596204757690e-01
1.385271847248077393e-01
1.384765952825546265e-01
1.384256482124328613e-01
1.383757442235946655e-01
1.383253335952758789e-01
1.382759511470794678e-01
1.382260471582412720e-01
1.381770372390747070e-01
1.381278187036514282e-01
1.380793303251266479e-01
1.380311101675033569e-01
1.379826962947845459e-01
1.379350125789642334e-01
1.378869712352752686e-01
1.378400027751922607e-01
1.377924978733062744e-01
1.377459019422531128e-01
1.376991122961044312e-01
1.376530677080154419e-01
1.376066803932189941e-01
1.375613659620285034e-01
1.375155150890350342e-01
1.374705880880355835e-01
1.374254971742630005e-01
1.373811215162277222e-01
1.373370587825775146e-01
1.372928172349929810e-01
1.372493058443069458e-01
1.372054815292358398e-01
1.371627151966094971e-01
1.371194720268249512e-01
1.370771527290344238e-01
1.370346397161483765e-01
1.369929164648056030e-01
1.369508802890777588e-01
1.369098722934722900e-01
1.368684321641921997e-01
1.368278712034225464e-01
1.367872059345245361e-01
1.367473155260086060e-01
1.367076635360717773e-01
1.366679370403289795e-01
1.366289705038070679e-01
1.365896314382553101e-01
1.365514695644378662e-01
1.365128308534622192e-01
1.364750713109970093e-01
1.364372521638870239e-01
1.364001184701919556e-01
1.363627910614013672e-01
1.363265514373779297e-01
1.362897902727127075e-01
1.362540721893310547e-01
1.362182199954986572e-01
1.361830681562423706e-01
1.361483484506607056e-01
1.361134052276611328e-01
1.360793709754943848e-01
1.360450685024261475e-01
1.360117644071578979e-01
1.359781622886657715e-01
1.359455287456512451e-01
1.359126567840576172e-01
1.358807384967803955e-01
1.358485519886016846e-01
1.358173489570617676e-01
1.357859075069427490e-01
1.357552707195281982e-01
1.357247084379196167e-01
1.356949806213378906e-01
1.356649845838546753e-01
1.356360018253326416e-01
1.356073915958404541e-01
1.355785280466079712e-01
1.355506926774978638e-01
1.355224400758743286e-01
1.354955285787582397e-01
1.354682594537734985e-01
1.354417800903320312e-01
1.354154497385025024e-01
1.353899687528610229e-01
1.353640854358673096e-01
1.353395581245422363e-01
1.353147029876708984e-01
1.352906376123428345e-01
1.352667659521102905e-01
1.352435201406478882e-01
1.352209448814392090e-01
1.351983249187469482e-01
1.351763606071472168e-01
1.351544708013534546e-01
1.351337581872940063e-01
1.351124793291091919e-01
1.350925117731094360e-01
1.350725293159484863e-01
1.350531876087188721e-01
1.350339651107788086e-01
1.350156515836715698e-01
1.349973529577255249e-01
1.349801272153854370e-01
1.349626034498214722e-01
1.349463164806365967e-01
1.349305063486099243e-01
1.349143981933593750e-01
1.348995566368103027e-01
1.348846107721328735e-01
1.348705440759658813e-01
1.348565965890884399e-01
1.348437368869781494e-01
1.348309367895126343e-01
1.348187327384948730e-01
1.348068267107009888e-01
1.347961574792861938e-01
1.347849071025848389e-01
1.347751766443252563e-01
1.347614526748657227e-01
1.347125172615051270e-01
1.346630752086639404e-01
1.346153765916824341e-01
1.345681846141815186e-01
1.345207244157791138e-01
1.344748139381408691e-01
1.344290673732757568e-01
1.343844383955001831e-01
1.343395560979843140e-01
1.342962384223937988e-01
1.342531293630599976e-01
1.342111527919769287e-01
1.341694891452789307e-01
1.341282874345779419e-01
1.340884864330291748e-01
1.340481489896774292e-01
1.340097337961196899e-01
1.339713335037231445e-01
1.339343488216400146e-01
1.338968276977539062e-01
1.338612735271453857e-01
1.338257640600204468e-01
1.337911188602447510e-01
1.337576657533645630e-01
1.337244957685470581e-01
1.336925625801086426e-01
1.336603164672851562e-01
1.336299329996109009e-01
1.335998475551605225e-01
1.335710138082504272e-01
1.335418820381164551e-01
1.335146576166152954e-01
1.334883570671081543e-01
1.334615051746368408e-01
1.334368437528610229e-01
1.334123164415359497e-01
1.333893388509750366e-01
1.333658099174499512e-01
1.333445310592651367e-01
1.333234310150146484e-01
1.333031654357910156e-01
1.332838237285614014e-01
1.332660764455795288e-01
1.332491189241409302e-01
1.332318186759948730e-01
1.332166790962219238e-01
