9.235396385192871094e-01
9.228301644325256348e-01
9.202290773391723633e-01
9.158816933631896973e-01
9.098662734031677246e-01
9.022941589355468750e-01
8.934579491615295410e-01
8.837177753448486328e-01
8.734757900238037109e-01
8.631241321563720703e-01
8.533046841621398926e-01
8.441828489303588867e-01
8.357333540916442871e-01
8.280540108680725098e-01
8.210499286651611328e-01
8.147171735763549805e-01
8.090615868568420410e-01
8.038164973258972168e-01
7.989998459815979004e-01
7.946584820747375488e-01
7.908372282981872559e-01
7.875229716300964355e-01
7.847431302070617676e-01
7.824844717979431152e-01
7.807134389877319336e-01
7.794297337532043457e-01
7.785978913307189941e-01
7.782244682312011719e-01
7.781777381896972656e-01
7.784182429313659668e-01
7.789115905761718750e-01
7.796250581741333008e-01
7.804446816444396973e-01
7.813528180122375488e-01
7.824051976203918457e-01
7.835835218429565430e-01
7.848730683326721191e-01
7.862557768821716309e-01
7.876272797584533691e-01
7.890009284019470215e-01
7.904425859451293945e-01
7.919465899467468262e-01
7.935226559638977051e-01
7.951924800872802734e-01
7.969556450843811035e-01
7.987945079803466797e-01
8.006963133811950684e-01
8.026511669158935547e-01
8.046553730964660645e-01
8.066838383674621582e-01
8.087298274040222168e-01
8.106117248535156250e-01
8.125256896018981934e-01
8.144659996032714844e-01
8.164299726486206055e-01
8.184187412261962891e-01
8.204293251037597656e-01
8.225077390670776367e-01
8.246551752090454102e-01
8.268484473228454590e-01
8.290982842445373535e-01
8.314129710197448730e-01
8.337925076484680176e-01
8.362737894058227539e-01
8.388399481773376465e-01
8.415347933769226074e-01
8.444067835807800293e-01
8.474783301353454590e-01
8.507549762725830078e-01
8.542177677154541016e-01
8.577906489372253418e-01
8.613901138305664062e-01
8.650311231613159180e-01
8.688651919364929199e-01
8.723618388175964355e-01
8.736560344696044922e-01
8.759889602661132812e-01
8.787897229194641113e-01
8.815987110137939453e-01
8.843217492103576660e-01
8.869153857231140137e-01
8.893528580665588379e-01
8.915975093841552734e-01
8.936415910720825195e-01
8.954905867576599121e-01
8.971713781356811523e-01
8.987313508987426758e-01
9.002260565757751465e-01
9.016894698143005371e-01
9.031567573547363281e-01
9.046427011489868164e-01
9.061247706413269043e-01
9.075617790222167969e-01
9.088999032974243164e-01
9.100465774536132812e-01
9.110078811645507812e-01
9.117420911788940430e-01
9.122186899185180664e-01
9.124186635017395020e-01
9.123281240463256836e-01
9.119427204132080078e-01
9.112746119499206543e-01
9.103937149047851562e-01
9.092416167259216309e-01
9.078335165977478027e-01
9.061776399612426758e-01
9.042962789535522461e-01
9.021973609924316406e-01
8.999068140983581543e-01
8.974302411079406738e-01
8.947179913520812988e-01
8.918281793594360352e-01
8.888047337532043457e-01
8.856502175331115723e-01
8.823904991149902344e-01
8.790258765220642090e-01
8.755902647972106934e-01
8.720889687538146973e-01
8.685315847396850586e-01
8.649489879608154297e-01
8.613403439521789551e-01
8.577024936676025391e-01
8.540555238723754883e-01
8.504113554954528809e-01
8.467892408370971680e-01
8.431869149208068848e-01
8.396224379539489746e-01
8.361206054687500000e-01
8.327491283416748047e-01
8.294541835784912109e-01
8.262316584587097168e-01
8.231070637702941895e-01
8.200750350952148438e-01
8.171452283859252930e-01
8.143169879913330078e-01
8.115888833999633789e-01
8.089736700057983398e-01
8.063568472862243652e-01
8.038216233253479004e-01
8.014045953750610352e-01
7.991006374359130859e-01
7.969077825546264648e-01
7.948310971260070801e-01
7.928656339645385742e-01
7.910081744194030762e-01
7.892606854438781738e-01
7.876248359680175781e-01
7.861398458480834961e-01
7.847537398338317871e-01
7.834609746932983398e-01
7.813280224800109863e-01
7.802712321281433105e-01
7.792810201644897461e-01
7.783485054969787598e-01
7.774639725685119629e-01
7.766156196594238281e-01
7.757911086082458496e-01
7.750787138938903809e-01
7.743678689002990723e-01
7.736418843269348145e-01
7.728893756866455078e-01
7.721009254455566406e-01
7.712689042091369629e-01
7.703911066055297852e-01
7.694696784019470215e-01
7.685132622718811035e-01
7.675405740737915039e-01
7.665973901748657227e-01
7.657262682914733887e-01
7.649416327476501465e-01
7.642865777015686035e-01
7.638021707534790039e-01
7.635206580162048340e-01
7.634549736976623535e-01
7.635983228683471680e-01
7.639197707176208496e-01
7.643705010414123535e-01
7.648805379867553711e-01
7.653823494911193848e-01
7.658177018165588379e-01
7.661360502243041992e-01
7.663035988807678223e-01
7.663086652755737305e-01
7.661481499671936035e-01
7.658357620239257812e-01
7.653897404670715332e-01
7.648361325263977051e-01
7.642016410827636719e-01
7.635140419006347656e-01
7.627999782562255859e-01
7.620580792427062988e-01
7.613331675529479980e-01
7.606456279754638672e-01
7.600132226943969727e-01
7.594503164291381836e-01
7.589708566665649414e-01
7.585843205451965332e-01
7.583016157150268555e-01
7.581298351287841797e-01
7.580771446228027344e-01
7.581482529640197754e-01
7.583494186401367188e-01
7.586360573768615723e-01
7.590560913085937500e-01
7.596138119697570801e-01
7.603124976158142090e-01
7.611566185951232910e-01
7.621419429779052734e-01
7.632734775543212891e-01
7.645511627197265625e-01
7.659764289855957031e-01
7.675498127937316895e-01
7.692666053771972656e-01
7.711303234100341797e-01
7.730715274810791016e-01
7.750751376152038574e-01
7.772402167320251465e-01
7.795590758323669434e-01
7.820238471031188965e-01
7.846480011940002441e-01
7.874217629432678223e-01
7.903436422348022461e-01
7.934014201164245605e-01
7.966103553771972656e-01
7.999585270881652832e-01
8.034319281578063965e-01
8.070459961891174316e-01
8.108351826667785645e-01
8.148216605186462402e-01
8.189285397529602051e-01
8.231289982795715332e-01
8.274276852607727051e-01
8.318077921867370605e-01
8.362861275672912598e-01
8.408353924751281738e-01
8.454731106758117676e-01
8.501726388931274414e-01
8.549535274505615234e-01
8.597916960716247559e-01
8.647096753120422363e-01
8.696885108947753906e-01
8.747674822807312012e-01
8.799332976341247559e-01
8.852248787879943848e-01
8.906655907630920410e-01
8.963511586189270020e-01
9.024099707603454590e-01
9.091734886169433594e-01
9.175090193748474121e-01
9.374600648880004883e-01
9.416109919548034668e-01
9.440373182296752930e-01
9.458367824554443359e-01
9.471602439880371094e-01
9.482715129852294922e-01
9.496725797653198242e-01
9.518980979919433594e-01
9.549588561058044434e-01
9.582094550132751465e-01
9.610578417778015137e-01
9.632748365402221680e-01
9.649063944816589355e-01
9.660617113113403320e-01
9.668319821357727051e-01
9.672932624816894531e-01
9.674942493438720703e-01
9.674713611602783203e-01
9.672516584396362305e-01
9.668569564819335938e-01
9.663008451461791992e-01
9.655998945236206055e-01
9.647500514984130859e-01
9.637785553932189941e-01
9.626941680908203125e-01
9.615034461021423340e-01
9.602246284484863281e-01
9.588590860366821289e-01
9.574260711669921875e-01
9.559252262115478516e-01
9.543755650520324707e-01
9.527761936187744141e-01
9.511453509330749512e-01
9.494811296463012695e-01
9.478015303611755371e-01
9.461029171943664551e-01
9.444029331207275391e-01
9.426992535591125488e-01
9.410213828086853027e-01
9.393496513366699219e-01
9.376946091651916504e-01
9.360657334327697754e-01
9.344561100006103516e-01
9.328794479370117188e-01
9.313278198242187500e-01
9.298089146614074707e-01
9.283303022384643555e-01
9.268825650215148926e-01
9.254776835441589355e-01
9.241060018539428711e-01
9.227730035781860352e-01
9.214841723442077637e-01
9.202292561531066895e-01
9.190178513526916504e-01
9.178431630134582520e-01
9.167100787162780762e-01
9.156185984611511230e-01
9.145590662956237793e-01
9.135383367538452148e-01
9.125510454177856445e-01
9.115951061248779297e-01
9.106693863868713379e-01
9.097723364830017090e-01
9.089050889015197754e-01
9.080591797828674316e-01
9.072362780570983887e-01
9.064350724220275879e-01
9.056531190872192383e-01
9.048889279365539551e-01
9.041436910629272461e-01
9.034096002578735352e-01
9.026882648468017578e-01
9.020415544509887695e-01
9.014167785644531250e-01
9.008001089096069336e-01
9.001926183700561523e-01
8.995881080627441406e-01
8.989875316619873047e-01
8.983902335166931152e-01
8.977971076965332031e-01
8.972048759460449219e-01
8.966109752655029297e-01
8.960185050964355469e-01
8.954249024391174316e-01
8.948293328285217285e-01
8.942319750785827637e-01
8.936322331428527832e-01
8.930280208587646484e-01
8.924229145050048828e-01
8.918149471282958984e-01
8.912079334259033203e-01
8.906123638153076172e-01
8.900139331817626953e-01
8.894124627113342285e-01
8.888069987297058105e-01
8.882008194923400879e-01
8.875926136970520020e-01
8.869829177856445312e-01
8.863719701766967773e-01
8.857600688934326172e-01
8.851476907730102539e-01
8.845349550247192383e-01
8.839235305786132812e-01
8.833110928535461426e-01
8.827002048492431641e-01
8.820890784263610840e-01
8.814783692359924316e-01
8.808693289756774902e-01
8.802598118782043457e-01
8.796516656875610352e-01
8.790659308433532715e-01
8.785008788108825684e-01
8.779347538948059082e-01
8.773686885833740234e-01
8.768004775047302246e-01
8.762311339378356934e-01
8.756584525108337402e-01
8.750830888748168945e-01
8.745025396347045898e-01
8.739166855812072754e-01
8.733254075050354004e-01
8.727259039878845215e-01
8.721188306808471680e-01
8.715021014213562012e-01
8.708746433258056641e-01
8.702350258827209473e-01
8.695826530456542969e-01
8.689160346984863281e-01
8.682340979576110840e-01
8.675358295440673828e-01
8.668203949928283691e-01
8.660817146301269531e-01
8.653228878974914551e-01
8.645461797714233398e-01
8.637502789497375488e-01
8.629353642463684082e-01
8.621003031730651855e-01
8.612456917762756348e-01
8.603703975677490234e-01
8.594754338264465332e-01
8.585600852966308594e-01
8.576254844665527344e-01
8.566710948944091797e-01
8.556984066963195801e-01
8.547073602676391602e-01
8.536996245384216309e-01
8.526779413223266602e-01
8.516388535499572754e-01
8.505882024765014648e-01
8.495225906372070312e-01
8.484482169151306152e-01
8.473614454269409180e-01
8.462685942649841309e-01
8.451657891273498535e-01
8.440603017807006836e-01
8.429469466209411621e-01
8.418337106704711914e-01
8.407195806503295898e-01
8.396016359329223633e-01
8.384886384010314941e-01
8.373755216598510742e-01
8.362698554992675781e-01
8.351665139198303223e-01
8.340743184089660645e-01
8.329864740371704102e-01
8.319119215011596680e-01
8.308455944061279297e-01
8.297942280769348145e-01
8.287531137466430664e-01
8.277299404144287109e-01
8.267218470573425293e-01
8.257304430007934570e-01
8.247559666633605957e-01
8.237993717193603516e-01
8.228623867034912109e-01
8.219441771507263184e-01
8.210210204124450684e-01
8.199382424354553223e-01
8.188694715499877930e-01
8.178210854530334473e-01
8.167908191680908203e-01
8.157793283462524414e-01
8.147870302200317383e-01
8.138145804405212402e-01
8.128620386123657227e-01
8.119299411773681641e-01
8.110187649726867676e-01
8.101286292076110840e-01
8.092599511146545410e-01
8.084127306938171387e-01
8.075873851776123047e-01
8.067839741706848145e-01
8.060019612312316895e-01
8.052427172660827637e-01
8.045057058334350586e-01
8.037927150726318359e-01
8.031001091003417969e-01
8.024298548698425293e-01
8.017834424972534180e-01
8.011574745178222656e-01
8.005536794662475586e-01
7.999690175056457520e-01
7.993762493133544922e-01
7.988059520721435547e-01
7.982591390609741211e-01
7.977334856986999512e-01
7.972300052642822266e-01
7.967492938041687012e-01
7.962895631790161133e-01
7.958521842956542969e-01
7.954355478286743164e-01
7.950401902198791504e-01
7.946663498878479004e-01
7.943122982978820801e-01
7.939795851707458496e-01
7.936676144599914551e-01
7.933755517005920410e-01
7.931037545204162598e-01
7.928516864776611328e-01
7.926191687583923340e-01
7.924059033393859863e-01
7.922117114067077637e-01
7.920362949371337891e-01
7.918798923492431641e-01
7.917414903640747070e-01
7.916212677955627441e-01
7.915195822715759277e-01
7.914350628852844238e-01
7.913738489151000977e-01
7.913357019424438477e-01
7.913158535957336426e-01
7.913110256195068359e-01
7.913231849670410156e-01
7.913517355918884277e-01
7.913958430290222168e-01
7.914549112319946289e-01
7.915312647819519043e-01
7.916209101676940918e-01
7.917255759239196777e-01
7.918456196784973145e-01
7.919809818267822266e-01
7.921299338340759277e-01
7.922922968864440918e-01
7.924708724021911621e-01
7.926608324050903320e-01
7.928649783134460449e-01
7.930816411972045898e-01
7.933120727539062500e-01
7.935546636581420898e-01
7.938106656074523926e-01
7.940783500671386719e-01
7.943589091300964355e-01
7.946509718894958496e-01
7.949555516242980957e-01
7.952710390090942383e-01
7.955987453460693359e-01
7.959346771240234375e-01
7.961870431900024414e-01
7.964476943016052246e-01
7.967196702957153320e-01
7.970021367073059082e-01
7.972963452339172363e-01
7.976015210151672363e-01
7.979174256324768066e-01
7.982432246208190918e-01
7.985801696777343750e-01
7.989274263381958008e-01
7.992847561836242676e-01
7.996519804000854492e-01
8.000285029411315918e-01
8.004153370857238770e-01
8.008116483688354492e-01
8.012173771858215332e-01
8.016292452812194824e-01
8.020525574684143066e-01
8.024855256080627441e-01
8.029240965843200684e-01
8.033744692802429199e-01
8.038327693939208984e-01
8.042966127395629883e-01
8.047722578048706055e-01
8.052558898925781250e-01
8.057475090026855469e-01
8.062427043914794922e-01
8.067499399185180664e-01
8.072646856307983398e-01
8.077831268310546875e-01
8.083199858665466309e-01
8.088749051094055176e-01
8.094322681427001953e-01
8.100011944770812988e-01
8.105768561363220215e-01
8.111542463302612305e-01
8.117429018020629883e-01
8.123371601104736328e-01
8.129342794418334961e-01
8.135415315628051758e-01
8.141539096832275391e-01
8.147728443145751953e-01
8.153931498527526855e-01
8.160184025764465332e-01
8.166538476943969727e-01
8.172895908355712891e-01
8.179354071617126465e-01
8.185819387435913086e-01
8.192368149757385254e-01
8.198927640914916992e-01
8.205530047416687012e-01
8.212218284606933594e-01
8.218909502029418945e-01
8.225679993629455566e-01
8.232451081275939941e-01
8.239305615425109863e-01
8.246147632598876953e-01
8.253076076507568359e-01
8.259990811347961426e-01
8.266932964324951172e-01
8.273957967758178711e-01
8.280961513519287109e-01
8.288044929504394531e-01
8.294691443443298340e-01
8.301180601119995117e-01
8.307652473449707031e-01
8.314167261123657227e-01
8.320763707160949707e-01
8.327341675758361816e-01
8.334001898765563965e-01
8.340646028518676758e-01
8.347309827804565430e-01
8.354056477546691895e-01
8.360774517059326172e-01
8.367518186569213867e-01
8.374274969100952148e-01
8.381056189537048340e-01
8.387901186943054199e-01
8.394708037376403809e-01
8.401529788970947266e-01
8.408359289169311523e-01
8.415197134017944336e-01
8.422083854675292969e-01
8.428927659988403320e-01
8.435769081115722656e-01
8.442603349685668945e-01
8.449434041976928711e-01
8.456307649612426758e-01
8.463114500045776367e-01
8.469905257225036621e-01
8.476678729057312012e-01
8.483431935310363770e-01
8.490203022956848145e-01
8.496901392936706543e-01
8.503563404083251953e-01
8.510190844535827637e-01
8.516772985458374023e-01
8.523365855216979980e-01
8.529973626136779785e-01
8.536784648895263672e-01
8.543522357940673828e-01
8.550192713737487793e-01
8.556784987449645996e-01
8.563297986984252930e-01
8.569725155830383301e-01
8.576056361198425293e-01
8.582298159599304199e-01
8.588439226150512695e-01
8.594475984573364258e-01
8.600403070449829102e-01
8.606214523315429688e-01
8.611908555030822754e-01
8.617480397224426270e-01
8.622922897338867188e-01
8.628233075141906738e-01
8.633401393890380859e-01
8.638431429862976074e-01
8.643311858177185059e-01
8.648042678833007812e-01
8.652615547180175781e-01
8.657025694847106934e-01
8.661271929740905762e-01
8.665348887443542480e-01
8.669250607490539551e-01
8.672975897789001465e-01
8.676515221595764160e-01
8.679871559143066406e-01
8.683037161827087402e-01
8.686010241508483887e-01
8.688786029815673828e-01
8.691360354423522949e-01
8.693733215332031250e-01
8.695901036262512207e-01
8.697860240936279297e-01
8.699582219123840332e-01
8.701118230819702148e-01
8.702370524406433105e-01
8.703035116195678711e-01
8.703470826148986816e-01
8.703677654266357422e-01
8.703630566596984863e-01
8.703367710113525391e-01
8.702868223190307617e-01
8.702549338340759277e-01
8.701348304748535156e-01
8.699897527694702148e-01
8.698221445083618164e-01
8.696308732032775879e-01
8.694162964820861816e-01
8.691779971122741699e-01
8.689164519309997559e-01
8.686314225196838379e-01
8.683243393898010254e-01
8.679948449134826660e-01
8.676433563232421875e-01
8.672704100608825684e-01
8.668764233589172363e-01
8.664624094963073730e-01
8.660282492637634277e-01
8.655748367309570312e-01
8.651030659675598145e-01
8.646135926246643066e-01
8.641079068183898926e-01
8.635858893394470215e-01
8.630490303039550781e-01
8.624992370605468750e-01
8.619364500045776367e-01
8.613620996475219727e-01
8.607786297798156738e-01
8.601857423782348633e-01
8.595859408378601074e-01
8.589818477630615234e-01
8.583732247352600098e-01
8.577628731727600098e-01
8.571539521217346191e-01
8.565469980239868164e-01
8.559445142745971680e-01
8.553502559661865234e-01
8.548264503479003906e-01
8.543307781219482422e-01
8.538545966148376465e-01
8.533998131752014160e-01
8.529704213142395020e-01
8.525705933570861816e-01
8.522032499313354492e-01
8.518730401992797852e-01
8.515838980674743652e-01
8.513408899307250977e-01
8.511486649513244629e-01
8.510115146636962891e-01
8.509363532066345215e-01
8.509283065795898438e-01
8.509912490844726562e-01
8.511350750923156738e-01
8.513616323471069336e-01
8.516829609870910645e-01
8.520996570587158203e-01
8.526259660720825195e-01
8.532605171203613281e-01
8.540200591087341309e-01
8.549068570137023926e-01
8.559221029281616211e-01
8.570842742919921875e-01
8.583852648735046387e-01
8.598470687866210938e-01
8.614571094512939453e-01
8.632376194000244141e-01
8.651716113090515137e-01
8.672819137573242188e-01
8.695450425148010254e-01
8.719835877418518066e-01
8.745662569999694824e-01
8.773152232170104980e-01
8.801906704902648926e-01
8.832124471664428711e-01
8.863335847854614258e-01
8.895691037178039551e-01
8.928656578063964844e-01
8.962346911430358887e-01
8.996170759201049805e-01
9.030207395553588867e-01
9.063819646835327148e-01
9.097075462341308594e-01
9.129518270492553711e-01
9.160677790641784668e-01
9.190599918365478516e-01
9.218708872795104980e-01
9.245068430900573730e-01
9.269185662269592285e-01
9.291024804115295410e-01
9.310551881790161133e-01
9.327439069747924805e-01
9.341809153556823730e-01
9.353464245796203613e-01
9.362489581108093262e-01
9.368955492973327637e-01
9.372830986976623535e-01
9.374266862869262695e-01
9.373325109481811523e-01
9.370152354240417480e-01
9.364857673645019531e-01
9.357615113258361816e-01
9.348521232604980469e-01
9.337790012359619141e-01
9.325538873672485352e-01
9.311853051185607910e-01
9.296988844871520996e-01
9.280955791473388672e-01
9.264014363288879395e-01
9.246219396591186523e-01
9.227609634399414062e-01
9.208438992500305176e-01
9.188647866249084473e-01
9.168488979339599609e-01
9.147956967353820801e-01
9.127041101455688477e-01
9.105978608131408691e-01
9.084659814834594727e-01
9.063302278518676758e-01
9.041876196861267090e-01
9.020329713821411133e-01
8.998875617980957031e-01
8.977465033531188965e-01
8.956022262573242188e-01
8.934769034385681152e-01
8.913620114326477051e-01
8.892601132392883301e-01
8.871643543243408203e-01
8.850928544998168945e-01
8.830389976501464844e-01
8.809936642646789551e-01
8.789761662483215332e-01
8.770394325256347656e-01
8.751307129859924316e-01
8.732370138168334961e-01
8.713738918304443359e-01
8.695337176322937012e-01
8.677080273628234863e-01
8.659134507179260254e-01
8.641405701637268066e-01
8.623829483985900879e-01
8.606544137001037598e-01
8.589483499526977539e-01
8.572632074356079102e-01
8.555922508239746094e-01
8.539491295814514160e-01
8.523269295692443848e-01
8.507174849510192871e-01
8.491352796554565430e-01
8.475719094276428223e-01
8.460283279418945312e-01
8.444958925247192383e-01
8.429893851280212402e-01
8.415000438690185547e-01
8.400225043296813965e-01
8.385681509971618652e-01
8.371310830116271973e-01
8.357105851173400879e-01
8.342996239662170410e-01
8.329111933708190918e-01
8.315377831459045410e-01
8.301799893379211426e-01
8.288363218307495117e-01
8.275023102760314941e-01
8.261874914169311523e-01
8.248873949050903320e-01
8.236001729965209961e-01
8.223270177841186523e-01
8.210608363151550293e-01
8.198135495185852051e-01
8.185783028602600098e-01
8.173558712005615234e-01
8.161448240280151367e-01
8.149464130401611328e-01
8.137534260749816895e-01
8.125779628753662109e-01
8.114128112792968750e-01
8.102592825889587402e-01
8.091158270835876465e-01
8.079783916473388672e-01
8.068556785583496094e-01
8.057438135147094727e-01
8.046411275863647461e-01
8.035489916801452637e-01
8.024607300758361816e-01
8.013973236083984375e-01
8.003749847412109375e-01
7.993614673614501953e-01
7.983570098876953125e-01
7.973555922508239746e-01
7.963681221008300781e-01
7.953891754150390625e-01
7.944183349609375000e-01
7.934556603431701660e-01
7.925001978874206543e-01
7.915487885475158691e-01
7.906097173690795898e-01
7.896780967712402344e-01
7.887540459632873535e-01
7.878364920616149902e-01
7.869268655776977539e-01
7.860245704650878906e-01
7.851291298866271973e-01
7.842406630516052246e-01
7.833547592163085938e-01
7.824789881706237793e-01
7.816107869148254395e-01
7.807489037513732910e-01
7.798935174942016602e-01
7.790445089340209961e-01
7.782009840011596680e-01
7.773643136024475098e-01
7.765337228775024414e-01
7.757051587104797363e-01
7.748865485191345215e-01
7.740730047225952148e-01
7.732659578323364258e-01
7.724645733833312988e-01
7.716687917709350586e-01
7.708786129951477051e-01
7.700937986373901367e-01
7.693136930465698242e-01
7.685357928276062012e-01
7.677669525146484375e-01
7.670033574104309082e-01
7.662448883056640625e-01
7.654907107353210449e-01
7.647421360015869141e-01
7.639986276626586914e-01
7.632600069046020508e-01
7.625260949134826660e-01
7.617925405502319336e-01
7.610681056976318359e-01
7.603482604026794434e-01
7.596330046653747559e-01
7.589222192764282227e-01
7.582151293754577637e-01
7.575131058692932129e-01
7.568154931068420410e-01
7.561221122741699219e-01
7.554329633712768555e-01
7.547479271888732910e-01
7.540663480758666992e-01
7.533893585205078125e-01
7.527253031730651855e-01
7.521017193794250488e-01
7.514821290969848633e-01
7.508662939071655273e-01
7.502542734146118164e-01
7.496460080146789551e-01
7.490411996841430664e-01
7.484400272369384766e-01
7.478423714637756348e-01
7.472474575042724609e-01
7.466565966606140137e-01
7.460661530494689941e-01
7.454819083213806152e-01
7.449011802673339844e-01
7.443233728408813477e-01
7.437487840652465820e-01
7.431772351264953613e-01
7.426087260246276855e-01
7.420431375503540039e-01
7.414796948432922363e-01
7.409197688102722168e-01
7.403627634048461914e-01
7.398083209991455078e-01
7.392566800117492676e-01
7.387076616287231445e-01
7.381609678268432617e-01
7.375899553298950195e-01
7.370190620422363281e-01
7.364497184753417969e-01
7.358826398849487305e-01
7.353184223175048828e-01
7.347556948661804199e-01
7.341949343681335449e-01
7.336369156837463379e-01
7.330802083015441895e-01
7.325252890586853027e-01
7.319723367691040039e-01
7.314218878746032715e-01
7.308723926544189453e-01
7.303246855735778809e-01
7.297793030738830566e-01
7.292348742485046387e-01
7.286918759346008301e-01
7.281511425971984863e-01
7.276111841201782227e-01
7.270725369453430176e-01
7.265360951423645020e-01
7.260000705718994141e-01
7.254653573036193848e-01
7.249326705932617188e-01
7.244003415107727051e-01
7.238691449165344238e-01
7.233871817588806152e-01
7.229461073875427246e-01
7.225061058998107910e-01
7.220669388771057129e-01
7.216294407844543457e-01
7.211920619010925293e-01
7.207553386688232422e-01
7.203221321105957031e-01
7.198869585990905762e-01
7.194532155990600586e-01
7.190194129943847656e-01
7.185862064361572266e-01
7.181535363197326660e-01
7.177221775054931641e-01
7.172905802726745605e-01
7.168595194816589355e-01
7.164288759231567383e-01
7.159986495971679688e-01
7.155695557594299316e-01
7.151400446891784668e-01
7.147109508514404297e-01
7.142821550369262695e-01
7.138544321060180664e-01
7.134261131286621094e-01
7.129981517791748047e-01
7.125703692436218262e-01
7.121453881263732910e-01
7.117183804512023926e-01
7.112866640090942383e-01
7.108551263809204102e-01
7.104243636131286621e-01
7.099929451942443848e-01
7.095618247985839844e-01
7.091305255889892578e-01
7.086992859840393066e-01
7.082688212394714355e-01
7.078376412391662598e-01
7.074064016342163086e-01
7.069752216339111328e-01
7.065448164939880371e-01
7.061135768890380859e-01
7.056850790977478027e-01
7.052537798881530762e-01
7.048231959342956543e-01
7.043917775154113770e-01
7.039603590965270996e-01
7.035288810729980469e-01
7.030979990959167480e-01
7.026664018630981445e-01
7.022348642349243164e-01
7.018031477928161621e-01
7.013719677925109863e-01
7.009400129318237305e-01
7.005079984664916992e-01
7.000758647918701172e-01
6.996468901634216309e-01
6.992399096488952637e-01
6.988724470138549805e-01
6.985056996345520020e-01
6.981379389762878418e-01
6.977711319923400879e-01
6.974034905433654785e-01
6.970357894897460938e-01
6.966688632965087891e-01
6.963035464286804199e-01
6.959362626075744629e-01
6.955684423446655273e-01
6.952005624771118164e-01
6.948333978652954102e-01
6.944654583930969238e-01
6.940973997116088867e-01
6.937299966812133789e-01
6.933618783950805664e-01
6.929945945739746094e-01
6.926290392875671387e-01
6.922609210014343262e-01
6.918935775756835938e-01
6.915251612663269043e-01
6.911577582359313965e-01
6.907896399497985840e-01
6.904214024543762207e-01
6.900540590286254883e-01
6.896858811378479004e-01
6.893206834793090820e-01
6.889525055885314941e-01
6.885843276977539062e-01
6.882179975509643555e-01
6.878530979156494141e-01
6.874880790710449219e-01
6.871232986450195312e-01
6.867581009864807129e-01
6.863928437232971191e-01
6.860299706459045410e-01
6.856639981269836426e-01
6.852985620498657227e-01
6.849330067634582520e-01
6.845676302909851074e-01
6.842018365859985352e-01
6.838360428810119629e-01
6.834703683853149414e-01
6.831068396568298340e-01
6.827407479286193848e-01
6.823741197586059570e-01
6.820079088211059570e-01
6.816415786743164062e-01
6.812751889228820801e-01
6.809089183807373047e-01
6.805448532104492188e-01
6.801781654357910156e-01
6.798117160797119141e-01
6.794449090957641602e-01
6.790779232978820801e-01
6.787104010581970215e-01
6.783432960510253906e-01
6.779785156250000000e-01
6.776115298271179199e-01
6.772441267967224121e-01
6.768864393234252930e-01
6.765874624252319336e-01
6.762886643409729004e-01
6.759895682334899902e-01
6.756935119628906250e-01
6.753945350646972656e-01
6.750951409339904785e-01
6.747957468032836914e-01
6.744965314865112305e-01
6.741977334022521973e-01
6.738980412483215332e-01
6.736008524894714355e-01
6.733009219169616699e-01
6.730009317398071289e-01
6.727018952369689941e-01
6.724017262458801270e-01
6.721016168594360352e-01
6.717040538787841797e-01
6.713027358055114746e-01
6.708984375000000000e-01
6.704930067062377930e-01
6.700857877731323242e-01
6.696783900260925293e-01
6.692702770233154297e-01
6.688605546951293945e-01
6.684527993202209473e-01
6.680417656898498535e-01
6.676289439201354980e-01
6.672160625457763672e-01
6.668024659156799316e-01
6.663876175880432129e-01
6.659732460975646973e-01
6.655564904212951660e-01
6.651492118835449219e-01
6.647598743438720703e-01
6.643685102462768555e-01
6.639759540557861328e-01
6.635836958885192871e-01
6.631874442100524902e-01
6.627889275550842285e-01
6.623892784118652344e-01
6.619883179664611816e-01
6.615852713584899902e-01
6.611831188201904297e-01
6.607765555381774902e-01
6.603676080703735352e-01
6.599575281143188477e-01
6.595459580421447754e-01
6.591322422027587891e-01
6.587189435958862305e-01
6.580799818038940430e-01
6.571149826049804688e-01
6.561440229415893555e-01
6.551651954650878906e-01
6.541803479194641113e-01
6.531903147697448730e-01
6.521915197372436523e-01
6.511855721473693848e-01
6.501716971397399902e-01
6.491516232490539551e-01
6.481234431266784668e-01
6.470913887023925781e-01
6.460497379302978516e-01
6.450003981590270996e-01
6.439443230628967285e-01
6.428799629211425781e-01
6.418092250823974609e-01
6.407218575477600098e-01
6.394083499908447266e-01
6.380898356437683105e-01
6.367643475532531738e-01
6.354315280914306641e-01
6.340935826301574707e-01
6.327500939369201660e-01
6.313987970352172852e-01
6.300405859947204590e-01
6.286764144897460938e-01
6.273057460784912109e-01
6.259305477142333984e-01
6.245470643043518066e-01
6.231560707092285156e-01
6.217601895332336426e-01
6.203564405441284180e-01
6.189500689506530762e-01
6.175343990325927734e-01
6.160941720008850098e-01
6.146002411842346191e-01
6.131039261817932129e-01
6.116020679473876953e-01
6.100997328758239746e-01
6.085910201072692871e-01
6.070780754089355469e-01
6.055617332458496094e-01
6.040405035018920898e-01
6.025189161300659180e-01
6.009917855262756348e-01
5.994593501091003418e-01
5.979241728782653809e-01
5.963853597640991211e-01
5.948448777198791504e-01
5.932987332344055176e-01
5.917479991912841797e-01
5.901954174041748047e-01
5.886516571044921875e-01
5.873759984970092773e-01
5.861013531684875488e-01
5.848221778869628906e-01
5.835434198379516602e-01
5.822622776031494141e-01
5.809791684150695801e-01
5.796978473663330078e-01
5.784127712249755859e-01
5.771258473396301270e-01
5.758383870124816895e-01
5.745489001274108887e-01
5.732590556144714355e-01
5.719702243804931641e-01
5.706772804260253906e-01
5.693838596343994141e-01
5.680902600288391113e-01
5.667939782142639160e-01
5.654996037483215332e-01
5.642011165618896484e-01
5.629022717475891113e-01
5.616024732589721680e-01
5.603009462356567383e-01
5.590014457702636719e-01
5.576986670494079590e-01
5.563942790031433105e-01
5.550896525382995605e-01
5.537833571434020996e-01
5.524793267250061035e-01
5.511730313301086426e-01
5.498641729354858398e-01
5.485553145408630371e-01
5.472456216812133789e-01
5.459367036819458008e-01
5.446254611015319824e-01
5.433135628700256348e-01
5.420001149177551270e-01
5.406868457794189453e-01
5.394297242164611816e-01
5.383356809616088867e-01
5.372424125671386719e-01
5.361472368240356445e-01
5.350538492202758789e-01
5.339617133140563965e-01
5.328673720359802246e-01
5.317728519439697266e-01
5.306783914566040039e-01
5.295839309692382812e-01
5.284916758537292480e-01
5.273972749710083008e-01
5.263029336929321289e-01
5.252093672752380371e-01
5.241141915321350098e-01
5.230230689048767090e-01
5.219289660453796387e-01
5.208349823951721191e-01
5.197408795356750488e-01
5.186471343040466309e-01
5.175535082817077637e-01
5.164620876312255859e-01
5.153687596321105957e-01
5.142755508422851562e-01
5.131834149360656738e-01
5.120896697044372559e-01
5.110000967979431152e-01
5.099077224731445312e-01
5.088155865669250488e-01
5.077235698699951172e-01
5.066319704055786133e-01
5.055426955223083496e-01
5.044524669647216797e-01
5.033607482910156250e-01
5.022702217102050781e-01
5.011810064315795898e-01
5.000922679901123047e-01
4.990035891532897949e-01
4.979144632816314697e-01
4.968256354331970215e-01
4.956796765327453613e-01
4.944747388362884521e-01
4.932687878608703613e-01
4.920628070831298828e-01
4.908575415611267090e-01
4.896534085273742676e-01
4.884479939937591553e-01
4.872416853904724121e-01
4.860353767871856689e-01
4.848299026489257812e-01
4.836255609989166260e-01
4.824201464653015137e-01
4.812146723270416260e-01
4.800084531307220459e-01
4.788031578063964844e-01
4.775989949703216553e-01
4.763938784599304199e-01
4.751878976821899414e-01
4.739820659160614014e-01
4.727772772312164307e-01
4.715736806392669678e-01
4.703692495822906494e-01
4.691639542579650879e-01
4.679588973522186279e-01
4.667549729347229004e-01
4.655522406101226807e-01
4.643488228321075439e-01
4.631446003913879395e-01
4.619407057762145996e-01
4.607388973236083984e-01
4.595374166965484619e-01
4.583353102207183838e-01
4.571325480937957764e-01
4.559310972690582275e-01
4.547289311885833740e-01
4.535290300846099854e-01
4.523286223411560059e-01
4.511275589466094971e-01
4.499278664588928223e-01
4.487276375293731689e-01
4.475295841693878174e-01
4.463312327861785889e-01
4.451361000537872314e-01
4.439444839954376221e-01
4.427526295185089111e-01
4.415633678436279297e-01
4.403741359710693359e-01
4.391845762729644775e-01
4.379968941211700439e-01
4.368090927600860596e-01
4.356248676776885986e-01
4.344386756420135498e-01
4.332543909549713135e-01
4.320698976516723633e-01
4.308873713016510010e-01
4.297064244747161865e-01
4.285257458686828613e-01
4.273448288440704346e-01
4.261658489704132080e-01
4.249868690967559814e-01
4.238104522228240967e-01
4.226344227790832520e-01
4.214582145214080811e-01
4.202840626239776611e-01
4.191098809242248535e-01
4.179394543170928955e-01
4.167671501636505127e-01
4.155970513820648193e-01
4.144268929958343506e-01
4.132588803768157959e-01
4.120924174785614014e-01
4.109264612197875977e-01
4.097605049610137939e-01
4.085967242717742920e-01
4.074329435825347900e-01
4.062729179859161377e-01
4.051113128662109375e-01
4.039508700370788574e-01
4.027926325798034668e-01
4.016344249248504639e-01
4.004800617694854736e-01
3.993241488933563232e-01
3.981705307960510254e-01
3.970170021057128906e-01
3.958657681941986084e-01
3.947152793407440186e-01
3.935639560222625732e-01
3.924131989479064941e-01
3.912627398967742920e-01
3.901149928569793701e-01
3.889696002006530762e-01
3.878238797187805176e-01
3.866809010505676270e-01
3.855383396148681641e-01
3.843977153301239014e-01
3.832595646381378174e-01
3.821233510971069336e-01
3.809876441955566406e-01
3.798531889915466309e-01
3.787215352058410645e-01
3.775916099548339844e-01
3.764628171920776367e-01
3.753361701965332031e-01
3.742112517356872559e-01
3.730868697166442871e-01
3.719646036624908447e-01
3.708450198173522949e-01
3.697269856929779053e-01
3.686106503009796143e-01
3.674941360950469971e-01
3.663813173770904541e-01
3.652704954147338867e-01
3.641611933708190918e-01
3.630529940128326416e-01
3.619461655616760254e-01
3.608423173427581787e-01
3.597404062747955322e-01
3.586394190788269043e-01
3.575411140918731689e-01
3.564433753490447998e-01
3.553487658500671387e-01
3.542565405368804932e-01
3.531644642353057861e-01
3.520754873752593994e-01
3.509872257709503174e-01
3.499013185501098633e-01
3.488180637359619141e-01
3.477368354797363281e-01
3.466574847698211670e-01
3.455781340599060059e-01
3.445027172565460205e-01
3.434292376041412354e-01
3.423610925674438477e-01
3.413369655609130859e-01
3.403143584728240967e-01
3.392958939075469971e-01
3.382778465747833252e-01
3.372651934623718262e-01
3.362524509429931641e-01
3.352425396442413330e-01
3.342343866825103760e-01
3.332279324531555176e-01
3.322268426418304443e-01
3.312258124351501465e-01
3.302275836467742920e-01
3.292312324047088623e-01
3.282378315925598145e-01
3.272463083267211914e-01
3.262575864791870117e-01
3.252720534801483154e-01
3.242877721786499023e-01
3.233064711093902588e-01
3.223271071910858154e-01
3.213505148887634277e-01
3.203772604465484619e-01
3.194052875041961670e-01
3.184363543987274170e-01
3.174693584442138672e-01
3.165054619312286377e-01
3.155445456504821777e-01
3.145851492881774902e-01
3.136288225650787354e-01
3.126745522022247314e-01
3.117233514785766602e-01
3.107752203941345215e-01
3.098298907279968262e-01
3.088852465152740479e-01
3.079439699649810791e-01
3.070057928562164307e-01
3.060697317123413086e-01
3.051384091377258301e-01
3.042070269584655762e-01
3.032789230346679688e-01
3.023540675640106201e-01
3.014313578605651855e-01
3.005127310752868652e-01
2.995954453945159912e-01
2.986820638179779053e-01
2.977695465087890625e-01
2.968604266643524170e-01
2.959546744823455811e-01
2.950518727302551270e-01
2.942647039890289307e-01
2.934992909431457520e-01
2.927359640598297119e-01
2.919747531414031982e-01
2.912181913852691650e-01
2.904636263847351074e-01
2.897105216979980469e-01
2.889608442783355713e-01
2.882144749164581299e-01
2.874696254730224609e-01
2.867294251918792725e-01
2.859913408756256104e-01
2.852542102336883545e-01
2.845216393470764160e-01
2.837905883789062500e-01
2.830636501312255859e-01
2.823400795459747314e-01
2.816168963909149170e-01
2.808983027935028076e-01
2.801825404167175293e-01
2.794684171676635742e-01
2.787583172321319580e-01
2.780510485172271729e-01
2.773453891277313232e-01
2.766438126564025879e-01
2.759451270103454590e-01
2.752475142478942871e-01
2.745545208454132080e-01
2.738637328147888184e-01
2.731765508651733398e-01
2.724922299385070801e-01
2.718090713024139404e-01
2.711305618286132812e-01
2.704549729824066162e-01
2.697815597057342529e-01
2.691118419170379639e-01
2.684444487094879150e-01
2.677793800830841064e-01
2.671185135841369629e-01
2.664605379104614258e-01
2.658047080039978027e-01
2.651521563529968262e-01
2.645018994808197021e-01
2.638558447360992432e-01
2.632127702236175537e-01
2.625715136528015137e-01
2.619342207908630371e-01
2.613001465797424316e-01
2.606679201126098633e-01
2.600399255752563477e-01
2.594149410724639893e-01
2.587912678718566895e-01
2.581864893436431885e-01
2.575876116752624512e-01
2.569912374019622803e-01
2.563995718955993652e-01
2.558091878890991211e-01
2.552222609519958496e-01
2.546385526657104492e-01
2.540583610534667969e-01
2.534804642200469971e-01
2.529051303863525391e-01
2.523333132266998291e-01
2.517657577991485596e-01
2.511996328830718994e-01
2.506369352340698242e-01
2.500780820846557617e-01
2.495215088129043579e-01
2.489680349826812744e-01
2.484171539545059204e-01
2.478710412979125977e-01
2.473268508911132812e-01
2.467852830886840820e-01
2.462484836578369141e-01
2.457131743431091309e-01
2.451814264059066772e-01
2.446528524160385132e-01
2.441281378269195557e-01
2.436057478189468384e-01
2.430861592292785645e-01
2.425713986158370972e-01
2.420586049556732178e-01
2.415485531091690063e-01
2.410421371459960938e-01
2.405396848917007446e-01
2.400395125150680542e-01
2.395427227020263672e-01
2.390499264001846313e-01
2.385596036911010742e-01
2.380721271038055420e-01
2.375883013010025024e-01
2.371089458465576172e-01
2.366309762001037598e-01
2.361569553613662720e-01
2.356858253479003906e-01
2.352196127176284790e-01
2.347555011510848999e-01
2.342943251132965088e-01
2.338380515575408936e-01
2.333835512399673462e-01
2.329323738813400269e-01
2.324849516153335571e-01
2.320417016744613647e-01
2.316010147333145142e-01
2.311637252569198608e-01
2.307306528091430664e-01
2.302996516227722168e-01
2.298527806997299194e-01
2.293927222490310669e-01
2.289362549781799316e-01
2.284821718931198120e-01
2.280325293540954590e-01
2.275868505239486694e-01
2.271441668272018433e-01
2.267045676708221436e-01
2.262697666883468628e-01
2.258382886648178101e-01
2.254096716642379761e-01
2.249858975410461426e-01
2.245658189058303833e-01
2.241475433111190796e-01
2.237348854541778564e-01
2.233256399631500244e-01
2.229204624891281128e-01
2.225178927183151245e-01
2.221202552318572998e-01
2.217264175415039062e-01
2.213340252637863159e-01
2.209477871656417847e-01
2.205653786659240723e-01
2.201856672763824463e-01
2.198109477758407593e-01
2.194401174783706665e-01
2.190728783607482910e-01
2.187086790800094604e-01
2.183495461940765381e-01
2.179933041334152222e-01
2.176408916711807251e-01
2.172932922840118408e-01
2.169499546289443970e-01
2.166106104850769043e-01
2.162741273641586304e-01
2.159428149461746216e-01
2.156155258417129517e-01
2.152909040451049805e-01
2.149704992771148682e-01
2.146553993225097656e-01
2.143432646989822388e-01
2.140363901853561401e-01
2.137333750724792480e-01
2.134347707033157349e-01
2.131392061710357666e-01
2.128489464521408081e-01
2.125614732503890991e-01
2.122784852981567383e-01
2.120006084442138672e-01
2.117272168397903442e-01
2.114569842815399170e-01
2.111921310424804688e-01
2.109315991401672363e-01
2.106751501560211182e-01
2.104221433401107788e-01
2.101729959249496460e-01
2.099297791719436646e-01
2.096899002790451050e-01
2.094554901123046875e-01
2.092480063438415527e-01
2.090507745742797852e-01
2.088578343391418457e-01
2.086692750453948975e-01
2.084850817918777466e-01
2.083034068346023560e-01
2.081279754638671875e-01
2.079569399356842041e-01
2.077903598546981812e-01
2.076282352209091187e-01
2.074703872203826904e-01
2.073172181844711304e-01
2.071685642004013062e-01
2.070223689079284668e-01
2.068827748298645020e-01
2.067477405071258545e-01
2.066172659397125244e-01
2.064914107322692871e-01
2.063701748847961426e-01
2.062535732984542847e-01
2.061415016651153564e-01
2.060342431068420410e-01
2.059293389320373535e-01
2.058314830064773560e-01
2.057383656501770020e-01
2.056499868631362915e-01
2.055664062500000000e-01
2.054876536130905151e-01
2.054136842489242554e-01
2.053445428609848022e-01
2.052802741527557373e-01
2.052207738161087036e-01
2.051663398742675781e-01
2.051167935132980347e-01
2.050695121288299561e-01
2.050298452377319336e-01
2.049952000379562378e-01
2.049655765295028687e-01
2.049409747123718262e-01
2.049214541912078857e-01
2.049059867858886719e-01
2.048965841531753540e-01
2.048923969268798828e-01
2.048933506011962891e-01
2.048995345830917358e-01
2.049109041690826416e-01
2.049244046211242676e-01
2.049462199211120605e-01
2.049733400344848633e-01
2.050057947635650635e-01
2.050435990095138550e-01
2.050866484642028809e-01
2.051352709531784058e-01
2.051892280578613281e-01
2.052487134933471680e-01
2.053137123584747314e-01
2.053841799497604370e-01
2.054602205753326416e-01
2.055382579565048218e-01
2.056254297494888306e-01
2.057183384895324707e-01
2.058168649673461914e-01
2.059263885021209717e-01
2.060541361570358276e-01
2.061875611543655396e-01
2.063269019126892090e-01
2.064722031354904175e-01
2.066233754158020020e-01
2.067805230617523193e-01
2.069437056779861450e-01
2.071086615324020386e-01
2.072838395833969116e-01
2.074651718139648438e-01
2.076527327299118042e-01
2.078464329242706299e-01
2.080463767051696777e-01
2.082526832818984985e-01
2.084652930498123169e-01
2.086843401193618774e-01
2.089099287986755371e-01
2.091419696807861328e-01
2.093805968761444092e-01
2.096209824085235596e-01
2.098729461431503296e-01
2.101316452026367188e-01
2.103971391916275024e-01
2.106696367263793945e-01
2.109490334987640381e-01
2.112354338169097900e-01
2.115291059017181396e-01
2.118299156427383423e-01
2.121380120515823364e-01
2.124536037445068359e-01
2.127765864133834839e-01
2.131070196628570557e-01
2.134452313184738159e-01
2.137904763221740723e-01
2.141443490982055664e-01
2.145061939954757690e-01
2.148762643337249756e-01
2.152544558048248291e-01
2.156348973512649536e-01
2.160299122333526611e-01
2.164334654808044434e-01
2.168457508087158203e-01
2.172668427228927612e-01
2.176970988512039185e-01
2.181365191936492920e-01
2.185851931571960449e-01
2.190434932708740234e-01
2.195113897323608398e-01
2.199891209602355957e-01
2.204769700765609741e-01
2.209749221801757812e-01
2.214833348989486694e-01
2.220025211572647095e-01
2.225323468446731567e-01
2.230731844902038574e-01
2.236253619194030762e-01
2.241891473531723022e-01
2.247645109891891479e-01
2.253519147634506226e-01
2.259435802698135376e-01
2.265555560588836670e-01
2.271803766489028931e-01
2.278183698654174805e-01
2.284695357084274292e-01
2.291344106197357178e-01
2.298132032155990601e-01
2.305417805910110474e-01
2.313025444746017456e-01
2.320785075426101685e-01
2.328694760799407959e-01
2.336771190166473389e-01
2.345011085271835327e-01
2.353420704603195190e-01
2.362000793218612671e-01
2.370756715536117554e-01
2.379696667194366455e-01
2.388819158077239990e-01
2.398132532835006714e-01
2.407640218734741211e-01
2.417238801717758179e-01
2.427141964435577393e-01
2.437263280153274536e-01
2.447603493928909302e-01
2.458160966634750366e-01
2.468945682048797607e-01
2.479964792728424072e-01
2.491219192743301392e-01
2.502718567848205566e-01
2.514468133449554443e-01
2.526476681232452393e-01
2.538733780384063721e-01
2.551272213459014893e-01
2.564088106155395508e-01
2.577183246612548828e-01
2.590567171573638916e-01
2.604250013828277588e-01
2.618236243724822998e-01
2.632529735565185547e-01
2.647145688533782959e-01
2.662082612514495850e-01
2.677341997623443604e-01
2.692952454090118408e-01
2.708913087844848633e-01
2.725225985050201416e-01
2.741902172565460205e-01
2.758951783180236816e-01
2.776378393173217773e-01
2.794189751148223877e-01
2.812400758266448975e-01
2.831012010574340820e-01
2.850019633769989014e-01
2.869457602500915527e-01
2.889324128627777100e-01
2.909622192382812500e-01
2.930361926555633545e-01
2.951552271842956543e-01
2.973197102546691895e-01
2.995301783084869385e-01
3.017882704734802246e-01
3.040938079357147217e-01
3.064463138580322266e-01
3.088493943214416504e-01
3.113012611865997314e-01
3.138036131858825684e-01
3.163561820983886719e-01
3.189601302146911621e-01
3.216153085231781006e-01
3.243215978145599365e-01
3.270806968212127686e-01
3.298909664154052734e-01
3.327531218528747559e-01
3.356691002845764160e-01
3.386359512805938721e-01
3.416557908058166504e-01
3.447262942790985107e-01
3.478495478630065918e-01
3.510232567787170410e-01
3.542645275592803955e-01
3.575788736343383789e-01
3.609370589256286621e-01
3.643399775028228760e-01
3.677870035171508789e-01
3.712737858295440674e-01
3.747996687889099121e-01
3.783634603023529053e-01
3.819613456726074219e-01
3.855927884578704834e-01
3.892530500888824463e-01
3.929416537284851074e-01
3.966534733772277832e-01
4.003865420818328857e-01
4.041382968425750732e-01
4.079023301601409912e-01
4.116761386394500732e-01
4.154568016529083252e-01
4.192378818988800049e-01
4.230159521102905273e-01
4.267860054969787598e-01
4.305433630943298340e-01
4.342824518680572510e-01
4.379978477954864502e-01
4.416845440864562988e-01
4.453361928462982178e-01
4.489470720291137695e-01
4.525119662284851074e-01
4.560232162475585938e-01
4.594756662845611572e-01
4.628631472587585449e-01
4.661792516708374023e-01
4.694174826145172119e-01
4.725719392299652100e-01
4.756366908550262451e-01
4.786041378974914551e-01
4.814964532852172852e-01
4.842527210712432861e-01
4.868945777416229248e-01
4.894161820411682129e-01
4.918127357959747314e-01
4.940791428089141846e-01
4.962103962898254395e-01
4.982021749019622803e-01
5.000505447387695312e-01
5.017501711845397949e-01
5.032997727394104004e-01
5.046954154968261719e-01
5.059343576431274414e-01
5.070144534111022949e-01
5.079334974288940430e-01
5.086913108825683594e-01
5.092867016792297363e-01
5.097191929817199707e-01
5.099886655807495117e-01
5.100949406623840332e-01
5.100408792495727539e-01
5.098268985748291016e-01
5.094553232192993164e-01
5.089275240898132324e-01
5.082455277442932129e-01
5.074142813682556152e-01
5.064361691474914551e-01
5.053146481513977051e-01
5.040446519851684570e-01
5.026468038558959961e-01
5.011191964149475098e-01
4.994653463363647461e-01
4.976906180381774902e-01
4.957996606826782227e-01
4.937967061996459961e-01
4.916887581348419189e-01
4.894804060459136963e-01
4.871764183044433594e-01
4.847829341888427734e-01
4.823043942451477051e-01
4.797494113445281982e-01
4.771642088890075684e-01
4.745112657546997070e-01
4.717984199523925781e-01
4.690292775630950928e-01
4.662098884582519531e-01
4.633440375328063965e-01
4.604363739490509033e-01
4.574923217296600342e-01
4.545149803161621094e-01
4.514843523502349854e-01
4.484537541866302490e-01
4.454024136066436768e-01
4.423339962959289551e-01
4.392514526844024658e-01
4.361592233180999756e-01
4.330604076385498047e-01
4.299567937850952148e-01
4.268526136875152588e-01
4.237503111362457275e-01
4.206518232822418213e-01
4.175606071949005127e-01
4.144549369812011719e-01
4.113837778568267822e-01
4.083261489868164062e-01
4.052832424640655518e-01
4.022575616836547852e-01
3.992496132850646973e-01
3.962623775005340576e-01
3.932964801788330078e-01
3.903521299362182617e-01
3.874326646327972412e-01
3.845371603965759277e-01
3.816678225994110107e-01
3.788021802902221680e-01
3.759875297546386719e-01
3.732013106346130371e-01
3.704424500465393066e-01
3.677141666412353516e-01
3.650149703025817871e-01
3.623462915420532227e-01
3.597087562084197998e-01
3.571026921272277832e-01
3.545267283916473389e-01
3.519815206527709961e-01
3.494686186313629150e-01
3.469662666320800781e-01
3.445166349411010742e-01
3.420988917350769043e-01
3.397116363048553467e-01
3.373564779758453369e-01
3.350320756435394287e-01
3.327402174472808838e-01
3.304790258407592773e-01
3.282483518123626709e-01
3.260495364665985107e-01
3.238800764083862305e-01
3.217422664165496826e-01
3.196180462837219238e-01
3.175397217273712158e-01
3.154915869235992432e-01
3.134722113609313965e-01
3.114830553531646729e-01
3.095225095748901367e-01
3.075905740261077881e-01
3.056868910789489746e-01
3.038096725940704346e-01
3.019611239433288574e-01
3.001388907432556152e-01
2.983306944370269775e-01
2.965628206729888916e-01
2.948201894760131836e-01
2.931045889854431152e-01
2.914130985736846924e-01
2.897482514381408691e-01
2.881068289279937744e-01
2.864909172058105469e-01
2.848992943763732910e-01
2.833303511142730713e-01
2.817739248275756836e-01
2.802516818046569824e-01
2.787532508373260498e-01
2.772829532623291016e-01
2.759028375148773193e-01
2.745443582534790039e-01
2.732058465480804443e-01
2.718902230262756348e-01
2.705837786197662354e-01
2.693079411983489990e-01
2.680506706237792969e-01
2.668153345584869385e-01
2.655978798866271973e-01
2.643992602825164795e-01
2.632193565368652344e-01
2.620484828948974609e-01
2.609048783779144287e-01
2.597788274288177490e-01
2.586715519428253174e-01
2.575792670249938965e-01
2.565045654773712158e-01
2.554478049278259277e-01
2.543980181217193604e-01
2.533715665340423584e-01
2.523618936538696289e-01
2.513690292835235596e-01
2.503902316093444824e-01
2.494263648986816406e-01
2.484765350818634033e-01
2.475361973047256470e-01
2.466162741184234619e-01
2.457105964422225952e-01
2.448191791772842407e-01
2.439410239458084106e-01
2.430764883756637573e-01
2.422252148389816284e-01
2.413882613182067871e-01
2.405557483434677124e-01
2.397432625293731689e-01
2.389432340860366821e-01
2.381566315889358521e-01
2.373803108930587769e-01
2.366167008876800537e-01
2.358659505844116211e-01
2.351201325654983521e-01
2.343906164169311523e-01
2.336730808019638062e-01
2.329678684473037720e-01
2.322724610567092896e-01
2.315878272056579590e-01
2.309129685163497925e-01
2.302456200122833252e-01
2.295925021171569824e-01
2.289494723081588745e-01
2.283169776201248169e-01
2.276939749717712402e-01
2.270806580781936646e-01
2.264770269393920898e-01
2.258840799331665039e-01
2.252943366765975952e-01
2.247188389301300049e-01
2.241536825895309448e-01
2.235963791608810425e-01
2.230472862720489502e-01
2.225076258182525635e-01
2.219777703285217285e-01
2.214514613151550293e-01
2.209369242191314697e-01
2.204312831163406372e-01
2.199349999427795410e-01
2.194456905126571655e-01
2.189644426107406616e-01
2.184882462024688721e-01
2.180227637290954590e-01
2.175650447607040405e-01
2.171149551868438721e-01
2.166729420423507690e-01
2.162347584962844849e-01
2.158070802688598633e-01
2.153866738080978394e-01
2.149745970964431763e-01
2.145679742097854614e-01
2.141689360141754150e-01
2.137751728296279907e-01
2.133900076150894165e-01
2.130111455917358398e-01
2.126394659280776978e-01
2.122755646705627441e-01
2.119147032499313354e-01
2.115627974271774292e-01
2.112168818712234497e-01
2.108789086341857910e-01
2.105880379676818848e-01
2.103133946657180786e-01
2.100454866886138916e-01
2.097837030887603760e-01
2.095278054475784302e-01
2.092773318290710449e-01
2.090301662683486938e-01
2.087898552417755127e-01
2.085552215576171875e-01
2.083246856927871704e-01
2.081003040075302124e-01
2.078787982463836670e-01
2.076645642518997192e-01
2.074552476406097412e-01
2.072508484125137329e-01
2.070508897304534912e-01
2.068535685539245605e-01
2.066636234521865845e-01
2.064784318208694458e-01
2.062978893518447876e-01
2.061215788125991821e-01
2.059488743543624878e-01
2.057821303606033325e-01
2.056188136339187622e-01
2.054606378078460693e-01
2.053072303533554077e-01
2.051582038402557373e-01
2.050123512744903564e-01
2.048716098070144653e-01
2.047354727983474731e-01
2.046025246381759644e-01
2.044747620820999146e-01
2.043498307466506958e-01
2.042303234338760376e-01
2.041148841381072998e-01
2.040034681558609009e-01
2.038956731557846069e-01
2.037903964519500732e-01
2.036908566951751709e-01
2.035951763391494751e-01
2.035030126571655273e-01
2.034149765968322754e-01
2.033301144838333130e-01
2.032486349344253540e-01
2.031715363264083862e-01
2.030984312295913696e-01
2.030289471149444580e-01
2.029626220464706421e-01
2.029000669717788696e-01
2.028413414955139160e-01
2.027851641178131104e-01
2.027334272861480713e-01
2.026845365762710571e-01
2.026396989822387695e-01
2.025982290506362915e-01
2.025601267814636230e-01
2.025248855352401733e-01
2.024924755096435547e-01
2.024642676115036011e-01
2.024393081665039062e-01
2.024172097444534302e-01
2.023986428976058960e-01
2.023832201957702637e-01
2.023709118366241455e-01
2.023605555295944214e-01
2.023544162511825562e-01
2.023513168096542358e-01
2.023511976003646851e-01
2.023542076349258423e-01
2.023597955703735352e-01
2.023685276508331299e-01
2.023792415857315063e-01
2.023939639329910278e-01
2.024110704660415649e-01
2.024311870336532593e-01
2.024540901184082031e-01
2.024800926446914673e-01
2.025082409381866455e-01
2.025384306907653809e-01
2.025721520185470581e-01
2.026089578866958618e-01
2.026477307081222534e-01
2.026892751455307007e-01
2.027333676815032959e-01
2.027805447578430176e-01
2.028286159038543701e-01
2.028802186250686646e-01
2.029342353343963623e-01
2.029913067817687988e-01
2.030499726533889771e-01
2.031111419200897217e-01
2.031746506690979004e-01
2.032403796911239624e-01
2.033082842826843262e-01
2.033786028623580933e-01
2.034593224525451660e-01
2.035530656576156616e-01
2.036480605602264404e-01
2.037460952997207642e-01
2.038460820913314819e-01
2.039479613304138184e-01
2.040509879589080811e-01
2.041569054126739502e-01
2.042647451162338257e-01
2.043742537498474121e-01
2.044849395751953125e-01
2.045980691909790039e-01
2.047132551670074463e-01
2.048298567533493042e-01
2.049475759267807007e-01
2.050675451755523682e-01
2.051895409822463989e-01
2.053127735853195190e-01
2.054369300603866577e-01
2.055632323026657104e-01
2.056915760040283203e-01
2.058209776878356934e-01
2.059509605169296265e-01
2.060830891132354736e-01
2.062171995639801025e-01
2.063521742820739746e-01
2.064875811338424683e-01
2.066250443458557129e-01
2.067645043134689331e-01
2.069043964147567749e-01
2.070447653532028198e-01
2.071869671344757080e-01
2.073311954736709595e-01
2.074756026268005371e-01
2.076203972101211548e-01
2.077670097351074219e-01
2.079153209924697876e-01
2.080637812614440918e-01
2.082124352455139160e-01
2.083643674850463867e-01
2.085148543119430542e-01
2.086667865514755249e-01
2.088205069303512573e-01
2.089741528034210205e-01
2.091277390718460083e-01
2.092843502759933472e-01
2.094394415616989136e-01
2.095957547426223755e-01
2.097537368535995483e-01
2.099111676216125488e-01
2.100687026977539062e-01
2.102289944887161255e-01
2.103874236345291138e-01
2.105470448732376099e-01
2.107081711292266846e-01
2.108684927225112915e-01
2.110285758972167969e-01
2.111916244029998779e-01
2.113523930311203003e-01
2.115140110254287720e-01
2.116773575544357300e-01
2.118394672870635986e-01
2.120011895895004272e-01
2.121656835079193115e-01
2.123278379440307617e-01
2.124905884265899658e-01
2.126528769731521606e-01
2.128177583217620850e-01
2.129802405834197998e-01
2.131431847810745239e-01
2.133076041936874390e-01
2.134705930948257446e-01
2.136328071355819702e-01
2.137976139783859253e-01
2.139596492052078247e-01
2.141222059726715088e-01
2.142860293388366699e-01
2.144480943679809570e-01
2.146095186471939087e-01
2.147732228040695190e-01
2.149340510368347168e-01
2.150950878858566284e-01
2.152575254440307617e-01
2.154179364442825317e-01
2.155774235725402832e-01
2.157393544912338257e-01
2.158981114625930786e-01
2.160568833351135254e-01
2.162169069051742554e-01
2.163748890161514282e-01
2.165317982435226440e-01
2.166908830404281616e-01
2.168467491865158081e-01
2.170026749372482300e-01
2.171573638916015625e-01
2.173142433166503906e-01
2.174679338932037354e-01
2.176212817430496216e-01
2.177758365869522095e-01
2.179279327392578125e-01
2.180789560079574585e-01
2.182319462299346924e-01
2.183814495801925659e-01
2.185322493314743042e-01
2.187010943889617920e-01
2.188676148653030396e-01
2.190332561731338501e-01
2.192010879516601562e-01
2.193661928176879883e-01
2.195304334163665771e-01
2.196969836950302124e-01
2.198600769042968750e-01
2.200232595205307007e-01
2.201879173517227173e-01
2.203500717878341675e-01
2.205116599798202515e-01
2.206746190786361694e-01
2.208351939916610718e-01
2.209947556257247925e-01
2.211566418409347534e-01
2.213149517774581909e-01
2.214757204055786133e-01
2.216334789991378784e-01
2.217902243137359619e-01
2.219490557909011841e-01
2.221046388149261475e-01
2.222625166177749634e-01
2.224168777465820312e-01
2.225708514451980591e-01
2.227269262075424194e-01
2.228794544935226440e-01
2.230342179536819458e-01
2.231855094432830811e-01
2.233363389968872070e-01
2.234888374805450439e-01
2.236385643482208252e-01
2.237876653671264648e-01
2.239380478858947754e-01
2.240857928991317749e-01
2.242350578308105469e-01
2.243815064430236816e-01
2.245266735553741455e-01
2.246743291616439819e-01
2.248187214136123657e-01
2.249646186828613281e-01
2.251074761152267456e-01
2.252494394779205322e-01
2.253936529159545898e-01
2.255342155694961548e-01
2.256770581007003784e-01
2.258164137601852417e-01
2.259549051523208618e-01
2.260956466197967529e-01
2.262327224016189575e-01
2.263718098402023315e-01
2.265075147151947021e-01
2.266428023576736450e-01
2.267799377441406250e-01
2.269132435321807861e-01
2.270490229129791260e-01
2.271810621023178101e-01
2.273127734661102295e-01
2.274458110332489014e-01
2.275760471820831299e-01
2.277055680751800537e-01
2.278366535902023315e-01
2.279647439718246460e-01
2.280940860509872437e-01
2.282207459211349487e-01
2.283462882041931152e-01
2.284740209579467773e-01
2.285978794097900391e-01
2.287241965532302856e-01
2.288471609354019165e-01
2.289690524339675903e-01
2.290929406881332397e-01
2.292133718729019165e-01
2.293359935283660889e-01
2.294550091028213501e-01
2.295733392238616943e-01
2.296938002109527588e-01
2.298105806112289429e-01
2.299296110868453979e-01
2.300449460744857788e-01
2.301596105098724365e-01
2.302761375904083252e-01
2.303895950317382812e-01
2.305049598217010498e-01
2.306164354085922241e-01
2.307277619838714600e-01
2.308406084775924683e-01
2.309505194425582886e-01
2.310590893030166626e-01
2.311701327562332153e-01
2.312778383493423462e-01
2.313871681690216064e-01
2.314931899309158325e-01
2.315984517335891724e-01
2.317059487104415894e-01
2.318097949028015137e-01
2.319155782461166382e-01
2.320183664560317993e-01
2.321226894855499268e-01
2.322240471839904785e-01
2.323269695043563843e-01
2.324266880750656128e-01
2.325282245874404907e-01
2.326267808675765991e-01
2.327273190021514893e-01
2.328239232301712036e-01
2.329230010509490967e-01
2.330185770988464355e-01
2.331136912107467651e-01
2.332101911306381226e-01
2.333040237426757812e-01
2.333997189998626709e-01
2.334936857223510742e-01
2.335901260375976562e-01
2.336831390857696533e-01
2.337784618139266968e-01
2.338706105947494507e-01
2.339648604393005371e-01
2.340559214353561401e-01
2.341493368148803711e-01
2.342393249273300171e-01
2.343310117721557617e-01
2.344198673963546753e-01
2.345081865787506104e-01
2.345985919237136841e-01
2.346858084201812744e-01
2.347750812768936157e-01
2.348612844944000244e-01
2.349497675895690918e-01
2.350345551967620850e-01
2.351217269897460938e-01
2.352057397365570068e-01
2.352917939424514771e-01
2.353747785091400146e-01
2.354598045349121094e-01
2.355416864156723022e-01
2.356256544589996338e-01
2.357065379619598389e-01
2.357868552207946777e-01
2.358693033456802368e-01
2.359486073255538940e-01
2.360300123691558838e-01
2.361082732677459717e-01
2.361886799335479736e-01
2.362659275531768799e-01
2.363452762365341187e-01
2.364215403795242310e-01
2.364998906850814819e-01
2.365751713514328003e-01
2.366525083780288696e-01
2.367267906665802002e-01
2.368031740188598633e-01
2.368761152029037476e-01
2.369489520788192749e-01
2.370241731405258179e-01
2.370959818363189697e-01
2.371699810028076172e-01
2.372408658266067505e-01
2.373138219118118286e-01
2.373837679624557495e-01
2.374555021524429321e-01
2.375244945287704468e-01
2.375956028699874878e-01
2.376639842987060547e-01
2.377341389656066895e-01
2.378012835979461670e-01
2.378705888986587524e-01
2.379368394613265991e-01
2.380022555589675903e-01
2.380701601505279541e-01
2.381350845098495483e-01
2.382020950317382812e-01
2.382664233446121216e-01
2.383325845003128052e-01
2.383957058191299438e-01
2.384606152772903442e-01
2.385229170322418213e-01
2.385872900485992432e-01
2.386487275362014771e-01
2.387122958898544312e-01
2.387731671333312988e-01
2.388358712196350098e-01
2.388956248760223389e-01
2.389571517705917358e-01
2.390160858631134033e-01
2.390771210193634033e-01
2.391377836465835571e-01
2.391954958438873291e-01
2.392553240060806274e-01
2.393125444650650024e-01
2.393716126680374146e-01
2.394273430109024048e-01
2.394855767488479614e-01
2.395409494638442993e-01
2.395984381437301636e-01
2.396530061960220337e-01
2.397097647190093994e-01
2.397660762071609497e-01
2.398194819688796997e-01
2.398750782012939453e-01
2.399278134107589722e-01
2.399826496839523315e-01
2.400346547365188599e-01
2.400887757539749146e-01
2.401400208473205566e-01
2.401933968067169189e-01
2.402435988187789917e-01
2.402966320514678955e-01
2.403489500284194946e-01
2.403984963893890381e-01
2.404501289129257202e-01
2.404989749193191528e-01
2.405499666929244995e-01
2.405980974435806274e-01
2.406480014324188232e-01
2.406954765319824219e-01
2.407454550266265869e-01
2.407922744750976562e-01
2.408412694931030273e-01
2.408899664878845215e-01
2.409358322620391846e-01
2.409834861755371094e-01
2.410287261009216309e-01
2.410761266946792603e-01
2.411210685968399048e-01
2.411678582429885864e-01
2.412118762731552124e-01
2.412580698728561401e-01
2.413039207458496094e-01
2.413467019796371460e-01
2.413919866085052490e-01
2.414344996213912964e-01
2.414792478084564209e-01
2.415215075016021729e-01
2.415662854909896851e-01
2.416118830442428589e-01
2.416588813066482544e-01
2.417035102844238281e-01
2.417503744363784790e-01
2.417969852685928345e-01
2.418405264616012573e-01
2.418869733810424805e-01
2.419299930334091187e-01
2.419755309820175171e-01
2.420184463262557983e-01
2.420635223388671875e-01
2.421058714389801025e-01
2.421504855155944824e-01
2.421923726797103882e-01
2.422360926866531372e-01
2.422802895307540894e-01
2.423210889101028442e-01
2.423644512891769409e-01
2.424051612615585327e-01
2.424480468034744263e-01
2.424879372119903564e-01
2.425307333469390869e-01
2.425701171159744263e-01
2.426124960184097290e-01
2.426514625549316406e-01
2.426929026842117310e-01
2.427342236042022705e-01
2.427728772163391113e-01
2.428136765956878662e-01
2.428519576787948608e-01
2.428923547267913818e-01
2.429297566413879395e-01
2.429701238870620728e-01
2.430095225572586060e-01
2.430466413497924805e-01
2.430860251188278198e-01
2.431227117776870728e-01
2.431613057851791382e-01
2.432003766298294067e-01
2.432361543178558350e-01
2.432744503021240234e-01
2.433126121759414673e-01
2.433481067419052124e-01
2.433857768774032593e-01
2.434233278036117554e-01
2.434582710266113281e-01
2.434950470924377441e-01
2.435299605131149292e-01
2.435663342475891113e-01
2.436028569936752319e-01
2.436369359493255615e-01
2.436730712652206421e-01
2.437086701393127441e-01
2.437425553798675537e-01
2.437777817249298096e-01
2.438108325004577637e-01
2.438461780548095703e-01
2.438812404870986938e-01
2.439137846231460571e-01
2.439485341310501099e-01
2.439831197261810303e-01
2.440147846937179565e-01
2.440493851900100708e-01
2.440830767154693604e-01
2.441145926713943481e-01
2.441483289003372192e-01
2.441795468330383301e-01
2.442125380039215088e-01
2.442461848258972168e-01
2.442765384912490845e-01
2.443094104528427124e-01
2.443421930074691772e-01
2.443724125623703003e-01
2.444048672914505005e-01
2.444348633289337158e-01
2.444669157266616821e-01
2.444985657930374146e-01
2.445284277200698853e-01
2.445597201585769653e-01
2.445912510156631470e-01
2.446203380823135376e-01
2.446515113115310669e-01
2.446822226047515869e-01
2.447112649679183960e-01
2.447416782379150391e-01
2.447699606418609619e-01
2.448005527257919312e-01
2.448308914899826050e-01
2.448588460683822632e-01
2.448889762163162231e-01
2.449188679456710815e-01
2.449464648962020874e-01
2.449761480093002319e-01
2.450030297040939331e-01
2.450328171253204346e-01
2.450617551803588867e-01
2.450886070728302002e-01
2.451176941394805908e-01
2.451465576887130737e-01
2.451726943254470825e-01
2.452017515897750854e-01
2.452298998832702637e-01
2.452560663223266602e-01
2.452843636274337769e-01
2.453102171421051025e-01
2.453382164239883423e-01
2.453662306070327759e-01
2.453917413949966431e-01
2.454190403223037720e-01
2.454470545053482056e-01
2.454718649387359619e-01
2.454991638660430908e-01
2.455264329910278320e-01
2.455512732267379761e-01
2.455779016017913818e-01
2.456029504537582397e-01
2.456293404102325439e-01
2.456559687852859497e-01
2.456803321838378906e-01
2.457067966461181641e-01
2.457331269979476929e-01
2.457571327686309814e-01
2.457832694053649902e-01
2.458089292049407959e-01
2.458330243825912476e-01
2.458584755659103394e-01
2.458841502666473389e-01
2.459097951650619507e-01
2.459330856800079346e-01
2.459581196308135986e-01
2.459838539361953735e-01
2.460064440965652466e-01
2.460315823554992676e-01
2.460526973009109497e-01
2.460410445928573608e-01
2.460262775421142578e-01
2.460143417119979858e-01
2.460017949342727661e-01
2.459870427846908569e-01
2.459742128849029541e-01
2.459613680839538574e-01
2.459482550621032715e-01
2.459329366683959961e-01
2.459195703268051147e-01
2.459061443805694580e-01
2.458925545215606689e-01
2.458770424127578735e-01
2.458627820014953613e-01
2.458492368459701538e-01
2.458325326442718506e-01
2.458186745643615723e-01
2.458038926124572754e-01
2.457898110151290894e-01
2.457726150751113892e-01
2.457582354545593262e-01
2.457430064678192139e-01
2.457262277603149414e-01
2.457110434770584106e-01
2.456958591938018799e-01
2.456804811954498291e-01
2.456628531217575073e-01
2.456472367048263550e-01
2.456315308809280396e-01
2.456156462430953979e-01
2.455975562334060669e-01
2.455814778804779053e-01
2.455656975507736206e-01
2.455468326807022095e-01
2.455308586359024048e-01
2.455139011144638062e-01
2.454976737499237061e-01
2.454784065485000610e-01
2.454619407653808594e-01
2.454445511102676392e-01
2.454257160425186157e-01
2.454081773757934570e-01
2.453912496566772461e-01
2.453738152980804443e-01
2.453542500734329224e-01
2.453365921974182129e-01
