6.762523651123046875e-01
6.749237775802612305e-01
6.735242605209350586e-01
6.720638275146484375e-01
6.705474257469177246e-01
6.690757274627685547e-01
6.675967574119567871e-01
6.660917997360229492e-01
6.645708680152893066e-01
6.630420088768005371e-01
6.619183421134948730e-01
6.610299348831176758e-01
6.601493358612060547e-01
6.592869758605957031e-01
6.584432721138000488e-01
6.577417850494384766e-01
6.572884917259216309e-01
6.568539738655090332e-01
6.564365625381469727e-01
6.560367941856384277e-01
6.556550860404968262e-01
6.551927924156188965e-01
6.547407507896423340e-01
6.543074250221252441e-01
6.538914442062377930e-01
6.535016894340515137e-01
6.531844139099121094e-01
6.530079841613769531e-01
6.528518795967102051e-01
6.527149677276611328e-01
6.525973081588745117e-01
6.524989604949951172e-01
6.523009538650512695e-01
6.520149707794189453e-01
6.517486572265625000e-01
6.515036225318908691e-01
6.512796282768249512e-01
6.510807871818542480e-01
6.507458090782165527e-01
6.503077745437622070e-01
6.498893499374389648e-01
6.494917273521423340e-01
6.491129398345947266e-01
6.487539410591125488e-01
6.484107375144958496e-01
6.480811834335327148e-01
6.477712988853454590e-01
6.474810242652893066e-01
6.472097039222717285e-01
6.469598412513732910e-01
6.467044353485107422e-01
6.461025476455688477e-01
6.455154418945312500e-01
6.449447870254516602e-01
6.443884372711181641e-01
6.438477039337158203e-01
6.433206200599670410e-01
6.428719758987426758e-01
6.424995660781860352e-01
6.421404480934143066e-01
6.417941451072692871e-01
6.414598226547241211e-01
6.411371827125549316e-01
6.408248543739318848e-01
6.404295563697814941e-01
6.400099396705627441e-01
6.395962834358215332e-01
6.391889452934265137e-01
6.387868523597717285e-01
6.383886933326721191e-01
6.379950642585754395e-01
6.374953985214233398e-01
6.369569301605224609e-01
6.364185214042663574e-01
6.358795166015625000e-01
6.353390216827392578e-01
6.347960829734802246e-01
6.342497467994689941e-01
6.337022781372070312e-01
6.331551671028137207e-01
6.326013803482055664e-01
6.320412158966064453e-01
6.314754486083984375e-01
6.309011578559875488e-01
6.303191184997558594e-01
6.297299265861511230e-01
6.291385293006896973e-01
6.285392045974731445e-01
6.279308795928955078e-01
6.273152232170104980e-01
6.266891956329345703e-01
6.260553598403930664e-01
6.254121661186218262e-01
6.247032284736633301e-01
6.237736940383911133e-01
6.228353977203369141e-01
6.218891739845275879e-01
6.209358572959899902e-01
6.199750304222106934e-01
6.190077662467956543e-01
6.180351376533508301e-01
6.171014904975891113e-01
6.163887381553649902e-01
6.156735420227050781e-01
6.149550676345825195e-01
6.142347455024719238e-01
6.135122179985046387e-01
6.127878427505493164e-01
6.120642423629760742e-01
6.113387346267700195e-01
6.104230284690856934e-01
6.094627380371093750e-01
6.085036993026733398e-01
6.075466275215148926e-01
6.065906882286071777e-01
6.056364178657531738e-01
6.046866178512573242e-01
6.037392020225524902e-01
6.028143167495727539e-01
6.019982695579528809e-01
6.011886596679687500e-01
6.003826260566711426e-01
5.995827317237854004e-01
5.987872481346130371e-01
5.979985594749450684e-01
5.972148776054382324e-01
5.964357256889343262e-01
5.956820845603942871e-01
5.950403213500976562e-01
5.944035649299621582e-01
5.937708020210266113e-01
5.931432247161865234e-01
5.925208330154418945e-01
5.919017791748046875e-01
5.912865400314331055e-01
5.906746983528137207e-01
5.900666713714599609e-01
5.892997980117797852e-01
5.884985327720642090e-01
5.877023935317993164e-01
5.869097709655761719e-01
5.861222743988037109e-01
5.853393077850341797e-01
5.845592617988586426e-01
5.837838053703308105e-01
5.830111503601074219e-01
5.822528600692749023e-01
5.816118717193603516e-01
5.809733867645263672e-01
5.803390741348266602e-01
5.793570876121520996e-01
5.787278413772583008e-01
5.781015753746032715e-01
5.774765014648437500e-01
5.768542289733886719e-01
5.762336850166320801e-01
5.756133794784545898e-01
5.751805305480957031e-01
5.747547745704650879e-01
5.743286609649658203e-01
5.739018321037292480e-01
5.734748244285583496e-01
5.730460286140441895e-01
5.726159811019897461e-01
5.721846222877502441e-01
5.717514157295227051e-01
5.713165998458862305e-01
5.709193348884582520e-01
5.705735683441162109e-01
5.702255368232727051e-01
5.698748826980590820e-01
5.695216655731201172e-01
5.691652297973632812e-01
5.688064098358154297e-01
5.684447288513183594e-01
5.680801272392272949e-01
5.677124261856079102e-01
5.673420429229736328e-01
5.669617652893066406e-01
5.665683150291442871e-01
5.661715269088745117e-01
5.657714009284973145e-01
5.653676390647888184e-01
5.649606585502624512e-01
5.645499825477600098e-01
5.641366839408874512e-01
5.637196898460388184e-01
5.633001327514648438e-01
5.628771781921386719e-01
5.624513626098632812e-01
5.619120597839355469e-01
5.613645315170288086e-01
5.608132481575012207e-01
5.602595210075378418e-01
5.597024559974670410e-01
5.591437220573425293e-01
5.585820078849792480e-01
5.580189824104309082e-01
5.574530959129333496e-01
5.568863749504089355e-01
5.563172101974487305e-01
5.557476878166198730e-01
5.550885200500488281e-01
5.544261932373046875e-01
5.537632107734680176e-01
5.531007647514343262e-01
5.524370074272155762e-01
5.517740249633789062e-01
5.511121153831481934e-01
5.504500269889831543e-01
5.497889518737792969e-01
5.491291284561157227e-01
5.484719872474670410e-01
5.478161573410034180e-01
5.470760464668273926e-01
5.462378859519958496e-01
5.454059243202209473e-01
5.445804595947265625e-01
5.437624454498291016e-01
5.429521799087524414e-01
5.421488881111145020e-01
5.413534641265869141e-01
5.405659675598144531e-01
5.397869944572448730e-01
5.390171408653259277e-01
5.382556915283203125e-01
5.375033020973205566e-01
5.368355512619018555e-01
5.363159179687500000e-01
5.358044505119323730e-01
5.353001952171325684e-01
5.348044037818908691e-01
5.343161821365356445e-01
5.338368415832519531e-01
5.333654284477233887e-01
5.329032540321350098e-01
5.324494242668151855e-01
5.320054888725280762e-01
5.315703153610229492e-01
5.311456918716430664e-01
5.307307839393615723e-01
5.303614735603332520e-01
5.300236940383911133e-01
5.296991467475891113e-01
5.293887257575988770e-01
5.290976166725158691e-01
5.288337469100952148e-01
5.286131501197814941e-01
5.284878611564636230e-01
5.291497707366943359e-01
5.292895436286926270e-01
5.295039415359497070e-01
5.297305583953857422e-01
5.299535393714904785e-01
5.301653742790222168e-01
5.303527712821960449e-01
5.304872989654541016e-01
5.306026935577392578e-01
5.306973457336425781e-01
5.307732224464416504e-01
5.308300852775573730e-01
5.308703780174255371e-01
5.308961868286132812e-01
5.309083461761474609e-01
5.309103131294250488e-01
5.309025049209594727e-01
5.308884382247924805e-01
5.308682322502136230e-01
5.308439135551452637e-01
5.308180451393127441e-01
5.307948589324951172e-01
5.308144092559814453e-01
5.308345556259155273e-01
5.308556556701660156e-01
5.308806300163269043e-01
5.309076905250549316e-01
5.309405326843261719e-01
5.309759378433227539e-01
5.310175418853759766e-01
5.310633182525634766e-01
5.311157703399658203e-01
5.311726331710815430e-01
5.312361717224121094e-01
5.313052535057067871e-01
5.313807129859924316e-01
5.314613580703735352e-01
5.315542221069335938e-01
5.316709876060485840e-01
5.317937731742858887e-01
5.319221019744873047e-01
5.320535302162170410e-01
5.321912765502929688e-01
5.323322415351867676e-01
5.324796438217163086e-01
5.326310992240905762e-01
5.327857136726379395e-01
5.329456329345703125e-01
5.331082940101623535e-01
5.332756638526916504e-01
5.334469676017761230e-01
5.336204171180725098e-01
5.337983965873718262e-01
5.339781045913696289e-01
5.341771245002746582e-01
5.343948602676391602e-01
5.346129536628723145e-01
5.348334908485412598e-01
5.350533723831176758e-01
5.352745056152343750e-01
5.354963541030883789e-01
5.357185602188110352e-01
5.359414219856262207e-01
5.361625552177429199e-01
5.363855361938476562e-01
5.366086959838867188e-01
5.368317365646362305e-01
5.370541214942932129e-01
5.372760891914367676e-01
5.374959111213684082e-01
5.377166867256164551e-01
5.379363894462585449e-01
5.382118225097656250e-01
5.384953618049621582e-01
5.387760400772094727e-01
5.390516519546508789e-01
5.393260717391967773e-01
5.395972132682800293e-01
5.398653149604797363e-01
5.401284694671630859e-01
5.403885841369628906e-01
5.406472086906433105e-01
5.409008264541625977e-01
5.411512851715087891e-01
5.413984656333923340e-01
5.416426062583923340e-01
5.418835878372192383e-01
5.421233177185058594e-01
5.423580408096313477e-01
5.425896644592285156e-01
5.428174734115600586e-01
5.430410504341125488e-01
5.432634949684143066e-01
5.434843301773071289e-01
5.437056422233581543e-01
5.439239144325256348e-01
5.441409945487976074e-01
5.443568229675292969e-01
5.445715188980102539e-01
5.447851419448852539e-01
5.449976921081542969e-01
5.452092289924621582e-01
5.454181432723999023e-01
5.456278324127197266e-01
5.458349585533142090e-01
5.460430979728698730e-01
5.462503433227539062e-01
5.464552044868469238e-01
5.466610193252563477e-01
5.468646287918090820e-01
5.470854640007019043e-01
5.473193526268005371e-01
5.475560426712036133e-01
5.477924346923828125e-01
5.480318665504455566e-01
5.482710599899291992e-01
5.485132932662963867e-01
5.487554669380187988e-01
5.490008592605590820e-01
5.492478013038635254e-01
5.494948029518127441e-01
5.497451424598693848e-01
5.499956607818603516e-01
5.502479076385498047e-01
5.505020618438720703e-01
5.507579445838928223e-01
5.510159134864807129e-01
5.512758493423461914e-01
5.515378117561340332e-01
5.518018603324890137e-01
5.520679950714111328e-01
5.523452758789062500e-01
5.526298880577087402e-01
5.529190301895141602e-01
5.532120466232299805e-01
5.535095930099487305e-01
5.538111329078674316e-01
5.541172027587890625e-01
5.544272065162658691e-01
5.547417998313903809e-01
5.550603866577148438e-01
5.553835630416870117e-01
5.557106733322143555e-01
5.560424327850341797e-01
5.563781261444091797e-01
5.567184686660766602e-01
5.570610761642456055e-01
5.574100613594055176e-01
5.577611923217773438e-01
5.581187605857849121e-01
5.584785342216491699e-01
5.588446855545043945e-01
5.592130422592163086e-01
5.596047043800354004e-01
5.600111484527587891e-01
5.604251027107238770e-01
5.608426332473754883e-01
5.612662434577941895e-01
5.616967678070068359e-01
5.621312856674194336e-01
5.625730156898498535e-01
5.630185604095458984e-01
5.634710788726806641e-01
5.639276504516601562e-01
5.643910765647888184e-01
5.648579597473144531e-01
5.653325319290161133e-01
5.658100843429565430e-01
5.662950277328491211e-01
5.667832493782043457e-01
5.672768354415893555e-01
5.677754282951354980e-01
5.682793259620666504e-01
5.687879920005798340e-01
5.693021416664123535e-01
5.698209404945373535e-01
5.703352093696594238e-01
5.707860589027404785e-01
5.712426304817199707e-01
5.717012286186218262e-01
5.721635818481445312e-01
5.726296305656433105e-01
5.730993747711181641e-01
5.735731124877929688e-01
5.740500688552856445e-01
5.745306611061096191e-01
5.750146508216857910e-01
5.755021572113037109e-01
5.759930610656738281e-01
5.764873027801513672e-01
5.769848823547363281e-01
5.774857401847839355e-01
5.779896378517150879e-01
5.784968733787536621e-01
5.790072679519653320e-01
5.795187354087829590e-01
5.800353288650512695e-01
5.805548429489135742e-01
5.810756683349609375e-01
5.816011428833007812e-01
5.821294188499450684e-01
5.826511979103088379e-01
5.831272006034851074e-01
5.836053490638732910e-01
5.840834379196166992e-01
5.845656394958496094e-01
5.850497484207153320e-01
5.855337977409362793e-01
5.860218405723571777e-01
5.865096449851989746e-01
5.870013833045959473e-01
5.874949097633361816e-01
5.879882574081420898e-01
5.884851813316345215e-01
5.889840722084045410e-01
5.894825458526611328e-01
5.899848937988281250e-01
5.904891490936279297e-01
5.909926295280456543e-01
5.914998054504394531e-01
5.920064449310302734e-01
5.925146937370300293e-01
5.930243730545043945e-01
5.935376286506652832e-01
5.940502882003784180e-01
5.945643782615661621e-01
5.950820446014404297e-01
5.955989360809326172e-01
5.961291193962097168e-01
5.966740250587463379e-01
5.972228646278381348e-01
5.977703332901000977e-01
5.983200073242187500e-01
5.988728404045104980e-01
5.994253754615783691e-01
5.999789237976074219e-01
6.005362868309020996e-01
6.010925173759460449e-01
6.016500592231750488e-01
6.022087335586547852e-01
6.027709245681762695e-01
6.033325195312500000e-01
6.038949489593505859e-01
6.044610142707824707e-01
6.050257682800292969e-01
6.055920124053955078e-01
6.061585545539855957e-01
6.067268848419189453e-01
6.072959899902343750e-01
6.078664660453796387e-01
6.084375977516174316e-01
6.090099215507507324e-01
6.095830202102661133e-01
6.101568341255187988e-01
6.107317209243774414e-01
6.113077998161315918e-01
6.118822097778320312e-01
6.123901009559631348e-01
6.128951907157897949e-01
6.134008765220642090e-01
6.139063835144042969e-01
6.144123673439025879e-01
6.149178743362426758e-01
6.154240369796752930e-01
6.159298419952392578e-01
6.164355278015136719e-01
6.169417500495910645e-01
6.174479722976684570e-01
6.179540753364562988e-01
6.184594035148620605e-01
6.189655065536499023e-01
6.194714903831481934e-01
6.199773550033569336e-01
6.204804778099060059e-01
6.209857463836669922e-01
6.214912533760070801e-01
6.219940185546875000e-01
6.224991083145141602e-01
6.230036616325378418e-01
6.235061883926391602e-01
6.240102052688598633e-01
6.245144009590148926e-01
6.250183582305908203e-01
6.255195140838623047e-01
6.260223388671875000e-01
6.265254020690917969e-01
6.270259618759155273e-01
6.275277137756347656e-01
6.280289292335510254e-01
6.285278201103210449e-01
6.290284395217895508e-01
6.295287609100341797e-01
6.300266385078430176e-01
6.305262446403503418e-01
6.310255527496337891e-01
6.315222382545471191e-01
6.320206522941589355e-01
6.325187683105468750e-01
6.330162882804870605e-01
6.335117816925048828e-01
6.340059041976928711e-01
6.345020532608032227e-01
6.349956989288330078e-01
6.354908943176269531e-01
6.359834671020507812e-01
6.364777088165283203e-01
6.369691491127014160e-01
6.374605298042297363e-01
6.379526257514953613e-01
6.384423971176147461e-01
6.389337778091430664e-01
6.394222974777221680e-01
6.399128437042236328e-01
6.403996944427490234e-01
6.408884525299072266e-01
6.413749456405639648e-01
6.418597698211669922e-01
6.423469781875610352e-01
6.428304910659790039e-01
6.433157324790954590e-01
6.437443494796752930e-01
6.441412568092346191e-01
6.445347666740417480e-01
6.449268460273742676e-01
6.453201770782470703e-01
6.457091569900512695e-01
6.460996866226196289e-01
6.464863419532775879e-01
6.468715667724609375e-01
6.472574472427368164e-01
6.476403474807739258e-01
6.480213403701782227e-01
6.484009027481079102e-01
6.487789750099182129e-01
6.491581201553344727e-01
6.495328545570373535e-01
6.499065160751342773e-01
6.502792239189147949e-01
6.506499648094177246e-01
6.510211825370788574e-01
6.513889431953430176e-01
6.517556309700012207e-01
6.521197557449340820e-01
6.524834036827087402e-01
6.528469920158386230e-01
6.532074809074401855e-01
6.535655260086059570e-01
6.539228558540344238e-01
6.542782187461853027e-01
6.546339392662048340e-01
6.549860835075378418e-01
6.553370952606201172e-01
6.556859612464904785e-01
6.560332179069519043e-01
6.563809514045715332e-01
6.567333936691284180e-01
6.571016311645507812e-01
6.574686169624328613e-01
6.578344106674194336e-01
6.581994891166687012e-01
6.585628986358642578e-01
6.589250564575195312e-01
6.592858433723449707e-01
6.596454977989196777e-01
6.600044369697570801e-01
6.603615283966064453e-01
6.607178449630737305e-01
6.610718965530395508e-01
6.614256501197814941e-01
6.617776155471801758e-01
6.621287465095520020e-01
6.624781489372253418e-01
6.628261208534240723e-01
6.631728410720825195e-01
6.635186672210693359e-01
6.638628244400024414e-01
6.642059683799743652e-01
6.645467877388000488e-01
6.648872494697570801e-01
6.652258634567260742e-01
6.655635237693786621e-01
6.658994555473327637e-01
6.662338376045227051e-01
6.665669083595275879e-01
6.668990254402160645e-01
6.672292947769165039e-01
6.675585508346557617e-01
6.678854227066040039e-01
6.682118177413940430e-01
6.685363650321960449e-01
6.688598990440368652e-01
6.691790223121643066e-01
6.694995760917663574e-01
6.697946190834045410e-01
6.699643135070800781e-01
6.701320409774780273e-01
6.702983975410461426e-01
6.704602837562561035e-01
6.706221103668212891e-01
6.707819700241088867e-01
6.713992953300476074e-01
6.715546846389770508e-01
6.717062592506408691e-01
6.718577742576599121e-01
6.720073223114013672e-01
6.721555590629577637e-01
6.723012328147888184e-01
6.724450588226318359e-01
6.725850701332092285e-01
6.727249622344970703e-01
6.728630065917968750e-01
6.729991436004638672e-01
6.731333136558532715e-01
6.732656955718994141e-01
6.733948588371276855e-01
6.735234260559082031e-01
6.736500859260559082e-01
6.737747788429260254e-01
6.738976836204528809e-01
6.740168929100036621e-01
6.741360425949096680e-01
6.742533445358276367e-01
6.743668913841247559e-01
6.744810938835144043e-01
6.745927333831787109e-01
6.747008562088012695e-01
6.748088598251342773e-01
6.749149560928344727e-01
6.750175356864929199e-01
6.751199364662170410e-01
6.752206087112426758e-01
6.753177046775817871e-01
6.754149198532104492e-01
6.755101084709167480e-01
6.756017208099365234e-01
6.757470369338989258e-01
6.759025454521179199e-01
6.760550141334533691e-01
6.762083768844604492e-01
6.763610839843750000e-01
6.765107512474060059e-01
6.766615509986877441e-01
6.768109798431396484e-01
6.769580841064453125e-01
6.771056056022644043e-01
6.772523522377014160e-01
6.773961186408996582e-01
6.775407791137695312e-01
6.776841282844543457e-01
6.778250336647033691e-01
6.779662370681762695e-01
6.781049370765686035e-01
6.782439351081848145e-01
6.783804297447204590e-01
6.785171627998352051e-01
6.786513328552246094e-01
6.787857413291931152e-01
6.789191961288452148e-01
6.790502071380615234e-01
6.791810393333435059e-01
6.793091297149658203e-01
6.794374585151672363e-01
6.795631051063537598e-01
6.796888113021850586e-01
6.798118352890014648e-01
6.799348592758178711e-01
6.800552606582641602e-01
6.801756620407104492e-01
6.802932620048522949e-01
6.804108619689941406e-01
6.805256009101867676e-01
6.806403398513793945e-01
6.807522773742675781e-01
6.808639764785766602e-01
6.809729337692260742e-01
6.810815930366516113e-01
6.811875104904174805e-01
6.812931299209594727e-01
6.813958287239074707e-01
6.814982295036315918e-01
6.815924048423767090e-01
6.816825866699218750e-01
6.817733645439147949e-01
6.818602085113525391e-01
6.819474101066589355e-01
6.820309758186340332e-01
6.821134090423583984e-01
6.821950674057006836e-01
6.822731494903564453e-01
6.823517680168151855e-01
6.824265122413635254e-01
6.825000047683715820e-01
6.825724840164184570e-01
6.826419830322265625e-01
6.827107071876525879e-01
6.827759742736816406e-01
6.828398704528808594e-01
6.829023957252502441e-01
6.829622387886047363e-01
6.830209493637084961e-01
6.830766797065734863e-01
6.831297278404235840e-01
6.831818222999572754e-01
6.832311749458312988e-01
6.832791566848754883e-01
6.833241581916809082e-01
6.833660602569580078e-01
6.834078431129455566e-01
6.834454536437988281e-01
6.834819912910461426e-01
6.835154891014099121e-01
6.835457682609558105e-01
6.835758090019226074e-01
6.836014986038208008e-01
6.836265325546264648e-01
6.836470961570739746e-01
6.836652755737304688e-01
6.836827397346496582e-01
6.836957931518554688e-01
6.837068796157836914e-01
6.837157011032104492e-01
6.837214231491088867e-01
6.837239265441894531e-01
6.837236881256103516e-01
6.837221980094909668e-01
6.837164163589477539e-01
6.837084293365478516e-01
6.836981177330017090e-01
6.836844086647033691e-01
6.837361454963684082e-01
6.837913990020751953e-01
6.838452816009521484e-01
6.838940382003784180e-01
6.839401721954345703e-01
6.839833855628967285e-01
6.840230226516723633e-01
6.840586066246032715e-01
6.840923428535461426e-01
6.841211915016174316e-01
6.841471195220947266e-01
6.841692924499511719e-01
6.841893196105957031e-01
6.842042803764343262e-01
6.842163801193237305e-01
6.842252612113952637e-01
6.842305064201354980e-01
6.842314004898071289e-01
6.842292547225952148e-01
6.842238306999206543e-01
6.842144727706909180e-01
6.842011213302612305e-01
6.841852664947509766e-01
6.841643452644348145e-01
6.841403841972351074e-01
6.841126680374145508e-01
6.840815544128417969e-01
6.840463876724243164e-01
6.840069293975830078e-01
6.839642524719238281e-01
6.839172244071960449e-01
6.838677525520324707e-01
6.838130950927734375e-01
6.837552189826965332e-01
6.836929321289062500e-01
6.836273670196533203e-01
6.835581064224243164e-01
6.834848523139953613e-01
6.834071278572082520e-01
6.833261251449584961e-01
6.832406520843505859e-01
6.831520199775695801e-01
6.830591559410095215e-01
6.829624772071838379e-01
6.828613877296447754e-01
6.827571392059326172e-01
6.826482415199279785e-01
6.825361847877502441e-01
6.824193596839904785e-01
6.822991371154785156e-01
6.821746230125427246e-01
6.820465326309204102e-01
6.819141507148742676e-01
6.817894577980041504e-01
6.816967129707336426e-01
6.816001534461975098e-01
6.814998984336853027e-01
6.813956499099731445e-01
6.812878847122192383e-01
6.811763644218444824e-01
6.810610890388488770e-01
6.809421777725219727e-01
6.808189153671264648e-01
6.806927919387817383e-01
6.805627346038818359e-01
6.804289817810058594e-01
6.802915930747985840e-01
6.801499724388122559e-01
6.800054907798767090e-01
6.798571944236755371e-01
6.797052025794982910e-01
6.795496940612792969e-01
6.793903112411499023e-01
6.792272925376892090e-01
6.790609955787658691e-01
6.788911223411560059e-01
6.787177920341491699e-01
6.785408854484558105e-01
6.783599853515625000e-01
6.781764030456542969e-01
6.779890656471252441e-01
6.777979135513305664e-01
6.776037216186523438e-01
6.774055361747741699e-01
6.772048473358154297e-01
6.770004630088806152e-01
6.767927408218383789e-01
6.765817403793334961e-01
6.763674020767211914e-01
6.761494278907775879e-01
6.759279966354370117e-01
6.757038235664367676e-01
6.754764318466186523e-01
6.752458810806274414e-01
6.750115156173706055e-01
6.747748851776123047e-01
6.745348572731018066e-01
6.742916703224182129e-01
6.740454435348510742e-01
6.737948060035705566e-01
6.735427379608154297e-01
6.732873916625976562e-01
6.730290651321411133e-01
6.727676987648010254e-01
6.725028753280639648e-01
6.722359657287597656e-01
6.719659566879272461e-01
6.716930270195007324e-01
6.714172959327697754e-01
6.711387634277343750e-01
6.708568334579467773e-01
6.705730557441711426e-01
6.702942848205566406e-01
6.700470447540283203e-01
6.697970628738403320e-01
6.695449948310852051e-01
6.692902445793151855e-01
6.690331697463989258e-01
6.687740683555603027e-01
6.685124039649963379e-01
6.682488322257995605e-01
6.679821014404296875e-01
6.677140593528747559e-01
6.674425005912780762e-01
6.671702265739440918e-01
6.668955683708190918e-01
6.666191220283508301e-01
6.663402915000915527e-01
6.660598516464233398e-01
6.657770872116088867e-01
6.654927134513854980e-01
6.652054190635681152e-01
6.649172306060791016e-01
6.646269559860229492e-01
6.643350720405578613e-01
6.640411615371704102e-01
6.637454032897949219e-01
6.634482741355895996e-01
6.631407737731933594e-01
6.628313064575195312e-01
6.625194549560546875e-01
6.622058153152465820e-01
6.618911623954772949e-01
6.615741848945617676e-01
6.612555980682373047e-01
6.609359979629516602e-01
6.606141328811645508e-01
6.602907180786132812e-01
6.599657535552978516e-01
6.596399545669555664e-01
6.593119502067565918e-01
6.589825153350830078e-01
6.586523652076721191e-01
6.583200693130493164e-01
6.579864025115966797e-01
6.576520800590515137e-01
6.573157310485839844e-01
6.569780111312866211e-01
6.566398143768310547e-01
6.562995910644531250e-01
6.559581756591796875e-01
6.556162834167480469e-01
6.552724838256835938e-01
6.549274921417236328e-01
6.546283364295959473e-01
6.543673872947692871e-01
6.541059017181396484e-01
6.538438796997070312e-01
6.535820960998535156e-01
6.533191800117492676e-01
6.530557870864868164e-01
6.527935862541198730e-01
6.525294184684753418e-01
6.522656083106994629e-01
6.520007252693176270e-01
6.517354846000671387e-01
6.514699459075927734e-01
6.512048840522766113e-01
6.509388089179992676e-01
6.506725549697875977e-01
6.504060029983520508e-01
6.501392722129821777e-01
6.498731970787048340e-01
6.496061086654663086e-01
6.493389606475830078e-01
6.490716934204101562e-01
6.488050818443298340e-01
6.485376358032226562e-01
6.482701301574707031e-01
6.480025649070739746e-01
6.477367281913757324e-01
6.474705338478088379e-01
6.472159624099731445e-01
6.469613909721374512e-01
6.467076539993286133e-01
6.464531421661376953e-01
6.461984515190124512e-01
6.459441184997558594e-01
6.456898450851440430e-01
6.454365253448486328e-01
6.451824903488159180e-01
6.449286341667175293e-01
6.446748971939086914e-01
6.444221735000610352e-01
6.441687941551208496e-01
6.439170241355895996e-01
6.436640620231628418e-01
6.434121727943420410e-01
6.431596875190734863e-01
6.429074406623840332e-01
6.426554322242736816e-01
6.424044966697692871e-01
6.421530842781066895e-01
6.419016718864440918e-01
6.416508555412292480e-01
6.414011716842651367e-01
6.411510109901428223e-01
6.409012079238891602e-01
6.406517028808593750e-01
6.404051780700683594e-01
6.401978731155395508e-01
6.400567293167114258e-01
6.399171352386474609e-01
6.397776603698730469e-01
6.396395564079284668e-01
6.395013928413391113e-01
6.393638849258422852e-01
6.392281055450439453e-01
6.390938758850097656e-01
6.389598846435546875e-01
6.388254761695861816e-01
6.386918425559997559e-01
6.385599374771118164e-01
6.384278535842895508e-01
6.382966041564941406e-01
6.381673216819763184e-01
6.380376219749450684e-01
6.379096508026123047e-01
6.377832889556884766e-01
6.376560330390930176e-01
6.375305056571960449e-01
6.374050974845886230e-01
6.372811794281005859e-01
6.371572017669677734e-01
6.370339989662170410e-01
6.369125247001647949e-01
6.367909908294677734e-01
6.366730928421020508e-01
6.365532279014587402e-01
6.364341378211975098e-01
6.363390088081359863e-01
6.362736225128173828e-01
6.362089514732360840e-01
6.361448168754577637e-01
6.360816955566406250e-01
6.360192894935607910e-01
6.359593272209167480e-01
6.358972787857055664e-01
6.358371376991271973e-01
6.357777118682861328e-01
6.357188224792480469e-01
6.356608867645263672e-01
6.356036663055419922e-01
6.355469822883605957e-01
6.354929208755493164e-01
6.354379057884216309e-01
6.353824734687805176e-01
6.353289484977722168e-01
6.352761387825012207e-01
6.352239847183227539e-01
6.351723670959472656e-01
6.351233720779418945e-01
6.350734233856201172e-01
6.350238919258117676e-01
6.349753737449645996e-01
6.349275112152099609e-01
6.348791718482971191e-01
6.348326802253723145e-01
6.347885727882385254e-01
6.347432732582092285e-01
6.346988677978515625e-01
6.346754431724548340e-01
6.347772479057312012e-01
6.348797082901000977e-01
6.349832415580749512e-01
6.350902318954467773e-01
6.351952552795410156e-01
6.353012919425964355e-01
6.354081630706787109e-01
6.355156302452087402e-01
6.356251239776611328e-01
6.357343792915344238e-01
6.358458399772644043e-01
6.359567046165466309e-01
6.360683441162109375e-01
6.361814737319946289e-01
6.362946629524230957e-01
6.364083290100097656e-01
6.364915966987609863e-01
6.365751624107360840e-01
6.366567015647888184e-01
6.367381811141967773e-01
6.368184089660644531e-01
6.368994116783142090e-01
6.369801759719848633e-01
6.370593905448913574e-01
6.371411681175231934e-01
6.372210383415222168e-01
6.372995972633361816e-01
6.373788714408874512e-01
6.374576687812805176e-01
6.375362277030944824e-01
6.376150250434875488e-01
6.376929283142089844e-01
6.378281116485595703e-01
6.380622982978820801e-01
6.382957696914672852e-01
6.385282278060913086e-01
6.387614607810974121e-01
6.389921903610229492e-01
6.392207145690917969e-01
6.394495368003845215e-01
6.396771669387817383e-01
6.399039626121520996e-01
6.401311159133911133e-01
6.403557658195495605e-01
6.405781507492065430e-01
6.408005952835083008e-01
6.410218477249145508e-01
6.412420272827148438e-01
6.414626240730285645e-01
6.414802074432373047e-01
6.412028670310974121e-01
6.409191489219665527e-01
6.406266689300537109e-01
6.403276324272155762e-01
6.400212645530700684e-01
6.397067904472351074e-01
6.393844485282897949e-01
6.390530467033386230e-01
6.387149095535278320e-01
6.383675336837768555e-01
6.380149722099304199e-01
6.376526355743408203e-01
6.372809410095214844e-01
6.369022130966186523e-01
6.365139484405517578e-01
6.361185908317565918e-01
6.356962323188781738e-01
6.348855495452880859e-01
6.340675354003906250e-01
6.332409381866455078e-01
6.324045062065124512e-01
6.315606832504272461e-01
6.307088136672973633e-01
6.298476457595825195e-01
6.289765834808349609e-01
6.280980706214904785e-01
6.272107362747192383e-01
6.263154149055480957e-01
6.254106163978576660e-01
6.244958043098449707e-01
6.235734820365905762e-01
6.226410269737243652e-01
6.217029690742492676e-01
6.207540631294250488e-01
6.197337508201599121e-01
6.185372471809387207e-01
6.173353791236877441e-01
6.161254644393920898e-01
6.149120926856994629e-01
6.136900186538696289e-01
6.124601960182189941e-01
6.112248301506042480e-01
6.099815368652343750e-01
6.087349653244018555e-01
6.074799299240112305e-01
6.062169075012207031e-01
6.049485802650451660e-01
6.036736965179443359e-01
6.023933291435241699e-01
6.011054515838623047e-01
5.998098254203796387e-01
5.985091924667358398e-01
5.972123742103576660e-01
5.961291790008544922e-01
5.950449705123901367e-01
5.939553976058959961e-01
5.928643345832824707e-01
5.917689204216003418e-01
5.906702876091003418e-01
5.895710587501525879e-01
5.884667634963989258e-01
5.873592495918273926e-01
5.862491130828857422e-01
5.851357579231262207e-01
5.840198397636413574e-01
5.829032063484191895e-01
5.817813277244567871e-01
5.806569457054138184e-01
5.795310735702514648e-01
5.784007906913757324e-01
5.772702693939208984e-01
5.761345624923706055e-01
5.749964118003845215e-01
5.738556385040283203e-01
5.727118849754333496e-01
5.715679526329040527e-01
5.704192519187927246e-01
5.692676901817321777e-01
5.681138038635253906e-01
5.669570565223693848e-01
5.658003687858581543e-01
5.646402835845947266e-01
5.634760260581970215e-01
5.623096823692321777e-01
5.611409544944763184e-01
5.599716305732727051e-01
5.587980747222900391e-01
5.576221942901611328e-01
5.564435720443725586e-01
5.552630424499511719e-01
5.541394948959350586e-01
5.531841516494750977e-01
5.522283315658569336e-01
5.512698888778686523e-01
5.503123402595520020e-01
5.493556261062622070e-01
5.483958721160888672e-01
5.474344491958618164e-01
5.464729666709899902e-01
5.455107688903808594e-01
5.445491075515747070e-01
5.435853600502014160e-01
5.426208376884460449e-01
5.416560173034667969e-01
5.406886935234069824e-01
5.397247076034545898e-01
5.387573242187500000e-01
5.377892851829528809e-01
5.368196964263916016e-01
5.358503460884094238e-01
5.348803997039794922e-01
5.339111685752868652e-01
5.329399704933166504e-01
5.319682359695434570e-01
5.309964418411254883e-01
5.300222635269165039e-01
5.290516018867492676e-01
5.280777215957641602e-01
5.271033644676208496e-01
5.261276960372924805e-01
5.251524448394775391e-01
5.241788029670715332e-01
5.232031941413879395e-01
5.222252607345581055e-01
5.212482810020446777e-01
5.202715396881103516e-01
5.192945599555969238e-01
5.183171033859252930e-01
5.173387527465820312e-01
5.163600444793701172e-01
5.153329372406005859e-01
5.142552256584167480e-01
5.131755471229553223e-01
5.120946168899536133e-01
5.110130310058593750e-01
5.099316835403442383e-01
5.088476538658142090e-01
5.077618360519409180e-01
5.066748261451721191e-01
5.055873394012451172e-01
5.045000910758972168e-01
5.034103393554687500e-01
5.023201107978820801e-01
5.012274980545043945e-01
5.001345276832580566e-01
4.990418255329132080e-01
4.979468286037445068e-01
4.968500733375549316e-01
4.957523345947265625e-01
4.946543574333190918e-01
4.935567677021026611e-01
4.924569427967071533e-01
4.913554489612579346e-01
4.902530908584594727e-01
4.891506135463714600e-01
4.880485236644744873e-01
4.869444072246551514e-01
4.858386814594268799e-01
4.847321808338165283e-01
4.836269915103912354e-01
4.825209379196166992e-01
4.814129769802093506e-01
4.803034961223602295e-01
4.791941642761230469e-01
4.780833125114440918e-01
4.769737720489501953e-01
4.758624434471130371e-01
4.747497141361236572e-01
4.736371934413909912e-01
4.725233018398284912e-01
4.714107513427734375e-01
4.702966213226318359e-01
4.691685736179351807e-01
4.680355191230773926e-01
4.669016301631927490e-01
4.657697081565856934e-01
4.646368920803070068e-01
4.635032415390014648e-01
4.623706340789794922e-01
4.612372815608978271e-01
4.601068496704101562e-01
4.589738547801971436e-01
4.578419625759124756e-01
4.567094147205352783e-01
4.555780291557312012e-01
4.544478356838226318e-01
4.533170163631439209e-01
4.521856009960174561e-01
4.510554075241088867e-01
4.499246776103973389e-01
4.487960934638977051e-01
4.476670622825622559e-01
4.465374946594238281e-01
4.454092979431152344e-01
4.442806541919708252e-01
4.431551396846771240e-01
4.420274198055267334e-01
4.409011900424957275e-01
4.397745132446289062e-01
4.386493861675262451e-01
4.375255405902862549e-01
4.364015758037567139e-01
4.352772235870361328e-01
4.341544806957244873e-01
4.330314099788665771e-01
4.319116771221160889e-01
4.307899177074432373e-01
4.296689033508300781e-01
4.285496175289154053e-01
4.274300336837768555e-01
4.263138771057128906e-01
4.251958131790161133e-01
4.240795969963073730e-01
4.229631721973419189e-01
4.218486249446868896e-01
4.207341969013214111e-01
4.196044206619262695e-01
4.184648990631103516e-01
4.173257946968078613e-01
4.161892533302307129e-01
4.150546193122863770e-01
4.139200747013092041e-01
4.127881824970245361e-01
4.116567671298980713e-01
4.105268716812133789e-01
4.093997478485107422e-01
4.082746803760528564e-01
4.071496427059173584e-01
4.060263633728027344e-01
4.049058556556701660e-01
4.037870764732360840e-01
4.026691317558288574e-01
4.015537202358245850e-01
4.004400968551635742e-01
3.993270993232727051e-01
3.982158005237579346e-01
3.971077203750610352e-01
3.960011899471282959e-01
3.948964476585388184e-01
3.937912583351135254e-01
3.926901817321777344e-01
3.915911614894866943e-01
3.904938101768493652e-01
3.893972039222717285e-01
3.883024752140045166e-01
3.872107863426208496e-01
3.861211538314819336e-01
3.850321769714355469e-01
3.839462995529174805e-01
3.828611969947814941e-01
3.817792236804962158e-01
3.806993365287780762e-01
3.796201646327972412e-01
3.785441517829895020e-01
3.774689733982086182e-01
3.763958811759948730e-01
3.753259479999542236e-01
3.742580413818359375e-01
3.731921911239624023e-01
3.721261322498321533e-01
3.710644245147705078e-01
3.700047731399536133e-01
3.689498305320739746e-01
3.679318428039550781e-01
3.669153153896331787e-01
3.659036755561828613e-01
3.648923337459564209e-01
3.638869225978851318e-01
3.628818392753601074e-01
3.618794977664947510e-01
3.608796000480651855e-01
3.598812818527221680e-01
3.588888645172119141e-01
3.578968048095703125e-01
3.569075465202331543e-01
3.559207320213317871e-01
3.549367785453796387e-01
3.539552390575408936e-01
3.529762625694274902e-01
3.520012199878692627e-01
3.510275781154632568e-01
3.500568270683288574e-01
3.490884900093078613e-01
3.481227159500122070e-01
3.471609055995941162e-01
3.462005257606506348e-01
3.452430665493011475e-01
3.442880213260650635e-01
3.433358669281005859e-01
3.423869907855987549e-01
3.414399027824401855e-01
3.404957950115203857e-01
3.395540714263916016e-01
3.386152684688568115e-01
3.376796841621398926e-01
3.367472290992736816e-01
3.358151912689208984e-01
3.348868191242218018e-01
3.339614272117614746e-01
3.330384194850921631e-01
3.321200609207153320e-01
3.312014341354370117e-01
3.302864432334899902e-01
3.293744325637817383e-01
3.284647762775421143e-01
3.275588452816009521e-01
3.266545236110687256e-01
3.257541954517364502e-01
3.248543143272399902e-01
3.239580392837524414e-01
3.230648040771484375e-01
3.221744894981384277e-01
3.214139044284820557e-01
3.206772506237030029e-01
3.199422955513000488e-01
3.192095756530761719e-01
3.184812963008880615e-01
3.177550137042999268e-01
3.170300424098968506e-01
3.163080513477325439e-01
3.155895173549652100e-01
3.148722350597381592e-01
3.141593337059020996e-01
3.134484887123107910e-01
3.127380013465881348e-01
3.120322525501251221e-01
3.113277256488800049e-01
3.106270432472229004e-01
3.099293708801269531e-01
3.092315793037414551e-01
3.085384666919708252e-01
3.078478574752807617e-01
3.071584701538085938e-01
3.064728975296020508e-01
3.057893812656402588e-01
3.051074743270874023e-01
3.044293820858001709e-01
3.037537634372711182e-01
3.030784726142883301e-01
3.024078011512756348e-01
3.017386496067047119e-01
3.010728955268859863e-01
3.004096150398254395e-01
2.997466325759887695e-01
2.990882396697998047e-01
2.984322905540466309e-01
2.977777719497680664e-01
2.971266806125640869e-01
2.964771986007690430e-01
2.958296537399291992e-01
2.951858043670654297e-01
2.945443987846374512e-01
2.939043045043945312e-01
2.932668924331665039e-01
2.926313579082489014e-01
2.919995188713073730e-01
2.913700342178344727e-01
2.907416522502899170e-01
2.901163697242736816e-01
2.894940078258514404e-01
2.888727188110351562e-01
2.882550656795501709e-01
2.876397967338562012e-01
2.870247960090637207e-01
2.864319384098052979e-01
2.858454883098602295e-01
2.852605283260345459e-01
2.846798598766326904e-01
2.840993404388427734e-01
2.835218012332916260e-01
2.829465866088867188e-01
2.823740541934967041e-01
2.818031311035156250e-01
2.812336981296539307e-01
2.806671857833862305e-01
2.801041901111602783e-01
2.795413732528686523e-01
2.789814174175262451e-01
2.784242033958435059e-01
2.778685986995697021e-01
2.773151397705078125e-01
2.767631709575653076e-01
2.762153744697570801e-01
2.756683826446533203e-01
2.751228511333465576e-01
2.745814621448516846e-01
2.740402221679687500e-01
2.735018134117126465e-01
2.729655206203460693e-01
2.724319994449615479e-01
2.718999087810516357e-01
2.713693082332611084e-01
2.708427906036376953e-01
2.703170776367187500e-01
2.697927951812744141e-01
2.692712843418121338e-01
2.687525451183319092e-01
2.682350873947143555e-01
2.677198648452758789e-01
2.672073543071746826e-01
2.666962444782257080e-01
2.661865949630737305e-01
2.656796574592590332e-01
2.651760578155517578e-01
2.646724581718444824e-01
2.641716599464416504e-01
2.636723220348358154e-01
2.631769478321075439e-01
2.626823186874389648e-01
2.621891200542449951e-01
2.616998553276062012e-01
2.612111270427703857e-01
2.607240080833435059e-01
2.602395117282867432e-01
2.597577571868896484e-01
2.592773139476776123e-01
2.587988674640655518e-01
2.583231329917907715e-01
2.578484714031219482e-01
2.573523819446563721e-01
2.568384706974029541e-01
2.563266754150390625e-01
2.558156847953796387e-01
2.553074359893798828e-01
2.548018991947174072e-01
2.542980909347534180e-01
2.537953555583953857e-01
2.532959878444671631e-01
2.527981400489807129e-01
2.523015737533569336e-01
2.518084049224853516e-01
2.513172626495361328e-01
2.508265078067779541e-01
2.503394782543182373e-01
2.498539090156555176e-01
2.493709474802017212e-01
2.488887161016464233e-01
2.484098076820373535e-01
2.479329407215118408e-01
2.474558353424072266e-01
2.469830065965652466e-01
2.465122044086456299e-01
2.460421025753021240e-01
2.455753237009048462e-01
2.451105564832687378e-01
2.446472644805908203e-01
2.441852092742919922e-01
2.437264472246170044e-01
2.432692050933837891e-01
2.428131252527236938e-01
2.423598468303680420e-01
2.419090569019317627e-01
2.414602637290954590e-01
2.410121560096740723e-01
2.405673116445541382e-01
2.401244640350341797e-01
2.396817803382873535e-01
2.392423301935195923e-01
2.388053685426712036e-01
2.383691072463989258e-01
2.379360944032669067e-01
2.375045716762542725e-01
2.370754778385162354e-01
2.366470694541931152e-01
2.362218946218490601e-01
2.357980608940124512e-01
2.353755086660385132e-01
2.349556982517242432e-01
2.345383316278457642e-01
2.341216057538986206e-01
2.337080985307693481e-01
2.332965582609176636e-01
2.328864932060241699e-01
2.324775159358978271e-01
2.320711165666580200e-01
2.316672950983047485e-01
2.312641143798828125e-01
2.308641523122787476e-01
2.304933071136474609e-01
2.301317006349563599e-01
2.297719717025756836e-01
2.294141352176666260e-01
2.290581762790679932e-01
2.287033498287200928e-01
2.283511310815811157e-01
2.280007600784301758e-01
2.276522815227508545e-01
2.273056805133819580e-01
2.269604951143264771e-01
2.266176193952560425e-01
2.262766063213348389e-01
2.259366810321807861e-01
2.255993932485580444e-01
2.252639681100845337e-01
2.249303907155990601e-01
2.245986908674240112e-01
2.242688387632369995e-01
2.239408493041992188e-01
2.236143201589584351e-01
2.232900410890579224e-01
2.229667603969573975e-01
2.226461917161941528e-01
2.223274856805801392e-01
2.220106124877929688e-01
2.216956019401550293e-01
2.213824540376663208e-01
2.210711538791656494e-01
2.207617014646530151e-01
2.204540967941284180e-01
2.201479822397232056e-01
2.198441028594970703e-01
2.195420712232589722e-01
2.192409634590148926e-01
2.189426124095916748e-01
2.186461389064788818e-01
2.183515131473541260e-01
2.180587202310562134e-01
2.177678048610687256e-01
2.174774557352066040e-01
2.171899080276489258e-01
2.169045656919479370e-01
2.166210561990737915e-01
2.163394242525100708e-01
2.160596549510955811e-01
2.157807350158691406e-01
2.155046612024307251e-01
2.152304500341415405e-01
2.149581164121627808e-01
2.146876603364944458e-01
2.144187241792678833e-01
2.141520231962203979e-01
2.138871401548385620e-01
2.136241644620895386e-01
2.133630514144897461e-01
2.131038159132003784e-01
2.128464579582214355e-01
2.125898748636245728e-01
2.123362571001052856e-01
2.120845466852188110e-01
2.118347138166427612e-01
2.115906476974487305e-01
2.113587260246276855e-01
2.111286222934722900e-01
2.109009623527526855e-01
2.106754779815673828e-01
2.104521244764328003e-01
2.102309316396713257e-01
2.100119143724441528e-01
2.097935825586318970e-01
2.095788717269897461e-01
2.093663662672042847e-01
2.091560363769531250e-01
2.089478820562362671e-01
2.087419033050537109e-01
2.085379064083099365e-01
2.083363234996795654e-01
2.081369608640670776e-01
2.079398334026336670e-01
2.077448964118957520e-01
2.075521796941757202e-01
2.073601484298706055e-01
2.071719020605087280e-01
2.069858908653259277e-01
2.068021148443222046e-01
2.066206037998199463e-01
2.064413428306579590e-01
2.062641233205795288e-01
2.060894072055816650e-01
2.059169709682464600e-01
2.057467997074127197e-01
2.055789679288864136e-01
2.054133862257003784e-01
2.052499055862426758e-01
2.050889730453491211e-01
2.049291282892227173e-01
2.047728300094604492e-01
2.046188712120056152e-01
2.044672966003417969e-01
2.043178677558898926e-01
2.041694968938827515e-01
2.040250003337860107e-01
2.038828581571578979e-01
2.037431150674819946e-01
2.036057412624359131e-01
2.034706473350524902e-01
2.033381313085556030e-01
2.032080143690109253e-01
2.030803710222244263e-01
2.029551416635513306e-01
2.028323858976364136e-01
2.027119547128677368e-01
2.025941163301467896e-01
2.024787813425064087e-01
2.023659646511077881e-01
2.022556215524673462e-01
2.021477967500686646e-01
2.020425051450729370e-01
2.019396573305130005e-01
2.018394470214843750e-01
2.017418146133422852e-01
2.016451060771942139e-01
2.015526145696640015e-01
2.014627158641815186e-01
2.013753503561019897e-01
2.012906968593597412e-01
2.012086659669876099e-01
2.011292874813079834e-01
2.011032700538635254e-01
2.011051476001739502e-01
2.011097669601440430e-01
2.011157870292663574e-01
2.011256963014602661e-01
2.011383622884750366e-01
2.011536955833435059e-01
2.011718004941940308e-01
2.011925578117370605e-01
2.012161016464233398e-01
2.012424319982528687e-01
2.012714892625808716e-01
2.013033777475357056e-01
2.013361603021621704e-01
2.013723999261856079e-01
2.014127373695373535e-01
2.014558911323547363e-01
2.015019208192825317e-01
2.015507817268371582e-01
2.016025483608245850e-01
2.016572356224060059e-01
2.017147988080978394e-01
2.017753273248672485e-01
2.018388062715530396e-01
2.019040286540985107e-01
2.019734233617782593e-01
2.020458281040191650e-01
2.021212279796600342e-01
2.021996229887008667e-01
2.022811025381088257e-01
2.023656219244003296e-01
2.024531811475753784e-01
2.025438696146011353e-01
2.026376128196716309e-01
2.027332931756973267e-01
2.028333097696304321e-01
2.029365003108978271e-01
2.030428051948547363e-01
2.031523138284683228e-01
2.032650113105773926e-01
2.033809423446655273e-01
2.035000622272491455e-01
2.036224901676177979e-01
2.037481814622879028e-01
2.038759142160415649e-01
2.040081769227981567e-01
2.041437178850173950e-01
2.042826265096664429e-01
2.044249027967453003e-01
2.045705020427703857e-01
2.047195285558700562e-01
2.048718780279159546e-01
2.050277441740036011e-01
2.051870524883270264e-01
2.053485512733459473e-01
2.055148035287857056e-01
2.056844234466552734e-01
2.058576643466949463e-01
2.060344070196151733e-01
2.062146365642547607e-01
2.063985168933868408e-01
2.065858393907546997e-01
2.067769020795822144e-01
2.069714367389678955e-01
2.071686238050460815e-01
2.073706239461898804e-01
2.075760960578918457e-01
2.077854424715042114e-01
2.079983055591583252e-01
2.082150876522064209e-01
2.084356099367141724e-01
2.086894661188125610e-01
2.089890837669372559e-01
2.092917263507843018e-01
2.095977962017059326e-01
2.099082618951797485e-01
2.102208882570266724e-01
2.105367779731750488e-01
2.108560055494308472e-01
2.111784666776657104e-01
2.115053385496139526e-01
2.118344157934188843e-01
2.121668756008148193e-01
2.125026136636734009e-01
2.128416895866394043e-01
2.131852060556411743e-01
2.135309576988220215e-01
2.138800621032714844e-01
2.142325639724731445e-01
2.145883888006210327e-01
2.149486094713211060e-01
2.153111845254898071e-01
2.156771272420883179e-01
2.160464525222778320e-01
2.164191454648971558e-01
2.167962789535522461e-01
2.171757370233535767e-01
2.175585925579071045e-01
2.179448753595352173e-01
2.183344960212707520e-01
2.187285125255584717e-01
2.191246747970581055e-01
2.195244878530502319e-01
2.199276685714721680e-01
2.203342616558074951e-01
2.207442820072174072e-01
2.211586236953735352e-01
2.215786874294281006e-01
2.219988703727722168e-01
2.224224060773849487e-01
2.228492945432662964e-01
2.232805490493774414e-01
2.237141728401184082e-01
2.241511493921279907e-01
2.245914787054061890e-01
2.250352054834365845e-01
2.254831343889236450e-01
2.259334772825241089e-01
2.263871431350708008e-01
2.268441021442413330e-01
2.273043394088745117e-01
2.277688235044479370e-01
2.282356023788452148e-01
2.287056893110275269e-01
2.291790097951889038e-01
2.296555340290069580e-01
2.301361411809921265e-01
2.306190878152847290e-01
2.311052381992340088e-01
2.315940856933593750e-01
2.320865094661712646e-01
2.325829267501831055e-01
2.330815643072128296e-01
2.335832864046096802e-01
2.340880930423736572e-01
2.345996797084808350e-01
2.351113259792327881e-01
2.356251478195190430e-01
2.361419647932052612e-01
2.366616725921630859e-01
2.371842861175537109e-01
2.377105653285980225e-01
2.382389008998870850e-01
2.387700229883193970e-01
2.393039762973785400e-01
2.398406416177749634e-01
2.403807491064071655e-01
2.409225404262542725e-01
2.414573729038238525e-01
2.419956922531127930e-01
2.425354570150375366e-01
2.430781126022338867e-01
2.436221688985824585e-01
2.441689819097518921e-01
2.447178810834884644e-01
2.452680319547653198e-01
2.458208352327346802e-01
2.463789880275726318e-01
2.469355463981628418e-01
2.474939078092575073e-01
2.480534166097640991e-01
2.486153393983840942e-01
2.491782456636428833e-01
2.497433722019195557e-01
2.503101527690887451e-01
2.508777976036071777e-01
2.514475286006927490e-01
2.520180940628051758e-01
2.525905668735504150e-01
2.531673908233642578e-01
2.537424564361572266e-01
2.543186545372009277e-01
2.548954486846923828e-01
2.554738223552703857e-01
2.560527324676513672e-01
2.566330432891845703e-01
2.572142183780670166e-01
2.577957808971405029e-01
2.583785355091094971e-01
2.589614987373352051e-01
2.595455646514892578e-01
2.601338922977447510e-01
2.607189416885375977e-01
2.613043487071990967e-01
2.618897259235382080e-01
2.624757289886474609e-01
2.630614936351776123e-01
2.636478245258331299e-01
2.642340958118438721e-01
2.648194134235382080e-01
2.654055356979370117e-01
2.659910917282104492e-01
2.665766775608062744e-01
2.671658694744110107e-01
2.677506804466247559e-01
2.683348655700683594e-01
2.689181566238403320e-01
2.695011198520660400e-01
2.700829505920410156e-01
2.706641554832458496e-01
2.712444663047790527e-01
2.718233764171600342e-01
2.724014222621917725e-01
2.729780375957489014e-01
2.735535204410552979e-01
2.741318047046661377e-01
2.747041285037994385e-01
2.752751410007476807e-01
2.758441865444183350e-01
2.764116227626800537e-01
2.769765555858612061e-01
2.775401771068572998e-01
2.781016826629638672e-01
2.786609232425689697e-01
2.792180478572845459e-01
2.797726392745971680e-01
2.803290188312530518e-01
2.808787822723388672e-01
2.814257442951202393e-01
2.819700539112091064e-01
2.825114727020263672e-01
2.830499708652496338e-01
2.835853993892669678e-01
2.841177582740783691e-01
2.846468091011047363e-01
2.851725220680236816e-01
2.856988012790679932e-01
2.862175107002258301e-01
2.867326140403747559e-01
2.872430086135864258e-01
2.877392768859863281e-01
2.882310450077056885e-01
2.887187600135803223e-01
2.892014384269714355e-01
2.896831929683685303e-01
2.901563942432403564e-01
2.906252443790435791e-01
2.910886406898498535e-01
2.915471494197845459e-01
2.920005917549133301e-01
2.924492359161376953e-01
2.928959429264068604e-01
2.933337390422821045e-01
2.937662601470947266e-01
2.941931784152984619e-01
2.946150898933410645e-01
2.950311601161956787e-01
2.954414188861846924e-01
2.958495616912841797e-01
2.962488830089569092e-01
2.966420650482177734e-01
2.970291674137115479e-01
2.974105775356292725e-01
2.977860569953918457e-01
2.981557250022888184e-01
2.985219955444335938e-01
2.988791465759277344e-01
2.992300987243652344e-01
2.995747923851013184e-01
2.999132573604583740e-01
3.002453148365020752e-01
3.005709946155548096e-01
3.008899688720703125e-01
3.012059330940246582e-01
3.015121817588806152e-01
3.018118739128112793e-01
3.021047711372375488e-01
3.023914396762847900e-01
3.026712834835052490e-01
3.029442131519317627e-01
3.032132983207702637e-01
3.034731447696685791e-01
3.037260770797729492e-01
3.039719164371490479e-01
3.042111992835998535e-01
3.044436872005462646e-01
3.046694397926330566e-01
3.048902451992034912e-01
3.051020503044128418e-01
3.053070306777954102e-01
3.055047690868377686e-01
3.056958615779876709e-01
3.058800399303436279e-01
3.060572743415832520e-01
3.062272071838378906e-01
3.063926398754119873e-01
3.065490424633026123e-01
3.066981136798858643e-01
3.068405985832214355e-01
3.069761097431182861e-01
3.071047067642211914e-01
3.072260618209838867e-01
3.073427081108093262e-01
3.074504137039184570e-01
3.075513839721679688e-01
3.076451420783996582e-01
3.077323734760284424e-01
3.078127801418304443e-01
3.078874051570892334e-01
3.079541921615600586e-01
3.080141544342041016e-01
3.080673515796661377e-01
3.081133365631103516e-01
3.081545531749725342e-01
3.081876635551452637e-01
3.082141876220703125e-01
3.082337081432342529e-01
3.082467615604400635e-01
3.082535564899444580e-01
3.082547187805175781e-01
3.082485198974609375e-01
3.082355856895446777e-01
3.082166314125061035e-01
3.081909716129302979e-01
3.081603348255157471e-01
3.081225156784057617e-01
3.080780804157257080e-01
3.080275058746337891e-01
3.079796731472015381e-01
3.079302608966827393e-01
3.078754842281341553e-01
3.078151643276214600e-01
3.077504932880401611e-01
3.076810538768768311e-01
3.076076507568359375e-01
3.075285255908966064e-01
3.074451982975006104e-01
3.073576688766479492e-01
3.072654008865356445e-01
3.071687817573547363e-01
3.070676922798156738e-01
3.069622814655303955e-01
3.068526685237884521e-01
3.067383468151092529e-01
3.066210150718688965e-01
3.064989447593688965e-01
3.063727915287017822e-01
3.062426447868347168e-01
3.061081171035766602e-01
3.059704601764678955e-01
3.058286905288696289e-01
3.056834638118743896e-01
3.055336773395538330e-01
3.053807914257049561e-01
3.052242994308471680e-01
3.050644695758819580e-01
3.049003779888153076e-01
3.047334253787994385e-01
3.045633733272552490e-01
3.043897449970245361e-01
3.042122423648834229e-01
3.040321767330169678e-01
3.038488924503326416e-01
3.036625683307647705e-01
3.034725785255432129e-01
3.032803237438201904e-01
3.030850291252136230e-01
3.028868436813354492e-01
3.026852309703826904e-01
3.024814724922180176e-01
3.022748231887817383e-01
3.020658791065216064e-01
3.018535077571868896e-01
3.016392290592193604e-01
3.014225363731384277e-01
3.012030422687530518e-01
3.009807765483856201e-01
3.007569015026092529e-01
3.005308508872985840e-01
3.003024458885192871e-01
3.000708222389221191e-01
2.998381555080413818e-01
2.996033728122711182e-01
2.993665933609008789e-01
2.991267442703247070e-01
2.988861501216888428e-01
2.986436188220977783e-01
2.983992695808410645e-01
2.981519699096679688e-01
2.979041635990142822e-01
2.976546287536621094e-01
2.974036037921905518e-01
2.971496284008026123e-01
2.968954443931579590e-01
2.966398000717163086e-01
2.963826656341552734e-01
2.961236238479614258e-01
2.958630621433258057e-01
2.956019639968872070e-01
2.953395843505859375e-01
2.950754165649414062e-01
2.948099672794342041e-01
2.945441305637359619e-01
2.942772805690765381e-01
2.940087318420410156e-01
2.937390804290771484e-01
2.934691607952117920e-01
2.931984961032867432e-01
2.929262220859527588e-01
2.926530241966247559e-01
2.923798561096191406e-01
2.921059727668762207e-01
2.918306589126586914e-01
2.915545105934143066e-01
2.912786602973937988e-01
2.910022139549255371e-01
2.907244861125946045e-01
2.904462218284606934e-01
2.901682555675506592e-01
2.898898720741271973e-01
2.896102070808410645e-01
2.893302142620086670e-01
2.890507578849792480e-01
2.887608706951141357e-01
2.884570956230163574e-01
2.881532013416290283e-01
2.878504097461700439e-01
2.875459790229797363e-01
2.872426807880401611e-01
2.869394123554229736e-01
2.866374254226684570e-01
2.863338589668273926e-01
2.860316336154937744e-01
2.857303321361541748e-01
2.854288518428802490e-01
2.851267158985137939e-01
2.848260998725891113e-01
2.845265269279479980e-01
2.842268943786621094e-01
2.839266955852508545e-01
2.836281657218933105e-01
2.833307385444641113e-01
2.830333709716796875e-01
2.827356457710266113e-01
2.824404537677764893e-01
2.821448147296905518e-01
2.818502187728881836e-01
2.815553247928619385e-01
2.812630534172058105e-01
2.809704542160034180e-01
2.806790471076965332e-01
2.803881466388702393e-01
2.800984382629394531e-01
2.798092663288116455e-01
2.795213162899017334e-01
2.792340517044067383e-01
2.789480090141296387e-01
2.786625921726226807e-01
2.783793509006500244e-01
2.780951857566833496e-01
2.778131961822509766e-01
2.775318026542663574e-01
2.772519588470458984e-01
2.769728004932403564e-01
2.766950726509094238e-01
2.764173746109008789e-01
2.761427462100982666e-01
2.758680284023284912e-01
2.755941450595855713e-01
2.753225862979888916e-01
2.750518918037414551e-01
2.747812271118164062e-01
2.745128870010375977e-01
2.742462158203125000e-01
2.739796936511993408e-01
2.737146914005279541e-01
2.734522521495819092e-01
2.731891274452209473e-01
2.729284465312957764e-01
2.726686298847198486e-01
2.724107801914215088e-01
2.721535861492156982e-01
2.718982398509979248e-01
2.716439664363861084e-01
2.713913023471832275e-01
2.711395621299743652e-01
2.708891332149505615e-01
2.706409394741058350e-01
2.703938782215118408e-01
2.701477408409118652e-01
2.699029147624969482e-01
2.696603834629058838e-01
2.694190442562103271e-01
2.691780626773834229e-01
2.689403891563415527e-01
2.687028050422668457e-01
2.684667706489562988e-01
2.682321667671203613e-01
2.680003643035888672e-01
2.677682042121887207e-01
2.675385773181915283e-01
2.673106789588928223e-01
2.670835554599761963e-01
2.668579220771789551e-01
2.666343152523040771e-01
2.664119303226470947e-01
2.661914229393005371e-01
2.659718096256256104e-01
2.657546103000640869e-01
2.655380964279174805e-01
2.653236389160156250e-01
2.651097178459167480e-01
2.648991048336029053e-01
2.646887302398681641e-01
2.644800543785095215e-01
2.642727792263031006e-01
2.640683948993682861e-01
2.638641893863677979e-01
2.636617720127105713e-01
2.634614706039428711e-01
2.632625401020050049e-01
2.630642354488372803e-01
2.628685235977172852e-01
2.626743912696838379e-01
2.624814510345458984e-01
2.622897624969482422e-01
2.621082067489624023e-01
2.620157003402709961e-01
2.619252204895019531e-01
2.618351876735687256e-01
2.617458999156951904e-01
2.616586387157440186e-01
2.615718543529510498e-01
2.614865601062774658e-01
2.614012062549591064e-01
2.613183259963989258e-01
2.612356543540954590e-01
2.611549198627471924e-01
2.610752284526824951e-01
2.609951496124267578e-01
2.609176933765411377e-01
2.608405947685241699e-01
2.607651054859161377e-01
2.606894969940185547e-01
2.606161832809448242e-01
2.605441212654113770e-01
2.604724168777465820e-01
2.604016661643981934e-01
2.603321373462677002e-01
2.602642476558685303e-01
2.601968646049499512e-01
2.601305246353149414e-01
2.600659132003784180e-01
2.600017488002777100e-01
2.599392533302307129e-01
2.598772048950195312e-01
2.598162293434143066e-01
2.597562968730926514e-01
2.596981227397918701e-01
2.596410810947418213e-01
2.595836818218231201e-01
2.595286965370178223e-01
2.594741284847259521e-01
2.594213187694549561e-01
2.593681514263153076e-01
2.593174874782562256e-01
2.592678368091583252e-01
2.592185735702514648e-01
2.591703832149505615e-01
2.591232061386108398e-01
2.590778470039367676e-01
2.590327262878417969e-01
2.589895129203796387e-01
2.589465975761413574e-01
2.589046657085418701e-01
2.588646113872528076e-01
2.588247656822204590e-01
2.587861716747283936e-01
2.587484419345855713e-01
2.587124407291412354e-01
2.586776316165924072e-01
2.586423456668853760e-01
2.586096823215484619e-01
2.585771083831787109e-01
2.585463225841522217e-01
2.585154473781585693e-01
2.584866881370544434e-01
2.584590017795562744e-01
2.584318518638610840e-01
2.584062516689300537e-01
2.583805024623870850e-01
2.583569884300231934e-01
2.583337128162384033e-01
2.583124339580535889e-01
2.582905888557434082e-01
2.582714259624481201e-01
2.582530081272125244e-01
2.582348287105560303e-01
2.582181394100189209e-01
2.582020163536071777e-01
2.581879496574401855e-01
2.581738829612731934e-01
2.581609487533569336e-01
2.581499814987182617e-01
2.581389248371124268e-01
2.581300437450408936e-01
2.581209838390350342e-01
2.581131160259246826e-01
2.581064999103546143e-01
2.581012248992919922e-01
2.580973803997039795e-01
2.580927908420562744e-01
2.580905556678771973e-01
2.580889463424682617e-01
2.580887377262115479e-01
2.580881416797637939e-01
2.580903470516204834e-01
2.580930888652801514e-01
2.580965459346771240e-01
2.581007182598114014e-01
2.581056654453277588e-01
2.581128776073455811e-01
2.581198215484619141e-01
2.581284642219543457e-01
2.581381797790527344e-01
2.581485807895660400e-01
2.581602334976196289e-01
2.581726312637329102e-01
2.581857144832611084e-01
2.582000792026519775e-01
2.582156658172607422e-01
2.582328617572784424e-01
2.582490742206573486e-01
2.582681477069854736e-01
2.582869231700897217e-01
2.583073675632476807e-01
2.583281099796295166e-01
2.583505511283874512e-01
2.583745718002319336e-01
2.583971321582794189e-01
2.584207653999328613e-01
2.584440410137176514e-01
2.584693133831024170e-01
2.584947347640991211e-01
2.585216760635375977e-01
2.585487067699432373e-01
2.585780620574951172e-01
2.586067616939544678e-01
2.586363852024078369e-01
2.586666643619537354e-01
2.586977779865264893e-01
2.587304413318634033e-01
2.587631344795227051e-01
2.587974071502685547e-01
2.588317692279815674e-01
2.588684558868408203e-01
2.589038908481597900e-01
2.589414715766906738e-01
2.589790225028991699e-01
2.590181827545166016e-01
2.590573728084564209e-01
2.590981721878051758e-01
2.591389119625091553e-01
2.591813206672668457e-01
2.592240571975708008e-01
2.592672407627105713e-01
2.593121230602264404e-01
2.593569159507751465e-01
2.594034075736999512e-01
2.594498097896575928e-01
2.594979405403137207e-01
2.595458924770355225e-01
2.595959603786468506e-01
2.596455812454223633e-01
2.596969008445739746e-01
2.597481310367584229e-01
2.598010897636413574e-01
2.598538994789123535e-01
2.599084675312042236e-01
2.599623799324035645e-01
2.600176036357879639e-01
2.600754201412200928e-01
2.601321935653686523e-01
2.601908445358276367e-01
2.602492272853851318e-01
2.603093981742858887e-01
2.603693902492523193e-01
2.604307532310485840e-01
2.604923248291015625e-01
2.605557441711425781e-01
2.606197893619537354e-01
2.606847882270812988e-01
2.607495486736297607e-01
2.608162164688110352e-01
2.608825564384460449e-01
2.609492242336273193e-01
2.610182464122772217e-01
2.610870003700256348e-01
2.611576318740844727e-01
2.612287998199462891e-01
2.613010704517364502e-01
2.613729536533355713e-01
2.614463269710540771e-01
2.615198493003845215e-01
2.615952491760253906e-01
2.616703510284423828e-01
2.617473900318145752e-01
2.618248760700225830e-01
2.619035243988037109e-01
2.619817554950714111e-01
2.620615363121032715e-01
2.621413767337799072e-01
2.622231841087341309e-01
2.623058557510375977e-01
2.623880207538604736e-01
2.624722719192504883e-01
2.625568807125091553e-01
2.626427114009857178e-01
2.627275884151458740e-01
2.628149986267089844e-01
2.629019320011138916e-01
2.629909217357635498e-01
2.630794346332550049e-01
2.631700634956359863e-01
2.632614374160766602e-01
2.633527219295501709e-01
2.634457349777221680e-01
2.635381817817687988e-01
2.636327743530273438e-01
2.637268006801605225e-01
2.638229727745056152e-01
2.639185488224029541e-01
2.640162706375122070e-01
2.641130387783050537e-01
2.642132639884948730e-01
2.643133699893951416e-01
2.644129395484924316e-01
2.645146548748016357e-01
2.646157741546630859e-01
2.647190988063812256e-01
2.648217380046844482e-01
2.649262249469757080e-01
2.650304436683654785e-01
2.651378512382507324e-01
2.652436494827270508e-01
2.653517425060272217e-01
2.654606699943542480e-01
2.655688226222991943e-01
2.656788825988769531e-01
2.657886147499084473e-01
2.659006714820861816e-01
2.660128474235534668e-01
2.661264836788177490e-01
2.662393748760223389e-01
2.663546204566955566e-01
2.664706110954284668e-01
2.665854692459106445e-01
2.667030990123748779e-01
2.668198645114898682e-01
2.669391334056854248e-01
2.670583128929138184e-01
2.671747505664825439e-01
2.672815024852752686e-01
2.673892378807067871e-01
2.674969136714935303e-01
2.676063776016235352e-01
2.677171528339385986e-01
2.678259611129760742e-01
2.679384052753448486e-01
2.680485844612121582e-01
2.681620121002197266e-01
2.682739198207855225e-01
2.683887779712677002e-01
2.685025036334991455e-01
2.686181962490081787e-01
2.687333226203918457e-01
2.688499987125396729e-01
2.689685821533203125e-01
2.690848410129547119e-01
2.692044973373413086e-01
2.693224549293518066e-01
2.694434821605682373e-01
2.695624530315399170e-01
2.696852087974548340e-01
2.698055207729339600e-01
2.699297070503234863e-01
2.700513899326324463e-01
2.701765000820159912e-01
2.703017890453338623e-01
2.704264521598815918e-01
2.705536484718322754e-01
2.706791758537292480e-01
2.708077728748321533e-01
2.709342539310455322e-01
2.710646092891693115e-01
2.711943984031677246e-01
2.713238298892974854e-01
2.714553475379943848e-01
2.715861499309539795e-01
2.717187404632568359e-01
2.718532383441925049e-01
2.719852328300476074e-01
2.721208035945892334e-01
2.722564935684204102e-01
2.723914682865142822e-01
2.725290954113006592e-01
2.726668715476989746e-01
2.728039324283599854e-01
2.729427814483642578e-01
2.730815112590789795e-01
2.732217311859130859e-01
2.733635902404785156e-01
2.735035419464111328e-01
2.736467719078063965e-01
2.737897932529449463e-01
2.739327549934387207e-01
2.740771770477294922e-01
2.742211222648620605e-01
2.743673622608184814e-01
2.745147943496704102e-01
2.746608555316925049e-01
2.748091220855712891e-01
2.749587595462799072e-01
2.751059830188751221e-01
2.752572894096374512e-01
2.754080891609191895e-01
2.755583524703979492e-01
2.757108211517333984e-01
2.758624851703643799e-01
2.760161161422729492e-01
2.761716842651367188e-01
2.763245105743408203e-01
2.764811813831329346e-01
2.766379415988922119e-01
2.767937779426574707e-01
2.769526243209838867e-01
2.771092653274536133e-01
2.772694230079650879e-01
2.774295508861541748e-01
2.775891721248626709e-01
2.777506113052368164e-01
2.779137492179870605e-01
2.780745923519134521e-01
2.782390713691711426e-01
2.784033715724945068e-01
2.785673141479492188e-01
2.787330448627471924e-01
2.788980305194854736e-01
2.790655493736267090e-01
2.792343497276306152e-01
2.794008255004882812e-01
2.795711457729339600e-01
2.797420620918273926e-01
2.799107432365417480e-01
2.800831794738769531e-01
2.802529633045196533e-01
2.804270386695861816e-01
2.806006968021392822e-01
2.807735502719879150e-01
2.809489369392395020e-01
2.811256647109985352e-01
2.812997400760650635e-01
2.814781963825225830e-01
2.816561758518218994e-01
2.818333804607391357e-01
2.820130586624145508e-01
2.821916043758392334e-01
2.823733985424041748e-01
2.825553715229034424e-01
2.827360630035400391e-01
2.829191088676452637e-01
2.831041812896728516e-01
2.832861244678497314e-01
2.834722995758056641e-01
2.836585640907287598e-01
2.838436067104339600e-01
2.840310633182525635e-01
2.842178344726562500e-01
2.844067215919494629e-01
2.845972776412963867e-01
2.847852706909179688e-01
2.849773764610290527e-01
2.851701676845550537e-01
2.853602766990661621e-01
2.855545580387115479e-01
2.857486307621002197e-01
2.859418988227844238e-01
2.861374616622924805e-01
2.863346040248870850e-01
2.865318655967712402e-01
2.867278158664703369e-01
2.869262993335723877e-01
2.871267497539520264e-01
2.873238921165466309e-01
2.875255942344665527e-01
2.877206206321716309e-01
2.878582477569580078e-01
2.879926562309265137e-01
2.881317734718322754e-01
2.882713675498962402e-01
2.884082794189453125e-01
2.885493636131286621e-01
2.886906266212463379e-01
2.888332307338714600e-01
2.889731228351593018e-01
2.891172766685485840e-01
2.892615199089050293e-01
2.894072532653808594e-01
2.895510494709014893e-01
2.896973192691802979e-01
2.898456156253814697e-01
2.899904847145080566e-01
2.901402115821838379e-01
2.902895510196685791e-01
2.904408574104309082e-01
2.905887663364410400e-01
2.907415628433227539e-01
2.908940613269805908e-01
2.910453975200653076e-01
2.912002801895141602e-01
2.913552820682525635e-01
2.915117442607879639e-01
2.916651964187622070e-01
2.918232083320617676e-01
2.919812798500061035e-01
2.921407818794250488e-01
2.922973036766052246e-01
2.924584448337554932e-01
2.926205694675445557e-01
2.927791178226470947e-01
2.929428517818450928e-01
2.931061089038848877e-01
2.932713329792022705e-01
2.934330701828002930e-01
2.935998439788818359e-01
2.937662303447723389e-01
2.939313650131225586e-01
2.940994203090667725e-01
2.942692935466766357e-01
2.944397628307342529e-01
2.946071624755859375e-01
2.947792112827301025e-01
