8.428243994712829590e-01
8.385134935379028320e-01
8.342142701148986816e-01
8.299528956413269043e-01
8.257179260253906250e-01
8.215128779411315918e-01
8.173636794090270996e-01
8.132691383361816406e-01
8.092240095138549805e-01
8.052110671997070312e-01
8.015796542167663574e-01
7.981420755386352539e-01
7.946570515632629395e-01
7.911362648010253906e-01
7.875617742538452148e-01
7.840917110443115234e-01
7.808735966682434082e-01
7.776069045066833496e-01
7.743033766746520996e-01
7.709783315658569336e-01
7.676464319229125977e-01
7.643432021141052246e-01
7.610587477684020996e-01
7.578000426292419434e-01
7.545704841613769531e-01
7.514275312423706055e-01
7.484117746353149414e-01
7.456241846084594727e-01
7.428985238075256348e-01
7.402321696281433105e-01
7.376278638839721680e-01
7.350873947143554688e-01
7.325463294982910156e-01
7.300087809562683105e-01
7.275286316871643066e-01
7.251158952713012695e-01
7.227668166160583496e-01
7.205075621604919434e-01
7.181611657142639160e-01
7.157571315765380859e-01
7.134121656417846680e-01
7.111271023750305176e-01
7.088993787765502930e-01
7.067297101020812988e-01
7.046129703521728516e-01
7.025462388992309570e-01
7.005360126495361328e-01
6.985816359519958496e-01
6.966790556907653809e-01
6.948481202125549316e-01
6.930496692657470703e-01
6.909490823745727539e-01
6.888930797576904297e-01
6.868859529495239258e-01
6.849256753921508789e-01
6.830131411552429199e-01
6.811491847038269043e-01
6.793916225433349609e-01
6.777412891387939453e-01
6.761369705200195312e-01
6.745784282684326172e-01
6.730668544769287109e-01
6.716086864471435547e-01
6.701936125755310059e-01
6.687272191047668457e-01
6.672723889350891113e-01
6.658570170402526855e-01
6.644822359085083008e-01
6.631470918655395508e-01
6.618489027023315430e-01
6.605922579765319824e-01
6.592626571655273438e-01
6.579308509826660156e-01
6.566355228424072266e-01
6.553806066513061523e-01
6.541649699211120605e-01
6.529862880706787109e-01
6.518423557281494141e-01
6.507353186607360840e-01
6.496664285659790039e-01
6.486287117004394531e-01
6.476212143898010254e-01
6.466457843780517578e-01
6.456981897354125977e-01
6.447781920433044434e-01
6.438853144645690918e-01
6.430233716964721680e-01
6.421847343444824219e-01
6.413682699203491211e-01
6.405728459358215332e-01
6.397928595542907715e-01
6.390286684036254883e-01
6.382765173912048340e-01
6.374848484992980957e-01
6.365187168121337891e-01
6.355603337287902832e-01
6.346071958541870117e-01
6.336566209793090820e-01
6.327045559883117676e-01
6.317481398582458496e-01
6.307843327522277832e-01
6.298472285270690918e-01
6.290861964225769043e-01
6.283068060874938965e-01
6.275048851966857910e-01
6.266781687736511230e-01
6.258235573768615723e-01
6.249381899833679199e-01
6.240221261978149414e-01
6.230703592300415039e-01
6.219266057014465332e-01
6.207090616226196289e-01
6.194553971290588379e-01
6.181641817092895508e-01
6.168358922004699707e-01
6.154695749282836914e-01
6.140707731246948242e-01
6.126382350921630859e-01
6.111909747123718262e-01
6.098099946975708008e-01
6.084051132202148438e-01
6.069741845130920410e-01
6.055234074592590332e-01
6.040540933609008789e-01
6.025726199150085449e-01
6.010781526565551758e-01
5.995743274688720703e-01
5.980812311172485352e-01
5.966705679893493652e-01
5.952613353729248047e-01
5.938527584075927734e-01
5.924525260925292969e-01
5.910604596138000488e-01
5.896784067153930664e-01
5.883075594902038574e-01
5.869480371475219727e-01
5.856047272682189941e-01
5.841501355171203613e-01
5.826824307441711426e-01
5.812361836433410645e-01
5.798099637031555176e-01
5.784047245979309082e-01
5.770232081413269043e-01
5.756633877754211426e-01
5.743262767791748047e-01
5.730127096176147461e-01
5.717340707778930664e-01
5.705863237380981445e-01
5.694626569747924805e-01
5.683635473251342773e-01
5.664587616920471191e-01
5.654267072677612305e-01
5.644174814224243164e-01
5.634309649467468262e-01
5.624678730964660645e-01
5.615270733833312988e-01
5.606070160865783691e-01
5.598636269569396973e-01
5.591463446617126465e-01
5.584501624107360840e-01
5.577738881111145020e-01
5.571179389953613281e-01
5.564811229705810547e-01
5.558635592460632324e-01
5.552648901939392090e-01
5.546842217445373535e-01
5.541218519210815430e-01
5.536122322082519531e-01
5.531674623489379883e-01
5.527402162551879883e-01
5.523300170898437500e-01
5.519366860389709473e-01
5.515596866607666016e-01
5.511993765830993652e-01
5.508553385734558105e-01
5.505272746086120605e-01
5.502151250839233398e-01
5.499186515808105469e-01
5.496286749839782715e-01
5.493416190147399902e-01
5.490696430206298828e-01
5.488118529319763184e-01
5.485690236091613770e-01
5.483400821685791016e-01
5.481256842613220215e-01
5.479252934455871582e-01
5.477389693260192871e-01
5.475664734840393066e-01
5.474078655242919922e-01
5.472629070281982422e-01
5.470224022865295410e-01
5.467908382415771484e-01
5.465707182884216309e-01
5.463647842407226562e-01
5.461700558662414551e-01
5.459888577461242676e-01
5.458186268806457520e-01
5.456616878509521484e-01
5.455162525177001953e-01
5.453839302062988281e-01
5.452630519866943359e-01
5.451552867889404297e-01
5.449740290641784668e-01
5.448023080825805664e-01
5.446424484252929688e-01
5.444952249526977539e-01
5.443598031997680664e-01
5.442354679107666016e-01
5.441234707832336426e-01
5.440222024917602539e-01
5.439325571060180664e-01
5.438545942306518555e-01
5.437879562377929688e-01
5.437322854995727539e-01
5.436000823974609375e-01
5.433736443519592285e-01
5.431613922119140625e-01
5.429617166519165039e-01
5.427740216255187988e-01
5.426011085510253906e-01
5.424405336380004883e-01
5.422928929328918457e-01
5.421564579010009766e-01
5.420345664024353027e-01
5.419262051582336426e-01
5.418286919593811035e-01
5.417455434799194336e-01
5.417538881301879883e-01
5.419191122055053711e-01
5.420990586280822754e-01
5.422894358634948730e-01
5.424929857254028320e-01
5.427070260047912598e-01
5.429360866546630859e-01
5.431758761405944824e-01
5.434311032295227051e-01
5.436974763870239258e-01
5.439800620079040527e-01
5.442745089530944824e-01
5.445864200592041016e-01
5.449116826057434082e-01
5.452956557273864746e-01
5.457203388214111328e-01
5.461688041687011719e-01
5.466408133506774902e-01
5.471476912498474121e-01
5.476993322372436523e-01
5.483249425888061523e-01
5.490981936454772949e-01
5.509512424468994141e-01
5.520265698432922363e-01
5.526582598686218262e-01
5.532495379447937012e-01
5.538288354873657227e-01
5.544101595878601074e-01
5.549905300140380859e-01
5.555361509323120117e-01
5.560965538024902344e-01
5.566666722297668457e-01
5.572531223297119141e-01
5.578501820564270020e-01
5.584614872932434082e-01
5.590895414352416992e-01
5.597284436225891113e-01
5.603847503662109375e-01
5.610519051551818848e-01
5.617364645004272461e-01
5.624317526817321777e-01
5.631386041641235352e-01
5.638622641563415527e-01
5.646011233329772949e-01
5.654022097587585449e-01
5.662150382995605469e-01
5.670406818389892578e-01
5.678839683532714844e-01
5.687375664710998535e-01
5.696097016334533691e-01
5.704910755157470703e-01
5.713900327682495117e-01
5.722994208335876465e-01
5.732263922691345215e-01
5.741631984710693359e-01
5.751167535781860352e-01
5.760815143585205078e-01
5.770623087882995605e-01
5.780534148216247559e-01
5.790712237358093262e-01
5.801351070404052734e-01
5.812149643898010254e-01
5.823087692260742188e-01
5.834109187126159668e-01
5.845302939414978027e-01
5.856581926345825195e-01
5.868038535118103027e-01
5.879614949226379395e-01
5.891287326812744141e-01
5.903119444847106934e-01
5.915045142173767090e-01
5.927128195762634277e-01
5.939341187477111816e-01
5.951644778251647949e-01
5.964108705520629883e-01
5.976662039756774902e-01
5.989682674407958984e-01
6.003170609474182129e-01
6.016747951507568359e-01
6.030479669570922852e-01
6.044287681579589844e-01
6.058223247528076172e-01
6.072275042533874512e-01
6.086441874504089355e-01
6.100733876228332520e-01
6.115087866783142090e-01
6.129607558250427246e-01
6.144246459007263184e-01
6.159005165100097656e-01
6.173870563507080078e-01
6.188850998878479004e-01
6.203902959823608398e-01
6.219112873077392578e-01
6.234431266784667969e-01
6.251485943794250488e-01
6.268955469131469727e-01
6.286527514457702637e-01
6.304139494895935059e-01
6.321900486946105957e-01
6.339752078056335449e-01
6.357702016830444336e-01
6.375690698623657227e-01
6.393773555755615234e-01
6.411995291709899902e-01
6.430251598358154297e-01
6.448595523834228516e-01
6.467019915580749512e-01
6.485531926155090332e-01
6.504125595092773438e-01
6.522862315177917480e-01
6.541615724563598633e-01
6.560447216033935547e-01
6.579248905181884766e-01
6.597753167152404785e-01
6.616336107254028320e-01
6.634971499443054199e-01
6.653733253479003906e-01
6.672493219375610352e-01
6.691319346427917480e-01
6.710197925567626953e-01
6.729131937026977539e-01
6.748124957084655762e-01
6.767165660858154297e-01
6.786262392997741699e-01
6.805341243743896484e-01
6.824531555175781250e-01
6.843701601028442383e-01
6.862984299659729004e-01
6.882297396659851074e-01
6.901587247848510742e-01
6.920979619026184082e-01
6.940338015556335449e-01
6.959741711616516113e-01
6.979060173034667969e-01
6.998454928398132324e-01
7.017799019813537598e-01
7.037215828895568848e-01
7.056577205657958984e-01
7.076004743576049805e-01
7.095371484756469727e-01
7.114802598953247070e-01
7.134231328964233398e-01
7.153592109680175781e-01
7.173009514808654785e-01
7.192353010177612305e-01
7.211685180664062500e-01
7.231003642082214355e-01
7.250300049781799316e-01
7.269582748413085938e-01
7.288844585418701172e-01
7.308083176612854004e-01
7.327296733856201172e-01
7.346479892730712891e-01
7.364382743835449219e-01
7.381730675697326660e-01
7.399045825004577637e-01
7.416324019432067871e-01
7.433565855026245117e-01
7.450767755508422852e-01
7.467927932739257812e-01
7.485046982765197754e-01
7.502119541168212891e-01
7.519144415855407715e-01
7.536121010780334473e-01
7.553047537803649902e-01
7.569922208786010742e-01
7.586742043495178223e-01
7.603505253791809082e-01
7.620145082473754883e-01
7.636792063713073730e-01
7.653311491012573242e-01
7.669833898544311523e-01
7.686225175857543945e-01
7.702616453170776367e-01
7.718877196311950684e-01
7.734186649322509766e-01
7.748756408691406250e-01
7.763313651084899902e-01
7.777740359306335449e-01
7.792094945907592773e-01
7.806442975997924805e-01
7.820647358894348145e-01
7.834851145744323730e-01
7.848905920982360840e-01
7.862952947616577148e-01
7.876857519149780273e-01
7.890750169754028320e-01
7.904497385025024414e-01
7.918229699134826660e-01
7.931817173957824707e-01
7.945380806922912598e-01
7.958808541297912598e-01
7.972143888473510742e-01
7.985404729843139648e-01
7.998572587966918945e-01
8.011659979820251465e-01
8.024660348892211914e-01
8.037577271461486816e-01
8.050242662429809570e-01
8.061711192131042480e-01
8.073188662528991699e-01
8.084551692008972168e-01
8.095861077308654785e-01
8.107116222381591797e-01
8.118317723274230957e-01
8.129459619522094727e-01
8.140552639961242676e-01
8.151591420173645020e-01
8.162574172019958496e-01
8.173502683639526367e-01
8.184374570846557617e-01
8.195192813873291016e-01
8.205954432487487793e-01
8.216660022735595703e-01
8.227306604385375977e-01
8.237900733947753906e-01
8.248438835144042969e-01
8.258858919143676758e-01
8.269284367561340332e-01
8.279653191566467285e-01
8.289899826049804688e-01
8.300157189369201660e-01
8.310356736183166504e-01
8.320536613464355469e-01
8.331365585327148438e-01
8.342140316963195801e-01
8.352799415588378906e-01
8.363463878631591797e-01
8.374072909355163574e-01
8.384567499160766602e-01
8.395066261291503906e-01
8.405451178550720215e-01
8.415838479995727539e-01
8.426170349121093750e-01
8.436390161514282227e-01
8.446609377861022949e-01
8.456776142120361328e-01
8.466829061508178711e-01
8.476886749267578125e-01
8.486881256103515625e-01
8.496769666671752930e-01
8.506660461425781250e-01
8.516439795494079590e-01
8.526165485382080078e-01
8.535835742950439453e-01
8.545507788658142090e-01
8.555069565773010254e-01
8.564577698707580566e-01
8.574088215827941895e-01
8.583489060401916504e-01
8.592714667320251465e-01
8.601751327514648438e-01
8.610791563987731934e-01
8.619728088378906250e-01
8.628609180450439453e-01
8.637489676475524902e-01
8.646267056465148926e-01
8.654991388320922852e-01
8.663719892501831055e-01
8.672342300415039062e-01
8.680914640426635742e-01
8.689444065093994141e-01
8.697968721389770508e-01
8.706392645835876465e-01
8.714765906333923340e-01
8.723143935203552246e-01
8.731420040130615234e-01
8.739649057388305664e-01
8.747833967208862305e-01
8.755967020988464355e-01
8.764051795005798340e-01
8.772091865539550781e-01
8.780083656311035156e-01
8.788028955459594727e-01
8.795928955078125000e-01
8.803789019584655762e-01
8.811597228050231934e-01
8.819361925125122070e-01
8.827031254768371582e-01
8.834892511367797852e-01
8.842729926109313965e-01
8.850524425506591797e-01
8.858280777931213379e-01
8.866001367568969727e-01
8.873689770698547363e-01
8.881337642669677734e-01
8.888947963714599609e-01
8.896527290344238281e-01
8.904066085815429688e-01
8.911569118499755859e-01
8.919035196304321289e-01
8.926470875740051270e-01
8.933866620063781738e-01
8.941226601600646973e-01
8.948552012443542480e-01
8.955799937248229980e-01
8.963054418563842773e-01
8.970274329185485840e-01
8.977419137954711914e-01
8.984569907188415527e-01
8.991686105728149414e-01
8.998722434043884277e-01
9.005774855613708496e-01
9.012788534164428711e-01
9.019768238067626953e-01
9.026669859886169434e-01
9.033585190773010254e-01
9.040463566780090332e-01
9.047265052795410156e-01
9.054113030433654785e-01
9.060972929000854492e-01
9.067751169204711914e-01
9.074542522430419922e-01
9.081297516822814941e-01
9.087971448898315430e-01
9.094656109809875488e-01
9.101303219795227051e-01
9.107877016067504883e-01
9.114458560943603516e-01
9.121001362800598145e-01
9.127513170242309570e-01
9.133946299552917480e-01
9.140349626541137695e-01
9.146758913993835449e-01
9.153090715408325195e-01
9.159432053565979004e-01
9.165700674057006836e-01
9.171970486640930176e-01
9.178171753883361816e-01
9.184334874153137207e-01
9.190508723258972168e-01
9.196609854698181152e-01
9.202712178230285645e-01
9.208745956420898438e-01
9.214782118797302246e-01
9.220750927925109863e-01
9.226723313331604004e-01
9.232622385025024414e-01
9.238492250442504883e-01
9.244362115859985352e-01
9.250166416168212891e-01
9.255973696708679199e-01
9.261866211891174316e-01
9.267858266830444336e-01
9.273778200149536133e-01
9.279667139053344727e-01
9.285554885864257812e-01
9.291377067565917969e-01
9.297195672988891602e-01
9.302949309349060059e-01
9.308665990829467773e-01
9.314385056495666504e-01
9.320032000541687012e-01
9.325647950172424316e-01
9.331226944923400879e-01
9.336773157119750977e-01
9.342314600944519043e-01
9.347791671752929688e-01
9.353232383728027344e-01
9.358635544776916504e-01
9.364005923271179199e-01
9.369370341300964355e-01
9.374669194221496582e-01
9.379929900169372559e-01
9.385157227516174316e-01
9.390346407890319824e-01
9.395531415939331055e-01
9.400646686553955078e-01
9.405729770660400391e-01
9.410772323608398438e-01
9.415780901908874512e-01
9.420779347419738770e-01
9.425714015960693359e-01
9.430608153343200684e-01
9.435467720031738281e-01
9.440287947654724121e-01
9.445101022720336914e-01
9.449857473373413086e-01
9.454605579376220703e-01
9.459312558174133301e-01
9.463981389999389648e-01
9.468608498573303223e-01
9.473198056221008301e-01
9.477747678756713867e-01
9.482255578041076660e-01
9.486724734306335449e-01
9.491152763366699219e-01
9.495542645454406738e-01
9.499890208244323730e-01
9.504199624061584473e-01
9.508467316627502441e-01
9.512695670127868652e-01
9.516882896423339844e-01
9.521030783653259277e-01
9.525136947631835938e-01
9.529204368591308594e-01
9.533229470252990723e-01
9.537215828895568848e-01
9.541159272193908691e-01
9.545064568519592285e-01
9.548927545547485352e-01
9.552750587463378906e-01
9.556531310081481934e-01
9.560272693634033203e-01
9.563972353935241699e-01
9.567632079124450684e-01
9.571248888969421387e-01
9.574826359748840332e-01
9.578360915184020996e-01
9.581856727600097656e-01
9.585309028625488281e-01
9.588721394538879395e-01
9.592091441154479980e-01
9.595402479171752930e-01
9.598690271377563477e-01
9.601957798004150391e-01
9.605286717414855957e-01
9.608561992645263672e-01
9.611784815788269043e-01
9.614937901496887207e-01
9.618055224418640137e-01
9.621119499206542969e-01
9.627081751823425293e-01
9.629995822906494141e-01
9.632841348648071289e-01
9.635648131370544434e-01
9.638401269912719727e-01
9.641100168228149414e-01
9.643744230270385742e-01
9.646334052085876465e-01
9.648855328559875488e-01
9.651335477828979492e-01
9.653761386871337891e-01
9.656131863594055176e-01
9.658446311950683594e-01
9.660706520080566406e-01
9.662898778915405273e-01
9.665047526359558105e-01
9.667140841484069824e-01
9.669177532196044922e-01
9.671158790588378906e-01
9.673073291778564453e-01
9.674941897392272949e-01
9.676755070686340332e-01
9.678500890731811523e-01
9.680201411247253418e-01
9.681844711303710938e-01
9.683422446250915527e-01
9.684952497482299805e-01
9.686425924301147461e-01
9.687833786010742188e-01
9.689193367958068848e-01
9.690495729446411133e-01
9.691733121871948242e-01
9.692922234535217285e-01
9.694052934646606445e-01
9.695119857788085938e-01
9.696266055107116699e-01
9.697383046150207520e-01
9.698439836502075195e-01
9.699447751045227051e-01
9.700400233268737793e-01
9.701293706893920898e-01
9.702138304710388184e-01
9.702928066253662109e-01
9.703660011291503906e-01
9.704342484474182129e-01
9.704971909523010254e-01
9.705544114112854004e-01
9.706066250801086426e-01
9.706535935401916504e-01
9.706950187683105469e-01
9.707314372062683105e-01
9.707624912261962891e-01
9.707884788513183594e-01
9.708091616630554199e-01
9.708248376846313477e-01
9.708352684974670410e-01
9.708406329154968262e-01
9.708409905433654785e-01
9.708363413810729980e-01
9.708265066146850586e-01
9.708117246627807617e-01
9.707918763160705566e-01
9.707671999931335449e-01
9.707374572753906250e-01
9.707029461860656738e-01
9.706633687019348145e-01
9.706192016601562500e-01
9.705699086189270020e-01
9.705160856246948242e-01
9.704571962356567383e-01
9.703938364982604980e-01
9.703254699707031250e-01
9.702527523040771484e-01
9.701749682426452637e-01
9.700929522514343262e-01
9.700058698654174805e-01
9.699146747589111328e-01
9.698184728622436523e-01
9.697182178497314453e-01
9.696128964424133301e-01
9.695007801055908203e-01
9.693843722343444824e-01
9.692631363868713379e-01
9.691377878189086914e-01
9.690074920654296875e-01
9.688733816146850586e-01
9.687350392341613770e-01
9.685915708541870117e-01
9.684443473815917969e-01
9.682924747467041016e-01
9.681368470191955566e-01
9.679772853851318359e-01
9.678125381469726562e-01
9.676445722579956055e-01
9.674715995788574219e-01
9.672952890396118164e-01
9.671152830123901367e-01
9.669299721717834473e-01
9.667419791221618652e-01
9.665489196777343750e-01
9.663530588150024414e-01
9.661530852317810059e-01
9.659482240676879883e-01
9.657409191131591797e-01
9.655285477638244629e-01
9.653136730194091797e-01
9.650948047637939453e-01
9.648715853691101074e-01
9.646454453468322754e-01
9.644147157669067383e-01
9.641817212104797363e-01
9.639447927474975586e-01
9.637036919593811035e-01
9.634599089622497559e-01
9.632118344306945801e-01
9.629611372947692871e-01
9.627072215080261230e-01
9.624490141868591309e-01
9.621884226799011230e-01
9.619249105453491211e-01
9.616564512252807617e-01
9.613865017890930176e-01
9.611130952835083008e-01
9.608365297317504883e-01
9.605557322502136230e-01
9.602730274200439453e-01
9.599876403808593750e-01
9.596974849700927734e-01
9.594061374664306641e-01
9.591515660285949707e-01
9.588987231254577637e-01
9.586426615715026855e-01
9.583854675292968750e-01
9.581264853477478027e-01
9.578636288642883301e-01
9.576005935668945312e-01
9.573350548744201660e-01
9.570664167404174805e-01
9.567968845367431641e-01
9.565258026123046875e-01
9.562526345252990723e-01
9.559761881828308105e-01
9.556990861892700195e-01
9.554205536842346191e-01
9.551382660865783691e-01
9.548562765121459961e-01
9.545720219612121582e-01
9.542863965034484863e-01
9.539971351623535156e-01
9.537082314491271973e-01
9.534173607826232910e-01
9.531235098838806152e-01
9.528293013572692871e-01
9.525339603424072266e-01
9.522370100021362305e-01
9.519366621971130371e-01
9.516367316246032715e-01
9.513349533081054688e-01
9.510321021080017090e-01
9.507274627685546875e-01
9.504202604293823242e-01
9.501127600669860840e-01
9.498043656349182129e-01
9.494942426681518555e-01
9.491831660270690918e-01
9.488688111305236816e-01
9.485551714897155762e-01
9.482399225234985352e-01
9.479237794876098633e-01
9.476060867309570312e-01
9.472876787185668945e-01
9.469658136367797852e-01
9.466450214385986328e-01
9.463226199150085449e-01
9.459996223449707031e-01
9.456750154495239258e-01
9.453479647636413574e-01
9.450212121009826660e-01
9.446938037872314453e-01
9.443650841712951660e-01
9.440357089042663574e-01
9.437029957771301270e-01
9.433797001838684082e-01
9.430813193321228027e-01
9.427821040153503418e-01
9.424821734428405762e-01
9.421792030334472656e-01
9.418776035308837891e-01
9.415752887725830078e-01
9.412721395492553711e-01
9.409683346748352051e-01
9.406632781028747559e-01
9.403561949729919434e-01
9.400501847267150879e-01
9.397434592247009277e-01
9.394360184669494629e-01
9.391273856163024902e-01
9.388186931610107422e-01
9.385092258453369141e-01
9.381991028785705566e-01
9.378882646560668945e-01
9.375749230384826660e-01
9.372624754905700684e-01
9.369497895240783691e-01
9.366363883018493652e-01
9.363224506378173828e-01
9.360079169273376465e-01
9.356922507286071777e-01
9.353766441345214844e-01
9.350602626800537109e-01
9.347413778305053711e-01
9.344238638877868652e-01
9.341053366661071777e-01
9.337868094444274902e-01
9.334676265716552734e-01
9.331479072570800781e-01
9.328276515007019043e-01
9.325067996978759766e-01
9.321851134300231934e-01
9.318612217903137207e-01
9.315388202667236328e-01
9.312158823013305664e-01
9.308924674987792969e-01
9.305680394172668457e-01
9.302437305450439453e-01
9.299187660217285156e-01
9.295933246612548828e-01
9.292674064636230469e-01
9.289385080337524414e-01
9.286116957664489746e-01
9.282843470573425293e-01
9.279565215110778809e-01
9.276281595230102539e-01
9.272989034652709961e-01
9.269697666168212891e-01
9.266400337219238281e-01
9.263098835945129395e-01
9.259792566299438477e-01
9.256482124328613281e-01
9.253162145614624023e-01
9.249843358993530273e-01
9.246583580970764160e-01
9.243586063385009766e-01
9.240584969520568848e-01
9.237581491470336914e-01
9.234573841094970703e-01
9.231562614440917969e-01
9.228549003601074219e-01
9.225531220436096191e-01
9.222511053085327148e-01
9.219481348991394043e-01
9.216454625129699707e-01
9.213402867317199707e-01
9.210369586944580078e-01
9.207332134246826172e-01
9.204292297363281250e-01
9.201248288154602051e-01
9.198201894760131836e-01
9.195151329040527344e-01
9.192098379135131836e-01
9.189035892486572266e-01
9.185976386070251465e-01
9.182912707328796387e-01
9.179846644401550293e-01
9.176777005195617676e-01
9.173703193664550781e-01
9.170627593994140625e-01
9.167419672012329102e-01
9.164200425148010254e-01
9.160971045494079590e-01
9.157736897468566895e-01
9.154503941535949707e-01
9.151262044906616211e-01
9.148015379905700684e-01
9.144769310951232910e-01
9.141514301300048828e-01
9.138253927230834961e-01
9.134989976882934570e-01
9.131727218627929688e-01
9.128454327583312988e-01
9.125177264213562012e-01
9.121901392936706543e-01
9.118615984916687012e-01
9.115325212478637695e-01
9.112036228179931641e-01
9.108737707138061523e-01
9.105434417724609375e-01
9.102132916450500488e-01
9.098820686340332031e-01
9.095504879951477051e-01
9.092189669609069824e-01
9.088864922523498535e-01
9.085536003112792969e-01
9.082559347152709961e-01
9.079874753952026367e-01
9.077188372611999512e-01
9.074498414993286133e-01
9.071811437606811523e-01
9.069116711616516113e-01
9.066417813301086426e-01
9.063738584518432617e-01
9.061034321784973145e-01
9.058333039283752441e-01
9.055622816085815430e-01
9.052910208702087402e-01
9.050194025039672852e-01
9.047480821609497070e-01
9.044758677482604980e-01
9.042033553123474121e-01
9.039305448532104492e-01
9.036574363708496094e-01
9.033845663070678711e-01
9.031108021736145020e-01
9.028367996215820312e-01
9.025624394416809082e-01
9.022883772850036621e-01
9.020133614540100098e-01
9.017380475997924805e-01
9.014624357223510742e-01
9.011887311935424805e-01
9.009131193161010742e-01
9.006397128105163574e-01
9.003660082817077637e-01
9.000924229621887207e-01
8.998180031776428223e-01
8.995431065559387207e-01
8.992679119110107422e-01
8.989923596382141113e-01
8.987170457839965820e-01
8.984407782554626465e-01
8.981640934944152832e-01
8.978871107101440430e-01
8.976102471351623535e-01
8.973325490951538086e-01
8.970566391944885254e-01
8.967781066894531250e-01
8.964998126029968262e-01
8.962205648422241211e-01
8.959409594535827637e-01
8.956609368324279785e-01
8.953811526298522949e-01
8.951004147529602051e-01
8.948192596435546875e-01
8.945378065109252930e-01
8.942564725875854492e-01
8.939741849899291992e-01
8.936915993690490723e-01
8.934085369110107422e-01
8.931279778480529785e-01
8.928683996200561523e-01
8.926466107368469238e-01
8.924250006675720215e-01
8.922024965286254883e-01
8.919802308082580566e-01
8.917570114135742188e-01
8.915334939956665039e-01
8.913101553916931152e-01
8.910881876945495605e-01
8.908641934394836426e-01
8.906393051147460938e-01
8.904139995574951172e-01
8.901889324188232422e-01
8.899629116058349609e-01
8.897365331649780273e-01
8.895105123519897461e-01
8.892834186553955078e-01
8.890566229820251465e-01
8.888311982154846191e-01
8.886030912399291992e-01
8.883752226829528809e-01
8.881464004516601562e-01
8.879178762435913086e-01
8.876883387565612793e-01
8.874584436416625977e-01
8.872289061546325684e-01
8.869982957839965820e-01
8.867703080177307129e-01
8.865390419960021973e-01
8.863074183464050293e-01
8.860843181610107422e-01
8.858715891838073730e-01
8.856585025787353516e-01
8.854449391365051270e-01
8.852309584617614746e-01
8.850166201591491699e-01
8.848041892051696777e-01
8.845883011817932129e-01
8.843726515769958496e-01
8.841565847396850586e-01
8.839401006698608398e-01
8.837231993675231934e-01
8.835058212280273438e-01
8.832880854606628418e-01
8.830723166465759277e-01
8.828537464141845703e-01
8.826341032981872559e-01
8.824146986007690430e-01
8.821948766708374023e-01
8.819745779037475586e-01
8.817539215087890625e-01
8.815352320671081543e-01
8.813137412071228027e-01
8.810918331146240234e-01
8.808695077896118164e-01
8.806467056274414062e-01
8.804230093955993652e-01
8.801994323730468750e-01
8.799778819084167480e-01
8.797534704208374023e-01
8.795287013053894043e-01
8.793139457702636719e-01
8.791628479957580566e-01
8.790112733840942383e-01
8.788593411445617676e-01
8.787100911140441895e-01
8.785573840141296387e-01
8.784042596817016602e-01
8.782507181167602539e-01
8.780968785285949707e-01
8.779431581497192383e-01
8.777884840965270996e-01
8.776359558105468750e-01
8.774805068969726562e-01
8.773246407508850098e-01
8.771690726280212402e-01
8.770124912261962891e-01
8.768554925918579102e-01
8.766552209854125977e-01
8.764545321464538574e-01
8.762504458427429199e-01
8.760454654693603516e-01
8.758389949798583984e-01
8.756322264671325684e-01
8.754246234893798828e-01
8.752155303955078125e-01
8.750087022781372070e-01
8.747984170913696289e-01
8.745866417884826660e-01
8.743746280670166016e-01
8.741617798805236816e-01
8.739479780197143555e-01
8.737352490425109863e-01
8.735197186470031738e-01
8.733270764350891113e-01
8.731748461723327637e-01
8.730212450027465820e-01
8.728663921356201172e-01
8.727127313613891602e-01
8.725551366806030273e-01
8.723955750465393066e-01
8.722352981567382812e-01
8.720737695693969727e-01
8.719108104705810547e-01
8.717491626739501953e-01
8.715834617614746094e-01
8.714157938957214355e-01
8.712473511695861816e-01
8.710775971412658691e-01
8.709064126014709473e-01
8.707364797592163086e-01
8.704210519790649414e-01
8.698971271514892578e-01
8.693685531616210938e-01
8.688338994979858398e-01
8.682945966720581055e-01
8.677519559860229492e-01
8.672018647193908691e-01
8.666462898254394531e-01
8.660845160484313965e-01
8.655179738998413086e-01
8.649451136589050293e-01
8.643701672554016113e-01
8.637868762016296387e-01
8.631973862648010254e-01
8.626028299331665039e-01
8.620018362998962402e-01
8.613959550857543945e-01
8.607761859893798828e-01
8.599461913108825684e-01
8.591114878654479980e-01
8.582710027694702148e-01
8.574242591857910156e-01
8.565727472305297852e-01
8.557175397872924805e-01
8.548547029495239258e-01
8.539856672286987305e-01
8.531116247177124023e-01
8.522319197654724121e-01
8.513488769531250000e-01
8.504579663276672363e-01
8.495607376098632812e-01
8.486588001251220703e-01
8.477503657341003418e-01
8.468400835990905762e-01
8.459211587905883789e-01
8.449689745903015137e-01
8.439375162124633789e-01
8.429028987884521484e-01
8.418629765510559082e-01
8.408225774765014648e-01
8.397750258445739746e-01
8.387228250503540039e-01
8.376669883728027344e-01
8.366061449050903320e-01
8.355449438095092773e-01
8.344768881797790527e-01
8.334037661552429199e-01
8.323272466659545898e-01
8.312466740608215332e-01
8.301644325256347656e-01
8.290756940841674805e-01
8.279821276664733887e-01
8.268855810165405273e-01
8.257928490638732910e-01
8.248659372329711914e-01
8.239400386810302734e-01
8.230086565017700195e-01
8.220763206481933594e-01
8.211410641670227051e-01
8.202034235000610352e-01
8.192670941352844238e-01
8.183256387710571289e-01
8.173817992210388184e-01
8.164362311363220215e-01
8.154882192611694336e-01
8.145385980606079102e-01
8.135898113250732422e-01
8.126357197761535645e-01
8.116798400878906250e-01
8.107227683067321777e-01
8.097624778747558594e-01
8.088035583496093750e-01
8.078392148017883301e-01
8.068731427192687988e-01
8.059051036834716797e-01
8.049346804618835449e-01
8.039655685424804688e-01
8.029913902282714844e-01
8.020148873329162598e-01
8.010366559028625488e-01
8.000559806823730469e-01
7.990768551826477051e-01
7.980933189392089844e-01
7.971066236495971680e-01
7.961183190345764160e-01
7.951279282569885254e-01
7.941382527351379395e-01
7.931438088417053223e-01
7.921474575996398926e-01
7.911485433578491211e-01
7.901480793952941895e-01
7.891879081726074219e-01
7.883416414260864258e-01
7.874945998191833496e-01
7.866450548171997070e-01
7.857955098152160645e-01
7.849473953247070312e-01
7.840949296951293945e-01
7.832408547401428223e-01
7.823858857154846191e-01
7.815296649932861328e-01
7.806749939918518066e-01
7.798162698745727539e-01
7.789563536643981934e-01
7.780955433845520020e-01
7.772322297096252441e-01
7.763721942901611328e-01
7.755072116851806641e-01
7.746410369873046875e-01
7.737730741500854492e-01
7.729043364524841309e-01
7.720343470573425293e-01
7.711658477783203125e-01
7.702933549880981445e-01
7.694195508956909180e-01
7.685449123382568359e-01
7.676677703857421875e-01
7.667938470840454102e-01
7.659149765968322754e-01
7.650347948074340820e-01
7.641529440879821777e-01
7.632703185081481934e-01
7.623895406723022461e-01
7.615047097206115723e-01
7.606173753738403320e-01
7.597295045852661133e-01
7.588409185409545898e-01
7.579528689384460449e-01
7.570616602897644043e-01
7.561687231063842773e-01
7.552744746208190918e-01
7.543451786041259766e-01
7.533757090568542480e-01
7.524039149284362793e-01
7.514303326606750488e-01
7.504553198814392090e-01
7.494812011718750000e-01
7.485024333000183105e-01
7.475212812423706055e-01
7.465382814407348633e-01
7.455538511276245117e-01
7.445703148841857910e-01
7.435821294784545898e-01
7.425923347473144531e-01
7.415998578071594238e-01
7.406058907508850098e-01
7.396128177642822266e-01
7.386150956153869629e-01
7.376148700714111328e-01
7.366126775741577148e-01
7.356091141700744629e-01
7.346064448356628418e-01
7.335990071296691895e-01
7.325890064239501953e-01
7.315770983695983887e-01
7.305637598037719727e-01
7.295512557029724121e-01
7.285339832305908203e-01
7.275141477584838867e-01
7.264924049377441406e-01
7.254700660705566406e-01
7.244476079940795898e-01
7.234204411506652832e-01
7.223905920982360840e-01
7.213594317436218262e-01
7.203255295753479004e-01
7.192930579185485840e-01
7.182557582855224609e-01
7.172158360481262207e-01
7.161744236946105957e-01
7.151304483413696289e-01
7.140877246856689453e-01
7.130402326583862305e-01
7.119819521903991699e-01
7.109186649322509766e-01
7.098528742790222168e-01
7.087885737419128418e-01
7.077196240425109863e-01
7.066481113433837891e-01
7.055752873420715332e-01
7.045000195503234863e-01
7.034267783164978027e-01
7.023476362228393555e-01
7.012672424316406250e-01
7.001842260360717773e-01
6.990999579429626465e-01
6.980165243148803711e-01
6.969285011291503906e-01
6.958377361297607422e-01
6.947457790374755859e-01
6.936512589454650879e-01
6.925581693649291992e-01
6.914604902267456055e-01
6.903600692749023438e-01
6.892584562301635742e-01
6.881542801856994629e-01
6.870523095130920410e-01
6.859441399574279785e-01
6.848348379135131836e-01
6.837229132652282715e-01
6.826097369194030762e-01
6.814973950386047363e-01
6.803803443908691406e-01
6.792606711387634277e-01
6.781398057937622070e-01
6.770162582397460938e-01
6.758949756622314453e-01
6.747675538063049316e-01
6.736382246017456055e-01
6.725077033042907715e-01
6.713745594024658203e-01
6.702437400817871094e-01
6.691067218780517578e-01
6.679685711860656738e-01
6.668277382850646973e-01
6.656857728958129883e-01
6.645436882972717285e-01
6.633838415145874023e-01
6.622130274772644043e-01
6.610397100448608398e-01
6.598655581474304199e-01
6.586924791336059570e-01
6.575143337249755859e-01
6.563354730606079102e-01
6.551541090011596680e-01
6.539710760116577148e-01
6.527874469757080078e-01
6.516050100326538086e-01
6.504173278808593750e-01
6.492282748222351074e-01
6.480384469032287598e-01
6.468472480773925781e-01
6.456562876701354980e-01
6.444621086120605469e-01
6.432664394378662109e-01
6.420685052871704102e-01
6.408690810203552246e-01
6.396718025207519531e-01
6.384705305099487305e-01
6.372678875923156738e-01
6.360620260238647461e-01
6.348566412925720215e-01
6.336526274681091309e-01
6.324446201324462891e-01
6.312344670295715332e-01
6.300230026245117188e-01
6.288112401962280273e-01
6.276007890701293945e-01
6.263856291770935059e-01
6.251702904701232910e-01
6.239527463912963867e-01
6.227350234985351562e-01
6.215187907218933105e-01
6.202979087829589844e-01
6.190769076347351074e-01
6.178538799285888672e-01
6.166297793388366699e-01
6.154056191444396973e-01
6.141830682754516602e-01
6.129569411277770996e-01
6.117280125617980957e-01
6.105000376701354980e-01
6.092711091041564941e-01
6.080459952354431152e-01
6.068441867828369141e-01
6.056411862373352051e-01
6.044398546218872070e-01
6.032364964485168457e-01
6.020383834838867188e-01
6.008356809616088867e-01
5.996329784393310547e-01
5.984300374984741211e-01
5.972262620925903320e-01
5.960279107093811035e-01
5.948251485824584961e-01
5.936224460601806641e-01
5.924198031425476074e-01
5.912174582481384277e-01
5.900151729583740234e-01
5.888156294822692871e-01
5.876147747039794922e-01
5.864132046699523926e-01
5.852121710777282715e-01
5.840112566947937012e-01
5.828132629394531250e-01
5.816141963005065918e-01
5.804145932197570801e-01
5.792156457901000977e-01
5.780169963836669922e-01
5.768191814422607422e-01
5.756251215934753418e-01
5.744283199310302734e-01
5.732324123382568359e-01
5.720369815826416016e-01
5.708425045013427734e-01
5.696520209312438965e-01
5.684601068496704102e-01
5.672670006752014160e-01
5.660756826400756836e-01
5.648855566978454590e-01
5.636961460113525391e-01
5.625122189521789551e-01
5.613240599632263184e-01
5.601378083229064941e-01
5.589529275894165039e-01
5.577690005302429199e-01
5.565897822380065918e-01
5.554082393646240234e-01
5.542291998863220215e-01
5.530493855476379395e-01
5.518718361854553223e-01
5.506960153579711914e-01
5.495244264602661133e-01
5.484690666198730469e-01
5.474354028701782227e-01
5.464028120040893555e-01
5.453718304634094238e-01
5.443472862243652344e-01
5.433216094970703125e-01
5.422967076301574707e-01
5.412745475769042969e-01
5.402551889419555664e-01
5.392367839813232422e-01
5.382248759269714355e-01
5.372121930122375488e-01
5.361996889114379883e-01
5.351914763450622559e-01
5.341842770576477051e-01
5.331808328628540039e-01
5.321826338768005371e-01
5.311818718910217285e-01
5.301854610443115234e-01
5.291915535926818848e-01
5.281988978385925293e-01
5.272099375724792480e-01
5.262258052825927734e-01
5.252406001091003418e-01
5.242593288421630859e-01
5.232807397842407227e-01
5.223027467727661133e-01
5.213293433189392090e-01
5.203603506088256836e-01
5.193923711776733398e-01
5.184271931648254395e-01
5.174627900123596191e-01
5.165031552314758301e-01
5.155463218688964844e-01
5.145938992500305176e-01
5.136427879333496094e-01
5.126938223838806152e-01
5.117472410202026367e-01
5.108049511909484863e-01
5.098654627799987793e-01
5.089305043220520020e-01
5.079964399337768555e-01
5.070647597312927246e-01
5.061375498771667480e-01
5.052133202552795410e-01
5.042909383773803711e-01
5.033749341964721680e-01
5.024600625038146973e-01
5.015471577644348145e-01
5.006387233734130859e-01
4.997334778308868408e-01
4.988295733928680420e-01
4.979493021965026855e-01
4.970733523368835449e-01
4.961999058723449707e-01
4.953316152095794678e-01
4.944646656513214111e-01
4.936015009880065918e-01
4.927440881729125977e-01
4.918881058692932129e-01
4.910346865653991699e-01
4.901840388774871826e-01
4.893372356891632080e-01
4.884951710700988770e-01
4.876569509506225586e-01
4.868202209472656250e-01
4.859877824783325195e-01
4.851578474044799805e-01
4.843313992023468018e-01
4.835077822208404541e-01
4.826895296573638916e-01
4.818757474422454834e-01
4.810626506805419922e-01
4.802548885345458984e-01
4.794488549232482910e-01
4.786468148231506348e-01
4.778484106063842773e-01
4.770543873310089111e-01
4.762653112411499023e-01
4.754771590232849121e-01
4.746944904327392578e-01
4.739140868186950684e-01
4.731369018554687500e-01
4.723637998104095459e-01
4.715953171253204346e-01
4.708317220211029053e-01
4.700697660446166992e-01
4.693124294281005859e-01
4.685578942298889160e-01
4.678067862987518311e-01
4.670598208904266357e-01
4.663180410861968994e-01
4.655802547931671143e-01
4.648446738719940186e-01
4.641125202178955078e-01
4.633860290050506592e-01
4.626619219779968262e-01
4.619414210319519043e-01
4.612264931201934814e-01
4.605160653591156006e-01
4.598071575164794922e-01
4.591026306152343750e-01
4.584030210971832275e-01
4.577063024044036865e-01
4.570136070251464844e-01
4.563259482383728027e-01
4.556429088115692139e-01
4.549401402473449707e-01
4.542229175567626953e-01
4.535098969936370850e-01
4.527996480464935303e-01
4.520948231220245361e-01
4.513945281505584717e-01
4.507001936435699463e-01
4.500070810317993164e-01
4.493196010589599609e-01
4.486362636089324951e-01
4.479561448097229004e-01
4.472817480564117432e-01
4.466116428375244141e-01
4.459461569786071777e-01
4.452848434448242188e-01
4.446277618408203125e-01
4.439752697944641113e-01
4.433258473873138428e-01
4.426822960376739502e-01
4.420431554317474365e-01
4.414083957672119141e-01
4.407782256603240967e-01
4.401524960994720459e-01
4.395299851894378662e-01
4.389133751392364502e-01
4.383012652397155762e-01
4.376935362815856934e-01
4.370892047882080078e-01
4.364908039569854736e-01
4.358982741832733154e-01
4.353077113628387451e-01
4.347229599952697754e-01
4.341429769992828369e-01
4.335676133632659912e-01
4.329954981803894043e-01
4.324294924736022949e-01
4.318680763244628906e-01
4.313099682331085205e-01
4.307591021060943604e-01
4.302118420600891113e-01
4.296678602695465088e-01
4.291300177574157715e-01
4.285967946052551270e-01
4.280684292316436768e-01
4.275434613227844238e-01
4.270246326923370361e-01
4.265115857124328613e-01
4.260009527206420898e-01
4.254964590072631836e-01
4.249967336654663086e-01
4.245005249977111816e-01
4.240105748176574707e-01
4.235253632068634033e-01
4.230450391769409180e-01
4.225682616233825684e-01
4.220984578132629395e-01
4.216327667236328125e-01
4.211705625057220459e-01
4.207146465778350830e-01
4.202894270420074463e-01
4.198752641677856445e-01
4.194659292697906494e-01
4.190611839294433594e-01
4.186612069606781006e-01
4.182666838169097900e-01
4.178761243820190430e-01
4.174904227256774902e-01
4.171093702316284180e-01
4.167330563068389893e-01
4.163616895675659180e-01
4.159948825836181641e-01
4.156329035758972168e-01
4.152761697769165039e-01
4.149235785007476807e-01
4.145758152008056641e-01
4.142328500747680664e-01
4.138946235179901123e-01
4.135611951351165771e-01
4.132325053215026855e-01
4.129087626934051514e-01
4.125896394252777100e-01
4.122757017612457275e-01
4.119661450386047363e-01
4.116613268852233887e-01
4.113613069057464600e-01
4.110660552978515625e-01
4.107755720615386963e-01
4.104898869991302490e-01
4.102090299129486084e-01
4.099329113960266113e-01
4.096618294715881348e-01
4.093952476978302002e-01
4.091334939002990723e-01
4.088766872882843018e-01
4.086244702339172363e-01
4.083769917488098145e-01
4.081342816352844238e-01
4.078963696956634521e-01
4.076632261276245117e-01
4.074337184429168701e-01
4.072103798389434814e-01
4.069915115833282471e-01
4.067774116992950439e-01
4.065679907798767090e-01
4.063633680343627930e-01
4.061634838581085205e-01
4.059683382511138916e-01
4.057779014110565186e-01
4.055921435356140137e-01
4.054110944271087646e-01
4.052352011203765869e-01
4.050635099411010742e-01
4.048966467380523682e-01
4.047343730926513672e-01
4.045767784118652344e-01
4.044238626956939697e-01
4.042756259441375732e-01
4.041318297386169434e-01
4.039928615093231201e-01
4.038584530353546143e-01
4.037286937236785889e-01
4.036184251308441162e-01
4.035450518131256104e-01
4.034770429134368896e-01
4.034133851528167725e-01
4.033544361591339111e-01
4.033003151416778564e-01
4.032509326934814453e-01
4.032061994075775146e-01
4.031663835048675537e-01
4.031310677528381348e-01
4.031002819538116455e-01
4.030740857124328613e-01
4.030524790287017822e-01
4.030354321002960205e-01
4.030232727527618408e-01
4.030151367187500000e-01
4.030114114284515381e-01
4.030120074748992920e-01
4.030169844627380371e-01
4.030262529850006104e-01
4.030399322509765625e-01
4.030576348304748535e-01
4.030795395374298096e-01
4.031055867671966553e-01
4.031356573104858398e-01
4.031698107719421387e-01
4.032085835933685303e-01
4.032506048679351807e-01
4.032965898513793945e-01
4.033464193344116211e-01
4.033999741077423096e-01
4.034573137760162354e-01
4.035189747810363770e-01
4.035836458206176758e-01
4.036510586738586426e-01
4.037227928638458252e-01
4.037979543209075928e-01
4.038764536380767822e-01
4.039589166641235352e-01
4.040434658527374268e-01
4.041317105293273926e-01
4.042231142520904541e-01
4.043175578117370605e-01
4.044150114059448242e-01
4.045159518718719482e-01
4.046190679073333740e-01
4.047250151634216309e-01
4.048335552215576172e-01
4.049447178840637207e-01
4.050584137439727783e-01
4.051751494407653809e-01
4.052936434745788574e-01
4.054143726825714111e-01
4.055371880531311035e-01
4.056622087955474854e-01
4.057891964912414551e-01
4.059180617332458496e-01
4.060493707656860352e-01
4.061817526817321777e-01
4.063157439231872559e-01
4.064506888389587402e-01
4.065876007080078125e-01
4.067258238792419434e-01
4.068658351898193359e-01
4.070063531398773193e-01
4.071478545665740967e-01
4.072901904582977295e-01
4.074528813362121582e-01
4.076250493526458740e-01
4.077953696250915527e-01
4.079647064208984375e-01
4.081329107284545898e-01
4.082989096641540527e-01
4.084637761116027832e-01
4.086261689662933350e-01
4.087872207164764404e-01
4.089460670948028564e-01
4.091020524501800537e-01
4.092562198638916016e-01
4.094071984291076660e-01
4.095558524131774902e-01
4.097017347812652588e-01
4.098441302776336670e-01
4.099838733673095703e-01
4.101198017597198486e-01
4.102528393268585205e-01
4.103821814060211182e-01
4.105072021484375000e-01
4.106288552284240723e-01
4.107458293437957764e-01
4.108590781688690186e-01
4.109674394130706787e-01
4.110717773437500000e-01
4.111713469028472900e-01
4.112655222415924072e-01
4.113552272319793701e-01
4.114390909671783447e-01
4.115181863307952881e-01
4.115917980670928955e-01
4.116590619087219238e-01
4.117211103439331055e-01
4.117767810821533203e-01
4.118266403675079346e-01
4.118701219558715820e-01
4.119066596031188965e-01
4.119370579719543457e-01
4.119600951671600342e-01
4.119766950607299805e-01
4.119857251644134521e-01
4.119878411293029785e-01
4.119825363159179688e-01
4.119694828987121582e-01
4.119488596916198730e-01
4.119198322296142578e-01
4.118831753730773926e-01
4.118383228778839111e-01
4.117846190929412842e-01
4.117228388786315918e-01
4.116520583629608154e-01
4.115726947784423828e-01
4.114844202995300293e-01
4.113870859146118164e-01
4.112803936004638672e-01
4.111640751361846924e-01
4.110384881496429443e-01
4.109032452106475830e-01
4.107578694820404053e-01
4.106028378009796143e-01
4.104375243186950684e-01
4.102621674537658691e-01
4.100763797760009766e-01
4.098807275295257568e-01
4.096740186214447021e-01
4.094565510749816895e-01
4.092283844947814941e-01
4.089892506599426270e-01
4.087391197681427002e-01
4.084779024124145508e-01
4.081915020942687988e-01
4.078736603260040283e-01
4.075443744659423828e-01
4.072035849094390869e-01
4.068506062030792236e-01
4.064866006374359131e-01
4.061109423637390137e-01
4.057235419750213623e-01
4.053246080875396729e-01
4.049134254455566406e-01
4.044911265373229980e-01
4.040569961071014404e-01
4.036113023757934570e-01
4.031538963317871094e-01
4.026841819286346436e-01
4.022034704685211182e-01
4.017111361026763916e-01
4.012070298194885254e-01
4.006914198398590088e-01
4.001637697219848633e-01
3.996250331401824951e-01
3.990747928619384766e-01
3.985131084918975830e-01
3.979400396347045898e-01
3.973550200462341309e-01
3.967592716217041016e-01
3.961522579193115234e-01
3.955339491367340088e-01
3.949046432971954346e-01
3.942637145519256592e-01
3.936126530170440674e-01
3.929503262042999268e-01
3.922772109508514404e-01
3.915932774543762207e-01
3.908986151218414307e-01
3.901928961277008057e-01
3.894722163677215576e-01
3.887459933757781982e-01
3.880095183849334717e-01
3.872628808021545410e-01
3.865055441856384277e-01
3.857387900352478027e-01
3.849621415138244629e-01
3.841757178306579590e-01
3.833795785903930664e-01
3.825735151767730713e-01
3.817584514617919922e-01
3.809340894222259521e-01
3.801005780696868896e-01
3.792580664157867432e-01
3.784060776233673096e-01
3.775458931922912598e-01
3.766769766807556152e-01
3.757995367050170898e-01
3.749138116836547852e-01
3.740194439888000488e-01
3.731173872947692871e-01
3.722072839736938477e-01
3.712903261184692383e-01
3.703648746013641357e-01
3.694314956665039062e-01
3.684912025928497314e-01
3.675436675548553467e-01
3.665890395641326904e-01
3.656212091445922852e-01
3.646526932716369629e-01
3.636778295040130615e-01
3.626964986324310303e-01
3.617089688777923584e-01
3.607152998447418213e-01
3.597153723239898682e-01
3.587099015712738037e-01
3.576988577842712402e-01
3.566821813583374023e-01
3.556602597236633301e-01
3.546329736709594727e-01
3.536026477813720703e-01
3.525987267494201660e-01
3.515895903110504150e-01
3.505768179893493652e-01
3.495601117610931396e-01
3.485400378704071045e-01
3.475163877010345459e-01
3.464893996715545654e-01
3.454594910144805908e-01
3.444263935089111328e-01
3.433835208415985107e-01
3.423448503017425537e-01
3.413035869598388672e-01
3.402599394321441650e-01
3.392137587070465088e-01
3.381655216217041016e-01
3.371152579784393311e-01
3.360628783702850342e-01
3.350088000297546387e-01
3.339530229568481445e-01
3.328956365585327148e-01
3.318368792533874512e-01
3.307708501815795898e-01
3.297095596790313721e-01
3.286472558975219727e-01
3.275839686393737793e-01
3.265199065208435059e-01
3.254550099372863770e-01
3.243896663188934326e-01
3.233238756656646729e-01
3.222575187683105469e-01
3.211911022663116455e-01
3.201243877410888672e-01
3.190577626228332520e-01
3.179840445518493652e-01
3.169177174568176270e-01
3.158517479896545410e-01
3.147858679294586182e-01
3.137207627296447754e-01
3.126560747623443604e-01
3.115921914577484131e-01
3.105292022228240967e-01
3.094680011272430420e-01
3.084068298339843750e-01
3.073465228080749512e-01
3.062876164913177490e-01
3.052226006984710693e-01
3.041663169860839844e-01
3.031114935874938965e-01
3.020578622817993164e-01
3.010060191154479980e-01
2.999556064605712891e-01
2.989073395729064941e-01
2.978607714176177979e-01
2.968158721923828125e-01
2.957732975482940674e-01
2.947323620319366455e-01
2.936939597129821777e-01
2.926508784294128418e-01
2.916165888309478760e-01
2.905849218368530273e-01
2.895553410053253174e-01
2.885286509990692139e-01
2.875051200389862061e-01
2.864835262298583984e-01
2.854645848274230957e-01
2.844478487968444824e-01
2.834343016147613525e-01
2.824231982231140137e-01
2.814086973667144775e-01
2.804037332534790039e-01
2.794013321399688721e-01
2.784024477005004883e-01
2.774060666561126709e-01
2.764134109020233154e-01
2.754232883453369141e-01
2.744368910789489746e-01
2.734538018703460693e-01
2.724734544754028320e-01
2.714903950691223145e-01
2.705167531967163086e-01
2.695470452308654785e-01
2.685846388339996338e-01
2.676701247692108154e-01
2.667595148086547852e-01
2.658516764640808105e-01
2.649493515491485596e-01
2.640441656112670898e-01
2.631492316722869873e-01
2.622570991516113281e-01
2.613707184791564941e-01
2.604876458644866943e-01
2.596085667610168457e-01
2.587330043315887451e-01
2.578558623790740967e-01
2.569888532161712646e-01
2.561258077621459961e-01
2.552675306797027588e-01
2.544116079807281494e-01
2.535606920719146729e-01
2.527145743370056152e-01
2.518658936023712158e-01
2.510261833667755127e-01
2.501915991306304932e-01
2.493617683649063110e-01
2.485353201627731323e-01
2.477128952741622925e-01
2.468935549259185791e-01
2.460742890834808350e-01
2.452640980482101440e-01
2.444580495357513428e-01
2.436557561159133911e-01
2.428577691316604614e-01
2.420639246702194214e-01
2.412741184234619141e-01
2.404890954494476318e-01
2.397008389234542847e-01
2.389232069253921509e-01
2.381496131420135498e-01
2.373807281255722046e-01
2.366142421960830688e-01
2.358527332544326782e-01
2.350959330797195435e-01
2.343371212482452393e-01
2.335866838693618774e-01
2.328411638736724854e-01
2.321004122495651245e-01
2.313628941774368286e-01
2.306293398141860962e-01
2.298987358808517456e-01
2.291686534881591797e-01
2.284469604492187500e-01
2.277290970087051392e-01
2.270150482654571533e-01
2.263050526380538940e-01
2.255989015102386475e-01
2.248966544866561890e-01
2.241990715265274048e-01
2.234986722469329834e-01
2.228079438209533691e-01
2.221218794584274292e-01
2.214388251304626465e-01
2.207586765289306641e-01
2.200831919908523560e-01
2.194122672080993652e-01
2.187394797801971436e-01
2.180744558572769165e-01
2.174139618873596191e-01
2.167579680681228638e-01
2.161048799753189087e-01
2.154554873704910278e-01
2.148051112890243530e-01
2.141630202531814575e-01
2.135245800018310547e-01
2.128897756338119507e-01
2.122585326433181763e-01
2.116263806819915771e-01
2.110023498535156250e-01
2.103818207979202271e-01
2.097656875848770142e-01
2.091514617204666138e-01
2.085415273904800415e-01
2.079315036535263062e-01
2.073285579681396484e-01
2.067283242940902710e-01
2.061322033405303955e-01
2.055403888225555420e-01
2.049469351768493652e-01
2.043610513210296631e-01
2.037778496742248535e-01
2.031995803117752075e-01
2.026715725660324097e-01
2.021570503711700439e-01
2.016487419605255127e-01
2.011434882879257202e-01
2.006417810916900635e-01
2.001430094242095947e-01
1.996430158615112305e-01
1.991491913795471191e-01
1.986589282751083374e-01
1.981706470251083374e-01
1.976859569549560547e-01
1.971994191408157349e-01
1.967203170061111450e-01
1.962439268827438354e-01
1.957702338695526123e-01
1.952985823154449463e-01
1.948256790637969971e-01
1.943600624799728394e-01
1.938971728086471558e-01
1.934369206428527832e-01
1.929785758256912231e-01
1.925198137760162354e-01
1.920673996210098267e-01
1.916166841983795166e-01
1.911687850952148438e-01
1.907240748405456543e-01
1.902819126844406128e-01
1.898385733366012573e-01
1.894008070230484009e-01
1.889661550521850586e-01
1.885331124067306519e-01
1.881033927202224731e-01
1.876719594001770020e-01
1.872470974922180176e-01
1.868247091770172119e-01
1.864047050476074219e-01
1.859864443540573120e-01
1.855668574571609497e-01
1.851539760828018188e-01
1.847434341907501221e-01
1.843345612287521362e-01
1.839286834001541138e-01
1.835217028856277466e-01
1.831195205450057983e-01
1.827198863029479980e-01
1.823230981826782227e-01
1.819285154342651367e-01
1.815329194068908691e-01
1.811422556638717651e-01
1.807543486356735229e-01
1.803677827119827271e-01
1.799842566251754761e-01
1.795990914106369019e-01
1.792198568582534790e-01
1.788427829742431641e-01
1.784678101539611816e-01
1.780912280082702637e-01
1.777196377515792847e-01
1.773509532213211060e-01
1.769843548536300659e-01
1.766161322593688965e-01
1.762536466121673584e-01
1.758931875228881836e-01
1.755346655845642090e-01
1.751738339662551880e-01
1.748193800449371338e-01
1.744668632745742798e-01
1.741163581609725952e-01
1.737648397684097290e-01
1.734176725149154663e-01
1.730729788541793823e-01
1.727294027805328369e-01
1.723856329917907715e-01
1.720461249351501465e-01
1.717090457677841187e-01
1.713738292455673218e-01
1.710375994443893433e-01
1.707055717706680298e-01
1.703750938177108765e-01
1.700472235679626465e-01
1.697183847427368164e-01
1.693936586380004883e-01
1.690712273120880127e-01
1.687505394220352173e-01
1.684288978576660156e-01
1.681104600429534912e-01
1.677950322628021240e-01
1.674813777208328247e-01
1.671667546033859253e-01
1.668560206890106201e-01
1.665475219488143921e-01
1.662406772375106812e-01
1.659320443868637085e-01
1.656281203031539917e-01
1.653262972831726074e-01
1.650267094373703003e-01
1.647365838289260864e-01
1.644473969936370850e-01
1.641611903905868530e-01
1.638728827238082886e-01
1.635896563529968262e-01
1.633072942495346069e-01
1.630278676748275757e-01
1.627463698387145996e-01
1.624698638916015625e-01
1.621946245431900024e-01
1.619213521480560303e-01
1.616464853286743164e-01
1.613764762878417969e-01
1.611076891422271729e-01
1.608408689498901367e-01
1.605724245309829712e-01
1.603087484836578369e-01
1.600462943315505981e-01
1.597857326269149780e-01
1.595235168933868408e-01
1.592664718627929688e-01
1.590097248554229736e-01
1.587552428245544434e-01
1.584991365671157837e-01
1.582480967044830322e-01
1.579973101615905762e-01
1.577487438917160034e-01
1.574990302324295044e-01
1.572533845901489258e-01
1.570084095001220703e-01
1.567656546831130981e-01
1.565216779708862305e-01
1.562817394733428955e-01
1.560424268245697021e-01
1.558056622743606567e-01
1.555669307708740234e-01
1.553325206041336060e-01
1.550987362861633301e-01
1.548652946949005127e-01
1.546341627836227417e-01
1.544051915407180786e-01
1.541746258735656738e-01
1.539486497640609741e-01
1.537228673696517944e-01
1.534970402717590332e-01
1.532742381095886230e-01
1.530530601739883423e-01
1.528303474187850952e-01
1.526117771863937378e-01
1.523940116167068481e-01
1.521759033203125000e-01
1.519602984189987183e-01
1.517470479011535645e-01
1.515319049358367920e-01
1.513207554817199707e-01
1.511100679636001587e-01
1.508996635675430298e-01
1.506913751363754272e-01
1.504850536584854126e-01
1.502774953842163086e-01
1.500735133886337280e-01
1.498699635267257690e-01
1.496663242578506470e-01
1.494654268026351929e-01
1.492660790681838989e-01
1.490670889616012573e-01
1.488680988550186157e-01
1.486717164516448975e-01
1.484768688678741455e-01
1.482804864645004272e-01
1.480881720781326294e-01
1.478959172964096069e-01
1.477035731077194214e-01
1.475134789943695068e-01
1.473255008459091187e-01
1.471357047557830811e-01
1.469495445489883423e-01
1.467640250921249390e-01
1.465781629085540771e-01
1.463944017887115479e-01
1.462124288082122803e-01
1.460292935371398926e-01
1.458493620157241821e-01
1.456697285175323486e-01
1.454903781414031982e-01
1.453127562999725342e-01
1.451368629932403564e-01
1.449595242738723755e-01
1.447859257459640503e-01
1.446122825145721436e-01
1.444386094808578491e-01
1.442669034004211426e-01
1.440971791744232178e-01
1.439274251461029053e-01
1.437576264142990112e-01
1.435900330543518066e-01
1.434238255023956299e-01
1.432561576366424561e-01
1.430917978286743164e-01
1.429279744625091553e-01
1.427638232707977295e-01
1.426015347242355347e-01
1.424439251422882080e-01
1.423183828592300415e-01
1.421957314014434814e-01
1.420729756355285645e-01
1.419495940208435059e-01
1.418287009000778198e-01
1.417076438665390015e-01
1.415862739086151123e-01
1.414660960435867310e-01
1.413474380970001221e-01
1.412270665168762207e-01
1.411095261573791504e-01
1.409925520420074463e-01
1.408735662698745728e-01
1.407576650381088257e-01
1.406416296958923340e-01
1.405252665281295776e-01
1.404100358486175537e-01
1.402947604656219482e-01
1.401815563440322876e-01
1.400682032108306885e-01
1.399542689323425293e-01
1.398419588804244995e-01
1.397293359041213989e-01
1.396180838346481323e-01
1.395077705383300781e-01
1.393966972827911377e-01
1.392869800329208374e-01
1.391769647598266602e-01
1.390682458877563477e-01
1.389604955911636353e-01
1.388513147830963135e-01
1.387448012828826904e-01
1.386387646198272705e-01
1.385308504104614258e-01
1.384258270263671875e-01
1.383191347122192383e-01
1.382150650024414062e-01
1.381105929613113403e-01
1.380060315132141113e-01
1.379034221172332764e-01
1.377991884946823120e-01
1.376972794532775879e-01
1.375954300165176392e-01
1.374932825565338135e-01
1.373923718929290771e-01
1.372911632061004639e-01
1.371916085481643677e-01
1.370920836925506592e-01
1.369922608137130737e-01
1.368936598300933838e-01
1.367945522069931030e-01
1.366968303918838501e-01
1.366002410650253296e-01
1.365027427673339844e-01
1.364061534404754639e-01
1.363095194101333618e-01
1.362140625715255737e-01
1.361196935176849365e-01
1.360235065221786499e-01
1.359300166368484497e-01
1.358369588851928711e-01
1.357423067092895508e-01
1.356500983238220215e-01
1.355561167001724243e-01
1.354647427797317505e-01
1.353731602430343628e-01
1.352813392877578735e-01
1.351903825998306274e-01
1.350993961095809937e-01
1.350101381540298462e-01
1.349206417798995972e-01
1.348306834697723389e-01
1.347420215606689453e-01
1.346531212329864502e-01
1.345652490854263306e-01
1.344782263040542603e-01
1.343905329704284668e-01
1.343038976192474365e-01
1.342169940471649170e-01
1.341311484575271606e-01
1.340461224317550659e-01
1.339597851037979126e-01
1.338757574558258057e-01
1.337908655405044556e-01
1.337067484855651855e-01
1.336238831281661987e-01
1.335395127534866333e-01
1.334573924541473389e-01
1.333748400211334229e-01
1.332922577857971191e-01
1.332112848758697510e-01
1.331288218498229980e-01
1.330484002828598022e-01
1.329679191112518311e-01
1.328872144222259521e-01
1.328074634075164795e-01
1.327273249626159668e-01
1.326489299535751343e-01
1.325690895318984985e-01
1.324914395809173584e-01
1.324123293161392212e-01
1.323351860046386719e-01
1.322568058967590332e-01
1.321805864572525024e-01
1.321035176515579224e-01
1.320271939039230347e-01
1.319508701562881470e-01
1.318754106760025024e-01
1.318009495735168457e-01
1.317248642444610596e-01
1.316510736942291260e-01
1.315764933824539185e-01
1.314952820539474487e-01
1.314110606908798218e-01
1.313281357288360596e-01
1.312445849180221558e-01
1.311625093221664429e-01
1.310796141624450684e-01
1.309981793165206909e-01
1.309165507555007935e-01
1.308357566595077515e-01
1.307540088891983032e-01
1.306738555431365967e-01
1.305940300226211548e-01
1.305133998394012451e-01
1.304342001676559448e-01
1.303542256355285645e-01
1.302756369113922119e-01
1.301968991756439209e-01
1.301187723875045776e-01
1.300400346517562866e-01
1.299627125263214111e-01
1.298846155405044556e-01
1.298078894615173340e-01
1.297304034233093262e-01
1.296543031930923462e-01
1.295774281024932861e-01
1.295023411512374878e-01
1.294271349906921387e-01
1.293511539697647095e-01
1.292765587568283081e-01
1.292011737823486328e-01
1.291271746158599854e-01
1.290523856878280640e-01
1.289789676666259766e-01
1.289051920175552368e-01
1.288323551416397095e-01
1.287587583065032959e-01
1.286864876747131348e-01
1.286134719848632812e-01
1.285417824983596802e-01
1.284693330526351929e-01
1.283980607986450195e-01
1.283272206783294678e-01
1.282562166452407837e-01
1.281859427690505981e-01
1.281149089336395264e-01
1.280451864004135132e-01
1.279747486114501953e-01
1.279055774211883545e-01
1.278355270624160767e-01
1.277669221162796021e-01
1.276975721120834351e-01
1.276300847530364990e-01
1.275612860918045044e-01
1.274937689304351807e-01
1.274255067110061646e-01
1.273585259914398193e-01
1.272916644811630249e-01
1.272242218255996704e-01
1.271580308675765991e-01
1.270911246538162231e-01
1.270260363817214966e-01
1.269596517086029053e-01
1.268945187330245972e-01
1.268285363912582397e-01
1.267639100551605225e-01
1.266985982656478882e-01
1.266344934701919556e-01
1.265696883201599121e-01
1.265066713094711304e-01
1.264423877000808716e-01
1.263792961835861206e-01
1.263153851032257080e-01
1.262528002262115479e-01
1.261895447969436646e-01
1.261265277862548828e-01
1.260647028684616089e-01
1.260021924972534180e-01
1.259414255619049072e-01
1.258794069290161133e-01
1.258184462785720825e-01
1.257569342851638794e-01
1.256965845823287964e-01
1.256355643272399902e-01
1.255757063627243042e-01
1.255151480436325073e-01
1.254548728466033936e-01
1.253961473703384399e-01
1.253363341093063354e-01
1.252776682376861572e-01
1.252183467149734497e-01
1.251601427793502808e-01
1.251012980937957764e-01
1.250435709953308105e-01
1.249852031469345093e-01
1.249278113245964050e-01
1.248704418540000916e-01
1.248127669095993042e-01
1.247561946511268616e-01
1.246989816427230835e-01
1.246428787708282471e-01
1.245861127972602844e-01
1.245304718613624573e-01
1.244740486145019531e-01
1.244188621640205383e-01
1.243635490536689758e-01
1.243088021874427795e-01
1.242534071207046509e-01
1.241982206702232361e-01
1.241441443562507629e-01
1.240892931818962097e-01
1.240356564521789551e-01
1.239813715219497681e-01
1.239287033677101135e-01
1.238748580217361450e-01
1.238220855593681335e-01
1.237686797976493835e-01
1.237154975533485413e-01
1.236632391810417175e-01
1.236104816198348999e-01
1.235587894916534424e-01
1.235064491629600525e-01
1.234557107090950012e-01
1.234000697731971741e-01
1.233369261026382446e-01
1.232725456357002258e-01
1.232097223401069641e-01
1.231458857655525208e-01
1.230826452374458313e-01
1.230199337005615234e-01
1.229572445154190063e-01
1.228949502110481262e-01
1.228325739502906799e-01
1.227708160877227783e-01
1.227088421583175659e-01
1.226479038596153259e-01
1.225859522819519043e-01
1.225254163146018982e-01
1.224637702107429504e-01
1.224029585719108582e-01
1.223425269126892090e-01
1.222820058465003967e-01
1.222220882773399353e-01
1.221619769930839539e-01
1.221023499965667725e-01
1.220427453517913818e-01
1.219835355877876282e-01
1.219243258237838745e-01
1.218654960393905640e-01
1.218066066503524780e-01
1.217475011944770813e-01
1.216897740960121155e-01
1.216314658522605896e-01
1.215737238526344299e-01
1.215158030390739441e-01
1.214583590626716614e-01
1.214009374380111694e-01
1.213430985808372498e-01
1.212867349386215210e-01
1.212293878197669983e-01
1.211734116077423096e-01
1.211163401603698730e-01
1.210600882768630981e-01
1.210041642189025879e-01
1.209481805562973022e-01
1.208919808268547058e-01
1.208371371030807495e-01
1.207817271351814270e-01
1.207261011004447937e-01
1.206718087196350098e-01
1.206164509057998657e-01
1.205626428127288818e-01
1.205076575279235840e-01
1.204533725976943970e-01
1.203995868563652039e-01
1.203456744551658630e-01
1.202914416790008545e-01
1.202386990189552307e-01
1.201848387718200684e-01
1.201323866844177246e-01
1.200789585709571838e-01
1.200261414051055908e-01
1.199742183089256287e-01
1.199213489890098572e-01
1.198690459132194519e-01
1.198171749711036682e-01
1.197653338313102722e-01
1.197130754590034485e-01
1.196622177958488464e-01
1.196104288101196289e-01
1.195599064230918884e-01
1.195083707571029663e-01
1.194575801491737366e-01
1.194070950150489807e-01
1.193565726280212402e-01
1.193058192729949951e-01
1.192563548684120178e-01
1.192063242197036743e-01
1.191567927598953247e-01
1.191071420907974243e-01
1.190571337938308716e-01
1.190086081624031067e-01
1.189589574933052063e-01
1.189099624752998352e-01
1.188614442944526672e-01
1.188127994537353516e-01
1.187638342380523682e-01
1.187162846326828003e-01
1.186676546931266785e-01
1.186203658580780029e-01
1.185721307992935181e-01
1.185244843363761902e-01
1.184772849082946777e-01
1.184299439191818237e-01
1.183827966451644897e-01
1.183360666036605835e-01
1.182892248034477234e-01
1.182427480816841125e-01
1.181963309645652771e-01
1.181494891643524170e-01
1.181039735674858093e-01
1.180575415492057800e-01
1.180116683244705200e-01
1.179661452770233154e-01
1.179206669330596924e-01
1.178748011589050293e-01
1.178302019834518433e-01
1.177847310900688171e-01
1.177404746413230896e-01
1.176957115530967712e-01
1.176506802439689636e-01
1.176068782806396484e-01
1.175621077418327332e-01
1.175180152058601379e-01
1.174741983413696289e-01
1.174303591251373291e-01
1.173862665891647339e-01
1.173433810472488403e-01
1.172995194792747498e-01
1.172569915652275085e-01
1.172134429216384888e-01
1.171705126762390137e-01
1.171279698610305786e-01
1.170853227376937866e-01
1.170428320765495300e-01
1.170007437467575073e-01
1.169585436582565308e-01
1.169160306453704834e-01
1.168748289346694946e-01
1.168326064944267273e-01
1.167910099029541016e-01
1.167491599917411804e-01
1.167084649205207825e-01
1.166668385267257690e-01
1.166258677840232849e-01
1.165851578116416931e-01
1.165444031357765198e-01
1.165004149079322815e-01
1.164299771189689636e-01
1.163598597049713135e-01
1.162898764014244080e-01
1.162200793623924255e-01
1.161506921052932739e-01
1.160813495516777039e-01
1.160118132829666138e-01
1.159429252147674561e-01
1.158744469285011292e-01
1.158060058951377869e-01
1.157373860478401184e-01
1.156693771481513977e-01
1.156022623181343079e-01
1.155342608690261841e-01
1.154669672250747681e-01
1.154000088572502136e-01
1.153331920504570007e-01
1.152660772204399109e-01
1.151996850967407227e-01
1.151336058974266052e-01
1.150676682591438293e-01
1.150014251470565796e-01
1.149365082383155823e-01
1.148711740970611572e-01
1.148056462407112122e-01
1.147407367825508118e-01
1.146762445569038391e-01
1.146117672324180603e-01
1.145471185445785522e-01
1.144830882549285889e-01
1.144194528460502625e-01
1.143558397889137268e-01
1.142924949526786804e-01
1.142294555902481079e-01
1.141665279865264893e-01
1.141033396124839783e-01
1.140408441424369812e-01
1.139786466956138611e-01
1.139165759086608887e-01
1.138542369008064270e-01
1.137931719422340393e-01
1.137312278151512146e-01
1.136700138449668884e-01
1.136089637875556946e-01
1.135482639074325562e-01
1.134876236319541931e-01
