9.166105985641479492e-01
9.186845421791076660e-01
9.194971323013305664e-01
9.190994501113891602e-01
9.174859523773193359e-01
9.146420359611511230e-01
9.106224775314331055e-01
9.055801630020141602e-01
8.997293710708618164e-01
8.933038711547851562e-01
8.867293596267700195e-01
8.801336288452148438e-01
8.735305666923522949e-01
8.670281171798706055e-01
8.606082797050476074e-01
8.543157577514648438e-01
8.482152223587036133e-01
8.421831727027893066e-01
8.362970352172851562e-01
8.306578993797302246e-01
8.253617882728576660e-01
8.204391598701477051e-01
8.159669637680053711e-01
8.119725584983825684e-01
8.084549307823181152e-01
8.054497241973876953e-01
8.029308915138244629e-01
8.009163141250610352e-01
7.993018627166748047e-01
7.980562448501586914e-01
7.971516251564025879e-01
7.965604066848754883e-01
7.961627840995788574e-01
7.959408164024353027e-01
7.959562540054321289e-01
7.961917519569396973e-01
7.966293692588806152e-01
7.972538471221923828e-01
7.979431748390197754e-01
7.987087965011596680e-01
7.996222972869873047e-01
8.006778359413146973e-01
8.018808364868164062e-01
8.032428622245788574e-01
8.047558665275573730e-01
8.064016699790954590e-01
8.081694841384887695e-01
8.100502490997314453e-01
8.120394349098205566e-01
8.141145706176757812e-01
8.162636160850524902e-01
8.182783722877502441e-01
8.203799128532409668e-01
8.225613832473754883e-01
8.248180150985717773e-01
8.271483778953552246e-01
8.295464515686035156e-01
8.320573568344116211e-01
8.346771597862243652e-01
8.373728394508361816e-01
8.401481509208679199e-01
8.430034518241882324e-01
8.459296822547912598e-01
8.489491343498229980e-01
8.520240187644958496e-01
8.551782965660095215e-01
8.584296703338623047e-01
8.617638349533081055e-01
8.651508092880249023e-01
8.685519695281982422e-01
8.719101548194885254e-01
8.751843571662902832e-01
8.784483075141906738e-01
8.818632960319519043e-01
8.849812746047973633e-01
8.864186406135559082e-01
8.887615799903869629e-01
8.914545178413391113e-01
8.941204547882080078e-01
8.966763615608215332e-01
8.990809917449951172e-01
9.013097882270812988e-01
9.033344984054565430e-01
9.051518440246582031e-01
9.067711234092712402e-01
9.082188010215759277e-01
9.095363020896911621e-01
9.107679724693298340e-01
9.119402766227722168e-01
9.130765795707702637e-01
9.141820669174194336e-01
9.152349233627319336e-01
9.162000417709350586e-01
9.170312285423278809e-01
9.176518917083740234e-01
9.180752635002136230e-01
9.182727932929992676e-01
9.182257652282714844e-01
9.179224371910095215e-01
9.173580408096313477e-01
9.165355563163757324e-01
9.154704213142395020e-01
9.142374396324157715e-01
9.127840399742126465e-01
9.111295938491821289e-01
9.092851281166076660e-01
9.072768092155456543e-01
9.051161408424377441e-01
9.028324484825134277e-01
9.004356265068054199e-01
8.978776335716247559e-01
8.952218294143676758e-01
8.925150036811828613e-01
8.897651433944702148e-01
8.869990706443786621e-01
8.842219114303588867e-01
8.814648389816284180e-01
8.787341117858886719e-01
8.760419487953186035e-01
8.734264373779296875e-01
8.708695769309997559e-01
8.683666586875915527e-01
8.659282326698303223e-01
8.635573387145996094e-01
8.612607717514038086e-01
8.590305447578430176e-01
8.568705916404724121e-01
8.547917604446411133e-01
8.528406620025634766e-01
8.509585857391357422e-01
8.491362929344177246e-01
8.473812341690063477e-01
8.456847667694091797e-01
8.440464735031127930e-01
8.424619436264038086e-01
8.409270644187927246e-01
8.394458293914794922e-01
8.379285931587219238e-01
8.364406824111938477e-01
8.350071907043457031e-01
8.336254954338073730e-01
8.322957754135131836e-01
8.310211300849914551e-01
8.298003673553466797e-01
8.286340832710266113e-01
8.275242447853088379e-01
8.264759778976440430e-01
8.255332112312316895e-01
8.246459364891052246e-01
8.238133788108825684e-01
8.224331140518188477e-01
8.217459321022033691e-01
8.211030364036560059e-01
8.204982280731201172e-01
8.199263811111450195e-01
8.193800449371337891e-01
8.188508152961730957e-01
8.184095025062561035e-01
8.179702162742614746e-01
8.175196051597595215e-01
8.170496225357055664e-01
8.165533542633056641e-01
8.160245418548583984e-01
8.154615163803100586e-01
8.148667216300964355e-01
8.142473697662353516e-01
8.136169314384460449e-01
8.130125403404235840e-01
8.124678730964660645e-01
8.119921684265136719e-01
8.116192221641540527e-01
8.113806843757629395e-01
8.113015294075012207e-01
8.113901019096374512e-01
8.116406798362731934e-01
8.120281100273132324e-01
8.125140070915222168e-01
8.130429387092590332e-01
8.135614395141601562e-01
8.140251040458679199e-01
8.143978714942932129e-01
8.146547675132751465e-01
8.147889971733093262e-01
8.147992491722106934e-01
8.146983981132507324e-01
8.145016431808471680e-01
8.142306208610534668e-01
8.139067888259887695e-01
8.135526776313781738e-01
8.131892681121826172e-01
8.128148317337036133e-01
8.124659061431884766e-01
8.121579885482788086e-01
8.119049072265625000e-01
8.117170333862304688e-01
8.116046190261840820e-01
8.115743398666381836e-01
8.116338253021240234e-01
8.117876052856445312e-01
8.120408058166503906e-01
8.123959302902221680e-01
8.128563761711120605e-01
8.133887052536010742e-01
8.140264749526977539e-01
8.147713541984558105e-01
8.156241774559020996e-01
8.165864348411560059e-01
8.176530003547668457e-01
8.188257217407226562e-01
8.201023936271667480e-01
8.214819431304931641e-01
8.229626417160034180e-01
8.245387673377990723e-01
8.262105584144592285e-01
8.279184699058532715e-01
8.296470046043395996e-01
8.314729332923889160e-01
8.333884477615356445e-01
8.353857994079589844e-01
8.374717235565185547e-01
8.396369814872741699e-01
8.418784737586975098e-01
8.441862463951110840e-01
8.465678691864013672e-01
8.490142822265625000e-01
8.515147566795349121e-01
8.540779352188110352e-01
8.567300438880920410e-01
8.594894409179687500e-01
8.622980117797851562e-01
8.651401400566101074e-01
8.680202364921569824e-01
8.709301948547363281e-01
8.738830089569091797e-01
8.768661618232727051e-01
8.798947930335998535e-01
8.829593062400817871e-01
8.860783576965332031e-01
8.892474174499511719e-01
8.924906849861145020e-01
8.958118557929992676e-01
8.992577791213989258e-01
9.028431177139282227e-01
9.066188335418701172e-01
9.106454849243164062e-01
9.150482416152954102e-01
9.200189709663391113e-01
9.259761571884155273e-01
9.340077638626098633e-01
9.562233090400695801e-01
9.587483406066894531e-01
9.603376984596252441e-01
9.614141583442687988e-01
9.618668556213378906e-01
9.616334438323974609e-01
9.609450101852416992e-01
9.604981541633605957e-01
9.610061049461364746e-01
9.625125527381896973e-01
9.645443558692932129e-01
9.666326045989990234e-01
9.685444831848144531e-01
9.702028036117553711e-01
9.715881347656250000e-01
9.727227091789245605e-01
9.736199975013732910e-01
9.743033051490783691e-01
9.747840762138366699e-01
9.750764966011047363e-01
9.751926064491271973e-01
9.751397967338562012e-01
9.749203920364379883e-01
9.745460152626037598e-01
9.740234613418579102e-01
9.733578562736511230e-01
9.725592136383056641e-01
9.716307520866394043e-01
9.705842733383178711e-01
9.694220423698425293e-01
9.681571125984191895e-01
9.667915105819702148e-01
9.653390049934387207e-01
9.638012647628784180e-01
9.621930718421936035e-01
9.605149030685424805e-01
9.587822556495666504e-01
9.569972157478332520e-01
9.551862478256225586e-01
9.533369541168212891e-01
9.514607787132263184e-01
9.495685696601867676e-01
9.476585984230041504e-01
9.457450509071350098e-01
9.438250660896301270e-01
9.419082999229431152e-01
9.400044083595275879e-01
9.381088018417358398e-01
9.362350106239318848e-01
9.343777298927307129e-01
9.325448274612426758e-01
9.307441711425781250e-01
9.289696216583251953e-01
9.272325634956359863e-01
9.255317449569702148e-01
9.238746166229248047e-01
9.222617149353027344e-01
9.206864833831787109e-01
9.191579222679138184e-01
9.176734685897827148e-01
9.162334203720092773e-01
9.148390889167785645e-01
9.134913682937622070e-01
9.121933579444885254e-01
9.109392166137695312e-01
9.097326993942260742e-01
9.085745215415954590e-01
9.074643254280090332e-01
9.064026474952697754e-01
9.053925275802612305e-01
9.044281840324401855e-01
9.035131335258483887e-01
9.027226567268371582e-01
9.019965529441833496e-01
9.013203382492065430e-01
9.006962776184082031e-01
9.001202583312988281e-01
8.995940089225769043e-01
8.991184830665588379e-01
8.986949324607849121e-01
8.983217477798461914e-01
8.979977369308471680e-01
8.977258205413818359e-01
8.975046873092651367e-01
8.973340988159179688e-01
8.972148895263671875e-01
8.971467614173889160e-01
8.971289992332458496e-01
8.971633315086364746e-01
8.972488045692443848e-01
8.973888754844665527e-01
8.975926637649536133e-01
8.978464603424072266e-01
8.981494307518005371e-01
8.985013961791992188e-01
8.989019393920898438e-01
8.993504047393798828e-01
8.998459577560424805e-01
9.003878235816955566e-01
9.009748697280883789e-01
9.016060233116149902e-01
9.022799730300903320e-01
9.029943943023681641e-01
9.037492275238037109e-01
9.045410156250000000e-01
9.053698182106018066e-01
9.062322974205017090e-01
9.071251153945922852e-01
9.080481529235839844e-01
9.089965820312500000e-01
9.099867939949035645e-01
9.110102653503417969e-01
9.120519757270812988e-01
9.131066203117370605e-01
9.141739010810852051e-01
9.152482151985168457e-01
9.163290858268737793e-01
9.174110889434814453e-01
9.184939861297607422e-01
9.195734262466430664e-01
9.206457138061523438e-01
9.217104315757751465e-01
9.227628707885742188e-01
9.238020181655883789e-01
9.248256683349609375e-01
9.258317947387695312e-01
9.268190264701843262e-01
9.277858138084411621e-01
9.287310242652893066e-01
9.296537041664123535e-01
9.305531382560729980e-01
9.314240217208862305e-01
9.322700500488281250e-01
9.330942034721374512e-01
9.338961243629455566e-01
9.346767067909240723e-01
9.354361891746520996e-01
9.361757636070251465e-01
9.368960857391357422e-01
9.375986456871032715e-01
9.382843375205993652e-01
9.389550089836120605e-01
9.396117925643920898e-01
9.402566552162170410e-01
9.408907294273376465e-01
9.415162205696105957e-01
9.421353340148925781e-01
9.427482485771179199e-01
9.433582425117492676e-01
9.439652562141418457e-01
9.445725679397583008e-01
9.451799988746643066e-01
9.457907676696777344e-01
9.464007616043090820e-01
9.470142126083374023e-01
9.476315379142761230e-01
9.482562541961669922e-01
9.488884210586547852e-01
9.495269656181335449e-01
9.501755833625793457e-01
9.508324265480041504e-01
9.515002369880676270e-01
9.521770477294921875e-01
9.528658390045166016e-01
9.535641670227050781e-01
9.542744159698486328e-01
9.549949765205383301e-01
9.557271003723144531e-01
9.564689993858337402e-01
9.572225213050842285e-01
9.579859375953674316e-01
9.587591886520385742e-01
9.595414400100708008e-01
9.603322744369506836e-01
9.611312150955200195e-01
9.619371891021728516e-01
9.627394080162048340e-01
9.634762406349182129e-01
9.642183780670166016e-01
9.649661779403686523e-01
9.657181501388549805e-01
9.664734005928039551e-01
9.672310352325439453e-01
9.679899215698242188e-01
9.687491655349731445e-01
9.695076942443847656e-01
9.702642560005187988e-01
9.710178375244140625e-01
9.717671871185302734e-01
9.725113511085510254e-01
9.732490181922912598e-01
9.739789962768554688e-01
9.746998548507690430e-01
9.754109978675842285e-01
9.761108756065368652e-01
9.767983555793762207e-01
9.774722456932067871e-01
9.781314730644226074e-01
9.787749052047729492e-01
9.794014096260070801e-01
9.800098538398742676e-01
9.805991649627685547e-01
9.811666011810302734e-01
9.817130565643310547e-01
9.822375774383544922e-01
9.827391505241394043e-01
9.832169413566589355e-01
9.836700558662414551e-01
9.840976595878601074e-01
9.844990968704223633e-01
9.848734140396118164e-01
9.852201342582702637e-01
9.855387806892395020e-01
9.858283400535583496e-01
9.860887527465820312e-01
9.863195419311523438e-01
9.865200519561767578e-01
9.866901040077209473e-01
9.868295192718505859e-01
9.869378209114074707e-01
9.870151281356811523e-01
9.870611429214477539e-01
9.870758056640625000e-01
9.870586991310119629e-01
9.870105981826782227e-01
9.869311451911926270e-01
9.868200421333312988e-01
9.866783022880554199e-01
9.865072965621948242e-01
9.863075613975524902e-01
9.860773682594299316e-01
9.858176708221435547e-01
9.855287671089172363e-01
9.852100610733032227e-01
9.848634004592895508e-01
9.844883680343627930e-01
9.840850830078125000e-01
9.836549758911132812e-01
9.831981062889099121e-01
9.827150106430053711e-01
9.822055101394653320e-01
9.816716909408569336e-01
9.811130762100219727e-01
9.805299639701843262e-01
9.799239635467529297e-01
9.792953133583068848e-01
9.786443114280700684e-01
9.779720902442932129e-01
9.772786498069763184e-01
9.765651226043701172e-01
9.758317470550537109e-01
9.750796556472778320e-01
9.743089675903320312e-01
9.735205769538879395e-01
9.727150797843933105e-01
9.718933105468750000e-01
9.710564613342285156e-01
9.701673984527587891e-01
9.692610502243041992e-01
9.683395624160766602e-01
9.674031734466552734e-01
9.664529561996459961e-01
9.654892086982727051e-01
9.645125865936279297e-01
9.635235071182250977e-01
9.625228643417358398e-01
9.615111351013183594e-01
9.604888558387756348e-01
9.594567418098449707e-01
9.584147334098815918e-01
9.573641419410705566e-01
9.563052654266357422e-01
9.552385807037353516e-01
9.541655778884887695e-01
9.530846476554870605e-01
9.519976973533630371e-01
9.509058594703674316e-01
9.498080015182495117e-01
9.487050771713256836e-01
9.475992321968078613e-01
9.464884400367736816e-01
9.453744888305664062e-01
9.442576766014099121e-01
9.431390762329101562e-01
9.420178532600402832e-01
9.408950805664062500e-01
9.397720694541931152e-01
9.386501312255859375e-01
9.375321865081787109e-01
9.364150762557983398e-01
9.352980852127075195e-01
9.341822266578674316e-01
9.330686330795288086e-01
9.319562911987304688e-01
9.308459162712097168e-01
9.297392368316650391e-01
9.286347627639770508e-01
9.275333285331726074e-01
9.264358878135681152e-01
9.253431558609008789e-01
9.242542386054992676e-01
9.231697320938110352e-01
9.220903515815734863e-01
9.210159182548522949e-01
9.199474453926086426e-01
9.188840389251708984e-01
9.178274869918823242e-01
9.167773723602294922e-01
9.157328009605407715e-01
9.146958589553833008e-01
9.136654138565063477e-01
9.126430153846740723e-01
9.116278886795043945e-01
9.106203317642211914e-01
9.096210002899169922e-01
9.086301922798156738e-01
9.076474308967590332e-01
9.066735506057739258e-01
9.057081937789916992e-01
9.047522544860839844e-01
9.037620425224304199e-01
9.027550816535949707e-01
9.017569422721862793e-01
9.007685780525207520e-01
8.997898101806640625e-01
8.988202214241027832e-01
8.978612422943115234e-01
8.969120979309082031e-01
8.959728479385375977e-01
8.950447440147399902e-01
8.941270112991333008e-01
8.932198882102966309e-01
8.923232555389404297e-01
8.914380669593811035e-01
8.905645012855529785e-01
8.897013068199157715e-01
8.888499736785888672e-01
8.880102038383483887e-01
8.871819972991943359e-01
8.863657116889953613e-01
8.855610489845275879e-01
8.847683072090148926e-01
8.839870095252990723e-01
8.832182884216308594e-01
8.824625015258789062e-01
8.817180395126342773e-01
8.809852600097656250e-01
8.802652955055236816e-01
8.795575499534606934e-01
8.788626790046691895e-01
8.781796097755432129e-01
8.775088787078857422e-01
8.768504858016967773e-01
8.762038946151733398e-01
8.755713105201721191e-01
8.749632835388183594e-01
8.743980526924133301e-01
8.738445639610290527e-01
8.733037710189819336e-01
8.727750182151794434e-01
8.722582459449768066e-01
8.717533946037292480e-01
8.712599277496337891e-01
8.707785606384277344e-01
8.703086972236633301e-01
8.698503971099853516e-01
8.694032430648803711e-01
8.689668178558349609e-01
8.685418367385864258e-01
8.681276440620422363e-01
8.677241206169128418e-01
8.673310279846191406e-01
8.669477105140686035e-01
8.665749430656433105e-01
8.662120699882507324e-01
8.658588528633117676e-01
8.655149936676025391e-01
8.651799559593200684e-01
8.648542761802673340e-01
8.645373582839965820e-01
8.642289638519287109e-01
8.639287948608398438e-01
8.636360764503479004e-01
8.633516430854797363e-01
8.630746603012084961e-01
8.628048300743103027e-01
8.625419735908508301e-01
8.622853159904479980e-01
8.620354533195495605e-01
8.617917299270629883e-01
8.615537881851196289e-01
8.613189458847045898e-01
8.610917925834655762e-01
8.608543276786804199e-01
8.605407476425170898e-01
8.602315783500671387e-01
8.599269390106201172e-01
8.596234917640686035e-01
8.593255877494812012e-01
8.590307235717773438e-01
8.587257862091064453e-01
8.584384918212890625e-01
8.581510186195373535e-01
8.578671813011169434e-01
8.575846552848815918e-01
8.573035597801208496e-01
8.570227026939392090e-01
8.567423224449157715e-01
8.564602136611938477e-01
8.561799526214599609e-01
8.558994531631469727e-01
8.556184172630310059e-01
8.553366065025329590e-01
8.550539016723632812e-01
8.547687530517578125e-01
8.544836640357971191e-01
8.541972041130065918e-01
8.539090752601623535e-01
8.536193370819091797e-01
8.533260822296142578e-01
8.530326485633850098e-01
8.527372479438781738e-01
8.524383306503295898e-01
8.521394729614257812e-01
8.518381118774414062e-01
8.515332341194152832e-01
8.512279391288757324e-01
8.509207367897033691e-01
8.506103754043579102e-01
8.502997756004333496e-01
8.499876856803894043e-01
8.496729135513305664e-01
8.493589758872985840e-01
8.490436673164367676e-01
8.487265110015869141e-01
8.484942317008972168e-01
8.482806086540222168e-01
8.480678796768188477e-01
8.478590250015258789e-01
8.476533293724060059e-01
8.474502563476562500e-01
8.472528457641601562e-01
8.470607399940490723e-01
8.468734025955200195e-01
8.466942906379699707e-01
8.465230464935302734e-01
8.463596105575561523e-01
8.462074995040893555e-01
8.460668921470642090e-01
8.459376096725463867e-01
8.458240628242492676e-01
8.457248210906982422e-01
8.456447720527648926e-01
8.455825448036193848e-01
8.455435633659362793e-01
8.455263972282409668e-01
8.455371856689453125e-01
8.455765843391418457e-01
8.456457257270812988e-01
8.457505702972412109e-01
8.458899259567260742e-01
8.460720777511596680e-01
8.462948203086853027e-01
8.465672731399536133e-01
8.468868136405944824e-01
8.472635746002197266e-01
8.476939201354980469e-01
8.481891751289367676e-01
8.487442135810852051e-01
8.493714928627014160e-01
8.500640988349914551e-01
8.508351445198059082e-01
8.516759872436523438e-01
8.525996208190917969e-01
8.535949587821960449e-01
8.546751141548156738e-01
8.558259606361389160e-01
8.570600748062133789e-01
8.583595156669616699e-01
8.597366213798522949e-01
8.611788749694824219e-01
8.626706600189208984e-01
8.642227649688720703e-01
8.658078908920288086e-01
8.674363493919372559e-01
8.690779209136962891e-01
8.707318305969238281e-01
8.723964691162109375e-01
8.740412592887878418e-01
8.756743073463439941e-01
8.772653341293334961e-01
8.788137435913085938e-01
8.803185224533081055e-01
8.817535042762756348e-01
8.831278085708618164e-01
8.844185471534729004e-01
8.856289982795715332e-01
8.867620825767517090e-01
8.878005743026733398e-01
8.887563347816467285e-01
8.896162509918212891e-01
8.903868794441223145e-01
8.910746574401855469e-01
8.916714191436767578e-01
8.921890258789062500e-01
8.926221132278442383e-01
8.929780721664428711e-01
8.932646512985229492e-01
8.934783339500427246e-01
8.936295509338378906e-01
8.937171101570129395e-01
8.937472105026245117e-01
8.937263488769531250e-01
8.936537504196166992e-01
8.935371041297912598e-01
8.933760523796081543e-01
8.931760191917419434e-01
8.929412364959716797e-01
8.926718235015869141e-01
8.923722505569458008e-01
8.920446634292602539e-01
8.916910290718078613e-01
8.913133144378662109e-01
8.909136652946472168e-01
8.904942870140075684e-01
8.900558352470397949e-01
8.896005153656005859e-01
8.891288638114929199e-01
8.886427879333496094e-01
8.881876468658447266e-01
8.877255320549011230e-01
8.872531056404113770e-01
8.867707252502441406e-01
8.862794041633605957e-01
8.857786655426025391e-01
8.852705359458923340e-01
8.847540020942687988e-01
8.842297792434692383e-01
8.836984038352966309e-01
8.831604719161987305e-01
8.826153874397277832e-01
8.820632100105285645e-01
8.815048336982727051e-01
8.809403777122497559e-01
8.803684115409851074e-01
8.797914385795593262e-01
8.792076706886291504e-01
8.786181807518005371e-01
8.780210614204406738e-01
8.774191737174987793e-01
8.768106102943420410e-01
8.761951327323913574e-01
8.755739927291870117e-01
8.749469518661499023e-01
8.743135929107666016e-01
8.736723065376281738e-01
8.730261325836181641e-01
8.723729848861694336e-01
8.717137575149536133e-01
8.710474371910095215e-01
8.703738451004028320e-01
8.696942329406738281e-01
8.690083622932434082e-01
8.683152198791503906e-01
8.676157593727111816e-01
8.669075965881347656e-01
8.661943078041076660e-01
8.654736280441284180e-01
8.647463917732238770e-01
8.640117049217224121e-01
8.632705807685852051e-01
8.625200390815734863e-01
8.617646694183349609e-01
8.610016107559204102e-01
8.602319955825805664e-01
8.594547510147094727e-01
8.586689233779907227e-01
8.578773140907287598e-01
8.570790886878967285e-01
8.562732338905334473e-01
8.554607629776000977e-01
8.546385765075683594e-01
8.538205027580261230e-01
8.530235886573791504e-01
8.522197604179382324e-01
8.514091968536376953e-01
8.505891561508178711e-01
8.497649431228637695e-01
8.489341139793395996e-01
8.480965495109558105e-01
8.472524881362915039e-01
8.464011549949645996e-01
8.455416560173034668e-01
8.446779847145080566e-01
8.438078165054321289e-01
8.429314494132995605e-01
8.420481085777282715e-01
8.411591649055480957e-01
8.402642011642456055e-01
8.393630385398864746e-01
8.384559154510498047e-01
8.375402688980102539e-01
8.366208076477050781e-01
8.356962800025939941e-01
8.347659707069396973e-01
8.338301777839660645e-01
8.328889012336730957e-01
8.319416642189025879e-01
8.309898376464843750e-01
8.300326466560363770e-01
8.290675282478332520e-01
8.281004428863525391e-01
8.271277546882629395e-01
8.261510133743286133e-01
8.251695036888122559e-01
8.241834044456481934e-01
8.231930136680603027e-01
8.221980929374694824e-01
8.211985230445861816e-01
8.201922178268432617e-01
8.191850185394287109e-01
8.181740045547485352e-01
8.171591758728027344e-01
8.161401152610778809e-01
8.151181340217590332e-01
8.140926957130432129e-01
8.130640387535095215e-01
8.120321631431579590e-01
8.109931945800781250e-01
8.099554181098937988e-01
8.089146614074707031e-01
8.078712224960327148e-01
8.068251609802246094e-01
8.057760000228881836e-01
8.047252297401428223e-01
8.036721944808959961e-01
8.026170134544372559e-01
8.015597462654113770e-01
8.005006313323974609e-01
7.994391918182373047e-01
7.983766794204711914e-01
7.973209023475646973e-01
7.962980866432189941e-01
7.952741384506225586e-01
7.942492961883544922e-01
7.932235598564147949e-01
7.921970486640930176e-01
7.911697626113891602e-01
7.901418805122375488e-01
7.891135811805725098e-01
7.880840897560119629e-01
7.870550155639648438e-01
7.860223054885864258e-01
7.849928736686706543e-01
7.839636206626892090e-01
7.829342484474182129e-01
7.819049358367919922e-01
7.808761000633239746e-01
7.798473238945007324e-01
7.788191437721252441e-01
7.777905464172363281e-01
7.767632603645324707e-01
7.757366895675659180e-01
7.747106552124023438e-01
7.736855149269104004e-01
7.726612091064453125e-01
7.716376781463623047e-01
7.705929279327392578e-01
7.695472836494445801e-01
7.685017585754394531e-01
7.674571275711059570e-01
7.664141654968261719e-01
7.653715610504150391e-01
7.643299698829650879e-01
7.632902264595031738e-01
7.622509598731994629e-01
7.612127661705017090e-01
7.601760625839233398e-01
7.591413259506225586e-01
7.581070661544799805e-01
7.570744156837463379e-01
7.560437917709350586e-01
7.550140619277954102e-01
7.539856433868408203e-01
7.529596090316772461e-01
7.519345879554748535e-01
7.509108781814575195e-01
7.498898506164550781e-01
7.488695979118347168e-01
7.478510141372680664e-01
7.468351125717163086e-01
7.458200454711914062e-01
7.448068857192993164e-01
7.438442111015319824e-01
7.429237961769104004e-01
7.420057058334350586e-01
7.410894632339477539e-01
7.401760816574096680e-01
7.392642498016357422e-01
7.383542656898498535e-01
7.374500036239624023e-01
7.365443110466003418e-01
7.356415390968322754e-01
7.347403168678283691e-01
7.338411808013916016e-01
7.329441905021667480e-01
7.320501804351806641e-01
7.311576008796691895e-01
7.302672863006591797e-01
7.293791174888610840e-01
7.284931540489196777e-01
7.276102900505065918e-01
7.267287969589233398e-01
7.258497476577758789e-01
7.249727845191955566e-01
7.240990400314331055e-01
7.232266664505004883e-01
7.223566174507141113e-01
7.214889526367187500e-01
7.206269502639770508e-01
7.197644114494323730e-01
7.189016938209533691e-01
7.180412411689758301e-01
7.171838879585266113e-01
7.163279652595520020e-01
7.154746055603027344e-01
7.146234512329101562e-01
7.137745022773742676e-01
7.129288911819458008e-01
7.120847702026367188e-01
7.112429738044738770e-01
7.104036808013916016e-01
7.095675468444824219e-01
7.087331414222717285e-01
7.079044580459594727e-01
7.070748805999755859e-01
7.062487006187438965e-01
7.054241299629211426e-01
7.046021223068237305e-01
7.037826180458068848e-01
7.029665112495422363e-01
7.021521925926208496e-01
7.013406157493591309e-01
7.005316019058227539e-01
6.997258067131042480e-01
6.989220380783081055e-01
6.981209516525268555e-01
6.973223686218261719e-01
6.965305805206298828e-01
6.957655549049377441e-01
6.950470209121704102e-01
6.943321228027343750e-01
6.936190128326416016e-01
6.929096579551696777e-01
6.922023892402648926e-01
6.914979815483093262e-01
6.907972097396850586e-01
6.901015043258666992e-01
6.894063353538513184e-01
6.887134313583374023e-01
6.880235075950622559e-01
6.873373389244079590e-01
6.866533160209655762e-01
6.859722137451171875e-01
6.852949261665344238e-01
6.846198439598083496e-01
6.839487552642822266e-01
6.832829117774963379e-01
6.826170682907104492e-01
6.819552183151245117e-01
6.812953948974609375e-01
6.806397438049316406e-01
6.799864768981933594e-01
6.793362498283386230e-01
6.786901950836181641e-01
6.780463457107543945e-01
6.774092316627502441e-01
6.767719388008117676e-01
6.761376857757568359e-01
6.755105853080749512e-01
6.748905181884765625e-01
6.742734909057617188e-01
6.736599206924438477e-01
6.730491518974304199e-01
6.724416613578796387e-01
6.718400120735168457e-01
6.712381243705749512e-01
6.706400513648986816e-01
6.700451374053955078e-01
6.694536805152893066e-01
6.688650846481323242e-01
6.682797074317932129e-01
6.676978468894958496e-01
6.671216487884521484e-01
6.665459275245666504e-01
6.659729480743408203e-01
6.654036641120910645e-01
6.648377180099487305e-01
6.642749309539794922e-01
6.637156605720520020e-01
6.631621122360229492e-01
6.626091003417968750e-01
6.620596647262573242e-01
6.615132093429565430e-01
6.609699130058288574e-01
6.604294776916503906e-01
6.598927974700927734e-01
6.593619585037231445e-01
6.588320732116699219e-01
6.583052277565002441e-01
6.577925086021423340e-01
6.573482155799865723e-01
6.569073796272277832e-01
6.564695835113525391e-01
6.560383439064025879e-01
6.556072831153869629e-01
6.551791429519653320e-01
6.547542810440063477e-01
6.543329954147338867e-01
6.539154052734375000e-01
6.535002589225769043e-01
6.530909538269042969e-01
6.526822447776794434e-01
6.522766947746276855e-01
6.518754363059997559e-01
6.514763832092285156e-01
6.510807275772094727e-01
6.505925059318542480e-01
6.501039266586303711e-01
6.496155858039855957e-01
6.491293907165527344e-01
6.486446857452392578e-01
6.481630802154541016e-01
6.476839780807495117e-01
6.472064256668090820e-01
6.467341780662536621e-01
6.462618708610534668e-01
6.457909941673278809e-01
6.453233361244201660e-01
6.448581814765930176e-01
6.443949937820434570e-01
6.439354419708251953e-01
6.434767842292785645e-01
6.430342197418212891e-01
6.426182985305786133e-01
6.422036886215209961e-01
6.417909860610961914e-01
6.413815617561340332e-01
6.409716010093688965e-01
6.405624151229858398e-01
6.401553750038146973e-01
6.397500634193420410e-01
6.393459439277648926e-01
6.389455795288085938e-01
6.385441422462463379e-01
6.381435394287109375e-01
6.377449035644531250e-01
6.373479366302490234e-01
6.369519829750061035e-01
6.365592479705810547e-01
6.359387040138244629e-01
6.349868774414062500e-01
6.340315341949462891e-01
6.330707073211669922e-01
6.321063637733459473e-01
6.311386227607727051e-01
6.301649808883666992e-01
6.291865110397338867e-01
6.282023191452026367e-01
6.272142529487609863e-01
6.262202262878417969e-01
6.252241730690002441e-01
6.242210865020751953e-01
6.232124567031860352e-01
6.221991777420043945e-01
6.211796998977661133e-01
6.201559901237487793e-01
6.191161870956420898e-01
6.178353428840637207e-01
6.165515780448913574e-01
6.152628064155578613e-01
6.139686703681945801e-01
6.126714944839477539e-01
6.113700866699218750e-01
6.100634336471557617e-01
6.087517738342285156e-01
6.074360609054565430e-01
6.061156988143920898e-01
6.047921180725097656e-01
6.034626960754394531e-01
6.021276116371154785e-01
6.007894277572631836e-01
5.994451642036437988e-01
5.980994701385498047e-01
5.967469215393066406e-01
5.953693985939025879e-01
5.939344763755798340e-01
5.924996137619018555e-01
5.910615324974060059e-01
5.896245837211608887e-01
5.881844162940979004e-01
5.867422819137573242e-01
5.852991342544555664e-01
5.838534832000732422e-01
5.824090242385864258e-01
5.809621810913085938e-01
5.795122981071472168e-01
5.780621170997619629e-01
5.766105055809020996e-01
5.751588344573974609e-01
5.737047195434570312e-01
5.722482800483703613e-01
5.707923173904418945e-01
5.693483352661132812e-01
5.681906342506408691e-01
5.670359134674072266e-01
5.658802390098571777e-01
5.647277832031250000e-01
5.635756850242614746e-01
5.624242424964904785e-01
5.612764358520507812e-01
5.601285696029663086e-01
5.589814782142639160e-01
5.578365325927734375e-01
5.566923022270202637e-01
5.555503368377685547e-01
5.544112324714660645e-01
5.532714724540710449e-01
5.521339774131774902e-01
5.509989857673645020e-01
5.498637557029724121e-01
5.487321615219116211e-01
5.476000308990478516e-01
5.464701652526855469e-01
5.453419089317321777e-01
5.442144870758056641e-01
5.430905818939208984e-01
5.419670343399047852e-01
5.408443808555603027e-01
5.397240519523620605e-01
5.386044979095458984e-01
5.374886393547058105e-01
5.363741517066955566e-01
5.352595448493957520e-01
5.341473817825317383e-01
5.330368280410766602e-01
5.319283008575439453e-01
5.308210849761962891e-01
5.297155976295471191e-01
5.286108851432800293e-01
5.275087952613830566e-01
5.264672040939331055e-01
5.256016850471496582e-01
5.247392654418945312e-01
5.238772034645080566e-01
5.230192542076110840e-01
5.221635699272155762e-01
5.213091373443603516e-01
5.204567909240722656e-01
5.196067094802856445e-01
5.187587738037109375e-01
5.179139375686645508e-01
5.170704126358032227e-01
5.162290334701538086e-01
5.153906941413879395e-01
5.145526528358459473e-01
5.137196183204650879e-01
5.128868222236633301e-01
5.120562314987182617e-01
5.112276673316955566e-01
5.104013085365295410e-01
5.095770955085754395e-01
5.087558031082153320e-01
5.079357624053955078e-01
5.071178674697875977e-01
5.063030123710632324e-01
5.054883956909179688e-01
5.046784877777099609e-01
5.038689374923706055e-01
5.030614733695983887e-01
5.022560954093933105e-01
5.014527440071105957e-01
5.006521940231323242e-01
4.998539090156555176e-01
4.990558028221130371e-01
4.982606172561645508e-01
4.974684715270996094e-01
4.966771006584167480e-01
4.958889782428741455e-01
4.951018691062927246e-01
4.943167865276336670e-01
4.934693574905395508e-01
4.925608336925506592e-01
4.916526973247528076e-01
4.907459020614624023e-01
4.898414909839630127e-01
4.889379739761352539e-01
4.880362451076507568e-01
4.871348738670349121e-01
4.862348139286041260e-01
4.853371381759643555e-01
4.844402968883514404e-01
4.835453033447265625e-01
4.826514720916748047e-01
4.817580878734588623e-01
4.808670580387115479e-01
4.799767732620239258e-01
4.790883660316467285e-01
4.782002270221710205e-01
4.773133695125579834e-01
4.764288961887359619e-01
4.755450487136840820e-01
4.746631681919097900e-01
4.737814664840698242e-01
4.729010462760925293e-01
4.720229804515838623e-01
4.711455106735229492e-01
4.702699780464172363e-01
4.693946242332458496e-01
4.685205221176147461e-01
4.676496386528015137e-01
4.667783379554748535e-01
4.659090638160705566e-01
4.650399088859558105e-01
4.641730785369873047e-01
4.633063971996307373e-01
4.624411761760711670e-01
4.615780115127563477e-01
4.607149064540863037e-01
4.598541557788848877e-01
4.589934349060058594e-01
4.581341445446014404e-01
4.572769403457641602e-01
4.564281702041625977e-01
4.555859565734863281e-01
4.547441601753234863e-01
4.539041221141815186e-01
4.530666172504425049e-01
4.522294998168945312e-01
4.513950645923614502e-01
4.505610466003417969e-01
4.497298300266265869e-01
4.488988518714904785e-01
4.480705261230468750e-01
4.472425580024719238e-01
4.464172422885894775e-01
4.455923736095428467e-01
4.447700083255767822e-01
4.439479708671569824e-01
4.431285858154296875e-01
4.423094391822814941e-01
4.414918124675750732e-01
4.406767487525939941e-01
4.398619234561920166e-01
4.390497505664825439e-01
4.382377564907073975e-01
4.374283850193023682e-01
4.366191923618316650e-01
4.358125925064086914e-01
4.350061714649200439e-01
4.342023134231567383e-01
4.333985745906829834e-01
4.325974583625793457e-01
4.317964315414428711e-01
4.309979677200317383e-01
4.301996231079101562e-01
4.294037520885467529e-01
4.286080002784729004e-01
4.278135597705841064e-01
4.270216524600982666e-01
4.262297749519348145e-01
4.254403114318847656e-01
4.246509373188018799e-01
4.238640964031219482e-01
4.230772256851196289e-01
4.222928583621978760e-01
4.215075671672821045e-01
4.207286834716796875e-01
4.199542999267578125e-01
4.191802740097045898e-01
4.184091389179229736e-01
4.176387190818786621e-01
4.168695211410522461e-01
4.161031544208526611e-01
4.153371155261993408e-01
4.145731925964355469e-01
4.138115644454956055e-01
4.130499660968780518e-01
4.122906923294067383e-01
4.115323722362518311e-01
4.107768833637237549e-01
4.100228548049926758e-01
4.092681109905242920e-01
4.085170924663543701e-01
4.077675640583038330e-01
4.070181846618652344e-01
4.062708914279937744e-01
4.055241644382476807e-01
4.047804176807403564e-01
4.040381610393524170e-01
4.032952785491943359e-01
4.025558233261108398e-01
4.018161594867706299e-01
4.010795056819915771e-01
4.003435373306274414e-01
3.996083438396453857e-01
3.988758027553558350e-01
3.981429934501647949e-01
3.974124789237976074e-01
3.966839909553527832e-01
3.959555327892303467e-01
3.952296972274780273e-01
3.945041596889495850e-01
3.937796056270599365e-01
3.930577039718627930e-01
3.923357427120208740e-01
3.916157484054565430e-01
3.908977210521697998e-01
3.901791870594024658e-01
3.894636332988739014e-01
3.887473642826080322e-01
3.880343139171600342e-01
3.873225152492523193e-01
3.866142928600311279e-01
3.859624862670898438e-01
3.853115737438201904e-01
3.846642076969146729e-01
3.840163648128509521e-01
3.833715617656707764e-01
3.827273845672607422e-01
3.820854425430297852e-01
3.814442753791809082e-01
3.808039724826812744e-01
3.801666498184204102e-01
3.795299232006072998e-01
3.788954317569732666e-01
3.782616555690765381e-01
3.776300847530364990e-01
3.769991993904113770e-01
3.763686418533325195e-01
3.757420182228088379e-01
3.751154541969299316e-01
3.744911253452301025e-01
3.738673925399780273e-01
3.732439875602722168e-01
3.726244866847991943e-01
3.720050156116485596e-01
3.713877499103546143e-01
3.707710802555084229e-01
3.701565861701965332e-01
3.695421516895294189e-01
3.689296245574951172e-01
3.683193325996398926e-01
3.677095472812652588e-01
3.671019971370697021e-01
3.664943873882293701e-01
3.658901154994964600e-01
3.652852773666381836e-01
3.646823167800903320e-01
3.640815615653991699e-01
3.634813129901885986e-01
3.628832101821899414e-01
3.622850775718688965e-01
3.616888523101806641e-01
3.610948622226715088e-01
3.605012893676757812e-01
3.599093258380889893e-01
3.593184053897857666e-01
3.587302565574645996e-01
3.581414818763732910e-01
3.575545549392700195e-01
3.569698333740234375e-01
3.563848733901977539e-01
3.559287786483764648e-01
3.554953336715698242e-01
3.550627231597900391e-01
3.546305596828460693e-01
3.542004525661468506e-01
3.537724018096923828e-01
3.533442616462707520e-01
3.529183566570281982e-01
3.524942994117736816e-01
3.520701527595520020e-01
3.516480624675750732e-01
3.512280285358428955e-01
3.508073389530181885e-01
3.503899276256561279e-01
3.499724268913269043e-01
3.495576679706573486e-01
3.491435050964355469e-01
3.487294614315032959e-01
3.483186662197113037e-01
3.479092121124267578e-01
3.474995791912078857e-01
3.470927178859710693e-01
3.466859757900238037e-01
3.462803065776824951e-01
3.458774089813232422e-01
3.454757928848266602e-01
3.450735807418823242e-01
3.446746468544006348e-01
3.442747294902801514e-01
3.438783884048461914e-01
3.434833288192749023e-01
3.430876731872558594e-01
3.426952660083770752e-01
3.423041701316833496e-01
3.419120907783508301e-01
3.415235877037048340e-01
3.411359786987304688e-01
3.407486379146575928e-01
3.403640687465667725e-01
3.399808108806610107e-01
3.395965695381164551e-01
3.392155170440673828e-01
3.388347327709197998e-01
3.384567201137542725e-01
3.380800485610961914e-01
3.377031981945037842e-01
3.373278677463531494e-01
3.369551599025726318e-01
3.365822732448577881e-01
3.362121582031250000e-01
3.358434140682220459e-01
3.354740738868713379e-01
3.351211845874786377e-01
3.347735404968261719e-01
3.344267606735229492e-01
3.340831100940704346e-01
3.337388336658477783e-01
3.333962559700012207e-01
3.330540060997009277e-01
3.327150046825408936e-01
3.323762118816375732e-01
3.320382833480834961e-01
3.317020237445831299e-01
3.313685059547424316e-01
3.310334980487823486e-01
3.307010531425476074e-01
3.303709924221038818e-01
3.300411105155944824e-01
3.297125101089477539e-01
3.293848633766174316e-01
3.290603458881378174e-01
3.287346363067626953e-01
3.284108638763427734e-01
3.280902206897735596e-01
3.277690112590789795e-01
3.274495005607604980e-01
3.271312713623046875e-01
3.268154859542846680e-01
3.264988958835601807e-01
3.261842727661132812e-01
3.258727788925170898e-01
3.255611062049865723e-01
3.252504467964172363e-01
3.249414563179016113e-01
3.246349692344665527e-01
3.243276178836822510e-01
3.240226209163665771e-01
3.237201273441314697e-01
3.234178423881530762e-01
3.231165409088134766e-01
3.228169381618499756e-01
3.225201964378356934e-01
3.222219347953796387e-01
3.219264149665832520e-01
3.216319680213928223e-01
3.213406801223754883e-01
3.210492730140686035e-01
3.207589685916900635e-01
3.204718232154846191e-01
3.201834559440612793e-01
3.198973238468170166e-01
3.196128606796264648e-01
3.193310201168060303e-01
3.190493881702423096e-01
3.187691569328308105e-01
3.184915482997894287e-01
3.182130157947540283e-01
3.179137408733367920e-01
3.175961673259735107e-01
3.172801136970520020e-01
3.169640898704528809e-01
3.166508078575134277e-01
3.163393437862396240e-01
3.160282373428344727e-01
3.157183527946472168e-01
3.154115080833435059e-01
3.151059746742248535e-01
3.148007392883300781e-01
3.144986033439636230e-01
3.141980469226837158e-01
3.138963282108306885e-01
3.135989308357238770e-01
3.133028745651245117e-01
3.130086660385131836e-01
3.127146065235137939e-01
3.124236166477203369e-01
3.121342360973358154e-01
3.118435442447662354e-01
3.115574419498443604e-01
3.112730085849761963e-01
3.109887242317199707e-01
3.107075691223144531e-01
3.104280829429626465e-01
3.101500868797302246e-01
3.098724484443664551e-01
3.095979988574981689e-01
3.093239367008209229e-01
3.090513646602630615e-01
3.087818324565887451e-01
3.085141777992248535e-01
3.082482516765594482e-01
3.079825639724731445e-01
3.077200651168823242e-01
3.074593544006347656e-01
3.071987032890319824e-01
3.069400787353515625e-01
3.066845834255218506e-01
3.064293861389160156e-01
3.061774373054504395e-01
3.059270977973937988e-01
3.056786954402923584e-01
3.054306209087371826e-01
3.051857948303222656e-01
3.049413561820983887e-01
3.046987056732177734e-01
3.044591546058654785e-01
3.042216002941131592e-01
3.039844036102294922e-01
3.037504553794860840e-01
3.035184144973754883e-01
3.032880425453186035e-01
3.030582070350646973e-01
3.028301894664764404e-01
3.026055097579956055e-01
3.023812472820281982e-01
3.021602928638458252e-01
3.019707500934600830e-01
3.017905652523040771e-01
3.016121685504913330e-01
3.014355599880218506e-01
3.012607693672180176e-01
3.010861873626708984e-01
3.009149730205535889e-01
3.007455170154571533e-01
3.005779087543487549e-01
3.004120886325836182e-01
3.002479672431945801e-01
3.000857532024383545e-01
2.999253571033477783e-01
2.997651398181915283e-01
2.996083498001098633e-01
2.994533479213714600e-01
2.993001639842987061e-01
2.991487681865692139e-01
2.989991605281829834e-01
2.988513708114624023e-01
2.987053096294403076e-01
2.985610961914062500e-01
2.984170019626617432e-01
2.982763946056365967e-01
2.981375753879547119e-01
2.980005145072937012e-01
2.978652715682983398e-01
2.977317869663238525e-01
2.976000905036926270e-01
2.974701225757598877e-01
2.973419427871704102e-01
2.972154617309570312e-01
2.970907986164093018e-01
2.969678938388824463e-01
2.968449592590332031e-01
2.967254817485809326e-01
2.966077625751495361e-01
2.964917719364166260e-01
2.963774800300598145e-01
2.962648868560791016e-01
2.961526215076446533e-01
2.960433661937713623e-01
2.959358394145965576e-01
2.958299815654754639e-01
2.957257926464080811e-01
2.956232428550720215e-01
2.955204546451568604e-01
2.954211533069610596e-01
2.953234612941741943e-01
2.952273488044738770e-01
2.951328456401824951e-01
2.950398921966552734e-01
2.949485182762145996e-01
2.948586642742156982e-01
2.947703897953033447e-01
2.946836054325103760e-01
2.945983409881591797e-01
2.945145368576049805e-01
2.944302856922149658e-01
2.943494021892547607e-01
2.942699790000915527e-01
2.941919267177581787e-01
2.941242456436157227e-01
2.940784692764282227e-01
2.940339744091033936e-01
2.939907610416412354e-01
2.939487993717193604e-01
2.939080595970153809e-01
2.938685417175292969e-01
2.938301563262939453e-01
2.937909364700317383e-01
2.937547862529754639e-01
2.937197387218475342e-01
2.936857640743255615e-01
2.936527729034423828e-01
2.936207354068756104e-01
2.935897111892700195e-01
2.935596108436584473e-01
2.935303747653961182e-01
2.935020327568054199e-01
2.934745252132415771e-01
2.934477925300598145e-01
2.934198081493377686e-01
2.933946251869201660e-01
2.933701276779174805e-01
2.933462858200073242e-01
2.933231294155120850e-01
2.933005690574645996e-01
2.932785749435424805e-01
2.932571470737457275e-01
2.932362556457519531e-01
2.932158410549163818e-01
2.931959033012390137e-01
2.931763827800750732e-01
2.931572496891021729e-01
2.931385040283203125e-01
2.931189239025115967e-01
2.931008636951446533e-01
2.930830717086791992e-01
2.930656075477600098e-01
2.930483222007751465e-01
2.930292189121246338e-01
2.930123805999755859e-01
2.929956912994384766e-01
2.929791808128356934e-01
2.929627597332000732e-01
2.929464578628540039e-01
2.929302752017974854e-01
2.929141223430633545e-01
2.928980886936187744e-01
2.928820550441741943e-01
2.928660511970520020e-01
2.928500771522521973e-01
2.928341031074523926e-01
2.928181290626525879e-01
2.928021848201751709e-01
2.927862107753753662e-01
2.927702069282531738e-01
2.927542030811309814e-01
2.927381694316864014e-01
2.927221357822418213e-01
2.927061319351196289e-01
2.926880419254302979e-01
2.926720082759857178e-01
2.926560640335083008e-01
2.926401197910308838e-01
2.926242351531982422e-01
2.926084697246551514e-01
2.925927937030792236e-01
2.926239967346191406e-01
2.926784157752990723e-01
2.927329242229461670e-01
2.927863597869873047e-01
2.928409874439239502e-01
2.928958833217620850e-01
2.929509878158569336e-01
2.930064499378204346e-01
2.930622100830078125e-01
2.931185066699981689e-01
2.931753695011138916e-01
2.932327985763549805e-01
2.932910025119781494e-01
2.933477461338043213e-01
2.934065163135528564e-01
2.934674918651580811e-01
2.935295701026916504e-01
2.935929298400878906e-01
2.936575710773468018e-01
2.937237620353698730e-01
2.937916219234466553e-01
2.938611507415771484e-01
2.939326763153076172e-01
2.940061986446380615e-01
2.940808534622192383e-01
2.941589355468750000e-01
2.942395806312561035e-01
2.943229973316192627e-01
2.944091856479644775e-01
2.944985926151275635e-01
2.945911586284637451e-01
2.946871519088745117e-01
2.947870194911956787e-01
2.948906123638153076e-01
2.949972748756408691e-01
2.951093316078186035e-01
2.952260076999664307e-01
2.953475713729858398e-01
2.954741120338439941e-01
2.956061363220214844e-01
2.957436442375183105e-01
2.958871126174926758e-01
2.960366904735565186e-01
2.961926758289337158e-01
2.963543534278869629e-01
2.965241372585296631e-01
2.967014610767364502e-01
2.968863248825073242e-01
2.970791757106781006e-01
2.972805798053741455e-01
2.974905073642730713e-01
2.977095544338226318e-01
2.979379296302795410e-01
2.981760203838348389e-01
2.984231710433959961e-01
2.986818552017211914e-01
2.989514470100402832e-01
2.992321252822875977e-01
2.995243370532989502e-01
2.998287081718444824e-01
3.001451790332794189e-01
3.004743754863739014e-01
3.008165657520294189e-01
3.011720776557922363e-01
3.015401065349578857e-01
3.019233942031860352e-01
3.023209273815155029e-01
3.027330636978149414e-01
3.031600713729858398e-01
3.036022484302520752e-01
3.040597140789031982e-01
3.045648038387298584e-01
3.051311075687408447e-01
3.057123124599456787e-01
3.063084781169891357e-01
3.069208860397338867e-01
3.075468242168426514e-01
3.081873357295989990e-01
3.088422417640686035e-01
3.095109164714813232e-01
3.101942241191864014e-01
3.108892142772674561e-01
3.115967810153961182e-01
3.123157024383544922e-01
3.130454123020172119e-01
3.137861192226409912e-01
3.145342767238616943e-01
3.152899146080017090e-01
3.160520493984222412e-01
3.168187439441680908e-01
3.175896704196929932e-01
3.183612227439880371e-01
3.191325664520263672e-01
3.199017345905303955e-01
3.206666409969329834e-01
3.214262127876281738e-01
3.221761584281921387e-01
3.229151368141174316e-01
3.236408829689025879e-01
3.243505358695983887e-01
3.250426650047302246e-01
3.257130384445190430e-01
3.263597190380096436e-01
3.269801139831542969e-01
3.275718092918395996e-01
3.281323015689849854e-01
3.286597132682800293e-01
3.291556537151336670e-01
3.296075165271759033e-01
3.300188481807708740e-01
3.303876817226409912e-01
3.307131826877593994e-01
3.309921026229858398e-01
3.312239050865173340e-01
3.314074575901031494e-01
3.315419554710388184e-01
3.316273391246795654e-01
3.316619098186492920e-01
3.316462039947509766e-01
3.315803110599517822e-01
3.314646482467651367e-01
3.313004672527313232e-01
3.310872614383697510e-01
3.308267295360565186e-01
3.305201530456542969e-01
3.301689624786376953e-01
3.297755122184753418e-01
3.293400406837463379e-01
3.288651108741760254e-01
3.283531963825225830e-01
3.278055489063262939e-01
3.272254168987274170e-01
3.266135454177856445e-01
3.259728252887725830e-01
3.253053724765777588e-01
3.246086537837982178e-01
3.238953053951263428e-01
3.231610655784606934e-01
3.224087655544281006e-01
3.216407001018524170e-01
3.208587169647216797e-01
3.200655579566955566e-01
3.192613720893859863e-01
3.184488117694854736e-01
3.176293373107910156e-01
3.168047964572906494e-01
3.159775435924530029e-01
3.151488304138183594e-01
3.143432736396789551e-01
3.135385513305664062e-01
3.127343058586120605e-01
3.119334578514099121e-01
3.111349642276763916e-01
3.103416562080383301e-01
3.095531761646270752e-01
3.087693452835083008e-01
3.079927265644073486e-01
3.072156012058258057e-01
3.064530789852142334e-01
3.056982159614562988e-01
3.049502968788146973e-01
3.042117655277252197e-01
3.034808933734893799e-01
3.027601838111877441e-01
3.020483851432800293e-01
3.013448417186737061e-01
3.006519675254821777e-01
2.999673485755920410e-01
2.992936372756958008e-01
2.986234724521636963e-01
2.979691624641418457e-01
2.973246276378631592e-01
2.966886162757873535e-01
2.960634827613830566e-01
2.954466938972473145e-01
2.948408126831054688e-01
2.942444384098052979e-01
2.936561405658721924e-01
2.930785715579986572e-01
2.925089299678802490e-01
2.919496595859527588e-01
2.913937866687774658e-01
2.908525764942169189e-01
2.903202474117279053e-01
2.897951006889343262e-01
2.892799079418182373e-01
2.887718379497528076e-01
2.882732152938842773e-01
2.877828478813171387e-01
2.872993946075439453e-01
2.868247926235198975e-01
2.863566577434539795e-01
2.858974337577819824e-01
2.854405343532562256e-01
2.849960923194885254e-01
2.845588922500610352e-01
2.841274142265319824e-01
2.837040424346923828e-01
2.832862436771392822e-01
2.828764319419860840e-01
2.824730277061462402e-01
2.820748090744018555e-01
2.816842198371887207e-01
2.812983691692352295e-01
2.809199392795562744e-01
2.805441915988922119e-01
2.801762521266937256e-01
2.798151969909667969e-01
2.794585227966308594e-01
2.791086435317993164e-01
2.787628769874572754e-01
2.784236371517181396e-01
2.780895829200744629e-01
2.777591943740844727e-01
2.774351239204406738e-01
2.771146595478057861e-01
2.767974436283111572e-01
2.764877378940582275e-01
2.761813700199127197e-01
2.758808732032775879e-01
2.755834460258483887e-01
2.752917706966400146e-01
2.750030159950256348e-01
2.747197449207305908e-01
2.744406759738922119e-01
2.741643488407135010e-01
2.738906443119049072e-01
2.736222743988037109e-01
2.733590006828308105e-01
2.731035649776458740e-01
2.729039788246154785e-01
2.727078199386596680e-01
2.725149393081665039e-01
2.723266184329986572e-01
2.721378803253173828e-01
2.719547748565673828e-01
2.717746496200561523e-01
2.715989947319030762e-01
2.714250385761260986e-01
2.712540030479431152e-01
2.710870802402496338e-01
2.709195017814636230e-01
2.707570493221282959e-01
2.705973088741302490e-01
2.704416215419769287e-01
2.702873349189758301e-01
2.701355814933776855e-01
2.699877619743347168e-01
2.698389887809753418e-01
2.696949243545532227e-01
2.695533335208892822e-01
2.694154977798461914e-01
2.692787647247314453e-01
2.691443264484405518e-01
2.690122723579406738e-01
2.688816189765930176e-01
2.687540948390960693e-01
2.686288356781005859e-01
2.685070335865020752e-01
2.683860957622528076e-01
2.682673633098602295e-01
2.681507170200347900e-01
2.680374383926391602e-01
2.679228484630584717e-01
2.678124010562896729e-01
2.677039504051208496e-01
2.675986886024475098e-01
2.674942314624786377e-01
2.673916816711425781e-01
2.672922015190124512e-01
2.671914696693420410e-01
2.670946121215820312e-01
2.669995427131652832e-01
2.669075727462768555e-01
2.668161988258361816e-01
2.667266428470611572e-01
2.666388154029846191e-01
2.665520310401916504e-01
2.664677202701568604e-01
2.663850784301757812e-01
2.663054466247558594e-01
2.662262618541717529e-01
2.661487162113189697e-01
2.660728394985198975e-01
2.659998536109924316e-01
2.659254372119903564e-01
2.658544182777404785e-01
2.657862603664398193e-01
2.657184898853302002e-01
2.656523585319519043e-01
2.655877172946929932e-01
2.655258178710937500e-01
2.654623687267303467e-01
2.654024958610534668e-01
2.653439939022064209e-01
2.652881741523742676e-01
2.652326822280883789e-01
2.651787102222442627e-01
2.651256620883941650e-01
2.650746107101440430e-01
2.650250494480133057e-01
2.649769186973571777e-01
2.649314999580383301e-01
2.648844420909881592e-01
2.648406326770782471e-01
2.647981941699981689e-01
2.647583484649658203e-01
2.647189199924468994e-01
2.646807134151458740e-01
2.646432518959045410e-01
2.646078467369079590e-01
2.645739912986755371e-01
2.645412385463714600e-01
2.645110785961151123e-01
2.644794285297393799e-01
2.644507586956024170e-01
2.644236981868743896e-01
2.643989026546478271e-01
2.643896043300628662e-01
2.643841505050659180e-01
2.643802464008331299e-01
2.643786072731018066e-01
2.643777132034301758e-01
2.643778026103973389e-01
2.643771171569824219e-01
2.643792331218719482e-01
2.643821239471435547e-01
2.643848657608032227e-01
2.643896043300628662e-01
2.643938362598419189e-01
2.644004523754119873e-01
2.644079625606536865e-01
2.644163668155670166e-01
2.644259035587310791e-01
2.644334733486175537e-01
2.644445896148681641e-01
2.644566595554351807e-01
2.644696533679962158e-01
2.644836604595184326e-01
2.644967734813690186e-01
2.645124197006225586e-01
2.645278275012969971e-01
2.645454704761505127e-01
2.645637392997741699e-01
2.645829617977142334e-01
2.646013200283050537e-01
2.646224796772003174e-01
2.646442353725433350e-01
2.646658122539520264e-01
2.646893262863159180e-01
2.647123634815216064e-01
2.647375464439392090e-01
2.647636532783508301e-01
2.647905945777893066e-01
2.648185789585113525e-01
2.648446261882781982e-01
2.648741006851196289e-01
2.649044394493103027e-01
2.649357914924621582e-01
2.649677991867065430e-01
2.649991214275360107e-01
2.650317251682281494e-01
2.650664448738098145e-01
2.651017606258392334e-01
2.651378512382507324e-01
2.651733458042144775e-01
2.652113437652587891e-01
2.652499079704284668e-01
2.652882635593414307e-01
2.653284668922424316e-01
2.653682529926300049e-01
2.654100060462951660e-01
2.654525935649871826e-01
2.654959559440612793e-01
2.655389010906219482e-01
2.655828893184661865e-01
2.656286060810089111e-01
2.656751275062561035e-01
2.657212316989898682e-01
2.657692730426788330e-01
2.658180892467498779e-01
2.658675909042358398e-01
2.659159004688262939e-01
2.659669518470764160e-01
2.660187184810638428e-01
2.660713195800781250e-01
2.661232650279998779e-01
2.661775052547454834e-01
2.662322223186492920e-01
2.662868201732635498e-01
2.663416862487792969e-01
2.663988173007965088e-01
2.664564251899719238e-01
2.665147185325622559e-01
2.665723860263824463e-01
2.666323482990264893e-01
2.666918337345123291e-01
2.667528092861175537e-01
2.668132483959197998e-01
2.668758928775787354e-01
2.669389247894287109e-01
2.670025527477264404e-01
2.670656144618988037e-01
2.671299874782562256e-01
2.671954929828643799e-01
2.672616839408874512e-01
2.673272788524627686e-01
2.673949003219604492e-01
2.674629092216491699e-01
2.675314545631408691e-01
2.675985395908355713e-01
2.676685750484466553e-01
2.677388489246368408e-01
2.678225636482238770e-01
2.679299712181091309e-01
2.680369317531585693e-01
2.681447267532348633e-01
2.682511806488037109e-01
2.683598697185516357e-01
2.684680819511413574e-01
2.685769796371459961e-01
2.686846256256103516e-01
2.687943875789642334e-01
2.689033150672912598e-01
2.690134644508361816e-01
2.691220343112945557e-01
2.692326307296752930e-01
2.693422734737396240e-01
2.694531381130218506e-01
2.695624232292175293e-01
2.696735262870788574e-01
2.697837650775909424e-01
2.698951065540313721e-01
2.700047492980957031e-01
2.701159417629241943e-01
2.702267467975616455e-01
2.703382670879364014e-01
2.704480886459350586e-01
2.705593109130859375e-01
2.706701457500457764e-01
2.707815468311309814e-01
2.708910107612609863e-01
2.710023224353790283e-01
2.711128294467926025e-01
2.712239027023315430e-01
2.713329493999481201e-01
2.714437544345855713e-01
2.715536952018737793e-01
2.716637849807739258e-01
2.717724740505218506e-01
2.718824446201324463e-01
2.719915509223937988e-01
2.720998525619506836e-01
2.722083628177642822e-01
2.723172307014465332e-01
2.724243104457855225e-01
2.725321650505065918e-01
2.726394236087799072e-01
2.727460563182830811e-01
2.728521823883056641e-01
2.729587554931640625e-01
2.730635404586791992e-01
2.731692790985107422e-01
2.732735574245452881e-01
2.733775079250335693e-01
2.734811007976531982e-01
2.735844254493713379e-01
2.736861705780029297e-01
2.737886607646942139e-01
2.738899886608123779e-01
2.739901542663574219e-01
2.740902006626129150e-01
2.741901576519012451e-01
2.742877900600433350e-01
2.743863463401794434e-01
2.744836211204528809e-01
2.745799422264099121e-01
2.746753692626953125e-01
2.747708559036254883e-01
2.748650014400482178e-01
2.749581933021545410e-01
2.750503718852996826e-01
2.751424610614776611e-01
2.752325236797332764e-01
2.753225266933441162e-01
2.754114270210266113e-01
2.754992246627807617e-01
2.755861878395080566e-01
2.756723463535308838e-01
2.757567167282104492e-01
2.758411169052124023e-01
2.759237289428710938e-01
2.760054767131805420e-01
2.760861814022064209e-01
2.761662900447845459e-01
2.762440145015716553e-01
2.763217985630035400e-01
2.763980329036712646e-01
2.764727175235748291e-01
2.765465378761291504e-01
2.766195833683013916e-01
2.766905128955841064e-01
2.767608463764190674e-01
2.768297195434570312e-01
2.768972516059875488e-01
2.769635319709777832e-01
2.770286798477172852e-01
2.770923376083374023e-01
2.771545946598052979e-01
2.772152423858642578e-01
2.772752046585083008e-01
2.773329317569732666e-01
2.773900330066680908e-01
2.774451375007629395e-01
2.774989604949951172e-01
2.775513827800750732e-01
2.776001691818237305e-01
2.776178717613220215e-01
2.776355147361755371e-01
2.776519358158111572e-01
2.776677310466766357e-01
2.776828408241271973e-01
2.776967287063598633e-01
2.777097523212432861e-01
2.777221500873565674e-01
2.777337729930877686e-01
2.777438759803771973e-01
2.777537703514099121e-01
2.777628004550933838e-01
2.777704596519470215e-01
2.777776718139648438e-01
2.777836918830871582e-01
2.777888476848602295e-01
2.777932584285736084e-01
2.777965962886810303e-01
2.777993083000183105e-01
2.778008282184600830e-01
2.778016328811645508e-01
2.778013050556182861e-01
2.778000831604003906e-01
2.777979373931884766e-01
2.777953445911407471e-01
2.777913510799407959e-01
2.777864336967468262e-01
2.777806222438812256e-01
2.777738273143768311e-01
2.777665555477142334e-01
2.777576446533203125e-01
2.777483463287353516e-01
2.777380645275115967e-01
2.777265012264251709e-01
2.777143716812133789e-01
2.777007818222045898e-01
2.776867449283599854e-01
2.776716351509094238e-01
2.776555120944976807e-01
2.776386141777038574e-01
2.776203453540802002e-01
2.776016891002655029e-01
2.775816917419433594e-01
2.775608599185943604e-01
2.775389850139617920e-01
2.775162458419799805e-01
2.774928212165832520e-01
2.774680852890014648e-01
2.774425148963928223e-01
2.774158716201782227e-01
2.773885428905487061e-01
2.773599922657012939e-01
2.773307859897613525e-01
2.773005366325378418e-01
2.772692739963531494e-01
2.772370874881744385e-01
2.772038877010345459e-01
2.771699726581573486e-01
2.771348357200622559e-01
2.770990431308746338e-01
2.770622968673706055e-01
2.770242989063262939e-01
2.769857048988342285e-01
2.769459486007690430e-01
2.769054770469665527e-01
2.768638730049133301e-01
2.768215537071228027e-01
2.767781615257263184e-01
2.767339646816253662e-01
2.766889333724975586e-01
2.766427397727966309e-01
2.765958905220031738e-01
2.765479087829589844e-01
2.764992415904998779e-01
2.764494419097900391e-01
2.763990163803100586e-01
2.763476669788360596e-01
2.762952148914337158e-01
2.762420773506164551e-01
2.761878669261932373e-01
2.761330008506774902e-01
2.760770320892333984e-01
2.760204374790191650e-01
2.759629786014556885e-01
2.759044170379638672e-01
2.758452296257019043e-01
2.757850289344787598e-01
2.757241129875183105e-01
2.756621539592742920e-01
2.755996286869049072e-01
2.755362093448638916e-01
2.754718065261840820e-01
2.754067182540893555e-01
2.753406465053558350e-01
2.752740085124969482e-01
2.752062976360321045e-01
2.751380205154418945e-01
2.750689089298248291e-01
2.749989032745361328e-01
2.749281823635101318e-01
2.748566269874572754e-01
2.747842967510223389e-01
2.747111916542053223e-01
2.746374011039733887e-01
2.745629251003265381e-01
2.744873464107513428e-01
2.744114100933074951e-01
2.743343710899353027e-01
2.742568254470825195e-01
2.741784155368804932e-01
2.740993797779083252e-01
2.740197777748107910e-01
2.739371359348297119e-01
2.738535106182098389e-01
2.737691700458526611e-01
2.736845314502716064e-01
2.735992372035980225e-01
2.735135853290557861e-01
2.734272480010986328e-01
2.733408212661743164e-01
2.732535302639007568e-01
2.731658220291137695e-01
2.730775475502014160e-01
2.729887962341308594e-01
2.728997468948364258e-01
2.728100419044494629e-01
2.727200686931610107e-01
2.726294100284576416e-01
2.725387215614318848e-01
2.724470198154449463e-01
2.723551988601684570e-01
2.722627520561218262e-01
2.721700668334960938e-01
2.720766961574554443e-01
2.719831168651580811e-01
2.718889117240905762e-01
2.717944681644439697e-01
2.716994583606719971e-01
2.716039419174194336e-01
2.715082466602325439e-01
2.714119255542755127e-01
2.713154256343841553e-01
2.712182700634002686e-01
2.711209654808044434e-01
2.710230350494384766e-01
2.709250152111053467e-01
2.708262801170349121e-01
2.707274556159973145e-01
2.706279754638671875e-01
2.705283761024475098e-01
2.704281508922576904e-01
2.703278362751007080e-01
2.702267169952392578e-01
2.701254189014434814e-01
2.700242102146148682e-01
2.699222266674041748e-01
2.698201239109039307e-01
2.697174251079559326e-01
2.696146965026855469e-01
2.695113420486450195e-01
2.694077789783477783e-01
2.693037688732147217e-01
2.691997289657592773e-01
2.690952718257904053e-01
2.689906656742095947e-01
2.688854038715362549e-01
2.687801420688629150e-01
2.686742842197418213e-01
2.685679495334625244e-01
2.684618532657623291e-01
2.683551013469696045e-01
2.682484388351440430e-01
2.681413590908050537e-01
2.680341601371765137e-01
2.679263353347778320e-01
2.678184211254119873e-01
2.677100598812103271e-01
2.676018178462982178e-01
2.674929797649383545e-01
2.673842608928680420e-01
2.672751247882843018e-01
2.671659290790557861e-01
2.670561373233795166e-01
2.669462859630584717e-01
2.668360173702239990e-01
2.667259275913238525e-01
2.666155993938446045e-01
2.665047049522399902e-01
2.663939893245697021e-01
2.662829160690307617e-01
2.661717832088470459e-01
2.660598456859588623e-01
2.659483551979064941e-01
2.658362686634063721e-01
2.657243907451629639e-01
2.656119465827941895e-01
2.654997408390045166e-01
2.653873562812805176e-01
2.652743756771087646e-01
2.651616632938385010e-01
2.650483548641204834e-01
2.649353444576263428e-01
2.648217380046844482e-01
2.647084295749664307e-01
2.645945549011230469e-01
2.644809484481811523e-01
2.643665373325347900e-01
2.642529010772705078e-01
2.641389071941375732e-01
2.640243470668792725e-01
2.639101445674896240e-01
2.637953460216522217e-01
2.636808753013610840e-01
2.635658681392669678e-01
2.634509503841400146e-01
2.633357048034667969e-01
2.632210552692413330e-01
2.631056606769561768e-01
2.629905939102172852e-01
2.628754377365112305e-01
2.627597451210021973e-01
2.626441717147827148e-01
2.625283300876617432e-01
2.624128758907318115e-01
2.622971236705780029e-01
2.621815204620361328e-01
2.620653808116912842e-01
2.619496583938598633e-01
2.618339061737060547e-01
2.617173194885253906e-01
2.616014182567596436e-01
2.614850401878356934e-01
2.613690495491027832e-01
2.612528204917907715e-01
2.611371576786041260e-01
2.610233724117279053e-01
2.609095573425292969e-01
2.607955038547515869e-01
2.606819868087768555e-01
2.605684399604797363e-01
2.604541480541229248e-01
2.603408992290496826e-01
2.602266371250152588e-01
2.601131200790405273e-01
2.599991858005523682e-01
2.598857283592224121e-01
2.597717642784118652e-01
2.596583962440490723e-01
2.595444917678833008e-01
2.594308555126190186e-01
2.593178153038024902e-01
2.592037320137023926e-01
2.590904533863067627e-01
2.589767277240753174e-01
2.588635385036468506e-01
2.587495744228363037e-01
2.586367428302764893e-01
2.585228681564331055e-01
2.584101259708404541e-01
2.582963407039642334e-01
2.581833899021148682e-01
2.580705285072326660e-01
2.579571306705474854e-01
2.578443288803100586e-01
2.577310800552368164e-01
2.576183974742889404e-01
2.575049400329589844e-01
2.573926746845245361e-01
2.572798728942871094e-01
2.571668624877929688e-01
2.570545375347137451e-01
2.569416463375091553e-01
2.568291127681732178e-01
2.567172348499298096e-01
2.566042542457580566e-01
2.564921975135803223e-01
2.563802599906921387e-01
2.562677860260009766e-01
2.561559677124023438e-01
2.560442686080932617e-01
2.559320032596588135e-01
2.558201253414154053e-01
2.557083666324615479e-01
2.555966675281524658e-01
2.554852962493896484e-01
2.553735077381134033e-01
2.552623152732849121e-01
2.551509439945220947e-01
2.550397217273712158e-01
2.549285292625427246e-01
2.548171281814575195e-01
2.547064423561096191e-01
2.545958161354064941e-01
2.544846832752227783e-01
2.543742954730987549e-01
2.542639672756195068e-01
2.541528642177581787e-01
2.540430724620819092e-01
2.539327442646026611e-01
2.538222074508666992e-01
2.537124454975128174e-01
2.536021173000335693e-01
2.534922361373901367e-01
2.533830702304840088e-01
2.532727718353271484e-01
2.531634867191314697e-01
2.530543804168701172e-01
2.529447078704833984e-01
2.528357803821563721e-01
2.527264058589935303e-01
2.526176869869232178e-01
2.525087893009185791e-01
2.524000704288482666e-01
2.522914111614227295e-01
2.521831691265106201e-01
2.520745098590850830e-01
2.519665062427520752e-01
2.518583536148071289e-01
2.517503499984741211e-01
2.516424357891082764e-01
2.515343129634857178e-01
2.514270246028900146e-01
2.513197958469390869e-01
2.512121200561523438e-01
2.511051297187805176e-01
2.509983181953430176e-01
2.508910298347473145e-01
2.507844567298889160e-01
2.506770789623260498e-01
2.505711317062377930e-01
2.504646480083465576e-01
2.503580152988433838e-01
2.502521574497222900e-01
2.501464188098907471e-01
2.500398457050323486e-01
2.499347329139709473e-01
2.498290836811065674e-01
2.497232556343078613e-01
2.496182620525360107e-01
2.495127171277999878e-01
2.494079619646072388e-01
2.493033856153488159e-01
2.491982877254486084e-01
2.490936368703842163e-01
2.489898353815078735e-01
2.488848417997360229e-01
2.487809658050537109e-01
2.486772835254669189e-01
2.485730499029159546e-01
2.484693080186843872e-01
2.483657449483871460e-01
2.482623010873794556e-01
2.481593340635299683e-01
2.480559051036834717e-01
2.479532361030578613e-01
2.478507310152053833e-01
2.477477639913558960e-01
2.476455718278884888e-01
2.475432008504867554e-01
2.474410235881805420e-01
2.473389655351638794e-01
2.472373992204666138e-01
2.471360266208648682e-01
2.470341175794601440e-01
2.469327002763748169e-01
2.468321472406387329e-01
2.467303723096847534e-01
2.466297745704650879e-01
2.465258538722991943e-01
2.463927119970321655e-01
2.462582737207412720e-01
2.461252510547637939e-01
2.459919303655624390e-01
2.458580434322357178e-01
2.457248568534851074e-01
2.455917596817016602e-01
2.454587072134017944e-01
2.453250885009765625e-01
2.451921701431274414e-01
2.450593709945678711e-01
2.449266016483306885e-01
2.447936087846755981e-01
2.446606457233428955e-01
2.445284873247146606e-01
2.443950027227401733e-01
2.442629933357238770e-01
2.441303282976150513e-01
2.439984828233718872e-01
2.438653111457824707e-01
2.437336295843124390e-01
2.436012923717498779e-01
2.434691041707992554e-01
2.433372884988784790e-01
2.432055920362472534e-01
2.430739551782608032e-01
2.429417669773101807e-01
2.428103089332580566e-01
2.426789551973342896e-01
2.425476759672164917e-01
2.424158453941345215e-01
2.422847449779510498e-01
2.421541363000869751e-01
2.420221865177154541e-01
2.418917715549468994e-01
2.417607009410858154e-01
2.416304647922515869e-01
2.414989173412322998e-01
2.413688749074935913e-01
2.412382066249847412e-01
2.411076873540878296e-01
2.409772127866744995e-01
2.408475875854492188e-01
2.407176792621612549e-01
2.405872195959091187e-01
2.404575198888778687e-01
