4.571431577205657959e-01
4.567303955554962158e-01
4.563170969486236572e-01
4.559028148651123047e-01
4.554888308048248291e-01
4.552078843116760254e-01
4.549619555473327637e-01
4.547102153301239014e-01
4.544529616832733154e-01
4.541900455951690674e-01
4.544351696968078613e-01
4.549614489078521729e-01
4.554770290851593018e-01
4.559814929962158203e-01
4.564773142337799072e-01
4.571193754673004150e-01
4.580405950546264648e-01
4.589589834213256836e-01
4.598729908466339111e-01
4.607842266559600830e-01
4.616941213607788086e-01
4.624803066253662109e-01
4.632589519023895264e-01
4.640412628650665283e-01
4.648275971412658691e-01
4.656173586845397949e-01
4.664797782897949219e-01
4.675017595291137695e-01
4.685295522212982178e-01
4.695623815059661865e-01
4.705992937088012695e-01
4.716393351554870605e-01
4.725361764430999756e-01
4.733037948608398438e-01
4.740740954875946045e-01
4.748452901840209961e-01
4.756148159503936768e-01
4.763780534267425537e-01
4.769409298896789551e-01
4.773491024971008301e-01
4.777635931968688965e-01
4.781949520111083984e-01
4.786473810672760010e-01
4.791267812252044678e-01
4.796314239501953125e-01
4.801613986492156982e-01
4.807261824607849121e-01
4.813267588615417480e-01
4.819633066654205322e-01
4.826320707798004150e-01
4.833008050918579102e-01
4.835445582866668701e-01
4.838047027587890625e-01
4.840765595436096191e-01
4.843510985374450684e-01
4.846231341361999512e-01
4.848827719688415527e-01
4.852062165737152100e-01
4.855846166610717773e-01
4.859346449375152588e-01
4.862516522407531738e-01
4.865310490131378174e-01
4.867700040340423584e-01
4.869680702686309814e-01
4.870079159736633301e-01
4.869647026062011719e-01
4.868797361850738525e-01
4.867570400238037109e-01
4.865998923778533936e-01
4.864123165607452393e-01
4.862022697925567627e-01
4.858437776565551758e-01
4.854091405868530273e-01
4.848827421665191650e-01
4.843202233314514160e-01
4.837897121906280518e-01
4.832684099674224854e-01
4.827437698841094971e-01
4.822174608707427979e-01
4.816925227642059326e-01
4.811623096466064453e-01
4.806289076805114746e-01
4.800955355167388916e-01
4.795604348182678223e-01
4.790258705615997314e-01
4.784939289093017578e-01
4.779722988605499268e-01
4.774545133113861084e-01
4.769404530525207520e-01
4.764324426651000977e-01
4.759277403354644775e-01
4.754295647144317627e-01
4.749363958835601807e-01
4.743909239768981934e-01
4.736350178718566895e-01
4.728881716728210449e-01
4.721507430076599121e-01
4.714230298995971680e-01
4.707044959068298340e-01
4.699955582618713379e-01
4.692962467670440674e-01
4.686521589756011963e-01
4.682462811470031738e-01
4.678489863872528076e-01
4.674583077430725098e-01
4.670760631561279297e-01
4.667004048824310303e-01
4.663321375846862793e-01
4.659723639488220215e-01
4.656188488006591797e-01
4.650831818580627441e-01
4.645113945007324219e-01
4.639474749565124512e-01
4.633923768997192383e-01
4.628436863422393799e-01
4.623023569583892822e-01
4.617689251899719238e-01
4.612412452697753906e-01
4.607383608818054199e-01
4.603403508663177490e-01
4.599484205245971680e-01
4.595604538917541504e-01
4.591779410839080811e-01
4.587987065315246582e-01
4.584242105484008789e-01
4.580531418323516846e-01
4.576842188835144043e-01
4.573381543159484863e-01
4.571016728878021240e-01
4.568667113780975342e-01
4.566331207752227783e-01
4.564000964164733887e-01
4.561685323715209961e-01
4.559359550476074219e-01
4.557031691074371338e-01
4.554700255393981934e-01
4.552361667156219482e-01
4.548314213752746582e-01
4.543851912021636963e-01
4.539382457733154297e-01
4.534896910190582275e-01
4.530420899391174316e-01
4.525945186614990234e-01
4.521470367908477783e-01
4.517021179199218750e-01
4.512588977813720703e-01
4.508278667926788330e-01
4.504930377006530762e-01
4.501628577709197998e-01
4.498407542705535889e-01
4.495515227317810059e-01
4.492581784725189209e-01
4.489786326885223389e-01
4.487116932868957520e-01
4.484605193138122559e-01
4.482249617576599121e-01
4.480051100254058838e-01
4.480017125606536865e-01
4.480252265930175781e-01
4.480665922164916992e-01
4.481263458728790283e-01
4.482052326202392578e-01
4.482999742031097412e-01
4.484108686447143555e-01
4.485372006893157959e-01
4.486784338951110840e-01
4.488319754600524902e-01
4.490359425544738770e-01
4.493044614791870117e-01
4.495797455310821533e-01
4.498602747917175293e-01
4.501436352729797363e-01
4.504282176494598389e-01
4.507095217704772949e-01
4.509857296943664551e-01
4.512540698051452637e-01
4.515123367309570312e-01
4.517563581466674805e-01
4.519890248775482178e-01
4.522100389003753662e-01
4.524086415767669678e-01
4.525821506977081299e-01
4.527289271354675293e-01
4.528462588787078857e-01
4.529328048229217529e-01
4.529862999916076660e-01
4.530060589313507080e-01
4.529905915260314941e-01
4.529395401477813721e-01
4.528523385524749756e-01
4.526618719100952148e-01
4.524309635162353516e-01
4.521621167659759521e-01
4.518576264381408691e-01
4.515175223350524902e-01
4.511449337005615234e-01
4.507401883602142334e-01
4.503066837787628174e-01
4.498444199562072754e-01
4.493575990200042725e-01
4.488463997840881348e-01
4.483151733875274658e-01
4.476902484893798828e-01
4.470463991165161133e-01
4.463879764080047607e-01
4.457182884216308594e-01
4.450365304946899414e-01
4.443480670452117920e-01
4.436548650264739990e-01
4.429569542407989502e-01
4.422571659088134766e-01
4.415571391582489014e-01
4.408605992794036865e-01
4.401659369468688965e-01
4.393508434295654297e-01
4.383950233459472656e-01
4.374489784240722656e-01
4.365146458148956299e-01
4.355935752391815186e-01
4.346853494644165039e-01
4.337895810604095459e-01
4.329074919223785400e-01
4.320400655269622803e-01
4.311859905719757080e-01
4.303469359874725342e-01
4.295218884944915771e-01
4.287102520465850830e-01
4.279889762401580811e-01
4.274216294288635254e-01
4.268656671047210693e-01
4.263203740119934082e-01
4.257866144180297852e-01
4.252629876136779785e-01
4.247497618198394775e-01
4.242460131645202637e-01
4.237520694732666016e-01
4.232668578624725342e-01
4.227907657623291016e-01
4.223225414752960205e-01
4.218626320362091064e-01
4.214096069335937500e-01
4.210042357444763184e-01
4.206295609474182129e-01
4.202598631381988525e-01
4.198948144912719727e-01
4.195335507392883301e-01
4.191771745681762695e-01
4.188247025012969971e-01
4.184847772121429443e-01
4.183206558227539062e-01
4.186368882656097412e-01
4.188833236694335938e-01
4.191067516803741455e-01
4.192888736724853516e-01
4.194191694259643555e-01
4.194855690002441406e-01
4.194634854793548584e-01
4.193964302539825439e-01
4.192896485328674316e-01
4.191513955593109131e-01
4.189864993095397949e-01
4.188019335269927979e-01
4.186016917228698730e-01
4.183888137340545654e-01
4.181680083274841309e-01
4.179402291774749756e-01
4.177091717720031738e-01
4.174747169017791748e-01
4.172395765781402588e-01
4.170043170452117920e-01
4.167691767215728760e-01
4.165398180484771729e-01
4.163118898868560791e-01
4.160844981670379639e-01
4.158588051795959473e-01
4.156346321105957031e-01
4.154131710529327393e-01
4.151927232742309570e-01
4.149744212627410889e-01
4.147578477859497070e-01
4.145441651344299316e-01
4.143313765525817871e-01
4.141206741333007812e-01
4.139121472835540771e-01
4.137048423290252686e-01
4.134987890720367432e-01
4.133045375347137451e-01
4.131514132022857666e-01
4.129988849163055420e-01
4.128480255603790283e-01
4.126970469951629639e-01
4.125477373600006104e-01
4.123979210853576660e-01
4.122494161128997803e-01
4.121004045009613037e-01
4.119518995285034180e-01
4.118027985095977783e-01
4.116538763046264648e-01
4.115041196346282959e-01
4.113536477088928223e-01
4.112027883529663086e-01
4.110505282878875732e-01
4.108975529670715332e-01
4.107619225978851318e-01
4.106454849243164062e-01
4.105275273323059082e-01
4.104070961475372314e-01
4.102842509746551514e-01
4.101597368717193604e-01
4.100319445133209229e-01
4.099016785621643066e-01
4.097694158554077148e-01
4.096335768699645996e-01
4.094950854778289795e-01
4.093536436557769775e-01
4.092101454734802246e-01
4.090631902217864990e-01
4.089134633541107178e-01
4.087616801261901855e-01
4.086066484451293945e-01
4.084494113922119141e-01
4.084459543228149414e-01
4.084703624248504639e-01
4.084927141666412354e-01
4.085136055946350098e-01
4.085334241390228271e-01
4.085517227649688721e-01
4.085706174373626709e-01
4.085897803306579590e-01
4.086096584796905518e-01
4.086311757564544678e-01
4.086546301841735840e-01
4.086807370185852051e-01
4.087092280387878418e-01
4.087423980236053467e-01
4.087800085544586182e-01
4.088225960731506348e-01
4.088708758354187012e-01
4.089252948760986328e-01
4.089982807636260986e-01
4.091231822967529297e-01
4.092572331428527832e-01
4.093998670578002930e-01
4.095520377159118652e-01
4.097139537334442139e-01
4.098857641220092773e-01
4.100680947303771973e-01
4.102609455585479736e-01
4.104642868041992188e-01
4.106786251068115234e-01
4.109036624431610107e-01
4.111393392086029053e-01
4.113862514495849609e-01
4.116437733173370361e-01
4.119131565093994141e-01
4.121929705142974854e-01
4.124828577041625977e-01
4.127838015556335449e-01
4.130947887897491455e-01
4.134899079799652100e-01
4.139581024646759033e-01
4.144385755062103271e-01
4.149295687675476074e-01
4.154325127601623535e-01
4.159455001354217529e-01
4.164699614048004150e-01
4.170039594173431396e-01
4.175490140914916992e-01
4.181040227413177490e-01
4.186676442623138428e-01
4.192415773868560791e-01
4.198235571384429932e-01
4.204142391681671143e-01
4.210133552551269531e-01
4.216198623180389404e-01
4.222348332405090332e-01
4.228572547435760498e-01
4.234867990016937256e-01
4.241231381893157959e-01
4.247657954692840576e-01
4.253996908664703369e-01
4.260315597057342529e-01
4.266691505908966064e-01
4.273098409175872803e-01
4.279552698135375977e-01
4.286028146743774414e-01
4.292539954185485840e-01
4.299062788486480713e-01
4.305610954761505127e-01
4.312158524990081787e-01
4.318720698356628418e-01
4.325270652770996094e-01
4.331823289394378662e-01
4.338351488113403320e-01
4.344870150089263916e-01
4.351339042186737061e-01
4.357798695564270020e-01
4.364195764064788818e-01
4.370569586753845215e-01
4.376867711544036865e-01
4.383128881454467773e-01
4.389301240444183350e-01
4.395210444927215576e-01
4.400884211063385010e-01
4.406455755233764648e-01
4.411898255348205566e-01
4.417228400707244873e-01
4.422426223754882812e-01
4.427477121353149414e-01
4.432396292686462402e-01
4.437144994735717773e-01
4.441736340522766113e-01
4.446159601211547852e-01
4.450400471687316895e-01
4.454447925090789795e-01
4.458317756652832031e-01
4.461969137191772461e-01
4.465418159961700439e-01
4.468652606010437012e-01
4.471656680107116699e-01
4.474437534809112549e-01
4.476974308490753174e-01
4.479265213012695312e-01
4.481316506862640381e-01
4.483101367950439453e-01
4.484215974807739258e-01
4.482179880142211914e-01
4.479864835739135742e-01
4.477272033691406250e-01
4.474396407604217529e-01
4.471235275268554688e-01
4.467785954475402832e-01
4.464047253131866455e-01
4.460015594959259033e-01
4.455690383911132812e-01
4.451071619987487793e-01
4.446157813072204590e-01
4.440949261188507080e-01
4.435445964336395264e-01
4.429649412631988525e-01
4.423560500144958496e-01
4.417172074317932129e-01
4.410503804683685303e-01
4.403549432754516602e-01
4.396330714225769043e-01
4.388815760612487793e-01
4.381026327610015869e-01
4.372986257076263428e-01
4.364660978317260742e-01
4.356076121330261230e-01
4.347233772277832031e-01
4.337938129901885986e-01
4.328415393829345703e-01
4.318698644638061523e-01
4.308744668960571289e-01
4.298586249351501465e-01
4.288258850574493408e-01
4.277716875076293945e-01
4.267024397850036621e-01
4.256134629249572754e-01
4.245084822177886963e-01
4.233914017677307129e-01
4.222565293312072754e-01
4.211095273494720459e-01
4.199537932872772217e-01
4.187839627265930176e-01
4.176044762134552002e-01
4.164196252822875977e-01
4.152241051197052002e-01
4.140254557132720947e-01
4.128215909004211426e-01
4.116137325763702393e-01
4.103996455669403076e-01
4.091871678829193115e-01
4.079739749431610107e-01
4.067579209804534912e-01
4.055469036102294922e-01
4.043419659137725830e-01
4.031436145305633545e-01
4.019473493099212646e-01
4.007594585418701172e-01
3.995789289474487305e-01
3.984022736549377441e-01
3.972383141517639160e-01
3.960833251476287842e-01
3.949367403984069824e-01
3.938041627407073975e-01
3.926840722560882568e-01
3.915781378746032715e-01
3.904828131198883057e-01
3.894060552120208740e-01
3.883443474769592285e-01
3.872971236705780029e-01
3.862690627574920654e-01
3.852594792842864990e-01
3.842677772045135498e-01
3.832956552505493164e-01
3.823422789573669434e-01
3.814094960689544678e-01
3.804965615272521973e-01
3.796052634716033936e-01
3.787344396114349365e-01
3.778859972953796387e-01
3.770587444305419922e-01
3.762543201446533203e-01
3.754734694957733154e-01
3.746230900287628174e-01
3.737936913967132568e-01
3.729883432388305664e-01
3.722066283226013184e-01
3.714497983455657959e-01
3.707174360752105713e-01
3.700092136859893799e-01
3.693246543407440186e-01
3.686650097370147705e-01
3.680293560028076172e-01
3.674176633358001709e-01
3.668298721313476562e-01
3.662652075290679932e-01
3.657245337963104248e-01
3.652071654796600342e-01
3.647128343582153320e-01
3.642417192459106445e-01
3.637920618057250977e-01
3.633652627468109131e-01
3.629605472087860107e-01
3.625772595405578613e-01
3.622147440910339355e-01
3.618736863136291504e-01
3.615533411502838135e-01
3.612532615661621094e-01
3.609731197357177734e-01
3.607115447521209717e-01
3.604700863361358643e-01
3.602473437786102295e-01
3.600424528121948242e-01
3.598615825176239014e-01
3.597063124179840088e-01
3.595666289329528809e-01
3.594446480274200439e-01
3.593387007713317871e-01
3.592469990253448486e-01
3.591718971729278564e-01
3.591111600399017334e-01
3.590643107891082764e-01
3.590325117111206055e-01
3.590138554573059082e-01
3.590089082717895508e-01
3.590156137943267822e-01
3.590341508388519287e-01
3.590664267539978027e-01
3.591086268424987793e-01
3.591638505458831787e-01
3.592285811901092529e-01
3.593047559261322021e-01
3.593900799751281738e-01
3.594851791858673096e-01
3.595905900001525879e-01
3.597040772438049316e-01
3.598273396492004395e-01
3.599577844142913818e-01
3.600979447364807129e-01
3.602435886859893799e-01
3.603986501693725586e-01
3.605592250823974609e-01
3.607258498668670654e-01
3.609011769294738770e-01
3.610802590847015381e-01
3.612672984600067139e-01
3.614072799682617188e-01
3.615235388278961182e-01
3.616419732570648193e-01
3.617646396160125732e-01
3.618928492069244385e-01
3.620219528675079346e-01
3.621565103530883789e-01
3.622918725013732910e-01
3.624293506145477295e-01
3.625710904598236084e-01
3.627131283283233643e-01
3.628566861152648926e-01
3.630012869834899902e-01
3.631473183631896973e-01
3.632962405681610107e-01
3.634433150291442871e-01
3.635913431644439697e-01
3.637397885322570801e-01
3.638879954814910889e-01
3.640374243259429932e-01
3.641849756240844727e-01
3.643321394920349121e-01
3.644776642322540283e-01
3.646229803562164307e-01
3.647684752941131592e-01
3.649111390113830566e-01
3.650514781475067139e-01
3.651908636093139648e-01
3.653280735015869141e-01
3.654645383358001709e-01
3.655974566936492920e-01
3.657282292842864990e-01
3.658562004566192627e-01
3.659812211990356445e-01
3.661052882671356201e-01
3.662371933460235596e-01
3.663929700851440430e-01
3.665455877780914307e-01
3.666955232620239258e-01
3.668427169322967529e-01
3.669864535331726074e-01
3.671269416809082031e-01
3.672637343406677246e-01
3.673974275588989258e-01
3.675279319286346436e-01
3.676544725894927979e-01
3.677776753902435303e-01
3.678961992263793945e-01
3.680118322372436523e-01
3.681232333183288574e-01
3.682310283184051514e-01
3.683345019817352295e-01
3.684335649013519287e-01
3.685288727283477783e-01
3.686203062534332275e-01
3.687072694301605225e-01
3.687902987003326416e-01
3.688681125640869141e-01
3.689425885677337646e-01
3.690124750137329102e-01
3.690783381462097168e-01
3.691395819187164307e-01
3.691962063312530518e-01
3.692488670349121094e-01
3.692975342273712158e-01
3.693417012691497803e-01
3.693819642066955566e-01
3.694171011447906494e-01
3.694491684436798096e-01
3.694769144058227539e-01
3.695011138916015625e-01
3.695196211338043213e-01
3.695363402366638184e-01
3.695224225521087646e-01
3.693639039993286133e-01
3.692007958889007568e-01
3.690340816974639893e-01
3.688618242740631104e-01
3.686864376068115234e-01
3.685075640678405762e-01
3.685387670993804932e-01
3.683532476425170898e-01
3.681647777557373047e-01
3.679752945899963379e-01
3.677843809127807617e-01
3.675933182239532471e-01
3.674010336399078369e-01
3.672087788581848145e-01
3.670162856578826904e-01
3.668254911899566650e-01
3.666362464427947998e-01
3.664489984512329102e-01
3.662642240524291992e-01
3.660824000835418701e-01
3.659038543701171875e-01
3.657292425632476807e-01
3.655587434768676758e-01
3.653927147388458252e-01
3.652314245700836182e-01
3.650740683078765869e-01
3.649227023124694824e-01
3.647764027118682861e-01
3.646339774131774902e-01
3.644983172416687012e-01
3.643664717674255371e-01
3.642378151416778564e-01
3.641142547130584717e-01
3.639940917491912842e-01
3.638756871223449707e-01
3.637607693672180176e-01
3.636475801467895508e-01
3.635340929031372070e-01
3.634226024150848389e-01
3.633101284503936768e-01
3.631952106952667236e-01
3.631677031517028809e-01
3.631566762924194336e-01
3.631418645381927490e-01
3.631254434585571289e-01
3.631057739257812500e-01
3.630806803703308105e-01
3.630526363849639893e-01
3.630194962024688721e-01
3.629803657531738281e-01
3.629366457462310791e-01
3.628874421119689941e-01
3.628311455249786377e-01
3.627700507640838623e-01
3.627026677131652832e-01
3.626284003257751465e-01
3.625486791133880615e-01
3.624621629714965820e-01
3.623701930046081543e-01
3.622716069221496582e-01
3.621676862239837646e-01
3.620573580265045166e-01
3.619419336318969727e-01
3.618211150169372559e-01
3.616948425769805908e-01
3.615631759166717529e-01
3.614259362220764160e-01
3.612842559814453125e-01
3.611374199390411377e-01
3.609863817691802979e-01
3.608305454254150391e-01
3.606708347797393799e-01
3.605067133903503418e-01
3.603389859199523926e-01
3.601671755313873291e-01
3.599921166896820068e-01
3.598132431507110596e-01
3.596313595771789551e-01
3.594460785388946533e-01
3.592579662799835205e-01
3.590667247772216797e-01
3.588729500770568848e-01
3.586763143539428711e-01
3.584773540496826172e-01
3.582757711410522461e-01
3.580720424652099609e-01
3.578591644763946533e-01
3.576428592205047607e-01
3.574258387088775635e-01
3.572057187557220459e-01
3.569848835468292236e-01
3.567613363265991211e-01
3.565370440483093262e-01
3.563106656074523926e-01
3.560823798179626465e-01
3.558540344238281250e-01
3.556231856346130371e-01
3.553919792175292969e-01
3.551589548587799072e-01
3.549252748489379883e-01
3.546900153160095215e-01
3.544534742832183838e-01
3.542168438434600830e-01
3.539784848690032959e-01
3.537400066852569580e-01
3.535000383853912354e-01
3.532598912715911865e-01
3.530181050300598145e-01
3.527756929397583008e-01
3.525333404541015625e-01
3.522896468639373779e-01
3.520459830760955811e-01
3.518007099628448486e-01
3.515560626983642578e-01
3.513097763061523438e-01
3.510631322860717773e-01
3.508166670799255371e-01
3.505687117576599121e-01
3.503215014934539795e-01
3.500727415084838867e-01
3.498246073722839355e-01
3.495748639106750488e-01
3.493248224258422852e-01
3.490754961967468262e-01
3.488246798515319824e-01
3.485743999481201172e-01
3.483229577541351318e-01
3.480719625949859619e-01
3.478197753429412842e-01
3.475672304630279541e-01
3.473153412342071533e-01
3.470621705055236816e-01
3.468095660209655762e-01
3.465559482574462891e-01
3.463027477264404297e-01
3.461653292179107666e-01
3.460389375686645508e-01
3.459134697914123535e-01
3.457866609096527100e-01
3.456605374813079834e-01
3.455334603786468506e-01
3.454069793224334717e-01
3.452793061733245850e-01
3.451524674892425537e-01
3.450243175029754639e-01
3.448968231678009033e-01
3.447682559490203857e-01
3.446404337882995605e-01
3.445112705230712891e-01
3.443827331066131592e-01
3.442531824111938477e-01
3.441241681575775146e-01
3.439938724040985107e-01
3.438641726970672607e-01
3.437334597110748291e-01
3.436031043529510498e-01
3.434716463088989258e-01
3.433407843112945557e-01
3.432085812091827393e-01
3.430769145488739014e-01
3.429448902606964111e-01
3.428117632865905762e-01
3.426789939403533936e-01
3.425449132919311523e-01
3.424113690853118896e-01
3.422765433788299561e-01
3.421423137187957764e-01
3.420066535472869873e-01
3.418714404106140137e-01
3.417349159717559814e-01
3.415988385677337646e-01
3.414615392684936523e-01
3.413245379924774170e-01
3.411861956119537354e-01
3.410482704639434814e-01
3.409089744091033936e-01
3.407700955867767334e-01
3.406299352645874023e-01
3.404900133609771729e-01
3.403487205505371094e-01
3.402078151702880859e-01
3.400654792785644531e-01
3.399235904216766357e-01
3.397801816463470459e-01
3.396371006965637207e-01
3.394926488399505615e-01
3.393484652042388916e-01
3.392029404640197754e-01
3.390699326992034912e-01
3.389757573604583740e-01
3.388808667659759521e-01
3.387852013111114502e-01
3.386880159378051758e-01
3.385908603668212891e-01
3.384929597377777100e-01
3.383943140506744385e-01
3.382948935031890869e-01
3.381938338279724121e-01
3.380929231643676758e-01
3.379911482334136963e-01
3.378886282444000244e-01
3.377853333950042725e-01
3.376803696155548096e-01
3.375754654407501221e-01
3.374697566032409668e-01
3.373632729053497314e-01
3.372559547424316406e-01
3.371478617191314697e-01
3.370380401611328125e-01
3.369283080101013184e-01
3.368177413940429688e-01
3.367063701152801514e-01
3.365941643714904785e-01
3.364802598953247070e-01
3.363663852214813232e-01
3.362516760826110840e-01
3.361361324787139893e-01
3.360197544097900391e-01
3.359016776084899902e-01
3.357836008071899414e-01
3.356647193431854248e-01
3.355450034141540527e-01
3.354244232177734375e-01
3.353030085563659668e-01
3.351798355579376221e-01
3.350566327571868896e-01
3.349326848983764648e-01
3.348078429698944092e-01
3.346821665763854980e-01
3.345547616481781006e-01
3.344273567199707031e-01
3.342991173267364502e-01
3.341700434684753418e-01
3.340400755405426025e-01
3.339083194732666016e-01
3.337765932083129883e-01
3.336440920829772949e-01
3.335107266902923584e-01
3.333764970302581787e-01
3.332405388355255127e-01
3.331045508384704590e-01
3.329677581787109375e-01
3.328301012516021729e-01
3.326916098594665527e-01
3.325522541999816895e-01
3.324111998081207275e-01
3.322700858116149902e-01
3.321383595466613770e-01
3.320480287075042725e-01
3.319568336009979248e-01
3.318647146224975586e-01
3.317717611789703369e-01
3.316778838634490967e-01
3.315830826759338379e-01
3.314874470233917236e-01
3.313908278942108154e-01
3.312925696372985840e-01
3.311941921710968018e-01
3.310947716236114502e-01
3.309946358203887939e-01
3.308936655521392822e-01
3.307917416095733643e-01
3.306890428066253662e-01
3.305853605270385742e-01
3.304809033870697021e-01
3.303754925727844238e-01
3.302684426307678223e-01
3.301613032817840576e-01
3.300533592700958252e-01
3.299444913864135742e-01
3.298348486423492432e-01
3.297243416309356689e-01
3.296129405498504639e-01
3.294734358787536621e-01
3.293310701847076416e-01
3.291869461536407471e-01
3.290418982505798340e-01
3.288968205451965332e-01
3.287500143051147461e-01
3.286023139953613281e-01
3.284545838832855225e-01
3.283051252365112305e-01
3.281548023223876953e-01
3.280035853385925293e-01
3.278523981571197510e-01
3.276994824409484863e-01
3.275457322597503662e-01
3.273919820785522461e-01
3.272365331649780273e-01
3.270802795886993408e-01
3.269240260124206543e-01
3.267661333084106445e-01
3.266074061393737793e-01
3.264487087726593018e-01
3.262884020805358887e-01
3.261272907257080078e-01
3.259662389755249023e-01
3.258035480976104736e-01
3.256401121616363525e-01
3.255299627780914307e-01
3.254637420177459717e-01
3.253967463970184326e-01
3.253289461135864258e-01
3.252612352371215820e-01
3.251918852329254150e-01
3.251217901706695557e-01
3.250513970851898193e-01
3.249797821044921875e-01
3.249082863330841064e-01
3.248352110385894775e-01
3.247614204883575439e-01
3.246868848800659180e-01
3.246124982833862305e-01
3.245365321636199951e-01
3.244599103927612305e-01
3.243825733661651611e-01
3.243045508861541748e-01
3.242267072200775146e-01
3.241473138332366943e-01
3.240672945976257324e-01
3.239866197109222412e-01
3.239061236381530762e-01
3.238241374492645264e-01
3.237415552139282227e-01
3.236583173274993896e-01
3.235749602317810059e-01
3.234910964965820312e-01
3.234041333198547363e-01
3.233165144920349121e-01
3.232290446758270264e-01
3.231401145458221436e-01
3.230506479740142822e-01
3.229603767395019531e-01
3.228695094585418701e-01
3.227788209915161133e-01
3.226866722106933594e-01
3.225938975811004639e-01
3.225004971027374268e-01
3.224073052406311035e-01
3.223126828670501709e-01
3.222180902957916260e-01
3.221222460269927979e-01
3.220266401767730713e-01
3.219295740127563477e-01
3.218319118022918701e-01
3.217336535453796387e-01
3.216356039047241211e-01
3.215361535549163818e-01
3.214362561702728271e-01
3.213355839252471924e-01
3.212351799011230469e-01
3.211333155632019043e-01
3.210308849811553955e-01
3.209278285503387451e-01
3.208255767822265625e-01
3.207508325576782227e-01
3.207217156887054443e-01
3.206926882266998291e-01
3.206618428230285645e-01
3.206311762332916260e-01
3.205988705158233643e-01
3.205657601356506348e-01
3.205326199531555176e-01
3.204984068870544434e-01
3.204634189605712891e-01
3.204269111156463623e-01
3.203895092010498047e-01
3.203520774841308594e-01
3.203128874301910400e-01
3.202728033065795898e-01
3.202324509620666504e-01
3.201905190944671631e-01
3.201484680175781250e-01
3.201052248477935791e-01
3.200604021549224854e-01
3.200154006481170654e-01
3.199684023857116699e-01
3.199213743209838867e-01
3.198724985122680664e-01
3.198225200176239014e-01
3.197723627090454102e-01
3.197202384471893311e-01
3.196683526039123535e-01
3.196140229701995850e-01
3.195585608482360840e-01
3.195060193538665771e-01
3.194564282894134521e-01
3.194054365158081055e-01
3.193531930446624756e-01
3.192992508411407471e-01
3.192438781261444092e-01
3.191877007484436035e-01
3.191286623477935791e-01
3.190687596797943115e-01
3.190072476863861084e-01
3.189443945884704590e-01
3.188797533512115479e-01
3.188134729862213135e-01
3.187458217144012451e-01
3.186770677566528320e-01
3.186058700084686279e-01
3.185324072837829590e-01
3.184578120708465576e-01
3.183815479278564453e-01
3.183035254478454590e-01
3.182239830493927002e-01
3.181432783603668213e-01
3.180599510669708252e-01
3.179750740528106689e-01
3.178881406784057617e-01
3.177993595600128174e-01
3.177081346511840820e-01
3.176156580448150635e-01
3.175221681594848633e-01
3.174261450767517090e-01
3.173279464244842529e-01
3.172382116317749023e-01
3.172090053558349609e-01
3.171777427196502686e-01
3.171439468860626221e-01
3.171096146106719971e-01
3.170713782310485840e-01
3.170305490493774414e-01
3.169873654842376709e-01
3.169420361518859863e-01
3.168948590755462646e-01
3.168444931507110596e-01
3.167929649353027344e-01
3.167377412319183350e-01
3.166800737380981445e-01
3.166210055351257324e-01
3.165584504604339600e-01
3.164936006069183350e-01
3.163340389728546143e-01
3.161675333976745605e-01
3.159970045089721680e-01
3.158231377601623535e-01
3.156453371047973633e-01
3.154651820659637451e-01
3.152819573879241943e-01
3.150950074195861816e-01
3.149067163467407227e-01
3.147140443325042725e-01
3.145174384117126465e-01
3.143185079097747803e-01
3.141166865825653076e-01
3.139114379882812500e-01
3.137035369873046875e-01
3.134920001029968262e-01
3.132882416248321533e-01
3.131005167961120605e-01
3.129083216190338135e-01
3.127122819423675537e-01
3.125132024288177490e-01
3.123085498809814453e-01
3.120991885662078857e-01
3.118862211704254150e-01
3.116694092750549316e-01
3.114481270313262939e-01
3.112244606018066406e-01
3.109948635101318359e-01
3.107605576515197754e-01
3.105226755142211914e-01
3.102809488773345947e-01
3.100347816944122314e-01
3.097860217094421387e-01
3.093278408050537109e-01
3.085692226886749268e-01
3.078050911426544189e-01
3.070338368415832520e-01
3.062571585178375244e-01
3.054754137992858887e-01
3.046863675117492676e-01
3.038910925388336182e-01
3.030888736248016357e-01
3.022813796997070312e-01
3.014669418334960938e-01
3.006490468978881836e-01
2.998234033584594727e-01
2.989913523197174072e-01
2.981538176536560059e-01
2.973095178604125977e-01
2.964601814746856689e-01
2.955968677997589111e-01
2.945423424243927002e-01
2.934857904911041260e-01
2.924255430698394775e-01
2.913613617420196533e-01
2.902952134609222412e-01
2.892265915870666504e-01
2.881539165973663330e-01
2.870778739452362061e-01
2.859992384910583496e-01
2.849176824092864990e-01
2.838348150253295898e-01
2.827475965023040771e-01
2.816568017005920410e-01
2.805645167827606201e-01
2.794683575630187988e-01
2.783726751804351807e-01
2.772720754146575928e-01
2.761555314064025879e-01
2.750018835067749023e-01
2.738494575023651123e-01
2.726957499980926514e-01
2.715447843074798584e-01
2.703918516635894775e-01
2.692387402057647705e-01
2.680860161781311035e-01
2.669325768947601318e-01
2.657820880413055420e-01
2.646302580833435059e-01
2.634774446487426758e-01
2.623255848884582520e-01
2.611739933490753174e-01
2.600244581699371338e-01
2.588734924793243408e-01
2.577221095561981201e-01
2.565723657608032227e-01
2.554324865341186523e-01
2.544990777969360352e-01
2.535681724548339844e-01
2.526350915431976318e-01
2.517037689685821533e-01
2.507722079753875732e-01
2.498405724763870239e-01
2.489120811223983765e-01
2.479820102453231812e-01
2.470519989728927612e-01
2.461230605840682983e-01
2.451940923929214478e-01
2.442663460969924927e-01
2.433411926031112671e-01
2.424141168594360352e-01
2.414881736040115356e-01
2.405635714530944824e-01
2.396384328603744507e-01
2.387166321277618408e-01
2.377929091453552246e-01
2.368703782558441162e-01
2.359486073255538940e-01
2.350271195173263550e-01
2.341090142726898193e-01
2.331895530223846436e-01
2.322704493999481201e-01
2.313526570796966553e-01
2.304351776838302612e-01
2.295213043689727783e-01
2.286067605018615723e-01
2.276919782161712646e-01
2.267786562442779541e-01
2.258662730455398560e-01
2.249564975500106812e-01
2.240460664033889771e-01
2.231366932392120361e-01
2.222277522087097168e-01
2.213204652070999146e-01
2.204530686140060425e-01
2.196953147649765015e-01
2.189388275146484375e-01
2.181817591190338135e-01
2.174265831708908081e-01
2.166736721992492676e-01
2.159193009138107300e-01
2.151655703783035278e-01
2.144126296043395996e-01
2.136604487895965576e-01
2.129112631082534790e-01
2.121606916189193726e-01
2.114109396934509277e-01
2.106625586748123169e-01
2.099138796329498291e-01
2.091695517301559448e-01
2.084233015775680542e-01
2.076780050992965698e-01
2.069335281848907471e-01
2.061901241540908813e-01
2.054477483034133911e-01
2.047085464000701904e-01
2.039682120084762573e-01
2.032289057970046997e-01
2.024912536144256592e-01
2.017535865306854248e-01
2.010204046964645386e-01
2.002856135368347168e-01
1.995519846677780151e-01
1.988194882869720459e-01
1.980883330106735229e-01
1.973606050014495850e-01
1.966324746608734131e-01
1.959045529365539551e-01
1.951785087585449219e-01
1.944543868303298950e-01
1.937327086925506592e-01
1.930113434791564941e-01
1.922908723354339600e-01
1.915718615055084229e-01
1.908205896615982056e-01
1.900343596935272217e-01
1.892492324113845825e-01
1.884657889604568481e-01
1.876845061779022217e-01
1.869066357612609863e-01
1.861287653446197510e-01
1.853521764278411865e-01
1.845774203538894653e-01
1.838049739599227905e-01
1.830361038446426392e-01
1.822674572467803955e-01
1.815006732940673828e-01
1.807354241609573364e-01
1.799726486206054688e-01
1.792135238647460938e-01
1.784548908472061157e-01
1.776977479457855225e-01
1.769427955150604248e-01
1.761905103921890259e-01
1.754420548677444458e-01
1.746942549943923950e-01
1.739481538534164429e-01
1.732043921947479248e-01
1.724635064601898193e-01
1.717265397310256958e-01
1.709905117750167847e-01
1.702563613653182983e-01
1.695247739553451538e-01
1.687967181205749512e-01
1.680722683668136597e-01
1.673489362001419067e-01
1.666277348995208740e-01
1.659098118543624878e-01
1.651940494775772095e-01
1.644830852746963501e-01
1.637735068798065186e-01
1.630662828683853149e-01
1.623625159263610840e-01
1.616612225770950317e-01
1.609647870063781738e-01
1.602701395750045776e-01
1.595800071954727173e-01
1.588946580886840820e-01
1.582121551036834717e-01
1.575348973274230957e-01
1.568598449230194092e-01
1.561876982450485229e-01
1.555196940898895264e-01
1.548548340797424316e-01
1.541958898305892944e-01
1.535383760929107666e-01
1.528852283954620361e-01
1.522353589534759521e-01
1.515899598598480225e-01
1.509496122598648071e-01
1.503122299909591675e-01
1.496783345937728882e-01
1.490491181612014771e-01
1.484236270189285278e-01
1.478039175271987915e-01
1.471875756978988647e-01
1.465750783681869507e-01
1.459676027297973633e-01
1.453641802072525024e-01
1.447673141956329346e-01
1.441731303930282593e-01
1.435842961072921753e-01
1.429997831583023071e-01
1.424207389354705811e-01
1.418474167585372925e-01
1.412784308195114136e-01
1.407140642404556274e-01
1.401555091142654419e-01
1.396017670631408691e-01
1.390550583600997925e-01
1.385122239589691162e-01
1.379749923944473267e-01
1.374440193176269531e-01
1.369182914495468140e-01
1.363999545574188232e-01
1.358860880136489868e-01
1.353788673877716064e-01
1.348773241043090820e-01
1.343826204538345337e-01
1.338941603899002075e-01
1.334117203950881958e-01
1.329360604286193848e-01
1.324668675661087036e-01
1.320053637027740479e-01
1.315512955188751221e-01
1.311039030551910400e-01
1.306645870208740234e-01
1.302323937416076660e-01
1.298081874847412109e-01
1.293923109769821167e-01
1.289841979742050171e-01
1.285842508077621460e-01
1.281925290822982788e-01
1.278098821640014648e-01
1.274359673261642456e-01
1.270699799060821533e-01
1.267139166593551636e-01
1.263670772314071655e-01
1.260290890932083130e-01
1.257008910179138184e-01
1.253818422555923462e-01
1.250735968351364136e-01
1.247754916548728943e-01
1.244868710637092590e-01
1.242096349596977234e-01
1.239418461918830872e-01
1.236862316727638245e-01
1.234414651989936829e-01
1.232078745961189270e-01
1.229864284396171570e-01
1.227751448750495911e-01
1.225772723555564880e-01
1.223919838666915894e-01
1.222187802195549011e-01
1.220588982105255127e-01
1.219102367758750916e-01
1.217761859297752380e-01
1.216562762856483459e-01
1.215497627854347229e-01
1.214577034115791321e-01
1.213803961873054504e-01
1.213150843977928162e-01
1.212674826383590698e-01
1.212345212697982788e-01
1.212180182337760925e-01
1.212175637483596802e-01
1.212317645549774170e-01
1.212873682379722595e-01
1.213600635528564453e-01
1.214511692523956299e-01
1.215595155954360962e-01
1.216834634542465210e-01
1.218289807438850403e-01
1.219939216971397400e-01
1.221781522035598755e-01
1.223820000886917114e-01
1.226027011871337891e-01
1.228475943207740784e-01
1.231141090393066406e-01
1.234017685055732727e-01
1.237117424607276917e-01
1.240437999367713928e-01
1.243933737277984619e-01
1.247720271348953247e-01
1.251738667488098145e-01
1.256002634763717651e-01
1.260509639978408813e-01
1.265206933021545410e-01
1.270225644111633301e-01
1.275499314069747925e-01
1.281043440103530884e-01
1.286854296922683716e-01
1.292943954467773438e-01
1.299237012863159180e-01
1.305886209011077881e-01
1.312830448150634766e-01
1.320063620805740356e-01
1.327603310346603394e-01
1.335356533527374268e-01
1.343507170677185059e-01
1.351967602968215942e-01
1.360745579004287720e-01
1.369854509830474854e-01
1.379285156726837158e-01
1.388955861330032349e-01
1.399053633213043213e-01
1.409494578838348389e-01
1.420287340879440308e-01
1.431422978639602661e-01
1.442810297012329102e-01
1.454655677080154419e-01
1.466867029666900635e-01
1.479443013668060303e-01
1.492383629083633423e-01
1.505701392889022827e-01
1.519261002540588379e-01
1.533556431531906128e-01
1.548247039318084717e-01
1.563293635845184326e-01
1.578688174486160278e-01
1.594300717115402222e-01
1.610402613878250122e-01
1.626855581998825073e-01
1.643659174442291260e-01
1.660813540220260620e-01
1.678307354450225830e-01
1.695994883775711060e-01
1.714169681072235107e-01
1.732679456472396851e-01
1.751520782709121704e-01
1.770686954259872437e-01
1.790166497230529785e-01
1.809791922569274902e-01
1.829889267683029175e-01
1.850283145904541016e-01
1.870963573455810547e-01
1.891916543245315552e-01
1.913141012191772461e-01
1.934446245431900024e-01
1.956172436475753784e-01
1.978131234645843506e-01
2.000305205583572388e-01
2.022692710161209106e-01
2.045269459486007690e-01
2.067830860614776611e-01
2.090741097927093506e-01
2.113793939352035522e-01
2.136978358030319214e-01
2.160267531871795654e-01
2.183645218610763550e-01
2.206903249025344849e-01
2.230399698019027710e-01
2.253938019275665283e-01
2.277478873729705811e-01
2.301003932952880859e-01
2.324501872062683105e-01
2.347754091024398804e-01
2.371121793985366821e-01
2.394387125968933105e-01
2.417523562908172607e-01
2.440515756607055664e-01
2.463342100381851196e-01
2.485796511173248291e-01
2.508215308189392090e-01
2.530395686626434326e-01
2.552310526371002197e-01
2.573942542076110840e-01
2.595276534557342529e-01
2.616015374660491943e-01
2.636555731296539307e-01
2.656732499599456787e-01
2.676507830619812012e-01
2.695883810520172119e-01
2.714831531047821045e-01
2.733185887336730957e-01
2.751225829124450684e-01
2.768791317939758301e-01
2.785861492156982422e-01
2.802421748638153076e-01
2.818446755409240723e-01
2.833822965621948242e-01
2.848777472972869873e-01
2.863157093524932861e-01
2.876980006694793701e-01
2.890221476554870605e-01
2.902877330780029297e-01
2.914927303791046143e-01
2.926293611526489258e-01
2.937148809432983398e-01
2.947385907173156738e-01
2.957016825675964355e-01
2.966035902500152588e-01
2.974437773227691650e-01
2.982212007045745850e-01
2.989324927330017090e-01
2.995885014533996582e-01
3.001827299594879150e-01
3.007174134254455566e-01
3.011914193630218506e-01
3.016062974929809570e-01
3.019604384899139404e-01
3.022548854351043701e-01
3.024950027465820312e-01
3.026765286922454834e-01
3.028038442134857178e-01
3.028752505779266357e-01
3.028933405876159668e-01
3.028573989868164062e-01
3.027694821357727051e-01
3.026320040225982666e-01
3.024438917636871338e-01
3.022070825099945068e-01
3.019239008426666260e-01
3.015935420989990234e-01
3.012183606624603271e-01
3.008025288581848145e-01
3.003414571285247803e-01
2.998403012752532959e-01
2.992974221706390381e-01
2.987179160118103027e-01
2.981011569499969482e-01
2.974466085433959961e-01
2.967632114887237549e-01
2.960420548915863037e-01
2.952877879142761230e-01
2.945010364055633545e-01
2.936836779117584229e-01
2.928344607353210449e-01
2.919577658176422119e-01
2.910588979721069336e-01
2.901291549205780029e-01
2.891736626625061035e-01
2.881930172443389893e-01
2.871913611888885498e-01
2.861675620079040527e-01
2.851231396198272705e-01
2.840660214424133301e-01
2.829838097095489502e-01
2.818829715251922607e-01
2.807670235633850098e-01
2.796360254287719727e-01
2.784903347492218018e-01
2.773310840129852295e-01
2.761648893356323242e-01
2.749813497066497803e-01
2.737868726253509521e-01
2.725826203823089600e-01
2.713688910007476807e-01
2.701466083526611328e-01
2.689151763916015625e-01
2.676782906055450439e-01
2.664349675178527832e-01
2.651931345462799072e-01
2.639392614364624023e-01
2.626794278621673584e-01
2.614172399044036865e-01
2.601518630981445312e-01
2.588837742805480957e-01
2.576136291027069092e-01
2.563418447971343994e-01
2.550674378871917725e-01
2.538010179996490479e-01
2.525272369384765625e-01
2.512535154819488525e-01
2.499805539846420288e-01
2.487071603536605835e-01
2.474366575479507446e-01
2.461676597595214844e-01
2.449009418487548828e-01
2.436435818672180176e-01
2.423817068338394165e-01
2.411217093467712402e-01
2.398663163185119629e-01
2.386142313480377197e-01
2.373663038015365601e-01
2.361222803592681885e-01
2.348811924457550049e-01
2.336456328630447388e-01
2.324215471744537354e-01
2.311958223581314087e-01
2.299746423959732056e-01
2.287590950727462769e-01
2.275603264570236206e-01
2.263719439506530762e-01
2.251897603273391724e-01
2.240136712789535522e-01
2.228439152240753174e-01
2.216866761445999146e-01
2.205297350883483887e-01
2.193794548511505127e-01
2.182356864213943481e-01
2.170986235141754150e-01
2.159671187400817871e-01
2.148436158895492554e-01
2.137269824743270874e-01
2.126228660345077515e-01
2.115199118852615356e-01
2.104239314794540405e-01
2.093349397182464600e-01
2.082529217004776001e-01
2.071779221296310425e-01
2.061099261045455933e-01
2.050477564334869385e-01
2.039938122034072876e-01
2.029521465301513672e-01
2.019122242927551270e-01
2.008792906999588013e-01
1.998534202575683594e-01
1.988345086574554443e-01
1.978225708007812500e-01
1.968176364898681641e-01
1.958196908235549927e-01
1.948286443948745728e-01
1.938434094190597534e-01
1.928661316633224487e-01
1.918957531452178955e-01
1.909367740154266357e-01
1.899799853563308716e-01
1.890299320220947266e-01
1.880866140127182007e-01
1.871500164270401001e-01
1.862200796604156494e-01
1.852961331605911255e-01
1.843783408403396606e-01
1.834681779146194458e-01
1.825645416975021362e-01
1.816673278808593750e-01
1.807765662670135498e-01
1.798962354660034180e-01
1.790181845426559448e-01
1.781464219093322754e-01
1.772809177637100220e-01
1.764215975999832153e-01
1.755675226449966431e-01
1.747204959392547607e-01
1.738795936107635498e-01
1.730446964502334595e-01
1.722157597541809082e-01
1.713927984237670898e-01
1.705757230520248413e-01
1.697680354118347168e-01
1.689625829458236694e-01
1.681628376245498657e-01
1.673688292503356934e-01
1.665704548358917236e-01
1.657586246728897095e-01
1.649522036314010620e-01
1.641528755426406860e-01
1.633596569299697876e-01
1.625725477933883667e-01
1.617914587259292603e-01
1.610163301229476929e-01
1.602493971586227417e-01
1.594860404729843140e-01
1.587284505367279053e-01
1.579765975475311279e-01
1.572304368019104004e-01
1.564899384975433350e-01
1.557541489601135254e-01
1.550247371196746826e-01
1.543007940053939819e-01
1.535822302103042603e-01
1.528690457344055176e-01
1.521611809730529785e-01
1.514605134725570679e-01
1.507630497217178345e-01
1.500707417726516724e-01
1.493835449218750000e-01
1.487013846635818481e-01
1.480242311954498291e-01
1.473512798547744751e-01
1.466839462518692017e-01
1.460214853286743164e-01
1.453638374805450439e-01
1.447109133005142212e-01
1.440626978874206543e-01
1.434184461832046509e-01
1.427795290946960449e-01
1.421443819999694824e-01
1.415145397186279297e-01
1.408891528844833374e-01
1.402681916952133179e-01
1.396509408950805664e-01
1.390409320592880249e-01
1.384329646825790405e-01
1.378292739391326904e-01
1.372297853231430054e-01
1.366344839334487915e-01
1.360426098108291626e-01
1.354555189609527588e-01
1.348724663257598877e-01
1.342934072017669678e-01
1.337183266878128052e-01
1.331471800804138184e-01
1.325792670249938965e-01
1.320158541202545166e-01
1.314562410116195679e-01
1.309003978967666626e-01
1.303483098745346069e-01
1.297999173402786255e-01
1.292551904916763306e-01
1.287134587764739990e-01
1.281759589910507202e-01
1.276420056819915771e-01
1.271133273839950562e-01
1.265863776206970215e-01
1.260628551244735718e-01
1.255421638488769531e-01
1.250254809856414795e-01
1.245121285319328308e-01
1.240021064877510071e-01
1.235215067863464355e-01
1.230569779872894287e-01
1.225962340831756592e-01
1.221373528242111206e-01
1.216823756694793701e-01
1.212310791015625000e-01
1.207823082804679871e-01
1.203371509909629822e-01
1.198944672942161560e-01
1.194547638297080994e-01
1.190185695886611938e-01
1.185847669839859009e-01
1.181543990969657898e-01
1.177277937531471252e-01
1.173018515110015869e-01
1.168799847364425659e-01
1.164603605866432190e-01
1.160440146923065186e-01
1.156298816204071045e-01
1.152184382081031799e-01
1.148101836442947388e-01
1.144040599465370178e-01
1.140010580420494080e-01
1.136001348495483398e-01
1.132015660405158997e-01
1.128057539463043213e-01
1.124124526977539062e-01
1.120221391320228577e-01
1.116337999701499939e-01
1.112483814358711243e-01
1.108648926019668579e-01
1.104838028550148010e-01
1.101055592298507690e-01
1.097291857004165649e-01
1.093548983335494995e-01
1.089831441640853882e-01
1.086136773228645325e-01
1.082469299435615540e-01
1.078819558024406433e-01
1.075196489691734314e-01
1.071590781211853027e-01
1.068011373281478882e-01
1.064448952674865723e-01
1.060907766222953796e-01
1.057385280728340149e-01
1.053886190056800842e-01
1.050412207841873169e-01
1.046954393386840820e-01
1.043516919016838074e-01
1.040103882551193237e-01
1.036706492304801941e-01
1.033333167433738708e-01
1.029975116252899170e-01
1.026636511087417603e-01
1.023314520716667175e-01
1.020014211535453796e-01
1.016737073659896851e-01
1.013474389910697937e-01
1.010230258107185364e-01
1.007008627057075500e-01
1.003801152110099792e-01
1.000615805387496948e-01
9.974441677331924438e-02
9.942944347858428955e-02
9.911514073610305786e-02
9.880325198173522949e-02
9.849350154399871826e-02
9.818506240844726562e-02
9.787870943546295166e-02
9.757364541292190552e-02
9.727025032043457031e-02
9.699036180973052979e-02
9.674298763275146484e-02
9.649740159511566162e-02
9.625279903411865234e-02
9.601023048162460327e-02
9.576835483312606812e-02
9.552781283855438232e-02
9.528860449790954590e-02
9.505071491003036499e-02
9.481478482484817505e-02
9.457949548959732056e-02
9.434548020362854004e-02
9.411274641752243042e-02
9.388126432895660400e-02
9.365168213844299316e-02
9.342268854379653931e-02
9.319491684436798096e-02
9.296836704015731812e-02
9.274301677942276001e-02
9.251950681209564209e-02
9.229654073715209961e-02
9.207474440336227417e-02
9.185411036014556885e-02
9.163463115692138672e-02
9.141694009304046631e-02
9.119973331689834595e-02
9.098365902900695801e-02
9.076869487762451172e-02
9.055483341217041016e-02
9.034270793199539185e-02
9.013137966394424438e-02
8.992077410221099854e-02
8.971124887466430664e-02
8.950277417898178101e-02
8.929535746574401855e-02
8.908960223197937012e-02
8.888362348079681396e-02
8.867930620908737183e-02
8.847600966691970825e-02
8.827371150255203247e-02
8.807304501533508301e-02
8.787274360656738281e-02
8.767342567443847656e-02
8.747508376836776733e-02
8.727771043777465820e-02
8.708190917968750000e-02
8.688645064830780029e-02
8.669193089008331299e-02
8.649834990501403809e-02
8.630570024251937866e-02
8.611457794904708862e-02
8.592376857995986938e-02
8.573386073112487793e-02
8.554486185312271118e-02
8.535674959421157837e-02
8.517012745141983032e-02
8.498378098011016846e-02
8.479830622673034668e-02
8.461401611566543579e-02
8.443026244640350342e-02
8.424796909093856812e-02
8.406592160463333130e-02
8.388470858335494995e-02
8.370433747768402100e-02
8.352427184581756592e-02
8.334613591432571411e-02
8.316823095083236694e-02
8.299113065004348755e-02
8.281483501195907593e-02
8.263932913541793823e-02
8.246520161628723145e-02
8.229127526283264160e-02
8.211813122034072876e-02
8.194575458765029907e-02
8.177414536476135254e-02
8.160388469696044922e-02
8.143495023250579834e-02
8.128122240304946899e-02
8.112843334674835205e-02
8.097572624683380127e-02
8.082424104213714600e-02
8.067283034324645996e-02
8.052262663841247559e-02
8.037305623292922974e-02
8.022354543209075928e-02
8.007523417472839355e-02
7.992652803659439087e-02
7.977945357561111450e-02
7.963299006223678589e-02
7.948657125234603882e-02
7.934132218360900879e-02
7.919610291719436646e-02
7.905204594135284424e-02
7.890858501195907593e-02
7.876514643430709839e-02
7.862284779548645020e-02
7.848057150840759277e-02
7.833942770957946777e-02
7.819815725088119507e-02
7.805815339088439941e-02
7.791871577501296997e-02
7.777927815914154053e-02
7.764095813035964966e-02
7.750263065099716187e-02
7.736540585756301880e-02
7.722872495651245117e-02
7.709203660488128662e-02
7.695643603801727295e-02
7.682082056999206543e-02
7.668627798557281494e-02
7.655134052038192749e-02
7.641784846782684326e-02
7.628488540649414062e-02
7.615189254283905029e-02
7.601995021104812622e-02
7.588797807693481445e-02
7.575705647468566895e-02
7.562664151191711426e-02
7.549643516540527344e-02
7.536701112985610962e-02
7.523754239082336426e-02
7.510909438133239746e-02
7.498025149106979370e-02
7.485278695821762085e-02
7.472579181194305420e-02
7.459875196218490601e-02
7.447271794080734253e-02
7.434662431478500366e-02
7.422152161598205566e-02
7.409689575433731079e-02
7.397220283746719360e-02
7.384849339723587036e-02
7.372471690177917480e-02
7.360191643238067627e-02
7.347924262285232544e-02
7.335682213306427002e-02
7.323537021875381470e-02
7.311384379863739014e-02
7.299327850341796875e-02
7.287286967039108276e-02
7.275317609310150146e-02
7.263391464948654175e-02
7.251456379890441895e-02
7.239615917205810547e-02
7.227765768766403198e-02
7.215978950262069702e-02
7.204265147447586060e-02
7.192541658878326416e-02
7.180910557508468628e-02
7.169270515441894531e-02
7.157721370458602905e-02
7.146162539720535278e-02
7.134695351123809814e-02
7.123268395662307739e-02
7.111830264329910278e-02
7.100453227758407593e-02
7.089094817638397217e-02
7.077825814485549927e-02
7.066792994737625122e-02
7.058211416006088257e-02
7.049658149480819702e-02
7.041111588478088379e-02
7.032667100429534912e-02
7.024171948432922363e-02
7.015733420848846436e-02
7.007301598787307739e-02
6.998968869447708130e-02
6.990614533424377441e-02
6.982288509607315063e-02
6.974016875028610229e-02
6.965717673301696777e-02
6.957473605871200562e-02
6.949256360530853271e-02
6.941115111112594604e-02
6.932929158210754395e-02
6.924792379140853882e-02
6.916730850934982300e-02
6.908620148897171021e-02
6.900539994239807129e-02
6.892507523298263550e-02
6.884549558162689209e-02
6.876568496227264404e-02
6.868613511323928833e-02
6.860662251710891724e-02
6.852780282497406006e-02
6.844900548458099365e-02
6.837045401334762573e-02
6.829242408275604248e-02
6.821437180042266846e-02
6.813656538724899292e-02
6.805899739265441895e-02
6.798215210437774658e-02
6.790461391210556030e-02
6.782777607440948486e-02
6.775116920471191406e-02
6.767528504133224487e-02
6.759893894195556641e-02
6.752304732799530029e-02
6.744785606861114502e-02
6.737218052148818970e-02
6.729678064584732056e-02
6.722180545330047607e-02
6.714753061532974243e-02
6.707300990819931030e-02
6.699872016906738281e-02
6.692445278167724609e-02
6.685084104537963867e-02
6.677721440792083740e-02
6.670381873846054077e-02
6.663089245557785034e-02
6.655792891979217529e-02
6.648518145084381104e-02
6.641265004873275757e-02
6.634078919887542725e-02
6.626826524734497070e-02
6.619637459516525269e-02
6.612515449523925781e-02
6.605368107557296753e-02
6.598222255706787109e-02
6.591117382049560547e-02
6.584078073501586914e-02
6.576992571353912354e-02
6.569929420948028564e-02
6.562906503677368164e-02
6.555948406457901001e-02
6.548965722322463989e-02
6.542003154754638672e-02
6.535065174102783203e-02
6.528142094612121582e-02
6.521238386631011963e-02
6.514354795217514038e-02
6.507516652345657349e-02
6.500651687383651733e-02
6.493826210498809814e-02
6.487020105123519897e-02
6.480278074741363525e-02
6.473491340875625610e-02
6.466741859912872314e-02
6.460036337375640869e-02
6.453325599431991577e-02
6.446613371372222900e-02
6.439939886331558228e-02
6.433328241109848022e-02
6.426671147346496582e-02
6.420052796602249146e-02
6.413432955741882324e-02
6.406894326210021973e-02
6.401985883712768555e-02
6.397573649883270264e-02
6.393148005008697510e-02
6.388758122920989990e-02
6.384398043155670166e-02
6.380047649145126343e-02
6.375689804553985596e-02
6.371343135833740234e-02
6.367024779319763184e-02
6.362673640251159668e-02
6.358376145362854004e-02
6.354052573442459106e-02
6.349775195121765137e-02
6.345508992671966553e-02
6.341252475976943970e-02
6.336987763643264771e-02
6.332691013813018799e-02
6.328465044498443604e-02
6.324248760938644409e-02
6.320042163133621216e-02
6.315828114748001099e-02
6.311623752117156982e-02
6.307446956634521484e-02
6.303237378597259521e-02
6.299062073230743408e-02
6.294914335012435913e-02
6.290776282548904419e-02
6.286630779504776001e-02
6.282493472099304199e-02
6.278383731842041016e-02
6.274241954088211060e-02
6.270150840282440186e-02
6.266034394502639771e-02
6.261962652206420898e-02
6.257899105548858643e-02
6.253845244646072388e-02
6.249782443046569824e-02
6.245689094066619873e-02
6.241662427783012390e-02
6.237644702196121216e-02
6.233618780970573425e-02
6.229618564248085022e-02
6.225611269474029541e-02
6.221588328480720520e-02
6.217597797513008118e-02
6.213633343577384949e-02
6.209677830338478088e-02
6.205714493989944458e-02
6.201758608222007751e-02
6.197828799486160278e-02
6.193866953253746033e-02
6.189954280853271484e-02
6.186017021536827087e-02
6.182121485471725464e-02
6.178233772516250610e-02
6.174354627728462219e-02
6.170451641082763672e-02
6.166548654437065125e-02
6.162694469094276428e-02
6.158848479390144348e-02
6.154978647828102112e-02
6.151149049401283264e-02
6.147326901555061340e-02
6.143514066934585571e-02
6.139636412262916565e-02
6.135838851332664490e-02
6.132049486041069031e-02
6.128267571330070496e-02
6.124478951096534729e-02
6.120696663856506348e-02
6.116938591003417969e-02
6.113148480653762817e-02
6.109391525387763977e-02
6.105640158057212830e-02
6.101913005113601685e-02
6.098193675279617310e-02
6.094467267394065857e-02
6.090746447443962097e-02
6.087010353803634644e-02
6.083321571350097656e-02
6.079625338315963745e-02
6.075934693217277527e-02
6.072267517447471619e-02
6.068608164787292480e-02
6.064942106604576111e-02
6.061241775751113892e-02
6.057604774832725525e-02
6.053974106907844543e-02
6.050337105989456177e-02
6.046705320477485657e-02
6.043096631765365601e-02
6.039495021104812622e-02
6.035848706960678101e-02
6.032244861125946045e-02
6.028664484620094299e-02
6.025313213467597961e-02
6.022357195615768433e-02
6.019368022680282593e-02
6.016438454389572144e-02
6.013447046279907227e-02
6.010511890053749084e-02
6.007543951272964478e-02
6.004635617136955261e-02
6.001664698123931885e-02
5.998750403523445129e-02
5.995818972587585449e-02
5.992915108799934387e-02
5.989965423941612244e-02
5.987071245908737183e-02
5.984160676598548889e-02
5.981276556849479675e-02
5.978347361087799072e-02
5.975473299622535706e-02
5.972582474350929260e-02
5.969718098640441895e-02
5.966809391975402832e-02
5.963970348238945007e-02
5.961083248257637024e-02
5.958238616585731506e-02
5.955349281430244446e-02
5.952529609203338623e-02
5.949662253260612488e-02
5.946836993098258972e-02
5.943981930613517761e-02
5.941165983676910400e-02
5.938317626714706421e-02
5.935510620474815369e-02
5.932674929499626160e-02
5.929877236485481262e-02
5.927047878503799438e-02
5.924274772405624390e-02
5.921442434191703796e-02
5.918663367629051208e-02
5.915852263569831848e-02
5.913085117936134338e-02
5.910283327102661133e-02
5.907522141933441162e-02
5.904717370867729187e-02
5.901980400085449219e-02
5.899196118116378784e-02
5.896440520882606506e-02
5.893680453300476074e-02
5.890946090221405029e-02
5.888168141245841980e-02
5.885441601276397705e-02
5.882699415087699890e-02
5.879970267415046692e-02
5.877221003174781799e-02
5.874527245759963989e-02
5.871775373816490173e-02
5.869074910879135132e-02
5.866342782974243164e-02
5.863654613494873047e-02
5.860931053757667542e-02
5.858246982097625732e-02
5.855536088347434998e-02
5.852860212326049805e-02
5.850153043866157532e-02
5.847475305199623108e-02
5.844791233539581299e-02
5.842131748795509338e-02
5.839441716670989990e-02
5.836779251694679260e-02
5.834111943840980530e-02
5.831468477845191956e-02
5.828783661127090454e-02
5.826162919402122498e-02
5.823496729135513306e-02
5.820858478546142578e-02
5.818200483918190002e-02
5.815595388412475586e-02
5.812934413552284241e-02
5.810322239995002747e-02
5.807694420218467712e-02
5.805079266428947449e-02
5.802444741129875183e-02
5.799848213791847229e-02
5.797224864363670349e-02
5.794635787606239319e-02
5.792016535997390747e-02
5.789439007639884949e-02
5.786827206611633301e-02
5.784253031015396118e-02
5.781638249754905701e-02
5.779085680842399597e-02
5.776488780975341797e-02
5.773919448256492615e-02
5.771329998970031738e-02
5.768791958689689636e-02
5.766209587454795837e-02
5.763654783368110657e-02
5.761094391345977783e-02
5.758556351065635681e-02
5.755978822708129883e-02
5.753448605537414551e-02
5.750901624560356140e-02
5.748368427157402039e-02
5.745815113186836243e-02
5.743453651666641235e-02
5.742745473980903625e-02
5.742080509662628174e-02
5.741382017731666565e-02
5.740693211555480957e-02
5.740027502179145813e-02
5.739329010248184204e-02
5.738653987646102905e-02
5.737940967082977295e-02
5.737275257706642151e-02
5.736567080020904541e-02
5.735900998115539551e-02
5.735234543681144714e-02
5.734512209892272949e-02
5.733846127986907959e-02
5.733146890997886658e-02
5.732471123337745667e-02
5.731757730245590210e-02
5.731081590056419373e-02
5.730414763092994690e-02
5.729714781045913696e-02
5.729024484753608704e-02
5.728324875235557556e-02
5.727648362517356873e-02
5.726948380470275879e-02
5.726266652345657349e-02
5.725590139627456665e-02
5.724889785051345825e-02
5.724212527275085449e-02
5.723512172698974609e-02
5.722829699516296387e-02
5.722120031714439392e-02
5.721451342105865479e-02
5.720783025026321411e-02
5.720059201121330261e-02
5.719389766454696655e-02
5.718679726123809814e-02
5.718010663986206055e-02
5.717295408248901367e-02
5.716617032885551453e-02
5.715947225689888000e-02
5.715236440300941467e-02
5.714552849531173706e-02
5.713850632309913635e-02
5.713171511888504028e-02
5.712469294667243958e-02
5.711789801716804504e-02
5.711105465888977051e-02
5.710402876138687134e-02
5.709723010659217834e-02
5.709020048379898071e-02
5.708326399326324463e-02
5.707623437047004700e-02
5.706951394677162170e-02
5.706270784139633179e-02
5.705553293228149414e-02
5.704873055219650269e-02
5.704168975353240967e-02
5.703496187925338745e-02
5.702770128846168518e-02
5.702096968889236450e-02
5.701423808932304382e-02
5.700711160898208618e-02
5.700037628412246704e-02
5.699310451745986938e-02
5.698636919260025024e-02
5.697931721806526184e-02
5.697248876094818115e-02
5.696529895067214966e-02
5.695847421884536743e-02
5.695172399282455444e-02
5.694466456770896912e-02
5.693769827485084534e-02
5.693063512444496155e-02
5.692379549145698547e-02
5.691673234105110168e-02
5.690984055399894714e-02
5.690299719572067261e-02
5.689592659473419189e-02
5.688908323645591736e-02
5.688200891017913818e-02
5.687510594725608826e-02
5.686794966459274292e-02
5.686117708683013916e-02
5.685432255268096924e-02
5.684711039066314697e-02
5.684033036231994629e-02
5.683316290378570557e-02
5.682638660073280334e-02
5.681916326284408569e-02
5.681229755282402039e-02
5.680551007390022278e-02
5.679833889007568359e-02
5.679141357541084290e-02
5.678431689739227295e-02
5.677744373679161072e-02
5.677034333348274231e-02
5.676333233714103699e-02
5.675653368234634399e-02
5.674934759736061096e-02
5.674254149198532104e-02
5.673535168170928955e-02
5.672841519117355347e-02
5.672122165560722351e-02
5.671440809965133667e-02
5.670751631259918213e-02
5.670026689767837524e-02
5.669336766004562378e-02
5.668625235557556152e-02
5.667942389845848083e-02
5.667209252715110779e-02
5.666526779532432556e-02
5.665835738182067871e-02
5.664874240756034851e-02
5.663830786943435669e-02
5.662782490253448486e-02
5.661740154027938843e-02
5.660706013441085815e-02
5.659665167331695557e-02
5.658632516860961914e-02
5.657622218132019043e-02
5.656590685248374939e-02
5.655539035797119141e-02
5.654508620500564575e-02
5.653478577733039856e-02
5.652441829442977905e-02
5.651413276791572571e-02
5.650377273559570312e-02
5.649350211024284363e-02
5.648344755172729492e-02
5.647305399179458618e-02
5.646272376179695129e-02
5.645247176289558411e-02
5.644214898347854614e-02
5.643190816044807434e-02
5.642160028219223022e-02
5.641136690974235535e-02
5.640106648206710815e-02
5.639101564884185791e-02
5.638079717755317688e-02
5.637051910161972046e-02
5.636031553149223328e-02
5.635004490613937378e-02
5.633985251188278198e-02
5.632959678769111633e-02
5.631941184401512146e-02
5.630932748317718506e-02
5.629915744066238403e-02
5.628892034292221069e-02
5.627876147627830505e-02
5.626853555440902710e-02
5.625838413834571838e-02
5.624816939234733582e-02
5.623790249228477478e-02
5.622776970267295837e-02
5.621786043047904968e-02
5.620773509144783020e-02
5.619755014777183533e-02
5.618743598461151123e-02
5.617725849151611328e-02
5.616715550422668457e-02
5.615686252713203430e-02
5.614677071571350098e-02
5.613661184906959534e-02
5.612681806087493896e-02
5.611667037010192871e-02
5.610659718513488770e-02
5.609646067023277283e-02
5.608639866113662720e-02
5.607621744275093079e-02
5.606609210371971130e-02
5.605604872107505798e-02
5.604593828320503235e-02
5.603618547320365906e-02
5.602608621120452881e-02
5.601605400443077087e-02
5.600583925843238831e-02
5.599582195281982422e-02
5.598574131727218628e-02
5.597573146224021912e-02
5.596566200256347656e-02
5.595594644546508789e-02
5.594588443636894226e-02
5.593589320778846741e-02
5.592571943998336792e-02
5.591573938727378845e-02
5.590569600462913513e-02
5.589566007256507874e-02
5.588569492101669312e-02
5.587566643953323364e-02
5.586599186062812805e-02
5.585597455501556396e-02
5.584590137004852295e-02
5.583589151501655579e-02
5.582595616579055786e-02
5.581595376133918762e-02
5.580602586269378662e-02
5.579603835940361023e-02
5.578605085611343384e-02
5.577629059553146362e-02
5.576631799340248108e-02
5.575641244649887085e-02
5.574644356966018677e-02
5.573654919862747192e-02
5.572659149765968323e-02
5.571670085191726685e-02
5.570675060153007507e-02
5.569675192236900330e-02
5.568708851933479309e-02
5.567714944481849670e-02
5.566728860139846802e-02
5.565736070275306702e-02
5.564750358462333679e-02
5.563758686184883118e-02
5.562773719429969788e-02
5.561770498752593994e-02
5.560786277055740356e-02
5.559824034571647644e-02
5.558840930461883545e-02
5.557851493358612061e-02
5.556863173842430115e-02
5.555881187319755554e-02
5.554881319403648376e-02
5.553900450468063354e-02
5.552913248538970947e-02
5.551960319280624390e-02
5.550974234938621521e-02
5.549994856119155884e-02
5.549009889364242554e-02
5.548024550080299377e-02
5.547034740447998047e-02
5.546050891280174255e-02
5.545073375105857849e-02
5.544090643525123596e-02
5.543140694499015808e-02
5.542023479938507080e-02
5.540642887353897095e-02
5.539217591285705566e-02
5.537826940417289734e-02
5.536416172981262207e-02
5.535021796822547913e-02
5.533607304096221924e-02
5.532226711511611938e-02
5.530814453959465027e-02
5.529424175620079041e-02
5.528025701642036438e-02
5.526637658476829529e-02
5.525256693363189697e-02
5.523855611681938171e-02
5.522476509213447571e-02
5.521065741777420044e-02
5.519694462418556213e-02
5.518291890621185303e-02
5.516910925507545471e-02
5.515522137284278870e-02
5.514143407344818115e-02
5.512744933366775513e-02
5.511380359530448914e-02
5.509983375668525696e-02
5.508621037006378174e-02
5.507226660847663879e-02
5.505853891372680664e-02
5.504467338323593140e-02
5.503102764487266541e-02
5.501733347773551941e-02
5.500356107950210571e-02
5.498988553881645203e-02
5.497601255774497986e-02
5.496247857809066772e-02
5.494856834411621094e-02
5.493499338626861572e-02
5.492122098803520203e-02
5.490766465663909912e-02
5.489379912614822388e-02
5.488032102584838867e-02
5.486653000116348267e-02
5.485295876860618591e-02
5.483924970030784607e-02
5.482575297355651855e-02
5.481220781803131104e-02
5.479852482676506042e-02
5.478505790233612061e-02
5.477128550410270691e-02
5.475794896483421326e-02
5.474419519305229187e-02
5.473070964217185974e-02
5.471714586019515991e-02
5.470367893576622009e-02
5.468996241688728333e-02
5.467669293284416199e-02
5.466299131512641907e-02
5.464962124824523926e-02
5.463606119155883789e-02
5.462265387177467346e-02
5.460931360721588135e-02
5.459577962756156921e-02
5.458240211009979248e-02
5.456883087754249573e-02
5.455558374524116516e-02
5.454197525978088379e-02
5.452869087457656860e-02
5.451521649956703186e-02
5.450195074081420898e-02
5.448837950825691223e-02
5.447519570589065552e-02
5.446169897913932800e-02
5.444841459393501282e-02
5.443499609827995300e-02
5.442178621888160706e-02
5.440853536128997803e-02
5.439519882202148438e-02
5.438195914030075073e-02
5.436848104000091553e-02
5.435542762279510498e-02
5.434196442365646362e-02
5.432876572012901306e-02
5.431548878550529480e-02
5.430230498313903809e-02
5.428887531161308289e-02
5.427588522434234619e-02
5.426247417926788330e-02
5.424938350915908813e-02
5.423610657453536987e-02
5.422298237681388855e-02
5.420977622270584106e-02
5.419667065143585205e-02
5.418356880545616150e-02
5.417039245367050171e-02
5.415731295943260193e-02
5.414404347538948059e-02
5.413109064102172852e-02
5.411778390407562256e-02
5.410479381680488586e-02
5.409161746501922607e-02
5.407859012484550476e-02
5.406537279486656189e-02
5.405247583985328674e-02
5.403922125697135925e-02
5.402628704905509949e-02
5.401316285133361816e-02
5.400023981928825378e-02
5.398727580904960632e-02
5.397418141365051270e-02
5.396128818392753601e-02
5.394809693098068237e-02
5.393528193235397339e-02
5.392216145992279053e-02
5.390924960374832153e-02
5.389620736241340637e-02
5.388336256146430969e-02
5.387022718787193298e-02
5.385751649737358093e-02
5.384439602494239807e-02
5.383153632283210754e-02
5.381859466433525085e-02
5.380575731396675110e-02
5.379292368888854980e-02
5.378000810742378235e-02
5.376719310879707336e-02
5.375413596630096436e-02
5.374149978160858154e-02
5.372845754027366638e-02
5.371567606925964355e-02
5.370276048779487610e-02
5.369004979729652405e-02
5.367704108357429504e-02
5.366440862417221069e-02
5.365146696567535400e-02
5.363873764872550964e-02
5.362394452095031738e-02
5.359244346618652344e-02
5.356067046523094177e-02
5.352923646569252014e-02
5.349772050976753235e-02
5.346615612506866455e-02
5.343470722436904907e-02
5.340315401554107666e-02
5.337176844477653503e-02
5.334033071994781494e-02
5.330900847911834717e-02
5.327758193016052246e-02
5.324633046984672546e-02
5.321526527404785156e-02
5.318382382392883301e-02
5.315277352929115295e-02
5.312144756317138672e-02
5.309045687317848206e-02
5.305914580821990967e-02
5.302822217345237732e-02
5.299702286720275879e-02
5.296615883708000183e-02
5.293497443199157715e-02
5.290422216057777405e-02
5.287334322929382324e-02
5.284236371517181396e-02
5.281154811382293701e-02
5.278067663311958313e-02
5.274992436170578003e-02
5.271906405687332153e-02
5.268837139010429382e-02
5.265762284398078918e-02
5.262699723243713379e-02
5.259650573134422302e-02
5.256574228405952454e-02
5.253531411290168762e-02
5.250456556677818298e-02
5.247419700026512146e-02
5.244355648756027222e-02
5.241325125098228455e-02
5.238262563943862915e-02
5.235242098569869995e-02
5.232186242938041687e-02
5.229167267680168152e-02
5.226141214370727539e-02
5.223109200596809387e-02
5.220089107751846313e-02
