8.068213462829589844e-01
8.068144321441650391e-01
8.074549436569213867e-01
8.084825277328491211e-01
8.096680045127868652e-01
8.109071850776672363e-01
8.120452761650085449e-01
8.131208419799804688e-01
8.143247365951538086e-01
8.159332275390625000e-01
8.184603452682495117e-01
8.220529556274414062e-01
8.267085552215576172e-01
8.323070406913757324e-01
8.385371565818786621e-01
8.448513746261596680e-01
8.505553007125854492e-01
8.553386330604553223e-01
8.597939014434814453e-01
8.645485043525695801e-01
8.699657320976257324e-01
8.760412931442260742e-01
8.826169371604919434e-01
8.892383575439453125e-01
8.953745365142822266e-01
9.004471898078918457e-01
9.041423797607421875e-01
9.062155485153198242e-01
9.065236449241638184e-01
9.050947427749633789e-01
9.020825028419494629e-01
8.977394700050354004e-01
8.923604488372802734e-01
8.862591981887817383e-01
8.797314167022705078e-01
8.730650544166564941e-01
8.664804697036743164e-01
8.602348566055297852e-01
8.543326854705810547e-01
8.489130735397338867e-01
8.441540598869323730e-01
8.401345610618591309e-01
8.367304801940917969e-01
8.335352540016174316e-01
8.306683301925659180e-01
8.284856081008911133e-01
8.269826769828796387e-01
8.260452747344970703e-01
8.255671262741088867e-01
8.254586458206176758e-01
8.256124854087829590e-01
8.257679343223571777e-01
8.260579705238342285e-01
8.264352679252624512e-01
8.268806934356689453e-01
8.274158239364624023e-01
8.281000852584838867e-01
8.290624022483825684e-01
8.304036855697631836e-01
8.321693539619445801e-01
8.343877196311950684e-01
8.370174169540405273e-01
8.399404883384704590e-01
8.430227041244506836e-01
8.461374044418334961e-01
8.495965003967285156e-01
8.523650169372558594e-01
8.541273474693298340e-01
8.559122085571289062e-01
8.578017950057983398e-01
8.598699569702148438e-01
8.621585369110107422e-01
8.647426962852478027e-01
8.676567673683166504e-01
8.708698153495788574e-01
8.743422031402587891e-01
8.780291080474853516e-01
8.818898797035217285e-01
8.859063386917114258e-01
8.901323676109313965e-01
8.945698142051696777e-01
8.983911871910095215e-01
8.998019099235534668e-01
9.030871987342834473e-01
9.059345722198486328e-01
9.083803296089172363e-01
9.104121327400207520e-01
9.120112657546997070e-01
9.131497144699096680e-01
9.138278961181640625e-01
9.140496253967285156e-01
9.138203263282775879e-01
9.131579995155334473e-01
9.120690226554870605e-01
9.105381369590759277e-01
9.086681604385375977e-01
9.065157175064086914e-01
9.041455984115600586e-01
9.016115069389343262e-01
8.989832401275634766e-01
8.963313102722167969e-01
8.937250971794128418e-01
8.913162350654602051e-01
8.890555500984191895e-01
8.869900107383728027e-01
8.851416707038879395e-01
8.835272192955017090e-01
8.821191787719726562e-01
8.808607459068298340e-01
8.796354532241821289e-01
8.782297968864440918e-01
8.765372037887573242e-01
8.744733929634094238e-01
8.720255494117736816e-01
8.693091869354248047e-01
8.664984107017517090e-01
8.638065457344055176e-01
8.613883852958679199e-01
8.593539595603942871e-01
8.577952980995178223e-01
8.566841483116149902e-01
8.560009598731994629e-01
8.557158708572387695e-01
8.557829260826110840e-01
8.561469316482543945e-01
8.567487597465515137e-01
8.575178980827331543e-01
8.583853244781494141e-01
8.592942357063293457e-01
8.601295948028564453e-01
8.608188629150390625e-01
8.612840771675109863e-01
8.614711761474609375e-01
8.613346219062805176e-01
8.608507513999938965e-01
8.600124716758728027e-01
8.588340282440185547e-01
8.572859168052673340e-01
8.554470539093017578e-01
8.533907532691955566e-01
8.511746525764465332e-01
8.488590121269226074e-01
8.465105891227722168e-01
8.441830277442932129e-01
8.419253230094909668e-01
8.397881388664245605e-01
8.378136754035949707e-01
8.360717296600341797e-01
8.345507979393005371e-01
8.332713842391967773e-01
8.316270112991333008e-01
8.311455249786376953e-01
8.309572935104370117e-01
8.310638070106506348e-01
8.314692974090576172e-01
8.321722149848937988e-01
8.331665992736816406e-01
8.345161080360412598e-01
8.361313939094543457e-01
8.379729390144348145e-01
8.400076031684875488e-01
8.421834111213684082e-01
8.444222807884216309e-01
8.466320037841796875e-01
8.487046957015991211e-01
8.505152463912963867e-01
8.519306778907775879e-01
8.529057502746582031e-01
8.535233139991760254e-01
8.540462851524353027e-01
8.549337983131408691e-01
8.566395640373229980e-01
8.593986630439758301e-01
8.631069660186767578e-01
8.674613833427429199e-01
8.720976710319519043e-01
8.767157196998596191e-01
8.810719847679138184e-01
8.850240111351013184e-01
8.885036110877990723e-01
8.914744853973388672e-01
8.939157724380493164e-01
8.958414793014526367e-01
8.972563147544860840e-01
8.981911540031433105e-01
8.986717462539672852e-01
8.987377285957336426e-01
8.984287381172180176e-01
8.977876901626586914e-01
8.968597054481506348e-01
8.956995010375976562e-01
8.943409323692321777e-01
8.928307890892028809e-01
8.912003040313720703e-01
8.894914984703063965e-01
8.877307176589965820e-01
8.859472870826721191e-01
8.841580152511596680e-01
8.823787569999694824e-01
8.806229829788208008e-01
8.789002895355224609e-01
8.772200345993041992e-01
8.755778670310974121e-01
8.739938139915466309e-01
8.724792003631591797e-01
8.710471987724304199e-01
8.697088956832885742e-01
8.684872388839721680e-01
8.673959374427795410e-01
8.664501905441284180e-01
8.656644225120544434e-01
8.650500774383544922e-01
8.646160960197448730e-01
8.643634915351867676e-01
8.642473816871643066e-01
8.642567396163940430e-01
8.644353151321411133e-01
8.647650480270385742e-01
8.652194738388061523e-01
8.657687306404113770e-01
8.663697838783264160e-01
8.669714331626892090e-01
8.675093650817871094e-01
8.679105639457702637e-01
8.680847883224487305e-01
8.679358363151550293e-01
8.673775196075439453e-01
8.664028048515319824e-01
8.651635050773620605e-01
8.639942407608032227e-01
8.634252548217773438e-01
8.637614250183105469e-01
8.647952079772949219e-01
8.660053014755249023e-01
8.669396638870239258e-01
8.673904538154602051e-01
8.673292398452758789e-01
8.668144345283508301e-01
8.659446835517883301e-01
8.648114800453186035e-01
8.635234236717224121e-01
8.621800541877746582e-01
8.608902692794799805e-01
8.597368001937866211e-01
8.588571548461914062e-01
8.583925962448120117e-01
8.585914373397827148e-01
8.598564863204956055e-01
8.632458448410034180e-01
8.796930909156799316e-01
8.784416317939758301e-01
8.763418197631835938e-01
8.741447329521179199e-01
8.719624280929565430e-01
8.698350787162780762e-01
8.677802681922912598e-01
8.658107519149780273e-01
8.639524579048156738e-01
8.622238039970397949e-01
8.606255054473876953e-01
8.591697812080383301e-01
8.578581809997558594e-01
8.566909432411193848e-01
8.556751012802124023e-01
8.548097014427185059e-01
8.540990352630615234e-01
8.535448908805847168e-01
8.531528115272521973e-01
8.529316186904907227e-01
8.528957366943359375e-01
8.530681729316711426e-01
8.534948229789733887e-01
8.542214035987854004e-01
8.552913069725036621e-01
8.564593195915222168e-01
8.551885485649108887e-01
8.479683399200439453e-01
8.467773199081420898e-01
8.489744663238525391e-01
8.511660695075988770e-01
8.531379103660583496e-01
8.549852967262268066e-01
8.568037152290344238e-01
8.586336374282836914e-01
8.605141043663024902e-01
8.624522686004638672e-01
8.644757270812988281e-01
8.665913343429565430e-01
8.687927126884460449e-01
8.710760474205017090e-01
8.734332919120788574e-01
8.758767843246459961e-01
8.783898353576660156e-01
8.809843063354492188e-01
8.836485743522644043e-01
8.863713145256042480e-01
8.891617655754089355e-01
8.919996619224548340e-01
8.948938250541687012e-01
8.978303074836730957e-01
9.007934331893920898e-01
9.037912487983703613e-01
9.067994952201843262e-01
9.098350405693054199e-01
9.128802418708801270e-01
9.159049987792968750e-01
9.189146161079406738e-01
9.218820929527282715e-01
9.248046875000000000e-01
9.276705384254455566e-01
9.304680824279785156e-01
9.331856369972229004e-01
9.358043670654296875e-01
9.383280277252197266e-01
9.407379627227783203e-01
9.430240988731384277e-01
9.451768398284912109e-01
9.471879601478576660e-01
9.490453004837036133e-01
9.507529735565185547e-01
9.523009657859802246e-01
9.536866545677185059e-01
9.549064040184020996e-01
9.559611678123474121e-01
9.568513631820678711e-01
9.575861096382141113e-01
9.581685662269592285e-01
9.586057066917419434e-01
9.589053392410278320e-01
9.590778350830078125e-01
9.591330885887145996e-01
9.590818881988525391e-01
9.589354991912841797e-01
9.587054848670959473e-01
9.584036469459533691e-01
9.580417275428771973e-01
9.576296806335449219e-01
9.571824073791503906e-01
9.567093849182128906e-01
9.562239646911621094e-01
9.557428359985351562e-01
9.552673101425170898e-01
9.548067450523376465e-01
9.543677568435668945e-01
9.539623260498046875e-01
9.535957574844360352e-01
9.532752037048339844e-01
9.530066847801208496e-01
9.527957439422607422e-01
9.526473879814147949e-01
9.525656104087829590e-01
9.525544047355651855e-01
9.526149630546569824e-01
9.527500271797180176e-01
9.529597759246826172e-01
9.532443881034851074e-01
9.536023736000061035e-01
9.540321230888366699e-01
9.545292258262634277e-01
9.550957083702087402e-01
9.557218551635742188e-01
9.563981294631958008e-01
9.571141600608825684e-01
9.578635692596435547e-01
9.586334824562072754e-01
9.594154953956604004e-01
9.601949453353881836e-01
9.609621167182922363e-01
9.617022871971130371e-01
9.624010324478149414e-01
9.630473256111145020e-01
9.636260867118835449e-01
9.641261696815490723e-01
9.645360708236694336e-01
9.648455381393432617e-01
9.650457501411437988e-01
9.651296734809875488e-01
9.650920629501342773e-01
9.649299383163452148e-01
9.646422266960144043e-01
9.642370343208312988e-01
9.637155532836914062e-01
9.630804657936096191e-01
9.623381495475769043e-01
9.614970088005065918e-01
9.605662226676940918e-01
9.595569372177124023e-01
9.584800004959106445e-01
9.573481678962707520e-01
9.561733007431030273e-01
9.549682140350341797e-01
9.537448287010192871e-01
9.525154829025268555e-01
9.512912631034851074e-01
9.500836133956909180e-01
9.489079713821411133e-01
9.477618932723999023e-01
9.466654062271118164e-01
9.456145763397216797e-01
9.446272253990173340e-01
9.436979889869689941e-01
9.428423047065734863e-01
9.420518279075622559e-01
9.413390755653381348e-01
9.406964778900146484e-01
9.401363134384155273e-01
9.396553039550781250e-01
9.392490983009338379e-01
9.389275908470153809e-01
9.386821985244750977e-01
9.385202527046203613e-01
9.384332895278930664e-01
9.384280443191528320e-01
9.384953379631042480e-01
9.386405348777770996e-01
9.388558864593505859e-01
9.391443729400634766e-01
9.394987821578979492e-01
9.399219751358032227e-01
9.404084086418151855e-01
9.409559369087219238e-01
9.415614008903503418e-01
9.422221779823303223e-01
9.429358243942260742e-01
9.436988830566406250e-01
9.444944858551025391e-01
9.452356100082397461e-01
9.460185170173645020e-01
9.468425512313842773e-01
9.477035999298095703e-01
9.485987424850463867e-01
9.495252370834350586e-01
9.504800438880920410e-01
9.514601826667785645e-01
9.524627923965454102e-01
9.534848332405090332e-01
9.545234441757202148e-01
9.555756449699401855e-01
9.566386938095092773e-01
9.577095508575439453e-01
9.587854743003845215e-01
9.598633050918579102e-01
9.609410166740417480e-01
9.620154500007629395e-01
9.630837440490722656e-01
9.641438722610473633e-01
9.651930332183837891e-01
9.662284851074218750e-01
9.672485589981079102e-01
9.682504534721374512e-01
9.692314863204956055e-01
9.701880216598510742e-01
9.711202383041381836e-01
9.720256924629211426e-01
9.729033112525939941e-01
9.737509489059448242e-01
9.745665788650512695e-01
9.753491282463073730e-01
9.760967493057250977e-01
9.768084287643432617e-01
9.774826765060424805e-01
9.781183004379272461e-01
9.787142872810363770e-01
9.792699813842773438e-01
9.797843098640441895e-01
9.802566766738891602e-01
9.806863665580749512e-01
9.810729622840881348e-01
9.814159870147705078e-01
9.817153215408325195e-01
9.819706082344055176e-01
9.821818470954895020e-01
9.823486208915710449e-01
9.824715256690979004e-01
9.825505018234252930e-01
9.825852513313293457e-01
9.825769662857055664e-01
9.825274348258972168e-01
9.824373722076416016e-01
9.823049306869506836e-01
9.821314811706542969e-01
9.819173812866210938e-01
9.816622734069824219e-01
9.813684821128845215e-01
9.810357689857482910e-01
9.806643724441528320e-01
9.802563786506652832e-01
9.798119664192199707e-01
9.793320894241333008e-01
9.788164496421813965e-01
9.782680869102478027e-01
9.776866436004638672e-01
9.770722985267639160e-01
9.764277935028076172e-01
9.757533073425292969e-01
9.750494956970214844e-01
9.743177890777587891e-01
9.735586047172546387e-01
9.727732539176940918e-01
9.719625711441040039e-01
9.711278080940246582e-01
9.702694416046142578e-01
9.693888425827026367e-01
9.684868454933166504e-01
9.675645828247070312e-01
9.666241407394409180e-01
9.656232595443725586e-01
9.646018743515014648e-01
9.635626077651977539e-01
9.625059962272644043e-01
9.614335298538208008e-01
9.603456854820251465e-01
9.592434763908386230e-01
9.581276178359985352e-01
9.569993615150451660e-01
9.558593630790710449e-01
9.547085762023925781e-01
9.535478949546813965e-01
9.523775577545166016e-01
9.511992335319519043e-01
9.500133991241455078e-01
9.488207697868347168e-01
9.476236104965209961e-01
9.464194774627685547e-01
9.452111124992370605e-01
9.440001845359802246e-01
9.427848458290100098e-01
9.415668249130249023e-01
9.403487443923950195e-01
9.391278624534606934e-01
9.379065036773681641e-01
9.366851449012756348e-01
9.354653954505920410e-01
9.342456459999084473e-01
9.330274462699890137e-01
9.318125844001770020e-01
9.306017160415649414e-01
9.293983578681945801e-01
9.281994104385375977e-01
9.270033240318298340e-01
9.258115887641906738e-01
9.246255159378051758e-01
9.234433770179748535e-01
9.222661256790161133e-01
9.210959076881408691e-01
9.199303388595581055e-01
9.187704920768737793e-01
9.176172614097595215e-01
9.164717197418212891e-01
9.153323769569396973e-01
9.141994118690490723e-01
9.130743741989135742e-01
9.119560122489929199e-01
9.108463525772094727e-01
9.097434282302856445e-01
9.086499810218811035e-01
9.075652360916137695e-01
9.064878225326538086e-01
9.054209589958190918e-01
9.043624997138977051e-01
9.033154249191284180e-01
9.022778868675231934e-01
9.012516140937805176e-01
9.002366065979003906e-01
8.992344737052917480e-01
8.982446193695068359e-01
8.972678780555725098e-01
8.963053822517395020e-01
8.953576087951660156e-01
8.943769931793212891e-01
8.933824896812438965e-01
8.924046754837036133e-01
8.914448022842407227e-01
8.905031681060791016e-01
8.895810842514038086e-01
8.886802196502685547e-01
8.878017067909240723e-01
8.869460821151733398e-01
8.861156105995178223e-01
8.853113651275634766e-01
8.845344781875610352e-01
8.837860822677612305e-01
8.830685615539550781e-01
8.823835253715515137e-01
8.817310929298400879e-01
8.811143636703491211e-01
8.805344700813293457e-01
8.799930810928344727e-01
8.794924020767211914e-01
8.790333271026611328e-01
8.786179423332214355e-01
8.782475590705871582e-01
8.779250383377075195e-01
8.776536583900451660e-01
8.774315118789672852e-01
8.772616982460021973e-01
8.771470785140991211e-01
8.770889639854431152e-01
8.770915269851684570e-01
8.771520256996154785e-01
8.772741556167602539e-01
8.774596452713012695e-01
8.777094483375549316e-01
8.780304193496704102e-01
8.784301877021789551e-01
8.789327740669250488e-01
8.795038461685180664e-01
8.801451325416564941e-01
8.808565735816955566e-01
8.816382288932800293e-01
8.824898600578308105e-01
8.834102749824523926e-01
8.844000101089477539e-01
8.854570984840393066e-01
8.865798711776733398e-01
8.877663612365722656e-01
8.890137672424316406e-01
8.903200030326843262e-01
8.916813731193542480e-01
8.930941820144653320e-01
8.945542573928833008e-01
8.960567116737365723e-01
8.975976705551147461e-01
8.991711735725402832e-01
9.007723927497863770e-01
9.023950695991516113e-01
9.040334224700927734e-01
9.056821465492248535e-01
9.073348045349121094e-01
9.089853167533874512e-01
9.106281995773315430e-01
9.122571349143981934e-01
9.138671755790710449e-01
9.154526591300964355e-01
9.170088171958923340e-01
9.185307025909423828e-01
9.200142025947570801e-01
9.214553236961364746e-01
9.228508472442626953e-01
9.241974949836730957e-01
9.254850745201110840e-01
9.267266988754272461e-01
9.279088377952575684e-01
9.290134310722351074e-01
9.300605654716491699e-01
9.310492873191833496e-01
9.319725036621093750e-01
9.328418374061584473e-01
9.336510300636291504e-01
9.351397752761840820e-01
9.357694983482360840e-01
9.363362789154052734e-01
9.368498325347900391e-01
9.373062849044799805e-01
9.377067089080810547e-01
9.380517005920410156e-01
9.383425116539001465e-01
9.385769367218017578e-01
9.387624263763427734e-01
9.388967156410217285e-01
9.389806389808654785e-01
9.390151500701904297e-01
9.390012025833129883e-01
9.389378428459167480e-01
9.388294219970703125e-01
9.386747479438781738e-01
9.384745359420776367e-01
9.382292628288269043e-01
9.379384517669677734e-01
9.376047253608703613e-01
9.372273683547973633e-01
9.368062019348144531e-01
9.363427758216857910e-01
9.358363747596740723e-01
9.352873563766479492e-01
9.346959590911865234e-01
9.340623617172241211e-01
9.333870410919189453e-01
9.326692819595336914e-01
9.319095015525817871e-01
9.311088919639587402e-01
9.302658438682556152e-01
9.293810129165649414e-01
9.284561872482299805e-01
9.275125861167907715e-01
9.265351295471191406e-01
9.255215525627136230e-01
9.244685769081115723e-01
9.233788847923278809e-01
9.222552776336669922e-01
9.210937619209289551e-01
9.198973774909973145e-01
9.186698794364929199e-01
9.174063801765441895e-01
9.161111712455749512e-01
9.147878885269165039e-01
9.134321808815002441e-01
9.120476841926574707e-01
9.106397628784179688e-01
9.092028141021728516e-01
9.077454209327697754e-01
9.062618613243103027e-01
9.047613739967346191e-01
9.032376408576965332e-01
9.017007946968078613e-01
9.001441001892089844e-01
8.985738754272460938e-01
8.969958424568176270e-01
8.954030275344848633e-01
8.938062787055969238e-01
8.921984434127807617e-01
8.905899524688720703e-01
8.889743089675903320e-01
8.873611688613891602e-01
8.857439756393432617e-01
8.841323256492614746e-01
8.825195431709289551e-01
8.809152841567993164e-01
8.793120980262756348e-01
8.777198791503906250e-01
8.761311173439025879e-01
8.745546340942382812e-01
8.729836940765380859e-01
8.714262843132019043e-01
8.698756694793701172e-01
8.683393001556396484e-01
8.668103814125061035e-01
8.652963638305664062e-01
8.637900352478027344e-01
8.622905611991882324e-01
8.608047366142272949e-01
8.593271970748901367e-01
8.578629493713378906e-01
8.564060330390930176e-01
8.549613356590270996e-01
8.535265326499938965e-01
8.520963191986083984e-01
8.506770133972167969e-01
8.492624759674072266e-01
8.478564620018005371e-01
8.464567661285400391e-01
8.450582027435302734e-01
8.436671495437622070e-01
8.422756791114807129e-01
8.408893346786499023e-01
8.395052552223205566e-01
8.381181955337524414e-01
8.367347121238708496e-01
8.353466391563415527e-01
8.339605331420898438e-01
8.325713872909545898e-01
8.311762213706970215e-01
8.297809362411499023e-01
8.283776044845581055e-01
8.269727230072021484e-01
8.255618214607238770e-01
8.241423368453979492e-01
8.227186203002929688e-01
8.212848305702209473e-01
8.198471665382385254e-01
8.184010386466979980e-01
8.169440031051635742e-01
8.154810070991516113e-01
8.140067458152770996e-01
8.125258684158325195e-01
8.110359311103820801e-01
8.095337152481079102e-01
8.080247044563293457e-01
8.065068721771240234e-01
8.049750328063964844e-01
8.034379482269287109e-01
8.018903136253356934e-01
8.003331422805786133e-01
7.987635135650634766e-01
7.971874475479125977e-01
7.956030964851379395e-01
7.940049767494201660e-01
7.924028635025024414e-01
7.908917665481567383e-01
7.893829941749572754e-01
7.878642678260803223e-01
7.863431572914123535e-01
7.848172187805175781e-01
7.832819223403930664e-01
7.817476987838745117e-01
7.802099585533142090e-01
7.786672711372375488e-01
7.771280407905578613e-01
7.755913138389587402e-01
7.740574479103088379e-01
7.725260257720947266e-01
7.710074782371520996e-01
7.695020437240600586e-01
7.680085897445678711e-01
7.665412425994873047e-01
7.651005387306213379e-01
7.636946439743041992e-01
7.623256444931030273e-01
7.610107064247131348e-01
7.597528696060180664e-01
7.585600018501281738e-01
7.574430704116821289e-01
7.564054727554321289e-01
7.554474472999572754e-01
7.545625567436218262e-01
7.537422776222229004e-01
7.529641985893249512e-01
7.522032260894775391e-01
7.514270544052124023e-01
7.506052255630493164e-01
7.497095465660095215e-01
7.487212419509887695e-01
7.476276159286499023e-01
7.464287281036376953e-01
7.451256513595581055e-01
7.437376976013183594e-01
7.422747611999511719e-01
7.407532334327697754e-01
7.391859889030456543e-01
7.375875115394592285e-01
7.359619140625000000e-01
7.343299388885498047e-01
7.326920032501220703e-01
7.310550808906555176e-01
7.294222116470336914e-01
7.277928590774536133e-01
7.261778712272644043e-01
7.245757579803466797e-01
7.229855060577392578e-01
7.214102745056152344e-01
7.198434472084045410e-01
7.183069586753845215e-01
7.168173789978027344e-01
7.153422236442565918e-01
7.138820886611938477e-01
7.124307155609130859e-01
7.109995484352111816e-01
7.095828652381896973e-01
7.081803083419799805e-01
7.067919373512268066e-01
7.054166793823242188e-01
7.040516734123229980e-01
7.027049064636230469e-01
7.013716101646423340e-01
7.000518441200256348e-01
6.987443566322326660e-01
6.974508762359619141e-01
6.961707472801208496e-01
6.949036121368408203e-01
6.936494112014770508e-01
6.924042701721191406e-01
6.911746859550476074e-01
6.899589896202087402e-01
6.887558102607727051e-01
6.875652670860290527e-01
6.863873004913330078e-01
6.852208971977233887e-01
6.840676665306091309e-01
6.829269528388977051e-01
6.817952990531921387e-01
6.806793808937072754e-01
6.795747876167297363e-01
6.784831881523132324e-01
6.774038672447204590e-01
6.763367056846618652e-01
6.752817630767822266e-01
6.742388010025024414e-01
6.732068657875061035e-01
6.721850633621215820e-01
6.711782217025756836e-01
6.701833605766296387e-01
6.692003607749938965e-01
6.682284474372863770e-01
6.672689318656921387e-01
6.663215160369873047e-01
6.653859019279479980e-01
6.644619703292846680e-01
6.635463237762451172e-01
6.626456975936889648e-01
6.617568731307983398e-01
6.608796715736389160e-01
6.600139737129211426e-01
6.591589450836181641e-01
6.583161354064941406e-01
6.574849486351013184e-01
6.566652059555053711e-01
6.558568477630615234e-01
6.550598144531250000e-01
6.542732715606689453e-01
6.534985303878784180e-01
6.527453660964965820e-01
6.520445346832275391e-01
6.513550281524658203e-01
6.506763100624084473e-01
6.500088572502136230e-01
6.493523716926574707e-01
6.487064361572265625e-01
6.480715870857238770e-01
6.474473476409912109e-01
6.468331813812255859e-01
6.462303400039672852e-01
6.456370949745178223e-01
6.450555324554443359e-01
6.444849371910095215e-01
6.439244747161865234e-01
6.433747410774230957e-01
6.428352594375610352e-01
6.423063278198242188e-01
6.417874693870544434e-01
6.412782669067382812e-01
6.407799124717712402e-01
6.402920484542846680e-01
6.398139595985412598e-01
6.393463611602783203e-01
6.388887763023376465e-01
6.384407877922058105e-01
6.379660964012145996e-01
6.374981403350830078e-01
6.370390653610229492e-01
6.365897655487060547e-01
6.361509561538696289e-01
6.357209682464599609e-01
6.353005766868591309e-01
6.348905563354492188e-01
6.344891786575317383e-01
6.340972781181335449e-01
6.337147951126098633e-01
6.333425641059875488e-01
6.329787373542785645e-01
6.326242685317993164e-01
6.322798132896423340e-01
6.319437623023986816e-01
6.316167712211608887e-01
6.312997937202453613e-01
6.309910416603088379e-01
6.306912302970886230e-01
6.304013133049011230e-01
6.301194429397583008e-01
6.298464536666870117e-01
6.295831799507141113e-01
6.293278336524963379e-01
6.290812492370605469e-01
6.288980245590209961e-01
6.287685036659240723e-01
6.286474466323852539e-01
6.285347938537597656e-01
6.284313797950744629e-01
6.283354163169860840e-01
6.282477378845214844e-01
6.281676292419433594e-01
6.280962824821472168e-01
6.280339360237121582e-01
6.279788613319396973e-01
6.279318332672119141e-01
6.278927922248840332e-01
6.278625726699829102e-01
6.278394460678100586e-01
6.278242468833923340e-01
6.278167963027954102e-01
6.278172135353088379e-01
6.278262138366699219e-01
6.278421282768249512e-01
6.278656721115112305e-01
6.278968453407287598e-01
6.279364824295043945e-01
6.279828548431396484e-01
6.280366778373718262e-01
6.280980110168457031e-01
6.281654238700866699e-01
6.282416582107543945e-01
6.283141970634460449e-01
6.283940076828002930e-01
6.284818649291992188e-01
6.285761594772338867e-01
6.286779046058654785e-01
6.287864446640014648e-01
6.289020180702209473e-01
6.290254592895507812e-01
6.291550993919372559e-01
6.292917728424072266e-01
6.294353008270263672e-01
6.295865774154663086e-01
6.297438740730285645e-01
6.299065351486206055e-01
6.300774216651916504e-01
6.302558779716491699e-01
6.304402947425842285e-01
6.306313872337341309e-01
6.308291554450988770e-01
6.310343146324157715e-01
6.312452554702758789e-01
6.314631700515747070e-01
6.316871643066406250e-01
6.319185495376586914e-01
6.321555376052856445e-01
6.323989033699035645e-01
6.326487660408020020e-01
6.329033374786376953e-01
6.331881284713745117e-01
6.335139870643615723e-01
6.338467597961425781e-01
6.341843008995056152e-01
6.345290541648864746e-01
6.348789334297180176e-01
6.352347731590270996e-01
6.355972886085510254e-01
6.359621882438659668e-01
6.363359689712524414e-01
6.367151141166687012e-01
6.371001005172729492e-01
6.374915242195129395e-01
6.378880143165588379e-01
6.382901072502136230e-01
6.386982202529907227e-01
6.391116976737976074e-01
6.395314931869506836e-01
6.399529576301574707e-01
6.403830647468566895e-01
6.408194899559020996e-01
6.412602066993713379e-01
6.417075395584106445e-01
6.421595215797424316e-01
6.426169872283935547e-01
6.430805325508117676e-01
6.435487270355224609e-01
6.440192461013793945e-01
6.444979906082153320e-01
6.449820399284362793e-01
6.454656720161437988e-01
6.459462642669677734e-01
6.464319229125976562e-01
6.469229459762573242e-01
6.474186778068542480e-01
6.479192972183227539e-01
6.484212875366210938e-01
6.489314436912536621e-01
6.494467854499816895e-01
6.499670743942260742e-01
6.504926085472106934e-01
6.510226726531982422e-01
6.515575051307678223e-01
6.520974636077880859e-01
6.526379585266113281e-01
6.531870365142822266e-01
6.537403464317321777e-01
6.542988419532775879e-01
6.548619270324707031e-01
6.554297208786010742e-01
6.560025215148925781e-01
6.565753221511840820e-01
6.571568846702575684e-01
6.577433347702026367e-01
6.583338379859924316e-01
6.589289903640747070e-01
6.595280766487121582e-01
6.601320505142211914e-01
6.607361435890197754e-01
6.613492965698242188e-01
6.619664430618286133e-01
6.625939011573791504e-01
6.632614731788635254e-01
6.639335155487060547e-01
6.646089553833007812e-01
6.652846932411193848e-01
6.659683585166931152e-01
6.666555404663085938e-01
6.673465371131896973e-01
6.680416464805603027e-01
6.687410473823547363e-01
6.694432497024536133e-01
6.701449751853942871e-01
6.708545684814453125e-01
6.715678572654724121e-01
6.722860336303710938e-01
6.730064153671264648e-01
6.737309098243713379e-01
6.743384003639221191e-01
6.749371886253356934e-01
6.755446791648864746e-01
6.761546730995178223e-01
6.767670512199401855e-01
6.773833632469177246e-01
6.780024766921997070e-01
6.786245703697204590e-01
6.792445778846740723e-01
6.798728108406066895e-01
6.805031299591064453e-01
6.811370253562927246e-01
6.817743778228759766e-01
6.824141144752502441e-01
6.830504536628723145e-01
6.836956739425659180e-01
6.843358278274536133e-01
6.849665045738220215e-01
6.855984330177307129e-01
6.862326264381408691e-01
6.868625879287719727e-01
6.874997019767761230e-01
6.881383657455444336e-01
6.887788176536560059e-01
6.894213557243347168e-01
6.900650262832641602e-01
6.907051205635070801e-01
6.913518905639648438e-01
6.919999122619628906e-01
6.926495432853698730e-01
6.933011412620544434e-01
6.939535140991210938e-01
6.946015357971191406e-01
6.950453519821166992e-01
6.951829195022583008e-01
6.953208446502685547e-01
6.954576373100280762e-01
6.955945491790771484e-01
6.957249641418457031e-01
6.958609819412231445e-01
6.959968209266662598e-01
6.961314678192138672e-01
6.962664723396301270e-01
6.964004635810852051e-01
6.965286731719970703e-01
6.966627836227416992e-01
6.967964768409729004e-01
6.969300508499145508e-01
6.970628499984741211e-01
6.971960663795471191e-01
6.973161697387695312e-01
6.973185539245605469e-01
6.973248720169067383e-01
6.973335146903991699e-01
6.973440647125244141e-01
6.973589062690734863e-01
6.973687410354614258e-01
6.973887085914611816e-01
6.974116563796997070e-01
6.974376440048217773e-01
6.974668502807617188e-01
6.974921226501464844e-01
6.975274682044982910e-01
6.975652575492858887e-01
6.976076364517211914e-01
6.976518034934997559e-01
6.976935863494873047e-01
6.977448463439941406e-01
6.978027820587158203e-01
6.978741288185119629e-01
6.979520916938781738e-01
6.980340480804443359e-01
6.981146931648254395e-01
6.982077956199645996e-01
6.983057856559753418e-01
6.984085440635681152e-01
6.985154747962951660e-01
6.986199021339416504e-01
6.987368464469909668e-01
6.988564133644104004e-01
6.989804506301879883e-01
6.991081237792968750e-01
6.992316842079162598e-01
6.993656754493713379e-01
6.995019316673278809e-01
6.996418833732604980e-01
6.997940540313720703e-01
7.001702785491943359e-01
7.005387544631958008e-01
7.009138464927673340e-01
7.012891769409179688e-01
7.016627192497253418e-01
7.020340561866760254e-01
7.023963928222656250e-01
7.027638554573059082e-01
7.031276226043701172e-01
7.034887671470642090e-01
7.038457393646240234e-01
7.041988968849182129e-01
7.045404911041259766e-01
7.048835754394531250e-01
7.052218914031982422e-01
7.055550813674926758e-01
7.058806419372558594e-01
7.061932086944580078e-01
7.065051198005676270e-01
7.068102955818176270e-01
7.071075439453125000e-01
7.073959112167358398e-01
7.076696753501892090e-01
7.079412341117858887e-01
7.082027196884155273e-01
7.084552049636840820e-01
7.086971998214721680e-01
7.089229226112365723e-01
7.091452479362487793e-01
7.093554139137268066e-01
7.095549106597900391e-01
7.097430229187011719e-01
7.099127769470214844e-01
7.100773453712463379e-01
7.102295756340026855e-01
7.103690505027770996e-01
7.104963660240173340e-01
7.106424570083618164e-01
7.108941078186035156e-01
7.111336588859558105e-01
7.113596200942993164e-01
7.115741372108459473e-01
7.117704153060913086e-01
7.119593024253845215e-01
7.121354341506958008e-01
7.122991085052490234e-01
7.124500870704650879e-01
7.125833630561828613e-01
7.127091288566589355e-01
7.128223180770874023e-01
7.129235267639160156e-01
7.130109071731567383e-01
7.130824923515319824e-01
7.131456136703491211e-01
7.131963372230529785e-01
7.132347226142883301e-01
7.132608294486999512e-01
7.132746577262878418e-01
7.132722735404968262e-01
7.132619619369506836e-01
7.132396697998046875e-01
7.132059335708618164e-01
7.131590247154235840e-01
7.130979895591735840e-01
7.130283713340759277e-01
7.129470705986022949e-01
7.128540873527526855e-01
7.127497196197509766e-01
7.126306295394897461e-01
7.125041484832763672e-01
7.123650908470153809e-01
7.122155427932739258e-01
7.120554447174072266e-01
7.118800878524780273e-01
7.116981148719787598e-01
7.115045189857482910e-01
7.113001942634582520e-01
7.110406160354614258e-01
7.107328176498413086e-01
7.104129791259765625e-01
7.100818157196044922e-01
7.097400426864624023e-01
7.093839645385742188e-01
7.090198993682861328e-01
7.086440324783325195e-01
7.082570791244506836e-01
7.078597545623779297e-01
7.074487805366516113e-01
7.070296406745910645e-01
7.065997123718261719e-01
7.061581611633300781e-01
7.057064771652221680e-01
7.052416801452636719e-01
7.047685980796813965e-01
7.042841315269470215e-01
7.037890553474426270e-01
7.032840847969055176e-01
7.027663588523864746e-01
7.022402882575988770e-01
7.017030715942382812e-01
7.011553049087524414e-01
7.005978226661682129e-01
7.000281214714050293e-01
6.994498968124389648e-01
6.988606452941894531e-01
6.982610225677490234e-01
6.976525783538818359e-01
6.970315575599670410e-01
6.964018940925598145e-01
6.957612633705139160e-01
6.951111555099487305e-01
6.944501996040344238e-01
6.937785148620605469e-01
6.930980086326599121e-01
6.924066543579101562e-01
6.917059421539306641e-01
6.909944415092468262e-01
6.902726292610168457e-01
6.895418763160705566e-01
6.887993812561035156e-01
6.880474686622619629e-01
6.872850656509399414e-01
6.865131855010986328e-01
6.857324242591857910e-01
6.849412322044372559e-01
6.841412782669067383e-01
6.833310723304748535e-01
6.825125217437744141e-01
6.816833615303039551e-01
6.808455586433410645e-01
6.799975037574768066e-01
6.791409254074096680e-01
6.782748699188232422e-01
6.773996949195861816e-01
6.765143871307373047e-01
6.756206750869750977e-01
6.747169494628906250e-01
6.738049983978271484e-01
6.728838682174682617e-01
6.719527244567871094e-01
6.710134148597717285e-01
6.700642108917236328e-01
6.691082715988159180e-01
6.681411266326904297e-01
6.671661138534545898e-01
6.661813259124755859e-01
6.651886701583862305e-01
6.641879081726074219e-01
6.631778478622436523e-01
6.621581912040710449e-01
6.611309051513671875e-01
6.600941419601440430e-01
6.590515971183776855e-01
6.579979658126831055e-01
6.569359898567199707e-01
6.558665633201599121e-01
6.547879576683044434e-01
6.537042856216430664e-01
6.526094079017639160e-01
6.515074372291564941e-01
6.503965258598327637e-01
6.492785811424255371e-01
6.481534242630004883e-01
6.470144391059875488e-01
6.458650231361389160e-01
6.447072625160217285e-01
6.435434222221374512e-01
6.423745155334472656e-01
6.411957144737243652e-01
6.400111317634582520e-01
6.388186812400817871e-01
6.376197338104248047e-01
6.364150047302246094e-01
6.352058053016662598e-01
6.339874267578125000e-01
6.327624917030334473e-01
6.315323114395141602e-01
6.302961111068725586e-01
6.290552616119384766e-01
6.278070807456970215e-01
6.265530586242675781e-01
6.252923011779785156e-01
6.240261793136596680e-01
6.227577328681945801e-01
6.214815378189086914e-01
6.201999783515930176e-01
6.189113855361938477e-01
6.176195740699768066e-01
6.163254976272583008e-01
6.150238513946533203e-01
6.137167811393737793e-01
6.124046444892883301e-01
6.110891699790954590e-01
6.097719669342041016e-01
6.084470152854919434e-01
6.071187257766723633e-01
6.057850718498229980e-01
6.044487357139587402e-01
6.031118631362915039e-01
6.017668247222900391e-01
6.004193425178527832e-01
5.990672111511230469e-01
5.977121591567993164e-01
5.963545441627502441e-01
5.949969887733459473e-01
5.936333537101745605e-01
5.922648906707763672e-01
5.908955931663513184e-01
5.895236134529113770e-01
5.881556868553161621e-01
5.868235826492309570e-01
5.854891538619995117e-01
5.841549634933471680e-01
5.828175544738769531e-01
5.814853906631469727e-01
5.801463127136230469e-01
5.788066983222961426e-01
5.774655342102050781e-01
5.761230587959289551e-01
5.747864246368408203e-01
5.734434723854064941e-01
5.721004009246826172e-01
5.707565546035766602e-01
5.694131255149841309e-01
5.680689811706542969e-01
5.667291879653930664e-01
5.653864145278930664e-01
5.640427470207214355e-01
5.627001523971557617e-01
5.613573789596557617e-01
5.600194931030273438e-01
5.586792230606079102e-01
5.573385953903198242e-01
5.559995174407958984e-01
5.546608567237854004e-01
5.533240437507629395e-01
5.519928336143493652e-01
5.506579279899597168e-01
5.493251681327819824e-01
5.479933619499206543e-01
5.466637611389160156e-01
5.453405380249023438e-01
5.440152883529663086e-01
5.426901578903198242e-01
5.413677096366882324e-01
5.400480628013610840e-01
5.387300252914428711e-01
5.374206304550170898e-01
5.361069440841674805e-01
5.347962379455566406e-01
5.334888100624084473e-01
5.321835279464721680e-01
5.308867692947387695e-01
5.295870900154113770e-01
5.282917022705078125e-01
5.269974470138549805e-01
5.257069468498229980e-01
5.244204401969909668e-01
5.231415629386901855e-01
5.219769477844238281e-01
5.208352804183959961e-01
5.196965932846069336e-01
5.185605883598327637e-01
5.174346566200256348e-01
5.163072347640991211e-01
5.151821374893188477e-01
5.140619277954101562e-01
5.129457116127014160e-01
5.118322372436523438e-01
5.107289552688598633e-01
5.096247196197509766e-01
5.085228085517883301e-01
5.074266195297241211e-01
5.063330531120300293e-01
5.052453279495239258e-01
5.041667222976684570e-01
5.030856132507324219e-01
5.020104646682739258e-01
5.009396672248840332e-01
4.998720288276672363e-01
4.988100826740264893e-01
4.977572262287139893e-01
4.967028200626373291e-01
4.956542849540710449e-01
4.946104586124420166e-01
4.935694634914398193e-01
4.925346970558166504e-01
4.915083050727844238e-01
4.904829263687133789e-01
4.894622862339019775e-01
4.884447455406188965e-01
4.874335825443267822e-01
4.864272177219390869e-01
4.854292273521423340e-01
4.844325482845306396e-01
4.834402501583099365e-01
4.824519753456115723e-01
4.814699292182922363e-01
4.804926216602325439e-01
4.795238673686981201e-01
4.785562455654144287e-01
4.775925576686859131e-01
4.766352176666259766e-01
4.756828248500823975e-01
4.747341275215148926e-01
4.737961888313293457e-01
4.728587269783020020e-01
4.719251394271850586e-01
4.709978699684143066e-01
4.700756072998046875e-01
4.691568911075592041e-01
4.682602584362030029e-01
4.673660695552825928e-01
4.664765000343322754e-01
4.655934572219848633e-01
4.647138416767120361e-01
4.638392627239227295e-01
4.629741907119750977e-01
4.621104896068572998e-01
4.612506031990051270e-01
4.603955149650573730e-01
4.595454633235931396e-01
4.587017297744750977e-01
4.578658044338226318e-01
4.570304453372955322e-01
4.562013745307922363e-01
4.553758502006530762e-01
4.545552730560302734e-01
4.537393152713775635e-01
4.529297649860382080e-01
4.521282017230987549e-01
4.513269960880279541e-01
4.505320787429809570e-01
4.497406482696533203e-01
4.489541351795196533e-01
4.481725394725799561e-01
4.473968744277954102e-01
4.466291368007659912e-01
4.458618462085723877e-01
4.451008439064025879e-01
4.443432688713073730e-01
4.435903728008270264e-01
4.428423345088958740e-01
4.421002566814422607e-01
4.413658976554870605e-01
4.406321048736572266e-01
4.399042725563049316e-01
4.391798675060272217e-01
4.384602308273315430e-01
4.377452731132507324e-01
4.370362758636474609e-01
4.363346099853515625e-01
4.356335401535034180e-01
4.349370896816253662e-01
4.342466294765472412e-01
4.335593283176422119e-01
4.328767359256744385e-01
4.321999549865722656e-01
4.315304458141326904e-01
4.308613240718841553e-01
4.301968812942504883e-01
4.295381605625152588e-01
4.288825690746307373e-01
4.282315075397491455e-01
4.275862276554107666e-01
4.269477725028991699e-01
4.262925088405609131e-01
4.256267845630645752e-01
4.249656796455383301e-01
4.243077337741851807e-01
4.236558377742767334e-01
4.230083823204040527e-01
4.223692119121551514e-01
4.217295050621032715e-01
4.210954308509826660e-01
4.204660356044769287e-01
4.198397397994995117e-01
4.192191064357757568e-01
4.186027944087982178e-01
4.179933667182922363e-01
4.173858165740966797e-01
4.167827963829040527e-01
4.161838889122009277e-01
4.155880510807037354e-01
4.149978458881378174e-01
4.144117832183837891e-01
4.138324856758117676e-01
4.132548868656158447e-01
4.126814007759094238e-01
4.121109545230865479e-01
4.115459024906158447e-01
4.109849035739898682e-01
4.104281663894653320e-01
4.098741412162780762e-01
4.093253910541534424e-01
4.087842106819152832e-01
4.082423150539398193e-01
4.077057540416717529e-01
4.071729481220245361e-01
4.066441357135772705e-01
4.061179161071777344e-01
4.055969119071960449e-01
4.050797224044799805e-01
4.045653939247131348e-01
4.040593206882476807e-01
4.035536348819732666e-01
4.030504524707794189e-01
4.025522172451019287e-01
4.020578563213348389e-01
4.015671014785766602e-01
4.010787308216094971e-01
4.005952477455139160e-01
4.001187384128570557e-01
3.996412158012390137e-01
3.991687297821044922e-01
3.986994624137878418e-01
3.982325494289398193e-01
3.977704346179962158e-01
3.973116278648376465e-01
3.968565464019775391e-01
3.964034616947174072e-01
3.959581553936004639e-01
3.955130279064178467e-01
3.950699269771575928e-01
3.946314156055450439e-01
3.942181169986724854e-01
3.938130140304565430e-01
3.934110701084136963e-01
3.930119574069976807e-01
3.926158547401428223e-01
3.922259509563446045e-01
3.918356597423553467e-01
3.914484083652496338e-01
3.910638391971588135e-01
3.906821310520172119e-01
3.903035819530487061e-01
3.899274170398712158e-01
3.895540237426757812e-01
3.891864717006683350e-01
3.888183236122131348e-01
3.884528577327728271e-01
3.880900442600250244e-01
3.877297639846801758e-01
3.873720467090606689e-01
3.870168030261993408e-01
3.866643309593200684e-01
3.863140046596527100e-01
3.859693109989166260e-01
3.856237530708312988e-01
3.852805197238922119e-01
3.849396407604217529e-01
3.846009671688079834e-01
3.842645287513732910e-01
3.839303553104400635e-01
3.835983872413635254e-01
3.832685351371765137e-01
3.829410970211029053e-01
3.826153576374053955e-01
3.822916746139526367e-01
3.819731473922729492e-01
3.816534578800201416e-01
3.813356757164001465e-01
3.810197412967681885e-01
3.807057142257690430e-01
3.803934752941131592e-01
3.800820708274841309e-01
3.797737061977386475e-01
3.794667124748229980e-01
3.791614770889282227e-01
3.788577020168304443e-01
3.785556256771087646e-01
3.782582581043243408e-01
3.779592812061309814e-01
3.776617646217346191e-01
3.773656487464904785e-01
3.770709037780761719e-01
3.767780363559722900e-01
3.764859139919281006e-01
3.761952817440032959e-01
3.759057521820068359e-01
3.756174147129058838e-01
3.753302991390228271e-01
3.750442862510681152e-01
3.747625648975372314e-01
3.744787275791168213e-01
3.741957545280456543e-01
3.739138543605804443e-01
3.736465275287628174e-01
3.734095096588134766e-01
3.731736540794372559e-01
3.729380369186401367e-01
3.727028965950012207e-01
3.724683523178100586e-01
3.722342550754547119e-01
3.720005154609680176e-01
3.717709481716156006e-01
3.715380132198333740e-01
3.713052868843078613e-01
3.710726797580718994e-01
3.708403110504150391e-01
3.706080913543701172e-01
3.703761696815490723e-01
3.701439797878265381e-01
3.699117004871368408e-01
3.696791827678680420e-01
3.694465756416320801e-01
3.692137598991394043e-01
3.689845800399780273e-01
3.687510788440704346e-01
3.685172498226165771e-01
3.682830333709716797e-01
3.680481910705566406e-01
3.678129017353057861e-01
3.675774335861206055e-01
3.673408031463623047e-01
3.671035468578338623e-01
3.668655157089233398e-01
3.666265904903411865e-01
3.663868904113769531e-01
3.661467432975769043e-01
3.659051358699798584e-01
3.656616508960723877e-01
3.654179573059082031e-01
3.651731610298156738e-01
3.649271130561828613e-01
3.646802604198455811e-01
3.644354939460754395e-01
3.641856312751770020e-01
3.639344573020935059e-01
3.636818826198577881e-01
3.634278774261474609e-01
3.631726205348968506e-01
3.629154562950134277e-01
3.626567721366882324e-01
3.623963594436645508e-01
3.621342778205871582e-01
3.618705272674560547e-01
3.616052269935607910e-01
3.613379001617431641e-01
3.610686659812927246e-01
3.607974350452423096e-01
3.605244159698486328e-01
3.602494597434997559e-01
3.599724471569061279e-01
3.596936464309692383e-01
3.594125509262084961e-01
3.591293394565582275e-01
3.588479757308959961e-01
3.585605323314666748e-01
3.582708537578582764e-01
3.579792082309722900e-01
3.576851189136505127e-01
3.573887646198272705e-01
3.570901453495025635e-01
3.568218052387237549e-01
3.565676808357238770e-01
3.563108146190643311e-01
3.560509383678436279e-01
3.557894229888916016e-01
3.555252254009246826e-01
3.552588224411010742e-01
3.549898564815521240e-01
3.547187745571136475e-01
3.544452190399169922e-01
3.541692197322845459e-01
3.538911342620849609e-01
3.536105453968048096e-01
3.533322513103485107e-01
3.530466854572296143e-01
3.527594804763793945e-01
3.524702191352844238e-01
3.521787822246551514e-01
3.518854677677154541e-01
3.515900671482086182e-01
3.512925505638122559e-01
3.509933054447174072e-01
3.506919443607330322e-01
3.503889143466949463e-01
3.500832617282867432e-01
3.497767746448516846e-01
3.494685590267181396e-01
3.491586148738861084e-01
3.488473594188690186e-01
3.485343158245086670e-01
3.482200801372528076e-01
3.479045629501342773e-01
3.475874364376068115e-01
3.472693860530853271e-01
3.469492197036743164e-01
3.466289341449737549e-01
3.463075757026672363e-01
3.459851741790771484e-01
3.456621468067169189e-01
3.453380465507507324e-01
3.450135290622711182e-01
3.446882069110870361e-01
3.443624973297119141e-01
3.440363705158233643e-01
3.437089323997497559e-01
3.433822095394134521e-01
3.430550396442413330e-01
3.427280187606811523e-01
3.424009680747985840e-01
3.420737683773040771e-01
3.417469561100006104e-01
3.414202332496643066e-01
3.410939872264862061e-01
3.407682180404663086e-01
3.404419422149658203e-01
3.401172459125518799e-01
3.397931754589080811e-01
3.394700586795806885e-01
3.391478955745697021e-01
3.388264179229736328e-01
3.385062813758850098e-01
3.381871581077575684e-01
3.378694355487823486e-01
3.375529348850250244e-01
3.372371494770050049e-01
3.369237184524536133e-01
3.366118669509887695e-01
3.363018333911895752e-01
3.359935283660888672e-01
3.356872200965881348e-01
3.353829383850097656e-01
3.351068794727325439e-01
3.348708450794219971e-01
3.346377611160278320e-01
3.344078958034515381e-01
3.341820836067199707e-01
3.339585661888122559e-01
3.337383270263671875e-01
3.335213661193847656e-01
3.333079218864440918e-01
3.330989778041839600e-01
3.328926265239715576e-01
3.326897323131561279e-01
3.324906527996063232e-01
3.322952687740325928e-01
3.321046531200408936e-01
3.319169282913208008e-01
3.317331671714782715e-01
3.315531909465789795e-01
3.313773572444915771e-01
3.312067091464996338e-01
3.310390114784240723e-01
3.308754861354827881e-01
3.307161331176757812e-01
3.305610418319702148e-01
3.304113447666168213e-01
3.302648365497589111e-01
3.301227390766143799e-01
3.299849331378936768e-01
3.298516869544982910e-01
3.297239840030670166e-01
3.295992612838745117e-01
3.294794261455535889e-01
3.293641805648803711e-01
3.292534649372100830e-01
3.291472494602203369e-01
3.290469050407409668e-01
3.289462327957153320e-01
3.288539946079254150e-01
3.287664651870727539e-01
3.286836743354797363e-01
3.286066651344299316e-01
3.285332620143890381e-01
3.284646272659301758e-01
3.284007012844085693e-01
3.283414840698242188e-01
3.282882571220397949e-01
3.282386064529418945e-01
3.281936943531036377e-01
3.281536102294921875e-01
3.281182944774627686e-01
3.280888795852661133e-01
3.280631601810455322e-01
3.280421793460845947e-01
3.280259370803833008e-01
3.280145227909088135e-01
3.280090987682342529e-01
3.280072212219238281e-01
3.280100226402282715e-01
3.280172348022460938e-01
3.280296027660369873e-01
3.280479013919830322e-01
3.280697464942932129e-01
3.280963003635406494e-01
3.281275033950805664e-01
3.281602561473846436e-01
3.282021284103393555e-01
3.282474577426910400e-01
3.282973468303680420e-01
3.283519744873046875e-01
3.284111917018890381e-01
3.284762203693389893e-01
3.285446166992187500e-01
3.286176025867462158e-01
3.286950588226318359e-01
3.287771344184875488e-01
3.288649320602416992e-01
3.289561271667480469e-01
3.290460407733917236e-01
3.291417658329010010e-01
3.292403221130371094e-01
3.293441236019134521e-01
3.294507563114166260e-01
3.295625746250152588e-01
3.296783566474914551e-01
3.297968804836273193e-01
3.299205303192138672e-01
3.300439715385437012e-01
3.301754295825958252e-01
3.303107321262359619e-01
3.304485976696014404e-01
3.305914103984832764e-01
3.307368159294128418e-01
3.308872580528259277e-01
3.310412764549255371e-01
3.311977982521057129e-01
3.313592374324798584e-01
3.315230309963226318e-01
3.316917121410369873e-01
3.318594396114349365e-01
3.320352137088775635e-01
3.322145342826843262e-01
3.323961198329925537e-01
3.325824439525604248e-01
3.327708840370178223e-01
3.329640626907348633e-01
3.331606090068817139e-01
3.333592116832733154e-01
3.335624635219573975e-01
3.337677419185638428e-01
3.339775204658508301e-01
3.341869115829467773e-01
3.344032168388366699e-01
3.346227705478668213e-01
3.348441421985626221e-01
3.350699543952941895e-01
3.352976739406585693e-01
3.355296552181243896e-01
3.357647657394409180e-01
3.360009193420410156e-01
3.362420201301574707e-01
3.364849388599395752e-01
3.367320001125335693e-01
3.369784057140350342e-01
3.372313082218170166e-01
3.374871611595153809e-01
3.377445936203002930e-01
3.380060195922851562e-01
3.382690548896789551e-01
3.385361433029174805e-01
3.388058543205261230e-01
3.390772044658660889e-01
3.393524587154388428e-01
3.396291136741638184e-01
3.399096429347991943e-01
3.401905298233032227e-01
3.404751420021057129e-01
3.407633900642395020e-01
3.410531282424926758e-01
3.413465321063995361e-01
3.416403532028198242e-01
3.419387340545654297e-01
3.422395586967468262e-01
3.425416052341461182e-01
3.428471982479095459e-01
3.431540727615356445e-01
3.434622883796691895e-01
3.437749147415161133e-01
3.440887629985809326e-01
3.444060683250427246e-01
3.447244167327880859e-01
3.450462222099304199e-01
3.453690409660339355e-01
3.456951677799224854e-01
3.460235297679901123e-01
3.463529050350189209e-01
3.466833233833312988e-01
3.470169305801391602e-01
3.473536968231201172e-01
3.476940095424652100e-01
3.480609059333801270e-01
3.484293818473815918e-01
3.488002717494964600e-01
3.491727709770202637e-01
3.495436012744903564e-01
3.499179482460021973e-01
3.502945899963378906e-01
3.506728112697601318e-01
3.510513007640838623e-01
3.514310717582702637e-01
3.518141806125640869e-01
3.521945178508758545e-01
3.525782227516174316e-01
3.529630601406097412e-01
3.533502519130706787e-01
3.537385761737823486e-01
3.541270196437835693e-01
3.545176684856414795e-01
3.549063801765441895e-01
3.552992045879364014e-01
3.556921184062957764e-01
3.560871481895446777e-01
3.564821481704711914e-01
3.568781316280364990e-01
3.572761118412017822e-01
3.576730787754058838e-01
3.580719232559204102e-01
3.584717810153961182e-01
3.588744997978210449e-01
3.592760562896728516e-01
3.596785068511962891e-01
3.600818216800689697e-01
3.604868948459625244e-01
3.608907163143157959e-01
3.612963855266571045e-01
3.617027699947357178e-01
3.621107339859008789e-01
3.625195920467376709e-01
3.629280626773834229e-01
3.633380830287933350e-01
3.637458682060241699e-01
3.641572594642639160e-01
3.645682036876678467e-01
3.649806380271911621e-01
3.653927445411682129e-01
3.658053576946258545e-01
3.662194311618804932e-01
3.666319251060485840e-01
3.670460283756256104e-01
3.674604296684265137e-01
3.678772449493408203e-01
3.682925701141357422e-01
3.687081933021545410e-01
3.691242039203643799e-01
3.695414662361145020e-01
3.699571788311004639e-01
3.703740537166595459e-01
3.707921206951141357e-01
3.712095916271209717e-01
3.716283142566680908e-01
3.720462024211883545e-01
3.724650740623474121e-01
3.728812336921691895e-01
3.733007013797760010e-01
3.737191557884216309e-01
3.741384744644165039e-01
3.745570778846740723e-01
3.749758005142211914e-01
3.753943741321563721e-01
3.758130669593811035e-01
3.762317597866058350e-01
3.766504228115081787e-01
3.770708143711090088e-01
3.774873316287994385e-01
3.779057562351226807e-01
3.783239722251892090e-01
3.787428438663482666e-01
3.791618943214416504e-01
3.795796632766723633e-01
3.799958527088165283e-01
3.804131746292114258e-01
3.808313608169555664e-01
3.812480270862579346e-01
3.816651701927185059e-01
3.820793330669403076e-01
3.824950158596038818e-01
3.829115331172943115e-01
3.833272159099578857e-01
3.837077319622039795e-01
3.840748965740203857e-01
3.844425380229949951e-01
3.848111033439636230e-01
3.851775825023651123e-01
3.855432868003845215e-01
3.859060108661651611e-01
3.862708806991577148e-01
3.866337239742279053e-01
3.869950473308563232e-01
3.873558938503265381e-01
3.877148926258087158e-01
3.880737721920013428e-01
3.884315490722656250e-01
3.887882232666015625e-01
3.891449868679046631e-01
3.894970417022705078e-01
3.898503780364990234e-01
3.902026712894439697e-01
3.905538320541381836e-01
3.909048140048980713e-01
3.912515044212341309e-01
3.915990293025970459e-01
3.919447064399719238e-01
3.922908604145050049e-01
3.926346004009246826e-01
3.929770886898040771e-01
3.933160603046417236e-01
3.936569988727569580e-01
3.939954042434692383e-01
3.943319618701934814e-01
3.946676254272460938e-01
3.950009346008300781e-01
3.953336775302886963e-01
3.956650793552398682e-01
3.959949612617492676e-01
3.963244259357452393e-01
3.966487646102905273e-01
3.969741165637969971e-01
3.972979187965393066e-01
3.976211547851562500e-01
3.979418277740478516e-01
3.982588052749633789e-01
3.985757231712341309e-01
3.988925516605377197e-01
3.992066085338592529e-01
3.995188772678375244e-01
3.998275101184844971e-01
4.001375138759613037e-01
4.004446566104888916e-01
4.007496535778045654e-01
4.010532796382904053e-01
4.013540148735046387e-01
4.016539156436920166e-01
4.019520282745361328e-01
4.022482335567474365e-01
4.025414884090423584e-01
4.028336107730865479e-01
4.031240642070770264e-01
4.034126102924346924e-01
4.036980569362640381e-01
4.039825797080993652e-01
4.042651355266571045e-01
4.045455157756805420e-01
4.048227071762084961e-01
4.050990641117095947e-01
4.053732156753540039e-01
4.056454002857208252e-01
4.059132933616638184e-01
4.061820805072784424e-01
4.064476788043975830e-01
4.067110121250152588e-01
4.069701135158538818e-01
4.072300493717193604e-01
4.074867963790893555e-01
4.077411890029907227e-01
4.079911708831787109e-01
4.082419574260711670e-01
4.084893167018890381e-01
4.087343513965606689e-01
4.089749455451965332e-01
4.092162251472473145e-01
4.094541370868682861e-01
4.096894860267639160e-01
4.099203348159790039e-01
4.101517498493194580e-01
4.103796184062957764e-01
4.106050729751586914e-01
4.108258783817291260e-01
4.110470712184906006e-01
4.112648665904998779e-01
4.114799499511718750e-01
4.116902053356170654e-01
4.119010865688323975e-01
4.121082723140716553e-01
4.123242795467376709e-01
4.125607609748840332e-01
4.127938449382781982e-01
4.130225181579589844e-01
4.132465422153472900e-01
4.134692251682281494e-01
4.136884212493896484e-01
4.139031171798706055e-01
4.141131341457366943e-01
4.143217206001281738e-01
4.145258069038391113e-01
4.147270917892456055e-01
4.149227440357208252e-01
4.151168167591094971e-01
4.153062999248504639e-01
4.154929518699645996e-01
4.156738519668579102e-01
4.158530235290527344e-01
4.160277545452117920e-01
4.161994457244873047e-01
4.163651764392852783e-01
4.165284037590026855e-01
4.166888296604156494e-01
4.168451428413391113e-01
4.169955551624298096e-01
4.171433448791503906e-01
4.172882437705993652e-01
4.174289107322692871e-01
4.175629317760467529e-01
4.176957607269287109e-01
4.178247749805450439e-01
4.179496765136718750e-01
4.180676937103271484e-01
4.181845188140869141e-01
4.182974696159362793e-01
4.184053242206573486e-01
4.185079634189605713e-01
4.186084270477294922e-01
4.187051057815551758e-01
4.187944531440734863e-01
4.188827276229858398e-01
4.189667105674743652e-01
4.190445840358734131e-01
4.191193580627441406e-01
4.191910922527313232e-01
4.192561209201812744e-01
4.193186759948730469e-01
4.193772971630096436e-01
4.194298684597015381e-01
4.194801449775695801e-01
4.195256233215332031e-01
4.195651113986968994e-01
4.196027815341949463e-01
4.196351170539855957e-01
4.196619689464569092e-01
4.196864068508148193e-01
4.197068214416503906e-01
4.197196066379547119e-01
4.197313189506530762e-01
4.197383821010589600e-01
4.197384417057037354e-01
4.197367429733276367e-01
4.197310209274291992e-01
4.197181761264801025e-01
4.197030365467071533e-01
4.196837246417999268e-01
4.196603298187255859e-01
4.196299314498901367e-01
4.195971488952636719e-01
4.195601344108581543e-01
4.195168018341064453e-01
4.194703400135040283e-01
4.194204807281494141e-01
4.193634092807769775e-01
4.193045794963836670e-01
4.192403554916381836e-01
4.191704094409942627e-01
4.190978109836578369e-01
4.190206527709960938e-01
4.189369976520538330e-01
4.188514053821563721e-01
4.187609851360321045e-01
4.186638593673706055e-01
4.185644388198852539e-01
4.184611141681671143e-01
4.183501303195953369e-01
4.182378351688385010e-01
4.181206822395324707e-01
4.179973602294921875e-01
4.178708493709564209e-01
4.177407920360565186e-01
4.176036119461059570e-01
4.174646735191345215e-01
4.173204004764556885e-01
4.171726703643798828e-01
4.170177876949310303e-01
4.168607294559478760e-01
4.166992902755737305e-01
4.165316224098205566e-01
4.163612723350524902e-01
4.161867797374725342e-01
4.160054624080657959e-01
4.158225655555725098e-01
4.156307578086853027e-01
4.153898358345031738e-01
4.151479303836822510e-01
4.149038791656494141e-01
4.146547317504882812e-01
4.144049584865570068e-01
4.141529202461242676e-01
4.138955175876617432e-01
4.136386513710021973e-01
4.133782386779785156e-01
4.131135046482086182e-01
4.128479063510894775e-01
4.125798046588897705e-01
4.123075604438781738e-01
4.120342135429382324e-01
4.117588996887207031e-01
4.114781618118286133e-01
4.111979901790618896e-01
4.109122157096862793e-01
4.106261432170867920e-01
4.103381633758544922e-01
4.100451469421386719e-01
4.097521305084228516e-01
4.094537794589996338e-01
4.091558456420898438e-01
4.088551700115203857e-01
4.085493981838226318e-01
4.082441031932830811e-01
4.079335927963256836e-01
4.076234102249145508e-01
4.073105752468109131e-01
4.069933593273162842e-01
4.066755175590515137e-01
4.063552618026733398e-01
4.060311019420623779e-01
4.057062268257141113e-01
4.053771495819091797e-01
4.050475358963012695e-01
4.047164022922515869e-01
4.043798446655273438e-01
4.040434062480926514e-01
4.037028551101684570e-01
4.033620059490203857e-01
4.030193090438842773e-01
4.026714563369750977e-01
4.023243486881256104e-01
4.019720554351806641e-01
4.016201198101043701e-01
4.012663364410400391e-01
4.009074866771697998e-01
4.005494415760040283e-01
4.001864492893218994e-01
3.998240232467651367e-01
3.994590342044830322e-01
3.990896642208099365e-01
3.987210988998413086e-01
3.983474075794219971e-01
3.979746699333190918e-01
3.975993096828460693e-01
3.972200751304626465e-01
3.968407213687896729e-01
3.964593112468719482e-01
3.960740268230438232e-01
3.956886231899261475e-01
3.952995538711547852e-01
3.949101865291595459e-01
3.945195078849792480e-01
3.941240906715393066e-01
3.937295973300933838e-01
3.933303058147430420e-01
3.929314911365509033e-01
3.925313949584960938e-01
3.921265602111816406e-01
3.917227685451507568e-01
3.913143277168273926e-01
3.909068405628204346e-01
3.904971480369567871e-01
3.900833427906036377e-01
3.896706700325012207e-01
3.892532885074615479e-01
3.888371288776397705e-01
3.884187638759613037e-01
3.879968225955963135e-01
3.875751197338104248e-01
3.871493935585021973e-01
3.867247998714447021e-01
3.862981200218200684e-01
3.858680725097656250e-01
3.854381442070007324e-01
3.850071728229522705e-01
3.845718204975128174e-01
3.841373026371002197e-01
3.836993277072906494e-01
3.832616806030273438e-01
3.828230798244476318e-01
3.823801577091217041e-01
3.819386065006256104e-01
3.814927339553833008e-01
3.810477554798126221e-01
3.805996179580688477e-01
3.801518976688385010e-01
3.797009885311126709e-01
3.792503178119659424e-01
3.787966966629028320e-01
3.783435523509979248e-01
3.778866529464721680e-01
3.774312138557434082e-01
3.769718706607818604e-01
3.765138983726501465e-01
3.760543763637542725e-01
3.755915164947509766e-01
3.751294016838073730e-01
3.746638596057891846e-01
3.742141127586364746e-01
3.737649619579315186e-01
3.733169436454772949e-01
3.728657960891723633e-01
3.724160194396972656e-01
3.719628453254699707e-01
3.715110719203948975e-01
3.710556030273437500e-01
3.706018924713134766e-01
3.701448440551757812e-01
3.696893751621246338e-01
3.692329525947570801e-01
3.687733113765716553e-01
3.683151304721832275e-01
3.678538501262664795e-01
3.673938512802124023e-01
3.669304549694061279e-01
3.664686679840087891e-01
3.660039603710174561e-01
3.655408024787902832e-01
3.650745749473571777e-01
3.646098077297210693e-01
3.641420006752014160e-01
3.636758327484130859e-01
3.632065653800964355e-01
3.627381622791290283e-01
3.622698187828063965e-01
3.617983758449554443e-01
3.613286018371582031e-01
3.608558177947998047e-01
3.603847622871398926e-01
3.599106371402740479e-01
3.594383299350738525e-01
3.589623570442199707e-01
3.584887683391571045e-01
3.580122590065002441e-01
3.575374782085418701e-01
3.570598661899566650e-01
3.565839827060699463e-01
3.561052381992340088e-01
3.556280732154846191e-01
3.551505506038665771e-01
3.546698987483978271e-01
3.541914820671081543e-01
3.537101745605468750e-01
3.532308042049407959e-01
3.527487218379974365e-01
3.522684276103973389e-01
3.517851531505584717e-01
3.513040542602539062e-01
3.508202731609344482e-01
3.503380119800567627e-01
3.498535156250000000e-01
3.493709266185760498e-01
3.488856256008148193e-01
3.484023213386535645e-01
3.479184806346893311e-01
3.474323153495788574e-01
3.469480574131011963e-01
3.464613258838653564e-01
3.459762334823608398e-01
3.454889357089996338e-01
3.450037539005279541e-01
3.445157408714294434e-01
3.440299928188323975e-01
3.435419201850891113e-01
3.430558443069458008e-01
3.425673246383666992e-01
3.420806229114532471e-01
3.415918648242950439e-01
3.411051630973815918e-01
3.406158089637756348e-01
3.401288688182830811e-01
3.396396636962890625e-01
3.391503095626831055e-01
3.386631608009338379e-01
3.381737470626831055e-01
3.376862108707427979e-01
3.371966779232025146e-01
3.367090821266174316e-01
3.362196385860443115e-01
3.357322812080383301e-01
3.352428376674652100e-01
3.347556293010711670e-01
3.342661857604980469e-01
3.337769508361816406e-01
3.332892656326293945e-01
3.328001201152801514e-01
3.323132395744323730e-01
3.318243622779846191e-01
3.313377201557159424e-01
3.308491110801696777e-01
3.303628265857696533e-01
3.298746347427368164e-01
3.293882310390472412e-01
3.289000988006591797e-01
3.284124732017517090e-01
3.279270827770233154e-01
3.274399340152740479e-01
3.269550800323486328e-01
3.264683783054351807e-01
3.259841501712799072e-01
3.254977166652679443e-01
3.250140547752380371e-01
3.245283365249633789e-01
3.240453302860260010e-01
3.235605955123901367e-01
3.230761587619781494e-01
3.225942552089691162e-01
3.221102654933929443e-01
3.216291666030883789e-01
3.211463987827301025e-01
3.206659257411956787e-01
3.201840519905090332e-01
3.197047114372253418e-01
3.192237913608551025e-01
3.187434673309326172e-01
3.182651400566101074e-01
3.177857697010040283e-01
3.173090219497680664e-01
3.168306946754455566e-01
3.163549005985260010e-01
3.158829808235168457e-01
3.154280781745910645e-01
3.149716258049011230e-01
3.145174682140350342e-01
3.140625059604644775e-01
3.136074244976043701e-01
3.131551146507263184e-01
3.127017021179199219e-01
3.122506141662597656e-01
3.117980360984802246e-01
3.113486170768737793e-01
3.108972907066345215e-01
3.104486465454101562e-01
3.099993467330932617e-01
3.095520436763763428e-01
3.091037869453430176e-01
3.086565136909484863e-01
3.082116544246673584e-01
3.077654838562011719e-01
3.073225915431976318e-01
3.068780601024627686e-01
3.064363598823547363e-01
3.059939444065093994e-01
3.055540025234222412e-01
3.051132857799530029e-01
3.046750724315643311e-01
3.042359650135040283e-01
3.037982583045959473e-01
3.033627271652221680e-01
3.029264807701110840e-01
3.024934828281402588e-01
3.020592331886291504e-01
3.016279637813568115e-01
3.011963069438934326e-01
3.007654547691345215e-01
3.003373444080352783e-01
2.999092042446136475e-01
2.994833886623382568e-01
2.990571558475494385e-01
2.986325621604919434e-01
2.982104718685150146e-01
2.977879643440246582e-01
2.973672747611999512e-01
2.969489991664886475e-01
2.965305149555206299e-01
2.961139678955078125e-01
2.956997752189636230e-01
2.952856421470642090e-01
2.948748767375946045e-01
2.944637238979339600e-01
2.940540909767150879e-01
2.936478853225708008e-01
2.932414710521697998e-01
2.928367853164672852e-01
2.924353778362274170e-01
2.920340895652770996e-01
2.916358113288879395e-01
2.912383973598480225e-01
2.908424139022827148e-01
2.904495596885681152e-01
2.900578379631042480e-01
2.896675467491149902e-01
2.892805635929107666e-01
2.888947725296020508e-01
2.885106801986694336e-01
2.881298363208770752e-01
2.877505123615264893e-01
2.873739898204803467e-01
2.869987189769744873e-01
2.866261303424835205e-01
2.862565517425537109e-01
2.858883738517761230e-01
2.855231463909149170e-01
2.851609289646148682e-01
2.848003208637237549e-01
2.844437062740325928e-01
2.840885519981384277e-01
2.837360799312591553e-01
2.833876907825469971e-01
2.830410003662109375e-01
2.826972603797912598e-01
2.823576331138610840e-01
2.820200622081756592e-01
2.816856503486633301e-01
2.813553512096405029e-01
2.810274660587310791e-01
2.807034552097320557e-01
2.803827226161956787e-01
2.800652086734771729e-01
2.797520458698272705e-01
2.794417738914489746e-01
2.791353762149810791e-01
2.788332998752593994e-01
2.785346210002899170e-01
2.782400250434875488e-01
2.779499292373657227e-01
2.776635289192199707e-01
2.773813903331756592e-01
2.771040797233581543e-01
2.768308520317077637e-01
2.765619158744812012e-01
2.762982547283172607e-01
2.760389745235443115e-01
2.757840752601623535e-01
2.755348980426788330e-01
2.752898335456848145e-01
2.750504314899444580e-01
2.748165726661682129e-01
2.745869159698486328e-01
2.743633687496185303e-01
2.741456925868988037e-01
2.739322185516357422e-01
2.737254202365875244e-01
2.735246717929840088e-01
2.733282744884490967e-01
2.731388509273529053e-01
2.729544937610626221e-01
2.727770507335662842e-01
2.726058363914489746e-01
2.724395096302032471e-01
2.722806632518768311e-01
2.721281051635742188e-01
2.719803750514984131e-01
2.718404531478881836e-01
2.717068791389465332e-01
2.715780436992645264e-01
2.714572548866271973e-01
2.713429033756256104e-01
2.712352573871612549e-01
2.711312472820281982e-01
2.710358500480651855e-01
2.709470987319946289e-01
2.708614468574523926e-01
2.707845270633697510e-01
2.707121074199676514e-01
2.706322371959686279e-01
2.705548405647277832e-01
2.704864740371704102e-01
2.704232633113861084e-01
2.703624963760375977e-01
2.703096568584442139e-01
2.702619135379791260e-01
2.702184617519378662e-01
2.701761126518249512e-01
2.701407670974731445e-01
2.701092064380645752e-01
2.700805366039276123e-01
2.700513303279876709e-01
2.700275182723999023e-01
2.700059115886688232e-01
2.699815332889556885e-01
2.699618339538574219e-01
2.699419558048248291e-01
2.699219584465026855e-01
2.698969542980194092e-01
2.698741853237152100e-01
2.698487341403961182e-01
2.698170542716979980e-01
2.697848081588745117e-01
2.697483897209167480e-01
2.697064876556396484e-01
2.696557641029357910e-01
2.696013450622558594e-01
2.695398330688476562e-01
2.694698870182037354e-01
2.693887054920196533e-01
2.693005204200744629e-01
2.692024409770965576e-01
2.690908312797546387e-01
2.689705193042755127e-01
2.688377499580383301e-01
2.686926126480102539e-01
2.685323059558868408e-01
2.683604359626770020e-01
2.681740820407867432e-01
2.679725289344787598e-01
2.677568793296813965e-01
2.675264775753021240e-01
2.672803103923797607e-01
2.670187354087829590e-01
2.667414546012878418e-01
