4.553163647651672363e-01
4.549713134765625000e-01
4.546235203742980957e-01
4.542722105979919434e-01
4.539193212985992432e-01
4.536875784397125244e-01
4.534862637519836426e-01
4.532777965068817139e-01
4.530625641345977783e-01
4.528403878211975098e-01
4.531153142452239990e-01
4.536651372909545898e-01
4.542035758495330811e-01
4.547293186187744141e-01
4.552448093891143799e-01
4.559054970741271973e-01
4.568443894386291504e-01
4.577776789665222168e-01
4.587033987045288086e-01
4.596225023269653320e-01
4.605358541011810303e-01
4.613301157951354980e-01
4.621120095252990723e-01
4.628913104534149170e-01
4.636682569980621338e-01
4.644420742988586426e-01
4.652827084064483643e-01
4.662779271602630615e-01
4.672734439373016357e-01
4.682692587375640869e-01
4.692653119564056396e-01
4.702615737915039062e-01
4.711183905601501465e-01
4.718495607376098633e-01
4.725823104381561279e-01
4.733163714408874512e-01
4.740522801876068115e-01
4.747895002365112305e-01
4.753386676311492920e-01
4.757398068904876709e-01
4.761415421962738037e-01
4.765451550483703613e-01
4.769481420516967773e-01
4.773517251014709473e-01
4.777509868144989014e-01
4.781433045864105225e-01
4.785362482070922852e-01
4.789297580718994141e-01
4.793238639831542969e-01
4.797185659408569336e-01
4.800842702388763428e-01
4.800161123275756836e-01
4.799463748931884766e-01
4.798770248889923096e-01
4.798061251640319824e-01
4.797355830669403076e-01
4.796634912490844727e-01
4.796670675277709961e-01
4.797436594963073730e-01
4.798200428485870361e-01
4.798964560031890869e-01
4.799724221229553223e-01
4.800481796264648438e-01
4.801237285137176514e-01
4.800918698310852051e-01
4.800218343734741211e-01
4.799500405788421631e-01
4.798779785633087158e-01
4.798053503036499023e-01
4.797319471836090088e-01
4.796592593193054199e-01
4.794597327709197998e-01
4.792133271694183350e-01
4.789665937423706055e-01
4.787194728851318359e-01
4.784720242023468018e-01
4.782242178916931152e-01
4.779760539531707764e-01
4.777308702468872070e-01
4.774911999702453613e-01
4.772499501705169678e-01
4.770083725452423096e-01
4.767677187919616699e-01
4.765254557132720947e-01
4.762828946113586426e-01
4.760412573814392090e-01
4.758060574531555176e-01
4.755718111991882324e-01
4.753362238407135010e-01
4.751013815402984619e-01
4.748649597167968750e-01
4.746294915676116943e-01
4.743926823139190674e-01
4.740923941135406494e-01
4.735557138919830322e-01
4.730195999145507812e-01
4.724840223789215088e-01
4.719489812850952148e-01
4.714142978191375732e-01
4.708803892135620117e-01
4.703470468521118164e-01
4.698620438575744629e-01
4.696160256862640381e-01
4.693710505962371826e-01
4.691250622272491455e-01
4.688800871372222900e-01
4.686341285705566406e-01
4.683881402015686035e-01
4.681432247161865234e-01
4.678972661495208740e-01
4.674502313137054443e-01
4.669568538665771484e-01
4.664637744426727295e-01
4.659723937511444092e-01
4.654802978038787842e-01
4.649888575077056885e-01
4.644987285137176514e-01
4.640082418918609619e-01
4.635352492332458496e-01
4.631548821926116943e-01
4.627759754657745361e-01
4.623965620994567871e-01
4.620184600353240967e-01
4.616400003433227539e-01
4.612630307674407959e-01
4.608863890171051025e-01
4.605093896389007568e-01
4.601550400257110596e-01
4.599192738533020020e-01
4.596836268901824951e-01
4.594481289386749268e-01
4.592127799987792969e-01
4.589785337448120117e-01
4.587434530258178711e-01
4.585085213184356689e-01
4.582737088203430176e-01
4.580390453338623047e-01
4.576184749603271484e-01
4.571539461612701416e-01
4.566903412342071533e-01
4.562263488769531250e-01
4.557643234729766846e-01
4.553028643131256104e-01
4.548413753509521484e-01
4.543814659118652344e-01
4.539214968681335449e-01
4.534707367420196533e-01
4.531112015247344971e-01
4.527511298656463623e-01
4.523925483226776123e-01
4.520305395126342773e-01
4.516716897487640381e-01
4.513144195079803467e-01
4.509566724300384521e-01
4.506003558635711670e-01
4.502443075180053711e-01
4.498879611492156982e-01
4.497363269329071045e-01
4.495931863784790039e-01
4.494498074054718018e-01
4.493063986301422119e-01
4.491640329360961914e-01
4.490204751491546631e-01
4.488770365715026855e-01
4.487333595752716064e-01
4.485896229743957520e-01
4.484459757804870605e-01
4.483410120010375977e-01
4.482893943786621094e-01
4.482375085353851318e-01
4.481853544712066650e-01
4.481329619884490967e-01
4.480804800987243652e-01
4.480275809764862061e-01
4.479744136333465576e-01
4.479209780693054199e-01
4.478672742843627930e-01
4.478133022785186768e-01
4.477665126323699951e-01
4.477296173572540283e-01
4.476923942565917969e-01
4.476551711559295654e-01
4.476175606250762939e-01
4.475799500942230225e-01
4.475421607494354248e-01
4.475039839744567871e-01
4.474658071994781494e-01
4.474272429943084717e-01
4.473886489868164062e-01
4.473498165607452393e-01
4.472662210464477539e-01
4.471810758113861084e-01
4.470948576927185059e-01
4.470094144344329834e-01
4.469228684902191162e-01
4.468370676040649414e-01
4.467501640319824219e-01
4.466639757156372070e-01
4.465766847133636475e-01
4.464901089668273926e-01
4.464024007320404053e-01
4.463153779506683350e-01
4.461719095706939697e-01
4.460265934467315674e-01
4.458809494972229004e-01
4.457358717918395996e-01
4.455894827842712402e-01
4.454425573348999023e-01
4.452963173389434814e-01
4.451487660408020020e-01
4.450007677078247070e-01
4.448523521423339844e-01
4.447043836116790771e-01
4.445548653602600098e-01
4.442609250545501709e-01
4.437927901744842529e-01
4.433247447013854980e-01
4.428569376468658447e-01
4.423890411853790283e-01
4.419222474098205566e-01
4.414543211460113525e-01
4.409863650798797607e-01
4.405184984207153320e-01
4.400503337383270264e-01
4.395830929279327393e-01
4.391145408153533936e-01
4.386457204818725586e-01
4.382509589195251465e-01
4.379923045635223389e-01
4.377339482307434082e-01
4.374736547470092773e-01
4.372134506702423096e-01
4.369511306285858154e-01
4.366886913776397705e-01
4.364238679409027100e-01
4.361586570739746094e-01
4.358907341957092285e-01
4.356220066547393799e-01
4.353501796722412109e-01
4.350770413875579834e-01
4.348001778125762939e-01
4.345670640468597412e-01
4.343583881855010986e-01
4.341455101966857910e-01
4.339281320571899414e-01
4.337055981159210205e-01
4.334783852100372314e-01
4.332460761070251465e-01
4.330177605152130127e-01
4.330120086669921875e-01
4.332923591136932373e-01
4.337182641029357910e-01
4.341733455657958984e-01
4.346122443675994873e-01
4.350085556507110596e-01
4.353385865688323975e-01
4.355665445327758789e-01
4.357360601425170898e-01
4.358490109443664551e-01
4.359128773212432861e-01
4.359316229820251465e-01
4.359131753444671631e-01
4.358620047569274902e-01
4.357819259166717529e-01
4.356793165206909180e-01
4.355557560920715332e-01
4.354164898395538330e-01
4.352620840072631836e-01
4.350968897342681885e-01
4.349217116832733154e-01
4.347362220287322998e-01
4.345344603061676025e-01
4.343276619911193848e-01
4.341152012348175049e-01
4.338984191417694092e-01
4.336783587932586670e-01
4.334561228752136230e-01
4.332307577133178711e-01
4.330032765865325928e-01
4.327741563320159912e-01
4.325447380542755127e-01
4.323132336139678955e-01
4.320810139179229736e-01
4.318488538265228271e-01
4.316154718399047852e-01
4.313815534114837646e-01
4.311602115631103516e-01
4.309894144535064697e-01
4.308175444602966309e-01
4.306464493274688721e-01
4.304744601249694824e-01
4.303034842014312744e-01
4.301315546035766602e-01
4.299605488777160645e-01
4.297887980937957764e-01
4.296180605888366699e-01
4.294466376304626465e-01
4.292762577533721924e-01
4.291054010391235352e-01
4.289345741271972656e-01
4.287648499011993408e-01
4.285944998264312744e-01
4.284252524375915527e-01
4.282779991626739502e-01
4.281555414199829102e-01
4.280339479446411133e-01
4.279117584228515625e-01
4.277897179126739502e-01
4.276686906814575195e-01
4.275467395782470703e-01
4.274251163005828857e-01
4.273044466972351074e-01
4.271830916404724121e-01
4.270618557929992676e-01
4.269405603408813477e-01
4.268204271793365479e-01
4.266995489597320557e-01
4.265788197517395020e-01
4.264590442180633545e-01
4.263383448123931885e-01
4.262179434299468994e-01
4.262920618057250977e-01
4.264034330844879150e-01
4.265142977237701416e-01
4.266249537467956543e-01
4.267353117465972900e-01
4.268442690372467041e-01
4.269539117813110352e-01
4.270631968975067139e-01
4.271719157695770264e-01
4.272804558277130127e-01
4.273886382579803467e-01
4.274964630603790283e-01
4.276028573513031006e-01
4.277099072933197021e-01
4.278165996074676514e-01
4.279226958751678467e-01
4.280285835266113281e-01
4.281340837478637695e-01
4.282529652118682861e-01
4.284230172634124756e-01
4.285935759544372559e-01
4.287634491920471191e-01
4.289329946041107178e-01
4.291026294231414795e-01
4.292719364166259766e-01
4.294413626194000244e-01
4.296106696128845215e-01
4.297796189785003662e-01
4.299486875534057617e-01
4.301174283027648926e-01
4.302862286567687988e-01
4.304547011852264404e-01
4.306232333183288574e-01
4.307922422885894775e-01
4.309605360031127930e-01
4.311286509037017822e-01
4.312964379787445068e-01
4.314642846584320068e-01
4.317123889923095703e-01
4.320293962955474854e-01
4.323466718196868896e-01
4.326641559600830078e-01
4.329818785190582275e-01
4.332998096942901611e-01
4.336179792881011963e-01
4.339363873004913330e-01
4.342550039291381836e-01
4.345738291740417480e-01
4.348928630352020264e-01
4.352121353149414062e-01
4.355316162109375000e-01
4.358513057231903076e-01
4.361712038516998291e-01
4.364904761314392090e-01
4.368107914924621582e-01
4.371312856674194336e-01
4.374520182609558105e-01
4.377729296684265137e-01
4.380940496921539307e-01
4.383870065212249756e-01
4.386674165725708008e-01
4.389492869377136230e-01
4.392304718494415283e-01
4.395131170749664307e-01
4.397950768470764160e-01
4.400785267353057861e-01
4.403612613677978516e-01
4.406454861164093018e-01
4.409290254116058350e-01
4.412140250205993652e-01
4.414983391761779785e-01
4.417841136455535889e-01
4.420692324638366699e-01
4.423557817935943604e-01
4.426416754722595215e-01
4.429290294647216797e-01
4.432156682014465332e-01
4.435038268566131592e-01
4.437912702560424805e-01
4.440801739692687988e-01
4.443683922290802002e-01
4.446344077587127686e-01
4.448862075805664062e-01
4.451376199722290039e-01
4.453889429569244385e-01
4.456415474414825439e-01
4.458932280540466309e-01
4.461453258991241455e-01
4.463982284069061279e-01
4.466506540775299072e-01
4.469030499458312988e-01
4.471566975116729736e-01
4.474094212055206299e-01
4.476623237133026123e-01
4.479165077209472656e-01
4.481697380542755127e-01
4.484233856201171875e-01
4.486778378486633301e-01
4.489318132400512695e-01
4.491865932941436768e-01
4.494408965110778809e-01
4.496951401233673096e-01
4.499506652355194092e-01
4.502052366733551025e-01
4.504185914993286133e-01
4.503394067287445068e-01
4.502592682838439941e-01
4.501782059669494629e-01
4.500962495803833008e-01
4.500133395195007324e-01
4.499295055866241455e-01
4.498449563980102539e-01
4.497592449188232422e-01
4.496726095676422119e-01
4.495850205421447754e-01
4.494965076446533203e-01
4.494070112705230713e-01
4.493165910243988037e-01
4.492252469062805176e-01
4.491329193115234375e-01
4.490387141704559326e-01
4.489444792270660400e-01
4.488492906093597412e-01
4.487531483173370361e-01
4.486560225486755371e-01
4.485579133033752441e-01
4.484590590000152588e-01
4.483590126037597656e-01
4.482580125331878662e-01
4.481497108936309814e-01
4.479963183403015137e-01
4.478423297405242920e-01
4.476877152919769287e-01
4.475324749946594238e-01
4.473766088485717773e-01
4.472201466560363770e-01
4.470630586147308350e-01
4.469053745269775391e-01
4.467470347881317139e-01
4.465880990028381348e-01
4.464285373687744141e-01
4.462674260139465332e-01
4.461066424846649170e-01
4.459452033042907715e-01
4.457831680774688721e-01
4.456206858158111572e-01
4.454573988914489746e-01
4.452934861183166504e-01
4.451289474964141846e-01
4.449637830257415771e-01
4.447979927062988281e-01
4.446315765380859375e-01
4.444645643234252930e-01
4.442968964576721191e-01
4.441286027431488037e-01
4.439596831798553467e-01
4.438005685806274414e-01
4.436515867710113525e-01
4.435027837753295898e-01
4.433521330356597900e-01
4.432018399238586426e-01
4.430498182773590088e-01
4.428980052471160889e-01
4.427444636821746826e-01
4.425911307334899902e-01
4.424360692501068115e-01
4.422802329063415527e-01
4.421244561672210693e-01
4.419670999050140381e-01
4.418099522590637207e-01
4.416510462760925293e-01
4.414923489093780518e-01
4.413319230079650879e-01
4.411716759204864502e-01
4.410095810890197754e-01
4.408477842807769775e-01
4.406842887401580811e-01
4.405209422111511230e-01
4.403558671474456787e-01
4.401910006999969482e-01
4.400243461132049561e-01
4.398578107357025146e-01
4.396896064281463623e-01
4.395216107368469238e-01
4.393518865108489990e-01
4.390352964401245117e-01
4.387127161026000977e-01
4.383894503116607666e-01
4.380643665790557861e-01
4.377394616603851318e-01
4.374136328697204590e-01
4.370870888233184814e-01
4.367587566375732422e-01
4.364304840564727783e-01
4.361015260219573975e-01
4.357717633247375488e-01
4.354411661624908447e-01
4.351087212562561035e-01
4.347765147686004639e-01
4.344435334205627441e-01
4.341097474098205566e-01
4.337750673294067383e-01
4.334386885166168213e-01
4.331025183200836182e-01
4.327654540538787842e-01
4.324277043342590332e-01
4.320881366729736328e-01
4.317488074302673340e-01
4.314085841178894043e-01
4.310676753520965576e-01
4.307259619235992432e-01
4.303824603557586670e-01
4.300391376018524170e-01
4.296950697898864746e-01
4.293502271175384521e-01
4.290140569210052490e-01
4.286914169788360596e-01
4.283671677112579346e-01
4.280431866645812988e-01
4.277185499668121338e-01
4.273923039436340332e-01
4.270663261413574219e-01
4.267387390136718750e-01
4.264114499092102051e-01
4.260834753513336182e-01
4.257538914680480957e-01
4.254246354103088379e-01
4.250947237014770508e-01
4.247631430625915527e-01
4.244319200515747070e-01
4.240990579128265381e-01
4.237664937973022461e-01
4.234333038330078125e-01
4.230985045433044434e-01
4.227640032768249512e-01
4.224288761615753174e-01
4.220921099185943604e-01
4.217557013034820557e-01
4.214176237583160400e-01
4.210799336433410645e-01
4.207415878772735596e-01
4.204016029834747314e-01
4.200620055198669434e-01
4.197217524051666260e-01
4.193798601627349854e-01
4.190383255481719971e-01
4.186951816082000732e-01
4.183524250984191895e-01
4.179173111915588379e-01
4.174279272556304932e-01
4.169370532035827637e-01
4.164467751979827881e-01
4.159560203552246094e-01
4.154638350009918213e-01
4.149722158908843994e-01
4.144801497459411621e-01
4.139866530895233154e-01
4.134937822818756104e-01
4.130004346370697021e-01
4.125066995620727539e-01
4.120115339756011963e-01
4.115169942378997803e-01
4.110219776630401611e-01
4.105256497859954834e-01
4.100298881530761719e-01
4.095337092876434326e-01
4.090371727943420410e-01
4.085392057895660400e-01
4.080419242382049561e-01
4.075441956520080566e-01
4.070451557636260986e-01
4.065466821193695068e-01
4.060478806495666504e-01
4.055486917495727539e-01
4.050481915473937988e-01
4.045482575893402100e-01
4.040480554103851318e-01
4.035464227199554443e-01
4.030455350875854492e-01
4.025442302227020264e-01
4.020426571369171143e-01
4.015396833419799805e-01
4.010374546051025391e-01
4.005628228187561035e-01
4.001514315605163574e-01
3.997387290000915527e-01
3.993269503116607666e-01
3.989148437976837158e-01
3.985026478767395020e-01
3.980902433395385742e-01
3.976765573024749756e-01
3.972637951374053955e-01
3.968507051467895508e-01
3.964375555515289307e-01
3.960241079330444336e-01
3.956095874309539795e-01
3.951957821846008301e-01
3.947818875312805176e-01
3.943677246570587158e-01
3.939535021781921387e-01
3.935379683971405029e-01
3.931233882904052734e-01
3.927085399627685547e-01
3.922936022281646729e-01
3.918784260749816895e-01
3.914621770381927490e-01
3.910466432571411133e-01
3.906310796737670898e-01
3.902152478694915771e-01
3.897993564605712891e-01
3.893822133541107178e-01
3.889660537242889404e-01
3.885495662689208984e-01
3.881331086158752441e-01
3.877163529396057129e-01
3.872986137866973877e-01
3.868815600872039795e-01
3.864645063877105713e-01
3.860471844673156738e-01
3.856288790702819824e-01
3.852112889289855957e-01
3.847618997097015381e-01
3.841462135314941406e-01
3.835308849811553955e-01
3.829169571399688721e-01
3.823024630546569824e-01
3.816883862018585205e-01
3.810747265815734863e-01
3.804579675197601318e-01
3.798451721668243408e-01
3.792327940464019775e-01
3.786208629608154297e-01
3.780093491077423096e-01
3.773992657661437988e-01
3.767886459827423096e-01
3.761784434318542480e-01
3.755687177181243896e-01
3.749594688415527344e-01
3.743506371974945068e-01
3.737422823905944824e-01
3.731344044208526611e-01
3.725269734859466553e-01
3.719209730625152588e-01
3.713144958019256592e-01
3.707084655761718750e-01
3.701029419898986816e-01
3.694978952407836914e-01
3.688933551311492920e-01
3.682892620563507080e-01
3.676857054233551025e-01
3.670826256275177002e-01
3.664809763431549072e-01
3.658789098262786865e-01
3.652773201465606689e-01
3.646762669086456299e-01
3.640756905078887939e-01
3.634756505489349365e-01
3.628761172294616699e-01
3.622771203517913818e-01
3.616786301136016846e-01
3.610818088054656982e-01
3.604843914508819580e-01
3.598874807357788086e-01
3.594636321067810059e-01
3.590756654739379883e-01
3.586884140968322754e-01
3.583016693592071533e-01
3.579151928424835205e-01
3.575294315814971924e-01
3.571439385414123535e-01
3.567591607570648193e-01
3.563746511936187744e-01
3.559908866882324219e-01
3.556073606014251709e-01
3.552245497703552246e-01
3.548420071601867676e-01
3.544602096080780029e-01
3.540786504745483398e-01
3.536978065967559814e-01
3.533172309398651123e-01
3.529374003410339355e-01
3.525578081607818604e-01
3.521789312362670898e-01
3.518003225326538086e-01
3.514224290847778320e-01
3.510447740554809570e-01
3.506687581539154053e-01
3.502923548221588135e-01
3.499161601066589355e-01
3.495407104492187500e-01
3.491654992103576660e-01
3.487910032272338867e-01
3.484167754650115967e-01
3.480432629585266113e-01
3.476699888706207275e-01
3.472974598407745361e-01
3.469251394271850586e-01
3.465535640716552734e-01
3.461822271347045898e-01
3.458116352558135986e-01
3.454412519931793213e-01
3.450716137886047363e-01
3.447021842002868652e-01
3.443334996700286865e-01
3.439650535583496094e-01
3.435973227024078369e-01
3.432298302650451660e-01
3.428630828857421875e-01
3.424961864948272705e-01
3.421292006969451904e-01
3.417635858058929443e-01
3.413975834846496582e-01
3.410332500934600830e-01
3.406682610511779785e-01
3.403046429157257080e-01
3.399406671524047852e-01
3.395774662494659424e-01
3.392153680324554443e-01
3.388529121875762939e-01
3.384918272495269775e-01
3.381303548812866211e-01
3.377705216407775879e-01
3.374100625514984131e-01
3.370500802993774414e-01
3.366914987564086914e-01
3.363327980041503906e-01
3.359751701354980469e-01
3.356172144412994385e-01
3.352605998516082764e-01
3.349035978317260742e-01
3.345473706722259521e-01
3.341922461986541748e-01
3.338367342948913574e-01
3.334825932979583740e-01
3.331283330917358398e-01
3.327751755714416504e-01
3.324216306209564209e-01
3.320685923099517822e-01
3.317168951034545898e-01
3.313651084899902344e-01
3.310143947601318359e-01
3.306632936000823975e-01
3.303135633468627930e-01
3.299637138843536377e-01
3.296141028404235840e-01
3.292658030986785889e-01
3.289171457290649414e-01
3.285698294639587402e-01
3.282224237918853760e-01
3.278760612010955811e-01
3.275293409824371338e-01
3.271830976009368896e-01
3.268384635448455811e-01
3.264932036399841309e-01
3.261492550373077393e-01
3.258049488067626953e-01
3.254619538784027100e-01
3.252448737621307373e-01
3.250399827957153320e-01
3.248358964920043945e-01
3.246314525604248047e-01
3.244280517101287842e-01
3.242240548133850098e-01
3.240208327770233154e-01
3.238172829151153564e-01
3.236147761344909668e-01
3.234116435050964355e-01
3.232095837593078613e-01
3.230066299438476562e-01
3.228050172328948975e-01
3.226027786731719971e-01
3.224015831947326660e-01
3.221997916698455811e-01
3.219987452030181885e-01
3.217974007129669189e-01
3.215970695018768311e-01
3.213961422443389893e-01
3.211962580680847168e-01
3.209954798221588135e-01
3.207960426807403564e-01
3.205959796905517578e-01
3.203969299793243408e-01
3.201981186866760254e-01
3.199984431266784668e-01
3.198000490665435791e-01
3.196010887622833252e-01
3.194031119346618652e-01
3.192045688629150391e-01
3.190067708492279053e-01
3.188086450099945068e-01
3.186115324497222900e-01
3.184138238430023193e-01
3.182171583175659180e-01
3.180195987224578857e-01
3.178233504295349121e-01
3.176264762878417969e-01
3.174306452274322510e-01
3.172342181205749512e-01
3.170385360717773438e-01
3.168425261974334717e-01
3.166475296020507812e-01
3.164519369602203369e-01
3.162570893764495850e-01
3.160619139671325684e-01
3.158677518367767334e-01
3.156729936599731445e-01
3.154792487621307373e-01
3.152846395969390869e-01
3.150912821292877197e-01
3.148973584175109863e-01
3.147114515304565430e-01
3.145487606525421143e-01
3.143862187862396240e-01
3.142237663269042969e-01
3.140604197978973389e-01
3.138982355594635010e-01
3.137361705303192139e-01
3.135742545127868652e-01
3.134124577045440674e-01
3.132500052452087402e-01
3.130881786346435547e-01
3.129267692565917969e-01
3.127654790878295898e-01
3.126043081283569336e-01
3.124424517154693604e-01
3.122812807559967041e-01
3.121204674243927002e-01
3.119598031044006348e-01
3.117992579936981201e-01
3.116388618946075439e-01
3.114775121212005615e-01
3.113173246383666992e-01
3.111572861671447754e-01
3.109973669052124023e-01
3.108375668525695801e-01
3.106771111488342285e-01
3.105172812938690186e-01
3.103578686714172363e-01
3.101985752582550049e-01
3.100394010543823242e-01
3.098795711994171143e-01
3.097203671932220459e-01
3.095615506172180176e-01
3.094028532505035400e-01
3.092443048954010010e-01
3.090858757495880127e-01
3.089264929294586182e-01
3.087683022022247314e-01
3.086102306842803955e-01
3.084523081779479980e-01
3.082944750785827637e-01
3.081359863281250000e-01
3.079781234264373779e-01
3.078206777572631836e-01
3.076633512973785400e-01
3.075061440467834473e-01
3.073482811450958252e-01
3.071910142898559570e-01
3.070341646671295166e-01
3.068774342536926270e-01
3.067208528518676758e-01
3.065635859966278076e-01
3.064069449901580811e-01
3.062506914138793945e-01
3.060945868492126465e-01
3.059385716915130615e-01
3.057827055454254150e-01
3.056261837482452393e-01
3.054702579975128174e-01
3.053233325481414795e-01
3.052118122577667236e-01
3.051006495952606201e-01
3.049892783164978027e-01
3.048782348632812500e-01
3.047672808170318604e-01
3.046560883522033691e-01
3.045452535152435303e-01
3.044341802597045898e-01
3.043226897716522217e-01
3.042117655277252197e-01
3.041011691093444824e-01
3.039903640747070312e-01
3.038799166679382324e-01
3.037692308425903320e-01
3.036588728427886963e-01
3.035483360290527344e-01
3.034381270408630371e-01
3.033276796340942383e-01
3.032168447971343994e-01
3.031065464019775391e-01
3.029965758323669434e-01
3.028863966464996338e-01
3.027765750885009766e-01
3.026668131351470947e-01
3.025568127632141113e-01
3.024152219295501709e-01
3.022710978984832764e-01
3.021262884140014648e-01
3.019815683364868164e-01
3.018376827239990234e-01
3.016931116580963135e-01
3.015486001968383789e-01
3.014049530029296875e-01
3.012605905532836914e-01
3.011163473129272461e-01
3.009721636772155762e-01
3.008287847042083740e-01
3.006847798824310303e-01
3.005408048629760742e-01
3.003976941108703613e-01
3.002538979053497314e-01
3.001101613044738770e-01
2.999672889709472656e-01
2.998237013816833496e-01
2.996802330017089844e-01
2.995375692844390869e-01
2.993942201137542725e-01
2.992509603500366211e-01
2.991085350513458252e-01
2.989654242992401123e-01
2.988224029541015625e-01
2.987270057201385498e-01
2.986709773540496826e-01
2.986149787902832031e-01
2.985590100288391113e-01
2.985037863254547119e-01
2.984478175640106201e-01
2.983918786048889160e-01
2.983359396457672119e-01
2.982800304889678955e-01
2.982248663902282715e-01
2.981689572334289551e-01
2.981130778789520264e-01
2.980572283267974854e-01
2.980020940303802490e-01
2.979462742805480957e-01
2.978904247283935547e-01
2.978346347808837891e-01
2.977788150310516357e-01
2.977237701416015625e-01
2.976680099964141846e-01
2.976122498512268066e-01
2.975564897060394287e-01
2.975015044212341309e-01
2.974457740783691406e-01
2.973900735378265381e-01
2.973343729972839355e-01
2.972787022590637207e-01
2.972232103347778320e-01
2.971597015857696533e-01
2.970962226390838623e-01
2.970334887504577637e-01
2.969700098037719727e-01
2.969068288803100586e-01
2.968433499336242676e-01
2.967798709869384766e-01
2.967171669006347656e-01
2.966536879539489746e-01
2.965902388095855713e-01
2.965267896652221680e-01
2.964640855789184570e-01
2.964006364345550537e-01
2.963375151157379150e-01
2.962740659713745117e-01
2.962113916873931885e-01
2.961479425430297852e-01
2.960845232009887695e-01
2.960211336612701416e-01
2.959584593772888184e-01
2.958950400352478027e-01
2.958319187164306641e-01
2.957685291767120361e-01
2.957058846950531006e-01
2.956424951553344727e-01
2.955791056156158447e-01
2.955157160758972168e-01
2.954530715942382812e-01
2.954118251800537109e-01
2.954052090644836426e-01
2.953993380069732666e-01
2.953923940658569336e-01
2.953864634037017822e-01
2.953797578811645508e-01
2.953730523586273193e-01
2.953670620918273926e-01
2.953603267669677734e-01
2.953539788722991943e-01
2.953472137451171875e-01
2.953403890132904053e-01
2.953343093395233154e-01
2.953274548053741455e-01
2.953205704689025879e-01
2.953141331672668457e-01
2.953072190284729004e-01
2.953010201454162598e-01
2.952940762042999268e-01
2.952871024608612061e-01
2.952808439731597900e-01
2.952735424041748047e-01
2.952672541141510010e-01
2.952601909637451172e-01
2.952531278133392334e-01
2.952467799186706543e-01
2.952396571636199951e-01
2.952329516410827637e-01
2.952257990837097168e-01
2.952186465263366699e-01
2.952097952365875244e-01
2.951978743076324463e-01
2.951858937740325928e-01
2.951741218566894531e-01
2.951619625091552734e-01
2.951497435569763184e-01
2.951374053955078125e-01
2.951245903968811035e-01
2.951121032238006592e-01
2.950995564460754395e-01
2.950872480869293213e-01
2.950745224952697754e-01
2.950617372989654541e-01
2.950491607189178467e-01
2.950362265110015869e-01
2.950231730937957764e-01
2.950096428394317627e-01
2.949964404106140137e-01
2.949831485748291016e-01
2.949697971343994141e-01
2.949566543102264404e-01
2.949431538581848145e-01
2.949295341968536377e-01
2.949161827564239502e-01
2.949024140834808350e-01
2.948885560035705566e-01
2.948741912841796875e-01
2.948601841926574707e-01
2.948460876941680908e-01
2.948321998119354248e-01
2.948179543018341064e-01
2.948112785816192627e-01
2.948504686355590820e-01
2.948898673057556152e-01
2.949288189411163330e-01
2.949683964252471924e-01
2.950074076652526855e-01
2.950459718704223633e-01
2.950844168663024902e-01
2.951230406761169434e-01
2.951619625091552734e-01
2.952000200748443604e-01
2.952382862567901611e-01
2.952760756015777588e-01
2.953137457370758057e-01
2.953523397445678711e-01
2.953897416591644287e-01
2.954273521900177002e-01
2.953639030456542969e-01
2.952942550182342529e-01
2.952243387699127197e-01
2.951534688472747803e-01
2.950811982154846191e-01
2.950090765953063965e-01
2.949363589286804199e-01
2.948625385761260986e-01
2.947885394096374512e-01
2.947139143943786621e-01
2.946378886699676514e-01
2.945619821548461914e-01
2.944857776165008545e-01
2.944086194038391113e-01
2.943300008773803711e-01
2.942515313625335693e-01
2.941753864288330078e-01
2.941044270992279053e-01
2.940318584442138672e-01
2.939583361148834229e-01
2.938831448554992676e-01
2.938066422939300537e-01
2.937284409999847412e-01
2.936492860317230225e-01
2.935691773891448975e-01
2.934873700141906738e-01
2.934045791625976562e-01
2.933200597763061523e-01
2.932337522506713867e-01
2.931464910507202148e-01
2.930582165718078613e-01
2.929681539535522461e-01
2.928767204284667969e-01
2.925803959369659424e-01
2.919862568378448486e-01
2.913888692855834961e-01
2.907866537570953369e-01
2.901811599731445312e-01
2.895712554454803467e-01
2.889576554298400879e-01
2.883399724960327148e-01
2.877174019813537598e-01
2.870915532112121582e-01
2.864608466625213623e-01
2.858268022537231445e-01
2.851886451244354248e-01
2.845460176467895508e-01
2.838996350765228271e-01
2.832483351230621338e-01
2.825936973094940186e-01
2.819260954856872559e-01
2.810904085636138916e-01
2.802537381649017334e-01
2.794143557548522949e-01
2.785719633102416992e-01
2.777286171913146973e-01
2.768818438053131104e-01
2.760336399078369141e-01
2.751830220222473145e-01
2.743305265903472900e-01
2.734758853912353516e-01
2.726188898086547852e-01
2.717600464820861816e-01
2.708983421325683594e-01
2.700358629226684570e-01
2.691700458526611328e-01
2.683034837245941162e-01
2.674343883991241455e-01
2.665543258190155029e-01
2.656493186950683594e-01
2.647457122802734375e-01
2.638409733772277832e-01
2.629371583461761475e-01
2.620334923267364502e-01
2.611297965049743652e-01
2.602265179157257080e-01
2.593227326869964600e-01
2.584199011325836182e-01
2.575178742408752441e-01
2.566148042678833008e-01
2.557127773761749268e-01
2.548110485076904297e-01
2.539094090461730957e-01
2.530083060264587402e-01
2.521068155765533447e-01
2.512069642543792725e-01
2.503174841403961182e-01
2.496463507413864136e-01
2.489758878946304321e-01
2.483055293560028076e-01
2.476371377706527710e-01
2.469686865806579590e-01
2.463003545999526978e-01
2.456332594156265259e-01
2.449668645858764648e-01
2.443005889654159546e-01
2.436355948448181152e-01
2.429707050323486328e-01
2.423071116209030151e-01
2.416442185640335083e-01
2.409814596176147461e-01
2.403199970722198486e-01
2.396599650382995605e-01
2.389993667602539062e-01
2.383400797843933105e-01
2.376809567213058472e-01
2.370231300592422485e-01
2.363660633563995361e-01
2.357091605663299561e-01
2.350535839796066284e-01
2.343987524509429932e-01
2.337440997362136841e-01
2.330907881259918213e-01
2.324376553297042847e-01
2.317858785390853882e-01
2.311355620622634888e-01
2.304847389459609985e-01
2.298352867364883423e-01
2.291866093873977661e-01
2.285381406545639038e-01
2.278910428285598755e-01
2.272447496652603149e-01
2.265986353158950806e-01
2.259539365768432617e-01
2.253493219614028931e-01
2.248644530773162842e-01
2.243807464838027954e-01
2.238963395357131958e-01
2.234137654304504395e-01
2.229311615228652954e-01
2.224491089582443237e-01
2.219675928354263306e-01
2.214867025613784790e-01
2.210063636302947998e-01
2.205265611410140991e-01
2.200473845005035400e-01
2.195687741041183472e-01
2.190913408994674683e-01
2.186132371425628662e-01
2.181369662284851074e-01
2.176606506109237671e-01
2.171849310398101807e-01
2.167097479104995728e-01
2.162351906299591064e-01
2.157611995935440063e-01
2.152877748012542725e-01
2.148149460554122925e-01
2.143426984548568726e-01
2.138716578483581543e-01
2.133999615907669067e-01
2.129300981760025024e-01
2.124601900577545166e-01
2.119908779859542847e-01
2.115221470594406128e-01
2.110540121793746948e-01
2.105864584445953369e-01
2.101201266050338745e-01
2.096531391143798828e-01
2.091873586177825928e-01
2.087228000164031982e-01
2.082576006650924683e-01
2.077942192554473877e-01
2.073308229446411133e-01
2.068680077791213989e-01
2.063647955656051636e-01
2.058230042457580566e-01
2.052811235189437866e-01
2.047397941350936890e-01
2.041996270418167114e-01
2.036593705415725708e-01
2.031203061342239380e-01
2.025811672210693359e-01
2.020425647497177124e-01
2.015051543712615967e-01
2.009676843881607056e-01
2.004313915967941284e-01
1.998956203460693359e-01
1.993598192930221558e-01
1.988252103328704834e-01
1.982905566692352295e-01
1.977570950984954834e-01
1.972235739231109619e-01
1.966906189918518066e-01
1.961588710546493530e-01
1.956270784139633179e-01
1.950965076684951782e-01
1.945658624172210693e-01
1.940358132123947144e-01
1.935069859027862549e-01
1.929780989885330200e-01
1.924504488706588745e-01
1.919227540493011475e-01
1.913956403732299805e-01
1.908703297376632690e-01
1.903444081544876099e-01
1.898197233676910400e-01
1.892950087785720825e-01
1.887715309858322144e-01
1.882480084896087646e-01
1.877250969409942627e-01
1.872034370899200439e-01
1.866817474365234375e-01
1.861613094806671143e-01
1.856408268213272095e-01
1.851209700107574463e-01
1.846023648977279663e-01
1.840868890285491943e-01
1.835742890834808350e-01
1.830618083477020264e-01
1.825501024723052979e-01
1.820398420095443726e-01
1.815297156572341919e-01
1.810210198163986206e-01
1.805124431848526001e-01
1.800053268671035767e-01
1.794983297586441040e-01
1.789927780628204346e-01
1.784873604774475098e-01
1.779833734035491943e-01
1.774795353412628174e-01
1.769771277904510498e-01
1.764748543500900269e-01
1.759740412235260010e-01
1.754733473062515259e-01
1.749734580516815186e-01
1.744750142097473145e-01
1.739767044782638550e-01
1.734798401594161987e-01
1.729831248521804810e-01
1.724878400564193726e-01
1.719927042722702026e-01
1.714990288019180298e-01
1.710054874420166016e-01
1.705133914947509766e-01
1.700214445590972900e-01
1.695309430360794067e-01
1.690405905246734619e-01
1.685516834259033203e-01
1.680629253387451172e-01
1.675756126642227173e-01
1.670884490013122559e-01
1.666020900011062622e-01
1.661171764135360718e-01
1.656324118375778198e-01
1.651491075754165649e-01
1.646659374237060547e-01
1.641842275857925415e-01
1.637026667594909668e-01
1.632225662469863892e-01
1.627421379089355469e-01
1.622626185417175293e-01
1.617837846279144287e-01
1.613052636384963989e-01
1.608283817768096924e-01
1.603519916534423828e-01
1.598763912916183472e-01
1.594024151563644409e-01
1.589287519454956055e-01
1.584562659263610840e-01
1.579851955175399780e-01
1.575144529342651367e-01
1.570448577404022217e-01
1.565760374069213867e-01
1.561088562011718750e-01
1.556426286697387695e-01
1.551762521266937256e-01
1.547119468450546265e-01
1.542486101388931274e-01
1.537855714559555054e-01
1.533237099647521973e-01
1.528625935316085815e-01
1.524031013250350952e-01
1.519445627927780151e-01
1.514858901500701904e-01
1.510292589664459229e-01
1.505729407072067261e-01
1.501182168722152710e-01
1.496640294790267944e-01
1.492105573415756226e-01
1.487587094306945801e-01
1.483071446418762207e-01
1.478567719459533691e-01
1.474077552556991577e-01
1.469590514898300171e-01
1.465119421482086182e-01
1.460653543472290039e-01
1.456194818019866943e-01
1.451752036809921265e-01
1.447312235832214355e-01
1.442884206771850586e-01
1.438469737768173218e-01
1.434058099985122681e-01
1.429662406444549561e-01
1.425265371799468994e-01
1.420888453722000122e-01
1.416520923376083374e-01
1.412174254655838013e-01
1.408077031373977661e-01
1.403985470533370972e-01
1.399914324283599854e-01
1.395842134952545166e-01
1.391790360212326050e-01
1.387741565704345703e-01
1.383705139160156250e-01
1.379675567150115967e-01
1.375651806592941284e-01
1.371648162603378296e-01
1.367647498846054077e-01
1.363658905029296875e-01
1.359677314758300781e-01
1.355707943439483643e-01
1.351745426654815674e-01
1.347788572311401367e-01
1.343851387500762939e-01
1.339917331933975220e-01
1.335995197296142578e-01
1.332079917192459106e-01
1.328170299530029297e-01
1.324280202388763428e-01
1.320392936468124390e-01
1.316517889499664307e-01
1.312649399042129517e-01
1.308792829513549805e-01
1.304942965507507324e-01
1.301102191209793091e-01
1.297273635864257812e-01
1.293451339006423950e-01
1.289641261100769043e-01
1.285837441682815552e-01
1.282049119472503662e-01
1.278260052204132080e-01
1.274483799934387207e-01
1.270719319581985474e-01
1.266961246728897095e-01
1.263218671083450317e-01
1.259475052356719971e-01
1.255744099617004395e-01
1.252025067806243896e-01
1.248312219977378845e-01
1.244611218571662903e-01
1.240916252136230469e-01
1.237236633896827698e-01
1.233556121587753296e-01
1.229887977242469788e-01
1.226231604814529419e-01
1.222581267356872559e-01
1.219533309340476990e-01
1.216591894626617432e-01
1.213654205203056335e-01
1.210720613598823547e-01
1.207800433039665222e-01
1.204887181520462036e-01
1.201974600553512573e-01
1.199072003364562988e-01
1.196179687976837158e-01
1.193288043141365051e-01
1.190409585833549500e-01
1.187537983059883118e-01
1.184663772583007812e-01
1.181805953383445740e-01
1.178948730230331421e-01
1.176104620099067688e-01
1.173267364501953125e-01
1.170427352190017700e-01
1.167603656649589539e-01
1.164786666631698608e-01
1.161970272660255432e-01
1.159166768193244934e-01
1.156366840004920959e-01
1.153570562601089478e-01
1.150787174701690674e-01
1.148010492324829102e-01
1.145231127738952637e-01
1.142467707395553589e-01
1.139704659581184387e-01
1.136954501271247864e-01
1.134210824966430664e-01
1.131464540958404541e-01
1.128733977675437927e-01
1.126010045409202576e-01
1.123286411166191101e-01
1.120575442910194397e-01
1.117867901921272278e-01
1.115163713693618774e-01
1.112472191452980042e-01
1.109787002205848694e-01
1.107102185487747192e-01
1.104426905512809753e-01
1.101754829287528992e-01
1.099095270037651062e-01
1.096442118287086487e-01
1.093789115548133850e-01
1.091145649552345276e-01
1.088511347770690918e-01
1.085877344012260437e-01
1.083255708217620850e-01
1.080640256404876709e-01
1.078022122383117676e-01
1.075493171811103821e-01
1.072987765073776245e-01
1.070485264062881470e-01
1.067997440695762634e-01
1.065506562590599060e-01
1.063024327158927917e-01
1.060547903180122375e-01
1.058080270886421204e-01
1.055615320801734924e-01
1.053153201937675476e-01
1.050699576735496521e-01
1.048257648944854736e-01
1.045812591910362244e-01
1.043376103043556213e-01
1.040948331356048584e-01
1.038523018360137939e-01
1.036103367805480957e-01
1.033686548471450806e-01
1.031283959746360779e-01
1.028881072998046875e-01
1.026480942964553833e-01
1.024095118045806885e-01
1.021706089377403259e-01
1.019325330853462219e-01
1.016950160264968872e-01
1.014583557844161987e-01
1.012219339609146118e-01
1.009857803583145142e-01
1.007510349154472351e-01
1.005162447690963745e-01
1.002817302942276001e-01
1.000480204820632935e-01
9.981517493724822998e-02
9.958254545927047729e-02
9.935045242309570312e-02
9.911921620368957520e-02
9.888819605112075806e-02
9.865744411945343018e-02
9.842748939990997314e-02
9.819864481687545776e-02
9.796948730945587158e-02
9.774111211299896240e-02
9.751301258802413940e-02
9.728627651929855347e-02
9.705948084592819214e-02
9.683295339345932007e-02
9.660777449607849121e-02
9.638254344463348389e-02
9.615758061408996582e-02
9.593338519334793091e-02
9.571003168821334839e-02
9.548686444759368896e-02
9.526421129703521729e-02
9.504239261150360107e-02
9.482076764106750488e-02
9.458944201469421387e-02
9.435009956359863281e-02
9.411131590604782104e-02
9.387253224849700928e-02
9.363462030887603760e-02
9.339751303195953369e-02
9.316096454858779907e-02
9.292440116405487061e-02
9.268895536661148071e-02
9.245382249355316162e-02
9.221892058849334717e-02
9.198512881994247437e-02
9.175188094377517700e-02
9.151862561702728271e-02
9.128646552562713623e-02
9.105461835861206055e-02
9.082355350255966187e-02
9.059246629476547241e-02
9.036248177289962769e-02
9.013303369283676147e-02
8.990332484245300293e-02
8.967494964599609375e-02
8.944711089134216309e-02
8.921924233436584473e-02
8.899246901273727417e-02
8.876621723175048828e-02
8.854027092456817627e-02
8.831452578306198120e-02
8.808986097574234009e-02
8.786572515964508057e-02
8.764155209064483643e-02
8.741823583841323853e-02
8.719566464424133301e-02
8.697360754013061523e-02
8.675152808427810669e-02
8.653050661087036133e-02
8.631000667810440063e-02
8.608925342559814453e-02
8.586978167295455933e-02
8.565082401037216187e-02
8.543182164430618286e-02
8.521388471126556396e-02
8.499623835086822510e-02
8.477930724620819092e-02
8.456234633922576904e-02
8.434643596410751343e-02
8.413102477788925171e-02
8.391556888818740845e-02
8.370094746351242065e-02
8.348704129457473755e-02
8.327309042215347290e-02
8.306017518043518066e-02
8.284775912761688232e-02
8.263562619686126709e-02
8.242365717887878418e-02
8.221272379159927368e-02
8.200227469205856323e-02
8.179178088903427124e-02
8.158231526613235474e-02
8.138466626405715942e-02
8.119056373834609985e-02
8.099690824747085571e-02
8.080369979143142700e-02
8.061094582080841064e-02
8.041863143444061279e-02
8.022676408290863037e-02
8.003534376621246338e-02
7.984436303377151489e-02
7.965382188558578491e-02
7.946351915597915649e-02
7.927386462688446045e-02
7.908464223146438599e-02
7.889585942029953003e-02
7.870750874280929565e-02
7.851959019899368286e-02
7.833211123943328857e-02
7.814506441354751587e-02
7.795844972133636475e-02
7.777225971221923828e-02
7.758630812168121338e-02
7.740098237991333008e-02
7.721608132123947144e-02
7.703160494565963745e-02
7.684755325317382812e-02
7.666392624378204346e-02
7.648072391748428345e-02
7.629793882369995117e-02
7.611557841300964355e-02
7.593363523483276367e-02
7.575210928916931152e-02
7.557080686092376709e-02
7.539011538028717041e-02
7.520984113216400146e-02
7.502997666597366333e-02
7.485052943229675293e-02
7.467149198055267334e-02
7.449286431074142456e-02
7.431464642286300659e-02
7.413683831691741943e-02
7.395892590284347534e-02
7.378175109624862671e-02
7.360516488552093506e-02
7.342898100614547729e-02
7.325320690870285034e-02
7.307782769203186035e-02
7.290285080671310425e-02
7.272827625274658203e-02
7.255410403013229370e-02
7.238032668828964233e-02
7.220694422721862793e-02
7.203378528356552124e-02
7.186120003461837769e-02
7.168900221586227417e-02
7.151720672845840454e-02
7.134579867124557495e-02
7.117477804422378540e-02
7.100415229797363281e-02
7.083392143249511719e-02
7.066407054662704468e-02
7.049460709095001221e-02
7.032553851604461670e-02
7.015743106603622437e-02
6.999173760414123535e-02
6.982627511024475098e-02
6.966140121221542358e-02
6.949692964553833008e-02
6.933286041021347046e-02
6.916920095682144165e-02
6.900594383478164673e-02
6.884291768074035645e-02
6.868046522140502930e-02
6.851841509342193604e-02
6.835675984621047974e-02
6.819550693035125732e-02
6.803464144468307495e-02
6.787401437759399414e-02
6.771394610404968262e-02
6.755427271127700806e-02
6.739498674869537354e-02
6.723609566688537598e-02
6.707759201526641846e-02
6.691931933164596558e-02
6.676159799098968506e-02
6.660425662994384766e-02
6.644730269908905029e-02
6.629073619842529297e-02
6.613454967737197876e-02
6.597859412431716919e-02
6.582316756248474121e-02
6.566812843084335327e-02
6.551346927881240845e-02
6.535918265581130981e-02
6.520527601242065430e-02
6.505159288644790649e-02
6.489843130111694336e-02
6.474517285823822021e-02
6.459276378154754639e-02
6.444072723388671875e-02
6.428905576467514038e-02
6.413760781288146973e-02
6.398668140172958374e-02
6.383611261844635010e-02
6.368592381477355957e-02
6.353609263896942139e-02
6.338662654161453247e-02
6.323736906051635742e-02
6.308863312005996704e-02
6.294025480747222900e-02
6.279223412275314331e-02
6.264457106590270996e-02
6.249726936221122742e-02
6.235018000006675720e-02
6.220358982682228088e-02
6.205735728144645691e-02
6.191147491335868835e-02
6.176595017313957214e-02
6.162077561020851135e-02
6.147595122456550598e-02
6.133133545517921448e-02
6.118721142411231995e-02
6.104343384504318237e-02
6.090000644326210022e-02
6.075692176818847656e-02
6.061418354511260986e-02
6.047165021300315857e-02
6.032959744334220886e-02
6.018789112567901611e-02
6.004652380943298340e-02
5.992353335022926331e-02
5.980977788567543030e-02
5.969643220305442810e-02
5.958276242017745972e-02
5.946982279419898987e-02
5.935728922486305237e-02
5.924488976597785950e-02
5.913289263844490051e-02
5.902102962136268616e-02
5.890943109989166260e-02
5.879823490977287292e-02
5.868716910481452942e-02
5.857650563120841980e-02
5.846596881747245789e-02
5.835524573922157288e-02
5.824536830186843872e-02
5.813561752438545227e-02
5.802626535296440125e-02
5.791703611612319946e-02
5.780806764960289001e-02
5.769948661327362061e-02
5.759103596210479736e-02
5.748297274112701416e-02
5.737503245472908020e-02
5.726703628897666931e-02
5.715960636734962463e-02
5.705242976546287537e-02
5.694564059376716614e-02
5.683897063136100769e-02
5.673268064856529236e-02
5.662651360034942627e-02
5.652059987187385559e-02
5.641505867242813110e-02
5.630964413285255432e-02
5.620416253805160522e-02
5.609923973679542542e-02
5.599456280469894409e-02
5.589026212692260742e-02
5.578607693314552307e-02
5.568226426839828491e-02
5.557856708765029907e-02
5.547523871064186096e-02
5.537202954292297363e-02
5.526905879378318787e-02
5.516602471470832825e-02
5.506353452801704407e-02
5.496140941977500916e-02
5.485939979553222656e-02
5.475762858986854553e-02
5.465621873736381531e-02
5.455492064356803894e-02
5.445398390293121338e-02
5.435315892100334167e-02
5.425256490707397461e-02
5.415190383791923523e-02
5.405177921056747437e-02
5.395201221108436584e-02
5.385235324501991272e-02
5.375292524695396423e-02
5.365384742617607117e-02
5.355488136410713196e-02
5.345626175403594971e-02
5.335775390267372131e-02
5.325959250330924988e-02
5.316111817955970764e-02
5.306328833103179932e-02
5.296580865979194641e-02
5.286843329668045044e-02
5.277139693498611450e-02
5.267447233200073242e-02
5.257776752114295959e-02
5.249389633536338806e-02
5.242814868688583374e-02
5.236265063285827637e-02
5.229717120528221130e-02
5.223223939538002014e-02
5.216702446341514587e-02
5.210194364190101624e-02
5.203699320554733276e-02
5.197217687964439392e-02
5.190790072083473206e-02
5.184334516525268555e-02
5.177892372012138367e-02
5.171462893486022949e-02
5.165046453475952148e-02
5.158684030175209045e-02
5.152293667197227478e-02
5.145915970206260681e-02
5.139551311731338501e-02
5.133199691772460938e-02
5.126901343464851379e-02
5.120575055480003357e-02
5.114261433482170105e-02
5.107960477471351624e-02
5.101672187447547913e-02
5.095437169075012207e-02
5.089174211025238037e-02
5.082923546433448792e-02
5.076685920357704163e-02
5.070460587739944458e-02
5.064287409186363220e-02
5.058097839355468750e-02
5.051909759640693665e-02
5.045733973383903503e-02
5.039570480585098267e-02
5.033419281244277954e-02
5.027320235967636108e-02
5.021193623542785645e-02
5.015078932046890259e-02
5.008976534008979797e-02
5.002886429429054260e-02
4.996847733855247498e-02
4.990781471133232117e-02
4.984727501869201660e-02
4.978685453534126282e-02
4.972655326128005981e-02
4.966676235198974609e-02
4.960669949650764465e-02
4.954675585031509399e-02
4.948692768812179565e-02
4.942722246050834656e-02
4.936802014708518982e-02
4.930854588747024536e-02
4.924919083714485168e-02
4.918995127081871033e-02
4.913083091378211975e-02
4.907220974564552307e-02
4.901332035660743713e-02
4.895454272627830505e-02
4.889598861336708069e-02
4.883744567632675171e-02
4.877939820289611816e-02
4.872108250856399536e-02
4.866287857294082642e-02
4.860479012131690979e-02
4.854681715369224548e-02
4.848933592438697815e-02
4.843158647418022156e-02
4.837394878268241882e-02
4.831642657518386841e-02
4.825901240110397339e-02
4.820208996534347534e-02
4.814490303397178650e-02
4.808782413601875305e-02
4.803085327148437500e-02
4.797399789094924927e-02
4.791762679815292358e-02
4.786156862974166870e-02
4.781222343444824219e-02
4.776323959231376648e-02
4.771396890282630920e-02
4.766516014933586121e-02
4.761606454849243164e-02
4.756742715835571289e-02
4.751887917518615723e-02
4.747004061937332153e-02
4.742166027426719666e-02
4.737299680709838867e-02
4.732478782534599304e-02
4.727666452527046204e-02
4.722825810313224792e-02
4.718030244112014771e-02
4.713206365704536438e-02
4.708427935838699341e-02
4.703658074140548706e-02
4.698859527707099915e-02
4.694106057286262512e-02
4.689324274659156799e-02
4.684587568044662476e-02
4.679832234978675842e-02
4.675112292170524597e-02
4.670400172472000122e-02
4.665660113096237183e-02
4.660964757204055786e-02
4.656241089105606079e-02
4.651562124490737915e-02
4.646891355514526367e-02
4.642192274332046509e-02
4.637537524104118347e-02
4.632854834198951721e-02
4.628216475248336792e-02
4.623550176620483398e-02
4.618927836418151855e-02
4.614313319325447083e-02
4.609671235084533691e-02
4.605072736740112305e-02
4.600446671247482300e-02
4.595864191651344299e-02
4.591289907693862915e-02
4.586696997284889221e-02
4.582138359546661377e-02
4.577551782131195068e-02
4.573008790612220764e-02
4.568438231945037842e-02
4.563910886645317078e-02
4.559391364455223083e-02
4.554843902587890625e-02
4.550340026617050171e-02
4.545808583498001099e-02
4.541319981217384338e-02
4.536839202046394348e-02
4.532330855727195740e-02
4.527865350246429443e-02
4.523372277617454529e-02
4.518922045826911926e-02
4.514479637145996094e-02
4.510009661316871643e-02
4.505582153797149658e-02
4.501127451658248901e-02
4.496715217828750610e-02
4.492284730076789856e-02
4.487887397408485413e-02
4.483497515320777893e-02
4.479080811142921448e-02
4.474705830216407776e-02
4.470303654670715332e-02
4.465943574905395508e-02
4.461590945720672607e-02
4.457211494445800781e-02
4.452873393893241882e-02
4.448508471250534058e-02
4.444185271859169006e-02
4.439835250377655029e-02
4.435526579618453979e-02
4.431225359439849854e-02
4.426896944642066956e-02
4.422610253095626831e-02
4.418296739459037781e-02
4.414024204015731812e-02
4.409878700971603394e-02
4.407237470149993896e-02
4.404599592089653015e-02
4.401956126093864441e-02
4.399358108639717102e-02
4.396729543805122375e-02
4.394103959202766418e-02
4.391472786664962769e-02
4.388887062668800354e-02
4.386270791292190552e-02
4.383657500147819519e-02
4.381072148680686951e-02
4.378465190529823303e-02
4.375861212611198425e-02
4.373260214924812317e-02
4.370695725083351135e-02
4.368092119693756104e-02
4.365500062704086304e-02
4.362944513559341431e-02
4.360358789563179016e-02
4.357767477631568909e-02
4.355187714099884033e-02
4.352644085884094238e-02
4.350070282816886902e-02
4.347499459981918335e-02
4.344923049211502075e-02
4.342391341924667358e-02
4.339829459786415100e-02
4.337270557880401611e-02
4.334738850593566895e-02
4.332185909152030945e-02
4.329635947942733765e-02
4.327088966965675354e-02
4.324577748775482178e-02
4.322028160095214844e-02
4.319490119814872742e-02
4.316954687237739563e-02
4.314455017447471619e-02
4.311917349696159363e-02
4.309390857815742493e-02
4.306899756193161011e-02
4.304378852248191833e-02
4.301853105425834656e-02
4.299338161945343018e-02
4.296858608722686768e-02
4.294349253177642822e-02
4.291843250393867493e-02
4.289331659674644470e-02
4.286863282322883606e-02
4.284365847706794739e-02
4.281871393322944641e-02
4.279403015971183777e-02
4.276914149522781372e-02
4.274428263306617737e-02
4.271944984793663025e-02
4.269496351480484009e-02
4.267010465264320374e-02
4.264535754919052124e-02
4.262095689773559570e-02
4.259626567363739014e-02
4.257152229547500610e-02
4.254688695073127747e-02
4.252259805798530579e-02
4.249801859259605408e-02
4.247338697314262390e-02
4.244886338710784912e-02
4.242468625307083130e-02
4.240021854639053345e-02
4.237578064203262329e-02
4.235159978270530701e-02
4.232721775770187378e-02
4.230286180973052979e-02
4.227853566408157349e-02
4.225446283817291260e-02
4.223019257187843323e-02
4.220594465732574463e-02
4.218172654509544373e-02
4.215784743428230286e-02
4.213360324501991272e-02
4.210946708917617798e-02
4.208566620945930481e-02
4.206158593297004700e-02
4.203745350241661072e-02
4.201342537999153137e-02
4.198973253369331360e-02
4.196576029062271118e-02
4.194181412458419800e-02
4.191781580448150635e-02
4.189422726631164551e-02
4.187981039285659790e-02
4.186825826764106750e-02
4.185640439391136169e-02
4.184477403759956360e-02
4.183322563767433167e-02
4.182167723774909973e-02
4.181012883782386780e-02
4.179850220680236816e-02
4.178695753216743469e-02
4.177510738372802734e-02
4.176356270909309387e-02
4.175193607807159424e-02
4.174039512872695923e-02
4.172885045409202576e-02
4.171730577945709229e-02
4.170568659901618958e-02
4.169384390115737915e-02
4.168230295181274414e-02
4.167076200246810913e-02
4.165922477841377258e-02
4.164760559797286987e-02
4.163606837391853333e-02
4.162453114986419678e-02
4.161269962787628174e-02
4.160108417272567749e-02
4.158955067396163940e-02
4.157801717519760132e-02
4.156648367643356323e-02
4.155487567186355591e-02
4.154334217309951782e-02
4.153151810169219971e-02
4.151998832821846008e-02
4.150838404893875122e-02
4.149685800075531006e-02
4.148533195257186890e-02
4.147380590438842773e-02
4.146220535039901733e-02
4.145038872957229614e-02
4.143887013196945190e-02
4.142734780907630920e-02
4.141575098037719727e-02
4.140423238277435303e-02
4.139271751046180725e-02
4.138090834021568298e-02
4.136931896209716797e-02
4.135780408978462219e-02
4.134629294276237488e-02
4.133478179574012756e-02
4.132319614291191101e-02
4.131168872117996216e-02
4.129989072680473328e-02
4.128838330507278442e-02
4.127680510282516479e-02
4.126530140638351440e-02
4.125379770994186401e-02
4.124229773879051208e-02
4.123072326183319092e-02
4.121893644332885742e-02
4.120744019746780396e-02
4.119594767689704895e-02
4.118437692523002625e-02
4.117288440465927124e-02
4.116139560937881470e-02
4.114990681409835815e-02
4.113805666565895081e-02
4.112657159566879272e-02
4.111508652567863464e-02
4.110360518097877502e-02
4.109212011098861694e-02
4.108056426048278809e-02
4.106908664107322693e-02
4.105732962489128113e-02
4.104585200548171997e-02
4.103430360555648804e-02
4.102283343672752380e-02
4.101135954260826111e-02
4.099989309906959534e-02
4.098834842443466187e-02
4.097660258412361145e-02
4.096513986587524414e-02
4.095367714762687683e-02
4.094214364886283875e-02
4.093068465590476990e-02
4.091922938823699951e-02
4.090777412056922913e-02
4.089596495032310486e-02
4.088451340794563293e-02
4.087306559085845947e-02
4.086161777377128601e-02
4.085009545087814331e-02
4.083865135908126831e-02
4.082721099257469177e-02
4.081549122929573059e-02
4.080398008227348328e-02
4.079254344105720520e-02
4.078337922692298889e-02
4.077781736850738525e-02
4.077196866273880005e-02
4.076645523309707642e-02
4.076058045029640198e-02
4.075496643781661987e-02
4.074906930327415466e-02
4.074350744485855103e-02
4.073758423328399658e-02
4.073192179203033447e-02
4.072604700922966003e-02
4.072036221623420715e-02
4.071439430117607117e-02
4.070868343114852905e-02
4.070276394486427307e-02
4.069703072309494019e-02
4.069101437926292419e-02
4.068525508046150208e-02
4.067929089069366455e-02
4.067350924015045166e-02
4.066744446754455566e-02
4.066171497106552124e-02
4.065563157200813293e-02
4.064980149269104004e-02
4.064369574189186096e-02
4.063791781663894653e-02
4.063178971409797668e-02
4.062591493129730225e-02
4.061983525753021240e-02
4.061394184827804565e-02
4.060776904225349426e-02
4.060184955596923828e-02
4.059572890400886536e-02
4.058978706598281860e-02
4.058356955647468567e-02
4.057767987251281738e-02
4.057144373655319214e-02
4.056546092033386230e-02
4.055920243263244629e-02
4.055326804518699646e-02
4.054698720574378967e-02
4.054095968604087830e-02
4.053466022014617920e-02
4.052868485450744629e-02
4.052236303687095642e-02
4.051629453897476196e-02
4.051002487540245056e-02
4.050393402576446533e-02
4.049757495522499084e-02
4.049146175384521484e-02
4.048515483736991882e-02
4.047902300953865051e-02
4.047261923551559448e-02
4.046653956174850464e-02
4.046012088656425476e-02
4.045394808053970337e-02
4.044750705361366272e-02
4.044138640165328979e-02
4.043492674827575684e-02
4.042871668934822083e-02
4.042230546474456787e-02
4.041607677936553955e-02
4.040957614779472351e-02
4.040332511067390442e-02
4.039688035845756531e-02
4.039061069488525391e-02
4.038407653570175171e-02
4.037778452038764954e-02
4.037130251526832581e-02
4.036499559879302979e-02
4.035842046141624451e-02
4.035216569900512695e-02
4.034557566046714783e-02
4.033922776579856873e-02
4.033261910080909729e-02
4.032632708549499512e-02
4.031969979405403137e-02
4.031331837177276611e-02
4.030674323439598083e-02
4.030034318566322327e-02
4.029367864131927490e-02
4.028725996613502502e-02
4.028065130114555359e-02
4.027421399950981140e-02
4.026751965284347534e-02
4.026113450527191162e-02
4.025442153215408325e-02
4.024795070290565491e-02
4.024121910333633423e-02
4.023480042815208435e-02
4.022805020213127136e-02
4.022154584527015686e-02
4.021478071808815002e-02
4.020832851529121399e-02
4.020154848694801331e-02
4.019500687718391418e-02
4.018827900290489197e-02
4.018172249197959900e-02
4.017490893602371216e-02
4.016833379864692688e-02
4.016157612204551697e-02
4.015498608350753784e-02
4.014813899993896484e-02
4.014229029417037964e-02
4.014428332448005676e-02
4.014651104807853699e-02
4.014847055077552795e-02
4.015059396624565125e-02
4.015276953577995300e-02
4.015468060970306396e-02
4.015682265162467957e-02
4.015863314270973206e-02
4.016074165701866150e-02
4.016258567571640015e-02
4.016466066241264343e-02
4.016671702265739441e-02
4.016844555735588074e-02
4.017047211527824402e-02
4.017223790287971497e-02
4.017422720789909363e-02
4.017589241266250610e-02
4.017785191535949707e-02
4.017979279160499573e-02
4.018147662281990051e-02
4.018332064151763916e-02
4.018497094511985779e-02
4.018684849143028259e-02
4.018847271800041199e-02
4.019024968147277832e-02
4.019207879900932312e-02
4.019365087151527405e-02
4.019545018672943115e-02
4.019698873162269592e-02
4.019868746399879456e-02
4.020019993185997009e-02
4.020193219184875488e-02
4.020364955067634583e-02
4.020504653453826904e-02
4.020673409104347229e-02
4.020816460251808167e-02
4.020982235670089722e-02
4.021115601062774658e-02
4.021278023719787598e-02
4.021438956260681152e-02
4.021574556827545166e-02
4.021725431084632874e-02
4.021858051419258118e-02
4.022012650966644287e-02
4.022142291069030762e-02
4.022293910384178162e-02
4.022437334060668945e-02
4.022562131285667419e-02
4.022709280252456665e-02
4.022831469774246216e-02
4.022968560457229614e-02
4.023087769746780396e-02
4.023228585720062256e-02
4.023368284106254578e-02
4.023475944995880127e-02
4.023612663149833679e-02
4.023724049329757690e-02
4.023857787251472473e-02
4.023959487676620483e-02
4.024090245366096497e-02
4.024219512939453125e-02
4.024323448538780212e-02
4.024449735879898071e-02
4.024544358253479004e-02
4.024667665362358093e-02
4.024766013026237488e-02
4.024886339902877808e-02
4.024975374341011047e-02
4.025092720985412598e-02
4.025208577513694763e-02
4.025300219655036926e-02
4.025406390428543091e-02
4.025495052337646484e-02
4.025604948401451111e-02
4.025690630078315735e-02
4.025791585445404053e-02
4.025897383689880371e-02
4.025978595018386841e-02
4.026081785559654236e-02
4.026160389184951782e-02
4.026253893971443176e-02
4.026329889893531799e-02
4.026427492499351501e-02
4.026523232460021973e-02
4.026588425040245056e-02
4.026681557297706604e-02
4.026750475168228149e-02
4.026840999722480774e-02
4.026900604367256165e-02
4.026988148689270020e-02
4.027074575424194336e-02
4.027136787772178650e-02
4.027213528752326965e-02
4.027272760868072510e-02
4.027353599667549133e-02
4.027410596609115601e-02
4.027481749653816223e-02
4.027558490633964539e-02
4.027611389756202698e-02
4.027685150504112244e-02
4.027735441923141479e-02
4.027799889445304871e-02
4.027847573161125183e-02
4.027916118502616882e-02
4.027983173727989197e-02
4.028020054101943970e-02
4.028084874153137207e-02
4.028125479817390442e-02
4.028187692165374756e-02
4.028219357132911682e-02
4.028278589248657227e-02
4.028336703777313232e-02
4.028091952204704285e-02
4.027765244245529175e-02
4.027431085705757141e-02
4.027103260159492493e-02
4.026774689555168152e-02
4.026445746421813965e-02
4.026116430759429932e-02
4.025808349251747131e-02
4.025477916002273560e-02
4.025140032172203064e-02
4.024808481335639954e-02
4.024476185441017151e-02
4.024143517017364502e-02
4.023810103535652161e-02
4.023476317524909973e-02
4.023141786456108093e-02
4.022829234600067139e-02
4.022487252950668335e-02
4.022151231765747070e-02
4.021814465522766113e-02
4.021477699279785156e-02
4.021140187978744507e-02
4.020801931619644165e-02
4.020463302731513977e-02
4.020124301314353943e-02
4.019800201058387756e-02
4.019460082054138184e-02
4.019119217991828918e-02
4.018777981400489807e-02
4.018436372280120850e-02
4.018094018101692200e-02
4.017751291394233704e-02
4.017408192157745361e-02
4.017079994082450867e-02
4.016735777258872986e-02
4.016390815377235413e-02
4.016045480966567993e-02
4.015699774026870728e-02
4.015353694558143616e-02
4.015006870031356812e-02
4.014652967453002930e-02
4.014305397868156433e-02
4.013978689908981323e-02
4.013630002737045288e-02
4.013280943036079407e-02
4.012931138277053833e-02
4.012580960988998413e-02
4.012230038642883301e-02
4.011872410774230957e-02
4.011520743370056152e-02
4.011168703436851501e-02
4.010837525129318237e-02
4.010484367609024048e-02
4.010130837559700012e-02
4.009776562452316284e-02
4.009421914815902710e-02
4.009060561656951904e-02
4.008705168962478638e-02
4.008349031209945679e-02
4.007992520928382874e-02
4.007656872272491455e-02
4.007299616932868958e-02
4.006941616535186768e-02
4.006576910614967346e-02
4.006217792630195618e-02
4.005858674645423889e-02
4.005498811602592468e-02
4.005138576030731201e-02
4.004799202084541321e-02
4.004437848925590515e-02
4.004076495766639709e-02
4.003707692027091980e-02
4.003345221281051636e-02
4.002982378005981445e-02
4.002618789672851562e-02
4.002254828810691833e-02
4.001890495419502258e-02
4.001547023653984070e-02
4.001181572675704956e-02
4.000809416174888611e-02
4.000443220138549805e-02
4.000076651573181152e-02
3.999709710478782654e-02
3.999342024326324463e-02
3.998973965644836426e-02
3.998605534434318542e-02
3.998251631855964661e-02
3.997882083058357239e-02
3.997512534260749817e-02
3.997142240405082703e-02
3.996771574020385742e-02
3.996400535106658936e-02
3.996029123663902283e-02
3.995657339692115784e-02
3.995278477668762207e-02
3.994926810264587402e-02
3.994553536176681519e-02
3.994179889559745789e-02
3.993805870413780212e-02
3.993431106209754944e-02
3.993056342005729675e-02
3.992680832743644714e-02
3.992298990488052368e-02
3.991922736167907715e-02
3.991566970944404602e-02
3.991189971566200256e-02
3.990812227129936218e-02
3.990434482693672180e-02
3.990056365728378296e-02
3.989671170711517334e-02
3.989291936159133911e-02
3.988912701606750488e-02
3.988553211092948914e-02
3.988172858953475952e-02
3.987792134284973145e-02
3.987411037087440491e-02
3.987029194831848145e-02
3.986641019582748413e-02
3.986258804798126221e-02
3.985875844955444336e-02
3.985492512583732605e-02
3.985129669308662415e-02
3.984617069363594055e-02
3.983822092413902283e-02
3.983000665903091431e-02
3.982199728488922119e-02
3.981384634971618652e-02
3.980584442615509033e-02
3.979763761162757874e-02
3.978970274329185486e-02
3.978149965405464172e-02
3.977350518107414246e-02
3.976537287235260010e-02
3.975738212466239929e-02
3.974939510226249695e-02
3.974127024412155151e-02
3.973328694701194763e-02
3.972510248422622681e-02
3.971718624234199524e-02
3.970900923013687134e-02
3.970103710889816284e-02
3.969292342662811279e-02
3.968495503067970276e-02
3.967678919434547424e-02
3.966888785362243652e-02
3.966072201728820801e-02
3.965282440185546875e-02
3.964466601610183716e-02
3.963671252131462097e-02
3.962862119078636169e-02
3.962067142128944397e-02
3.961272537708282471e-02
3.960464149713516235e-02
3.959669917821884155e-02
3.958855941891670227e-02
3.958068415522575378e-02
3.957254812121391296e-02
3.956461325287818909e-02
3.955654427409172058e-02
3.954861685633659363e-02
3.954049199819564819e-02
3.953262791037559509e-02
3.952450677752494812e-02
3.951659053564071655e-02
3.950853645801544189e-02
3.950062021613121033e-02
3.949271142482757568e-02
3.948466107249259949e-02
3.947675600647926331e-02
3.946865350008010864e-02
3.946081176400184631e-02
3.945271298289299011e-02
3.944481536746025085e-02
3.943678364157676697e-02
3.942889347672462463e-02
3.942080214619636536e-02
3.941297531127929688e-02
3.940489515662193298e-02
3.939701244235038757e-02
3.938899189233779907e-02
3.938111662864685059e-02
3.937324136495590210e-02
3.936522826552391052e-02
3.935736045241355896e-02
3.934929147362709045e-02
3.934148699045181274e-02
3.933342546224594116e-02
3.932556509971618652e-02
3.931757062673568726e-02
3.930971398949623108e-02
3.930165991187095642e-02
3.929387032985687256e-02
3.928582370281219482e-02
3.927797824144363403e-02
3.926999494433403015e-02
3.926215320825576782e-02
3.925431519746780396e-02
3.924633935093879700e-02
3.923850506544113159e-02
3.923047706484794617e-02
3.922270610928535461e-02
3.921468183398246765e-02
3.920685872435569763e-02
3.919889777898788452e-02
3.919107839465141296e-02
3.918306529521942139e-02
3.917530924081802368e-02
3.916729986667633057e-02
3.915948793292045593e-02
3.915154561400413513e-02
3.914373740553855896e-02
3.913579881191253662e-02
3.912799805402755737e-02
3.912019729614257812e-02
3.911226615309715271e-02
3.910447284579277039e-02
3.909648582339286804e-02
3.908875584602355957e-02
3.908077254891395569e-02
3.907299041748046875e-02
3.906507045030593872e-02
3.905729204416275024e-02
3.904931992292404175e-02
3.904160484671592712e-02
3.903363645076751709e-02
3.902586549520492554e-02
3.901796415448188782e-02
3.901020064949989319e-02
3.900243341922760010e-02
3.899453952908515930e-02
3.898677974939346313e-02
3.897883370518684387e-02
3.897113725543022156e-02
3.896319493651390076e-02
3.895544260740280151e-02
3.894756361842155457e-02
3.893981873989105225e-02
3.893188387155532837e-02
3.892420232295989990e-02
3.891627490520477295e-02
3.890854120254516602e-02
3.890067338943481445e-02
3.889294341206550598e-02
3.888521715998649597e-02
3.887735679745674133e-02
3.886963427066802979e-02
3.886172175407409668e-02
3.885406255722045898e-02
3.884615749120712280e-02
3.883844241499900818e-02
3.883060067892074585e-02
3.882288932800292969e-02
3.881499171257019043e-02
3.880734741687774658e-02
3.879945725202560425e-02
3.879175707697868347e-02
3.878255933523178101e-02
3.876139968633651733e-02
3.874001652002334595e-02
3.871889412403106689e-02
3.869773447513580322e-02
3.867646306753158569e-02
3.865534067153930664e-02
3.863410651683807373e-02
3.861302137374877930e-02
3.859182447195053101e-02
3.857077285647392273e-02
3.854961320757865906e-02
3.852860257029533386e-02
3.850766643881797791e-02
3.848650306463241577e-02
3.846560418605804443e-02
3.844447806477546692e-02
3.842361271381378174e-02
3.840252384543418884e-02
3.838169947266578674e-02
3.836064413189888000e-02
3.833985701203346252e-02
3.831883892416954041e-02
3.829808533191680908e-02
3.827729448676109314e-02
3.825638815760612488e-02
3.823563084006309509e-02
3.821476548910140991e-02
3.819404169917106628e-02
3.817321360111236572e-02
3.815252706408500671e-02
3.813173249363899231e-02
3.811108320951461792e-02
3.809050843119621277e-02
3.806971013545989990e-02
3.804917261004447937e-02
3.802841156721115112e-02
3.800790756940841675e-02
3.798718005418777466e-02
3.796671330928802490e-02
3.794602304697036743e-02
3.792559355497360229e-02
3.790493682026863098e-02
3.788454085588455200e-02
3.786410763859748840e-02
3.784356266260147095e-02
3.782316297292709351e-02
