9.064793586730957031e-01
9.016508460044860840e-01
8.968273401260375977e-01
8.920267224311828613e-01
8.872198462486267090e-01
8.823683857917785645e-01
8.774965405464172363e-01
8.725824356079101562e-01
8.675923347473144531e-01
8.624830245971679688e-01
8.575733304023742676e-01
8.526840209960937500e-01
8.476024866104125977e-01
8.424007296562194824e-01
8.371168971061706543e-01
8.319696187973022461e-01
8.271606564521789551e-01
8.224250078201293945e-01
8.177967667579650879e-01
8.132985830307006836e-01
8.089403510093688965e-01
8.047469854354858398e-01
8.006896972656250000e-01
7.967575788497924805e-01
7.929355502128601074e-01
7.892760038375854492e-01
7.857932448387145996e-01
7.825721502304077148e-01
7.794401645660400391e-01
7.763844728469848633e-01
7.734002470970153809e-01
7.704828977584838867e-01
7.675626873970031738e-01
7.646386623382568359e-01
7.617598176002502441e-01
7.589349746704101562e-01
7.561569213867187500e-01
7.534561753273010254e-01
7.506526708602905273e-01
7.477741837501525879e-01
7.449327111244201660e-01
7.421281933784484863e-01
7.393575906753540039e-01
7.366211414337158203e-01
7.339136600494384766e-01
7.312321662902832031e-01
7.285827398300170898e-01
7.259646058082580566e-01
7.233722805976867676e-01
7.208341956138610840e-01
7.183067798614501953e-01
7.154710292816162109e-01
7.126556038856506348e-01
7.098665237426757812e-01
7.071020007133483887e-01
7.043631672859191895e-01
7.016527652740478516e-01
6.990228891372680664e-01
6.964761018753051758e-01
6.939539909362792969e-01
6.914566159248352051e-01
6.889873147010803223e-01
6.865581274032592773e-01
6.841521263122558594e-01
6.816793084144592285e-01
6.792028546333312988e-01
6.767473816871643066e-01
6.743141412734985352e-01
6.719025373458862305e-01
6.695083379745483398e-01
6.671402454376220703e-01
6.646986007690429688e-01
6.622444987297058105e-01
6.598089337348937988e-01
6.574024558067321777e-01
6.550243496894836426e-01
6.526708602905273438e-01
6.503380537033081055e-01
6.480287313461303711e-01
6.457443237304687500e-01
6.434788107872009277e-01
6.412296891212463379e-01
6.390038728713989258e-01
6.367959976196289062e-01
6.346065998077392578e-01
6.324360966682434082e-01
6.302895545959472656e-01
6.281579732894897461e-01
6.260513663291931152e-01
6.239675283432006836e-01
6.218955516815185547e-01
6.198394894599914551e-01
6.177998781204223633e-01
6.157289147377014160e-01
6.135151982307434082e-01
6.113130450248718262e-01
6.091245412826538086e-01
6.069514751434326172e-01
6.047875881195068359e-01
6.026346683502197266e-01
6.004946827888488770e-01
5.983963608741760254e-01
5.964894294738769531e-01
5.945905447006225586e-01
5.927003622055053711e-01
5.908145904541015625e-01
5.889365673065185547e-01
5.870615839958190918e-01
5.851954817771911621e-01
5.833315849304199219e-01
5.813275575637817383e-01
5.792919397354125977e-01
5.772651433944702148e-01
5.752435326576232910e-01
5.732319951057434082e-01
5.712273120880126953e-01
5.692399144172668457e-01
5.672672390937805176e-01
5.653274655342102051e-01
5.635006427764892578e-01
5.616984963417053223e-01
5.599173307418823242e-01
5.581638216972351074e-01
5.564390420913696289e-01
5.547491908073425293e-01
5.530915856361389160e-01
5.514693260192871094e-01
5.499011874198913574e-01
5.484575033187866211e-01
5.470563769340515137e-01
5.456948876380920410e-01
5.443785786628723145e-01
5.431048274040222168e-01
5.418730378150939941e-01
5.406820774078369141e-01
5.395299792289733887e-01
5.384185910224914551e-01
5.372133851051330566e-01
5.360133647918701172e-01
5.348511338233947754e-01
5.337235331535339355e-01
5.326301455497741699e-01
5.315707921981811523e-01
5.305423140525817871e-01
5.295447111129760742e-01
5.285763144493103027e-01
5.276468992233276367e-01
5.268493294715881348e-01
5.260780453681945801e-01
5.253334641456604004e-01
5.241524577140808105e-01
5.234778523445129395e-01
5.228265523910522461e-01
5.221967697143554688e-01
5.215895771980285645e-01
5.210036039352416992e-01
5.204373002052307129e-01
5.200559496879577637e-01
5.197010636329650879e-01
5.193656086921691895e-01
5.190492272377014160e-01
5.187523961067199707e-01
5.184731483459472656e-01
5.182117819786071777e-01
5.179684758186340332e-01
5.177432298660278320e-01
5.175352096557617188e-01
5.173808336257934570e-01
5.172938704490661621e-01
5.172237753868103027e-01
5.171707868576049805e-01
5.171347856521606445e-01
5.171161890029907227e-01
5.171140432357788086e-01
5.171285867691040039e-01
5.171598792076110840e-01
5.172083973884582520e-01
5.172727704048156738e-01
5.173466801643371582e-01
5.174285173416137695e-01
5.175265073776245117e-01
5.176393389701843262e-01
5.177690386772155762e-01
5.179134011268615723e-01
5.180744528770446777e-01
5.182502269744873047e-01
5.184425115585327148e-01
5.186493992805480957e-01
5.188726186752319336e-01
5.191113352775573730e-01
5.192628502845764160e-01
5.194260478019714355e-01
5.196014642715454102e-01
5.197936296463012695e-01
5.199977755546569824e-01
5.202171206474304199e-01
5.204482078552246094e-01
5.206943154335021973e-01
5.209534168243408203e-01
5.212273597717285156e-01
5.215141773223876953e-01
5.218157172203063965e-01
5.220457911491394043e-01
5.222867131233215332e-01
5.225406289100646973e-01
5.228085517883300781e-01
5.230902433395385742e-01
5.233831405639648438e-01
5.236895680427551270e-01
5.240077376365661621e-01
5.243384838104248047e-01
5.246817469596862793e-01
5.250363945960998535e-01
5.254025459289550781e-01
5.256761312484741211e-01
5.258346796035766602e-01
5.260086655616760254e-01
5.261955857276916504e-01
5.263937115669250488e-01
5.266078710556030273e-01
5.268343091011047363e-01
5.270738601684570312e-01
5.273236036300659180e-01
5.275887846946716309e-01
5.278674364089965820e-01
5.281556248664855957e-01
5.284588932991027832e-01
5.288589596748352051e-01
5.294251441955566406e-01
5.300069451332092285e-01
5.305977463722229004e-01
5.312013626098632812e-01
5.318136215209960938e-01
5.324413180351257324e-01
5.330775380134582520e-01
5.337291359901428223e-01
5.343890190124511719e-01
5.350642204284667969e-01
5.357477068901062012e-01
5.364465713500976562e-01
5.371536016464233398e-01
5.379200577735900879e-01
5.387221574783325195e-01
5.395397543907165527e-01
5.403666496276855469e-01
5.412098169326782227e-01
5.420656204223632812e-01
5.429406762123107910e-01
5.438373088836669922e-01
5.448396205902099609e-01
5.458207130432128906e-01
5.467455387115478516e-01
5.476750731468200684e-01
5.486068129539489746e-01
5.495460629463195801e-01
5.504854917526245117e-01
5.513839721679687500e-01
5.522958040237426758e-01
5.532127022743225098e-01
5.541431307792663574e-01
5.550786256790161133e-01
5.560240745544433594e-01
5.569826364517211914e-01
5.579460859298706055e-01
5.589231848716735840e-01
5.599051713943481445e-01
5.609007477760314941e-01
5.619010925292968750e-01
5.629072189331054688e-01
5.639261007308959961e-01
5.649539232254028320e-01
5.660371184349060059e-01
5.671263933181762695e-01
5.682234764099121094e-01
5.693339705467224121e-01
5.704490542411804199e-01
5.715785026550292969e-01
5.727113485336303711e-01
5.738575458526611328e-01
5.750083923339843750e-01
5.761727094650268555e-01
5.773409605026245117e-01
5.785217285156250000e-01
5.797079801559448242e-01
5.809059739112854004e-01
5.821084976196289062e-01
5.833347439765930176e-01
5.846059918403625488e-01
5.858888626098632812e-01
5.871806740760803223e-01
5.884752869606018066e-01
5.897827744483947754e-01
5.910931825637817383e-01
5.924169421195983887e-01
5.937477350234985352e-01
5.950826406478881836e-01
5.964290499687194824e-01
5.977794528007507324e-01
5.991410613059997559e-01
6.005108356475830078e-01
6.018842458724975586e-01
6.032692193984985352e-01
6.046578884124755859e-01
6.060909628868103027e-01
6.075682640075683594e-01
6.090493202209472656e-01
6.105413436889648438e-01
6.120358109474182129e-01
6.135384440422058105e-01
6.150478720664978027e-01
6.165640950202941895e-01
6.180882453918457031e-01
6.196135282516479492e-01
6.211510896682739258e-01
6.226958632469177246e-01
6.242481470108032227e-01
6.258064508438110352e-01
6.273716092109680176e-01
6.289392709732055664e-01
6.305183768272399902e-01
6.321036815643310547e-01
6.338796615600585938e-01
6.356968283653259277e-01
6.375197768211364746e-01
6.393421888351440430e-01
6.411751508712768555e-01
6.430127620697021484e-01
6.448558568954467773e-01
6.466982960700988770e-01
6.485458612442016602e-01
6.504029631614685059e-01
6.522591710090637207e-01
6.541196703910827637e-01
6.559838056564331055e-01
6.578524112701416016e-01
6.597248911857604980e-01
6.616072058677673340e-01
6.634868979454040527e-01
6.653700470924377441e-01
6.672476530075073242e-01
6.690979003906250000e-01
6.709517240524291992e-01
6.728064417839050293e-01
6.746692657470703125e-01
6.765277385711669922e-01
6.783883571624755859e-01
6.802499890327453613e-01
6.821128129959106445e-01
6.839771270751953125e-01
6.858419775962829590e-01
6.877080202102661133e-01
6.895682215690612793e-01
6.914350390434265137e-01
6.932957768440246582e-01
6.951633691787719727e-01
6.970296502113342285e-01
6.988896131515502930e-01
7.007552981376647949e-01
7.026137113571166992e-01
7.044821977615356445e-01
7.063469886779785156e-01
7.082151174545288086e-01
7.100746035575866699e-01
7.119370698928833008e-01
7.137905359268188477e-01
7.156465053558349609e-01
7.174930572509765625e-01
7.193419337272644043e-01
7.211869955062866211e-01
7.230221629142761230e-01
7.248590588569641113e-01
7.266857028007507324e-01
7.285078763961791992e-01
7.303255200386047363e-01
7.321377992630004883e-01
7.339457273483276367e-01
7.357486486434936523e-01
7.375465035438537598e-01
7.393390536308288574e-01
7.411260604858398438e-01
7.427808642387390137e-01
7.443768978118896484e-01
7.459676861763000488e-01
7.475524544715881348e-01
7.491317987442016602e-01
7.507051825523376465e-01
7.522728443145751953e-01
7.538346052169799805e-01
7.553904056549072266e-01
7.569400072097778320e-01
7.584837675094604492e-01
7.600212097167968750e-01
7.615528106689453125e-01
7.630779147148132324e-01
7.645969390869140625e-01
7.661036252975463867e-01
7.676101326942443848e-01
7.691042423248291016e-01
7.705979943275451660e-01
7.720793485641479492e-01
7.735602855682373047e-01
7.750290632247924805e-01
7.764007449150085449e-01
7.776984572410583496e-01
7.789946198463439941e-01
7.802791595458984375e-01
7.815575003623962402e-01
7.828351855278015137e-01
7.841003537178039551e-01
7.853659987449645996e-01
7.866186499595642090e-01
7.878711223602294922e-01
7.891118526458740234e-01
7.903520464897155762e-01
7.915802001953125000e-01
7.928081154823303223e-01
7.940240502357482910e-01
7.952389717102050781e-01
7.964432835578918457e-01
7.976404428482055664e-01
7.988326549530029297e-01
8.000177741050720215e-01
8.011973500251770020e-01
8.023710250854492188e-01
8.035387396812438965e-01
8.046763539314270020e-01
8.056415319442749023e-01
8.066083192825317383e-01
8.075658082962036133e-01
8.085194826126098633e-01
8.094692826271057129e-01
8.104152679443359375e-01
8.113570213317871094e-01
8.122954964637756348e-01
8.132302761077880859e-01
8.141612410545349121e-01
8.150885105133056641e-01
8.160119652748107910e-01
8.169319033622741699e-01
8.178480863571166992e-01
8.187605738639831543e-01
8.196688294410705566e-01
8.205740451812744141e-01
8.214756250381469727e-01
8.223680853843688965e-01
8.232623934745788574e-01
8.241530656814575195e-01
8.250342607498168945e-01
8.259178400039672852e-01
8.267977237701416016e-01
8.276773095130920410e-01
8.286157846450805664e-01
8.295511603355407715e-01
8.304780125617980957e-01
8.314070701599121094e-01
8.323329687118530273e-01
8.332504630088806152e-01
8.341700434684753418e-01
8.350812196731567383e-01
8.359944820404052734e-01
8.369045853614807129e-01
8.378063440322875977e-01
8.387097716331481934e-01
8.396104574203491211e-01
8.405027389526367188e-01
8.413972258567810059e-01
8.422878384590148926e-01
8.431707620620727539e-01
8.440556526184082031e-01
8.449323177337646484e-01
8.458058238029479980e-01
8.466761708259582520e-01
8.475485444068908691e-01
8.484125137329101562e-01
8.492734432220458984e-01
8.501363992691040039e-01
8.509910106658935547e-01
8.518317937850952148e-01
8.526570200920104980e-01
8.534845113754272461e-01
8.543037176132202148e-01
8.551196455955505371e-01
8.559367656707763672e-01
8.567461371421813965e-01
8.575518727302551270e-01
8.583596944808959961e-01
8.591588735580444336e-01
8.599548339843750000e-01
8.607485890388488770e-01
8.615428805351257324e-01
8.623295426368713379e-01
8.631124496459960938e-01
8.638974428176879883e-01
8.646738529205322266e-01
8.654474616050720215e-01
8.662179112434387207e-01
8.669849038124084473e-01
8.677483201026916504e-01
8.685089349746704102e-01
8.692658543586730957e-01
8.700197935104370117e-01
8.707702159881591797e-01
8.715183138847351074e-01
8.722621798515319824e-01
8.730031847953796387e-01
8.737357854843139648e-01
8.744488954544067383e-01
8.751593232154846191e-01
8.758664727210998535e-01
8.765705227851867676e-01
8.772723078727722168e-01
8.779718875885009766e-01
8.786683082580566406e-01
8.793615698814392090e-01
8.800530433654785156e-01
8.807412981986999512e-01
8.814267516136169434e-01
8.821093440055847168e-01
8.827894926071166992e-01
8.834666609764099121e-01
8.841410279273986816e-01
8.848125934600830078e-01
8.854773640632629395e-01
8.861429691314697266e-01
8.868061304092407227e-01
8.874626159667968750e-01
8.881200551986694336e-01
8.887743353843688965e-01
8.894216418266296387e-01
8.900711536407470703e-01
8.907170891761779785e-01
8.913602232933044434e-01
8.919957876205444336e-01
8.926335573196411133e-01
8.932679891586303711e-01
8.938952088356018066e-01
8.945319056510925293e-01
8.951768875122070312e-01
8.958137631416320801e-01
8.964527845382690430e-01
8.970887064933776855e-01
8.977164030075073242e-01
8.983461260795593262e-01
8.989718556404113770e-01
8.995912075042724609e-01
9.002115726470947266e-01
9.008279442787170410e-01
9.014419913291931152e-01
9.020482897758483887e-01
9.026517271995544434e-01
9.032562971115112305e-01
9.038528203964233398e-01
9.044510722160339355e-01
9.050422310829162598e-01
9.056331515312194824e-01
9.062178134918212891e-01
9.067987203598022461e-01
9.073806405067443848e-01
9.079557657241821289e-01
9.085305929183959961e-01
9.090991020202636719e-01
9.096677303314208984e-01
9.102295041084289551e-01
9.107920527458190918e-01
9.113470911979675293e-01
9.118990302085876465e-01
9.124511480331420898e-01
9.129965305328369141e-01
9.135425090789794922e-01
9.140731692314147949e-01
9.146004915237426758e-01
9.151203036308288574e-01
9.156376719474792480e-01
9.161549210548400879e-01
9.166657328605651855e-01
9.171764850616455078e-01
9.176810979843139648e-01
9.181816577911376953e-01
9.186831712722778320e-01
9.191774129867553711e-01
9.196689128875732422e-01
9.201563000679016113e-01
9.206411242485046387e-01
9.211254119873046875e-01
9.216033220291137695e-01
9.220780134201049805e-01
9.225487709045410156e-01
9.230166077613830566e-01
9.234835505485534668e-01
9.239445328712463379e-01
9.244014620780944824e-01
9.248551726341247559e-01
9.253051877021789551e-01
9.257552027702331543e-01
9.261980652809143066e-01
9.266375899314880371e-01
9.270732998847961426e-01
9.275059103965759277e-01
9.279371500015258789e-01
9.283625483512878418e-01
9.287836551666259766e-01
9.292016029357910156e-01
9.296151995658874512e-01
9.300286769866943359e-01
9.304482340812683105e-01
9.308944344520568848e-01
9.313359856605529785e-01
9.317743182182312012e-01
9.322082400321960449e-01
9.326388239860534668e-01
9.330653548240661621e-01
9.334871768951416016e-01
9.339057803153991699e-01
9.343199729919433594e-01
9.347305893898010254e-01
9.351367354393005371e-01
9.355391263961791992e-01
9.359372854232788086e-01
9.363318085670471191e-01
9.367218613624572754e-01
9.371082782745361328e-01
9.374899268150329590e-01
9.378682971000671387e-01
9.382419586181640625e-01
9.386121630668640137e-01
9.389776587486267090e-01
9.393393397331237793e-01
9.396966695785522461e-01
9.400503039360046387e-01
9.403992891311645508e-01
9.407446980476379395e-01
9.410851597785949707e-01
9.414221644401550293e-01
9.417545199394226074e-01
9.420831799507141113e-01
9.424071311950683594e-01
9.427271485328674316e-01
9.430426955223083496e-01
9.433545470237731934e-01
9.436616897583007812e-01
9.439627528190612793e-01
9.442614316940307617e-01
9.445526003837585449e-01
9.448193907737731934e-01
9.450814723968505859e-01
9.453391432762145996e-01
9.455900192260742188e-01
9.458379745483398438e-01
9.460811614990234375e-01
9.467533826828002930e-01
9.469824433326721191e-01
9.472051262855529785e-01
9.474246501922607422e-01
9.476392269134521484e-01
9.478492140769958496e-01
9.480539560317993164e-01
9.482538700103759766e-01
9.484473466873168945e-01
9.486373662948608398e-01
9.488224387168884277e-01
9.490025043487548828e-01
9.491775631904602051e-01
9.493476152420043945e-01
9.495115280151367188e-01
9.496715068817138672e-01
9.498264193534851074e-01
9.499762654304504395e-01
9.501209855079650879e-01
9.502595067024230957e-01
9.503940343856811523e-01
9.505234360694885254e-01
9.506465792655944824e-01
9.507660269737243652e-01
9.508799314498901367e-01
9.509876966476440430e-01
9.510913491249084473e-01
9.511896371841430664e-01
9.512819647789001465e-01
9.513698816299438477e-01
9.514525532722473145e-01
9.515292644500732422e-01
9.516021013259887695e-01
9.516690373420715332e-01
9.517300128936767578e-01
9.518843889236450195e-01
9.520534873008728027e-01
9.522169828414916992e-01
9.523757696151733398e-01
9.525288343429565430e-01
9.526762962341308594e-01
9.528186321258544922e-01
9.529559612274169922e-01
9.530872106552124023e-01
9.532138705253601074e-01
9.533348679542541504e-01
9.534505605697631836e-01
9.535608887672424316e-01
9.536662697792053223e-01
9.537658095359802246e-01
9.538606405258178711e-01
9.539496302604675293e-01
9.540338516235351562e-01
9.541124105453491211e-01
9.541861414909362793e-01
9.542542099952697754e-01
9.543174505233764648e-01
9.543750882148742676e-01
9.544281959533691406e-01
9.544758200645446777e-01
9.545178413391113281e-01
9.545550346374511719e-01
9.545868039131164551e-01
9.546136260032653809e-01
9.546350836753845215e-01
9.546515941619873047e-01
9.546628594398498535e-01
9.546690583229064941e-01
9.546700716018676758e-01
9.546660184860229492e-01
9.546569585800170898e-01
9.546427130699157715e-01
9.546235203742980957e-01
9.545990824699401855e-01
9.545698165893554688e-01
9.545353055000305176e-01
9.544960260391235352e-01
9.544515013694763184e-01
9.544022083282470703e-01
9.543476700782775879e-01
9.542910456657409668e-01
9.542300701141357422e-01
9.541636705398559570e-01
9.540926814079284668e-01
9.540166258811950684e-01
9.539356827735900879e-01
9.538502097129821777e-01
9.537585377693176270e-01
9.536631107330322266e-01
9.535619616508483887e-01
9.534565210342407227e-01
9.533464908599853516e-01
9.532303214073181152e-01
9.531109333038330078e-01
9.529850482940673828e-01
9.528553485870361328e-01
9.527212381362915039e-01
9.525811672210693359e-01
9.524375200271606445e-01
9.522876143455505371e-01
9.521344900131225586e-01
9.519762992858886719e-01
9.518123865127563477e-01
9.516451954841613770e-01
9.514716267585754395e-01
9.512951374053955078e-01
9.511138796806335449e-01
9.509267210960388184e-01
9.507359266281127930e-01
9.505391716957092285e-01
9.503396749496459961e-01
9.501354694366455078e-01
9.499253630638122559e-01
9.497118592262268066e-01
9.494926929473876953e-01
9.492704868316650391e-01
9.490435123443603516e-01
9.488108754158020020e-01
9.485750794410705566e-01
9.483352303504943848e-01
9.480891227722167969e-01
9.478405714035034180e-01
9.475871920585632324e-01
9.473295211791992188e-01
9.470663666725158691e-01
9.468000531196594238e-01
9.465298652648925781e-01
9.462531208992004395e-01
9.459744095802307129e-01
9.457619190216064453e-01
9.455522298812866211e-01
9.453368782997131348e-01
9.451195597648620605e-01
9.448989033699035645e-01
9.446719884872436523e-01
9.444435834884643555e-01
9.442112445831298828e-01
9.439735412597656250e-01
9.437338113784790039e-01
9.434908628463745117e-01
9.432435631752014160e-01
9.429911971092224121e-01
9.427369236946105957e-01
9.424795508384704590e-01
9.422158598899841309e-01
9.419511556625366211e-01
9.416826367378234863e-01
9.414111375808715820e-01
9.411333203315734863e-01
9.408549070358276367e-01
9.405722618103027344e-01
9.402845501899719238e-01
9.399953484535217285e-01
9.397031664848327637e-01
9.394077062606811523e-01
9.391056895256042480e-01
9.388035535812377930e-01
9.384976029396057129e-01
9.381888508796691895e-01
9.378763437271118164e-01
9.375582933425903320e-01
9.372392892837524414e-01
9.369176030158996582e-01
9.365922212600708008e-01
9.362641572952270508e-01
9.359295964241027832e-01
9.355952143669128418e-01
9.352572560310363770e-01
9.349166750907897949e-01
9.345725774765014648e-01
9.342256784439086914e-01
9.338726997375488281e-01
9.335199594497680664e-01
9.331637024879455566e-01
9.328047633171081543e-01
9.324425458908081055e-01
9.320750236511230469e-01
9.317069649696350098e-01
9.313364624977111816e-01
9.309623837471008301e-01
9.305861592292785645e-01
9.302036166191101074e-01
9.298260211944580078e-01
9.294602870941162109e-01
9.290919899940490723e-01
9.287211894989013672e-01
9.283441901206970215e-01
9.279683828353881836e-01
9.275900721549987793e-01
9.272093772888183594e-01
9.268262386322021484e-01
9.264401197433471680e-01
9.260488152503967285e-01
9.256584644317626953e-01
9.252656698226928711e-01
9.248706102371215820e-01
9.244725704193115234e-01
9.240726232528686523e-01
9.236705303192138672e-01
9.232661724090576172e-01
9.228594899177551270e-01
9.224473237991333008e-01
9.220353960990905762e-01
9.216219782829284668e-01
9.212063550949096680e-01
9.207884669303894043e-01
9.203684926033020020e-01
9.199457168579101562e-01
9.195211529731750488e-01
9.190946817398071289e-01
9.186626672744750977e-01
9.182319045066833496e-01
9.177984595298767090e-01
9.173634052276611328e-01
9.169263839721679688e-01
9.164872765541076660e-01
9.160462021827697754e-01
9.156030416488647461e-01
9.151571989059448242e-01
9.147065281867980957e-01
9.142574071884155273e-01
9.138063192367553711e-01
9.133532047271728516e-01
9.128976464271545410e-01
9.124405384063720703e-01
9.119817018508911133e-01
9.115210175514221191e-01
9.110583662986755371e-01
9.105896949768066406e-01
9.101232290267944336e-01
9.096549749374389648e-01
9.091849923133850098e-01
9.087131023406982422e-01
9.082388877868652344e-01
9.077633023262023926e-01
9.072861075401306152e-01
9.068071246147155762e-01
9.063264131546020508e-01
9.058439731597900391e-01
9.053592681884765625e-01
9.048731923103332520e-01
9.043925404548645020e-01
9.039384722709655762e-01
9.034830927848815918e-01
9.030260443687438965e-01
9.025677442550659180e-01
9.021079540252685547e-01
9.016464948654174805e-01
9.011837840080261230e-01
9.007195234298706055e-01
9.002533555030822754e-01
8.997862339019775391e-01
8.993141055107116699e-01
8.988441824913024902e-01
8.983731269836425781e-01
8.979005217552185059e-01
8.974266648292541504e-01
8.969514369964599609e-01
8.964748978614807129e-01
8.959970474243164062e-01
8.955172896385192871e-01
8.950367569923400879e-01
8.945551514625549316e-01
8.940720558166503906e-01
8.935879468917846680e-01
8.931025266647338867e-01
8.926156759262084961e-01
8.921041488647460938e-01
8.915894031524658203e-01
8.910727500915527344e-01
8.905548453330993652e-01
8.900363445281982422e-01
8.895159959793090820e-01
8.889943957328796387e-01
8.884721994400024414e-01
8.879482150077819824e-01
8.874230384826660156e-01
8.868966698646545410e-01
8.863697648048400879e-01
8.858410120010375977e-01
8.853112459182739258e-01
8.847808241844177246e-01
8.842487335205078125e-01
8.837155103683471680e-01
8.831817507743835449e-01
8.826463818550109863e-01
8.821097612380981445e-01
8.815728425979614258e-01
8.810341358184814453e-01
8.804943561553955078e-01
8.799542784690856934e-01
8.794124126434326172e-01
8.788695931434631348e-01
8.783679604530334473e-01
8.779005408287048340e-01
8.774324655532836914e-01
8.769635558128356934e-01
8.764946460723876953e-01
8.760244250297546387e-01
8.755534291267395020e-01
8.750859498977661133e-01
8.746135234832763672e-01
8.741411566734313965e-01
8.736674785614013672e-01
8.731930851936340332e-01
8.727180361747741699e-01
8.722430467605590820e-01
8.717666864395141602e-01
8.712897896766662598e-01
8.708121776580810547e-01
8.703339695930480957e-01
8.698558807373046875e-01
8.693764209747314453e-01
8.688964843750000000e-01
8.684158325195312500e-01
8.679354190826416016e-01
8.674536347389221191e-01
8.669713139533996582e-01
8.664884567260742188e-01
8.660092949867248535e-01
8.655257225036621094e-01
8.650380969047546387e-01
8.645499944686889648e-01
8.640620708465576172e-01
8.635728955268859863e-01
8.630833625793457031e-01
8.625932931900024414e-01
8.621026277542114258e-01
8.616122603416442871e-01
8.611206412315368652e-01
8.606286048889160156e-01
8.601360917091369629e-01
8.596438765525817871e-01
8.591504693031311035e-01
8.586611151695251465e-01
8.581668138504028320e-01
8.576728701591491699e-01
8.571777343750000000e-01
8.566822409629821777e-01
8.561862707138061523e-01
8.556905984878540039e-01
8.551939129829406738e-01
8.546969294548034668e-01
8.541994690895080566e-01
8.537023067474365234e-01
8.532040715217590332e-01
8.527054786682128906e-01
8.522064685821533203e-01
8.517122268676757812e-01
8.512375950813293457e-01
8.508020639419555664e-01
8.503671288490295410e-01
8.499311804771423340e-01
8.494959473609924316e-01
8.490599393844604492e-01
8.486238121986389160e-01
8.481882810592651367e-01
8.477562665939331055e-01
8.473203778266906738e-01
8.468838334083557129e-01
8.464471697807312012e-01
8.460111618041992188e-01
8.455743193626403809e-01
8.451373577117919922e-01
8.447009921073913574e-01
8.442638516426086426e-01
8.438274860382080078e-01
8.433946967124938965e-01
8.429574370384216309e-01
8.425208926200866699e-01
8.420833349227905273e-01
8.416466712951660156e-01
8.412092328071594238e-01
8.407716751098632812e-01
8.403349518775939941e-01
8.398973941802978516e-01
8.394647836685180664e-01
8.390272259712219238e-01
8.385895490646362305e-01
8.381562829017639160e-01
8.377276659011840820e-01
8.372990489006042480e-01
8.368707299232482910e-01
8.364421129226684570e-01
8.360136151313781738e-01
8.355895280838012695e-01
8.351603746414184570e-01
8.347319364547729492e-01
8.343034982681274414e-01
8.338752388954162598e-01
8.334468007087707520e-01
8.330184221267700195e-01
8.325902819633483887e-01
8.321664929389953613e-01
8.317382335662841797e-01
8.313094973564147949e-01
8.308812975883483887e-01
8.304532766342163086e-01
8.300251960754394531e-01
8.295973539352416992e-01
8.291739225387573242e-01
8.287460207939147949e-01
8.283184170722961426e-01
8.278906941413879395e-01
8.274630308151245117e-01
8.270348906517028809e-01
8.266073465347290039e-01
8.261843919754028320e-01
8.257572054862976074e-01
8.253298997879028320e-01
8.249134421348571777e-01
8.245620727539062500e-01
8.242110610008239746e-01
8.238602280616760254e-01
8.235148191452026367e-01
8.231647014617919922e-01
8.228145837783813477e-01
8.224647641181945801e-01
8.221154808998107910e-01
8.217669725418090820e-01
8.214180469512939453e-01
8.210739493370056152e-01
8.207255005836486816e-01
8.203773498535156250e-01
8.200303912162780762e-01
8.196828365325927734e-01
8.193356990814208984e-01
8.189091682434082031e-01
8.184826374053955078e-01
8.180513978004455566e-01
8.176197409629821777e-01
8.171868324279785156e-01
8.167543411254882812e-01
8.163216710090637207e-01
8.158878087997436523e-01
8.154588341712951660e-01
8.150249719619750977e-01
8.145898580551147461e-01
8.141553401947021484e-01
8.137205243110656738e-01
8.132851123809814453e-01
8.128530979156494141e-01
8.124169707298278809e-01
8.119984865188598633e-01
8.116112947463989258e-01
8.112230300903320312e-01
8.108341097831726074e-01
8.104485273361206055e-01
8.100575804710388184e-01
8.096650242805480957e-01
8.092722296714782715e-01
8.088786602020263672e-01
8.084838986396789551e-01
8.080928921699523926e-01
8.076961040496826172e-01
8.072977066040039062e-01
8.068988919258117676e-01
8.064993023872375488e-01
8.060984015464782715e-01
8.057009577751159668e-01
8.050948977470397949e-01
8.041905164718627930e-01
8.032804727554321289e-01
8.023629784584045410e-01
8.014398217201232910e-01
8.005139231681823730e-01
7.995775341987609863e-01
7.986342906951904297e-01
7.976833581924438477e-01
7.967265844345092773e-01
7.957619428634643555e-01
7.947958707809448242e-01
7.938182353973388672e-01
7.928329706192016602e-01
7.918413281440734863e-01
7.908415198326110840e-01
7.898355126380920410e-01
7.888145446777343750e-01
7.875526547431945801e-01
7.862856984138488770e-01
7.850118279457092285e-01
7.837306857109069824e-01
7.824442982673645020e-01
7.811548113822937012e-01
7.798553109169006348e-01
7.785487771034240723e-01
7.772364616394042969e-01
7.759177088737487793e-01
7.745966911315917969e-01
7.732652425765991211e-01
7.719264626502990723e-01
7.705826759338378906e-01
7.692312598228454590e-01
7.678795456886291504e-01
7.665164470672607422e-01
7.651235461235046387e-01
7.636623382568359375e-01
7.621987462043762207e-01
7.607299089431762695e-01
7.592629194259643555e-01
7.577874660491943359e-01
7.563078999519348145e-01
7.548252344131469727e-01
7.533379197120666504e-01
7.518528103828430176e-01
7.503599524497985840e-01
7.488622069358825684e-01
7.473620772361755371e-01
7.458585500717163086e-01
7.443559765815734863e-01
7.428458929061889648e-01
7.413316369056701660e-01
7.398157119750976562e-01
7.383081316947937012e-01
7.370458841323852539e-01
7.357871532440185547e-01
7.345219850540161133e-01
7.332572340965270996e-01
7.319903969764709473e-01
7.307218909263610840e-01
7.294576168060302734e-01
7.281876206398010254e-01
7.269160151481628418e-01
7.256440520286560059e-01
7.243704199790954590e-01
7.230965495109558105e-01
7.218263149261474609e-01
7.205500006675720215e-01
7.192733287811279297e-01
7.179968357086181641e-01
7.167179584503173828e-01
7.154434919357299805e-01
7.141630053520202637e-01
7.128823399543762207e-01
7.116008996963500977e-01
7.103182077407836914e-01
7.090400457382202148e-01
7.077565193176269531e-01
7.064718008041381836e-01
7.051870226860046387e-01
7.039009928703308105e-01
7.026196718215942383e-01
7.013340592384338379e-01
7.000463604927062988e-01
6.987587809562683105e-01
6.974706649780273438e-01
6.961860060691833496e-01
6.948969364166259766e-01
6.936075091361999512e-01
6.923168897628784180e-01
6.910265684127807617e-01
6.897912025451660156e-01
6.887044906616210938e-01
6.876185536384582520e-01
6.865308880805969238e-01
6.854449510574340820e-01
6.843628287315368652e-01
6.832761764526367188e-01
6.821892857551574707e-01
6.811026930809020996e-01
6.800161004066467285e-01
6.789339184761047363e-01
6.778475046157836914e-01
6.767611503601074219e-01
6.756754517555236816e-01
6.745883226394653320e-01
6.735074520111083984e-01
6.724214553833007812e-01
6.713355779647827148e-01
6.702494621276855469e-01
6.691637635231018066e-01
6.680783033370971680e-01
6.669971346855163574e-01
6.659119129180908203e-01
6.648267507553100586e-01
6.637425422668457031e-01
6.626568436622619629e-01
6.615774631500244141e-01
6.604930758476257324e-01
6.594088077545166016e-01
6.583244800567626953e-01
6.572406888008117676e-01
6.561615467071533203e-01
6.550787687301635742e-01
6.539946794509887695e-01
6.529117226600646973e-01
6.518297195434570312e-01
6.507506966590881348e-01
6.496691107749938965e-01
6.485871076583862305e-01
6.475053429603576660e-01
6.463782787322998047e-01
6.451991796493530273e-01
6.440193653106689453e-01
6.428396701812744141e-01
6.416605710983276367e-01
6.404853463172912598e-01
6.393063068389892578e-01
6.381266713142395020e-01
6.369470953941345215e-01
6.357682943344116211e-01
6.345932483673095703e-01
6.334146261215209961e-01
6.322361826896667480e-01
6.310570836067199707e-01
6.298786997795104980e-01
6.287040710449218750e-01
6.275259852409362793e-01
6.263471841812133789e-01
6.251686215400695801e-01
6.239908337593078613e-01
6.228169202804565430e-01
6.216394901275634766e-01
6.204614043235778809e-01
6.192835569381713867e-01
6.181065440177917480e-01
6.169333457946777344e-01
6.157567501068115234e-01
6.145795583724975586e-01
6.134026050567626953e-01
6.122274398803710938e-01
6.110551953315734863e-01
6.098794937133789062e-01
6.087033152580261230e-01
6.075280904769897461e-01
6.063522100448608398e-01
6.051809787750244141e-01
6.040063500404357910e-01
6.028311848640441895e-01
6.016569137573242188e-01
6.004822254180908203e-01
5.993120074272155762e-01
5.981385111808776855e-01
5.969604849815368652e-01
5.957816839218139648e-01
5.946024656295776367e-01
5.934277772903442383e-01
5.922499895095825195e-01
5.910716056823730469e-01
5.898943543434143066e-01
5.887167453765869141e-01
5.875443220138549805e-01
5.863672494888305664e-01
5.851911902427673340e-01
5.840146541595458984e-01
5.828391909599304199e-01
5.816674232482910156e-01
5.804926156997680664e-01
5.793170928955078125e-01
5.781426429748535156e-01
5.769677758216857910e-01
5.757972598075866699e-01
5.746236443519592285e-01
5.734493732452392578e-01
5.722761750221252441e-01
5.711023807525634766e-01
5.699338316917419434e-01
5.687603950500488281e-01
5.675880312919616699e-01
5.664150118827819824e-01
5.652430057525634766e-01
5.640745162963867188e-01
5.629028081893920898e-01
5.617304444313049316e-01
5.605590343475341797e-01
5.593869686126708984e-01
5.582199096679687500e-01
5.570480227470397949e-01
5.558762550354003906e-01
5.547054409980773926e-01
5.535337924957275391e-01
5.523672103881835938e-01
5.511956810951232910e-01
5.500251054763793945e-01
5.488536953926086426e-01
5.476831197738647461e-01
5.465148687362670898e-01
5.453315377235412598e-01
5.441399216651916504e-01
5.429472923278808594e-01
5.417554378509521484e-01
5.405667424201965332e-01
5.393738746643066406e-01
5.381817221641540527e-01
5.369886159896850586e-01
5.357951521873474121e-01
5.346025824546813965e-01
5.334129929542541504e-01
5.322190523147583008e-01
5.310249924659729004e-01
5.298314690589904785e-01
5.286377668380737305e-01
5.274460315704345703e-01
5.262517333030700684e-01
5.250570774078369141e-01
5.238613486289978027e-01
5.226652026176452637e-01
5.214727520942687988e-01
5.202767848968505859e-01
5.190804004669189453e-01
5.178818702697753906e-01
5.166847109794616699e-01
5.154902935028076172e-01
5.142922401428222656e-01
5.130928158760070801e-01
5.118929743766784668e-01
5.106934905052185059e-01
5.094966292381286621e-01
5.082951188087463379e-01
5.070941448211669922e-01
5.058916211128234863e-01
5.046895146369934082e-01
5.034897923469543457e-01
5.022855997085571289e-01
5.010816454887390137e-01
4.998762309551239014e-01
4.986700713634490967e-01
4.974641799926757812e-01
4.962607622146606445e-01
4.950535893440246582e-01
4.938438832759857178e-01
4.926352798938751221e-01
4.914259612560272217e-01
4.902204573154449463e-01
4.890296161174774170e-01
4.878371059894561768e-01
4.866457283496856689e-01
4.854519069194793701e-01
4.842631518840789795e-01
4.830689132213592529e-01
4.818739295005798340e-01
4.806782901287078857e-01
4.794810712337493896e-01
4.782888293266296387e-01
4.770912230014801025e-01
4.758926928043365479e-01
4.746936559677124023e-01
4.734938144683837891e-01
4.722933769226074219e-01
4.710951745510101318e-01
4.698941409587860107e-01
4.686916470527648926e-01
4.674883484840393066e-01
4.662844836711883545e-01
4.650827646255493164e-01
4.638783633708953857e-01
4.626724421977996826e-01
4.614657461643218994e-01
4.602584838867187500e-01
4.590504765510559082e-01
4.578457474708557129e-01
4.566365480422973633e-01
4.554265439510345459e-01
4.542161226272583008e-01
4.530048668384552002e-01
4.517970085144042969e-01
4.505856037139892578e-01
4.493716657161712646e-01
4.481582343578338623e-01
4.469440281391143799e-01
4.457294344902038574e-01
4.445189535617828369e-01
4.433023333549499512e-01
4.420861005783081055e-01
4.408692717552185059e-01
4.396521151065826416e-01
4.384380280971527100e-01
4.372199177742004395e-01
4.360022842884063721e-01
4.347822070121765137e-01
4.335627853870391846e-01
4.323428869247436523e-01
4.311263859272003174e-01
4.300106465816497803e-01
4.289125204086303711e-01
4.278136193752288818e-01
4.267150163650512695e-01
4.256212711334228516e-01
4.245241880416870117e-01
4.234263896942138672e-01
4.223289489746093750e-01
4.212327897548675537e-01
4.201361238956451416e-01
4.190443456172943115e-01
4.179494380950927734e-01
4.168529808521270752e-01
4.157589077949523926e-01
4.146643280982971191e-01
4.135713577270507812e-01
4.124824106693267822e-01
4.113884568214416504e-01
4.102970361709594727e-01
4.092062413692474365e-01
4.081151187419891357e-01
4.070256054401397705e-01
4.059392809867858887e-01
4.048500955104827881e-01
4.037626385688781738e-01
4.026760160923004150e-01
4.015880525112152100e-01
4.005028605461120605e-01
3.994210362434387207e-01
3.983375430107116699e-01
3.972549140453338623e-01
3.961711525917053223e-01
3.950902819633483887e-01
3.940103948116302490e-01
3.929338455200195312e-01
3.918559253215789795e-01
3.907778859138488770e-01
3.897008895874023438e-01
3.886260390281677246e-01
3.875521719455718994e-01
3.864817917346954346e-01
3.854091763496398926e-01
3.843376636505126953e-01
3.832683861255645752e-01
3.822003006935119629e-01
3.811323642730712891e-01
3.800690174102783203e-01
3.790045976638793945e-01
3.779404461383819580e-01
3.768786489963531494e-01
3.758181631565093994e-01
3.747569620609283447e-01
3.737220168113708496e-01
3.726902306079864502e-01
3.716588318347930908e-01
3.706309497356414795e-01
3.696025013923645020e-01
3.685764372348785400e-01
3.675551414489746094e-01
3.665321767330169678e-01
3.655106127262115479e-01
3.644896447658538818e-01
3.634712100028991699e-01
3.624555170536041260e-01
3.614424765110015869e-01
3.604288399219512939e-01
3.594170808792114258e-01
3.584067225456237793e-01
3.573980927467346191e-01
3.563901185989379883e-01
3.553859889507293701e-01
3.543856143951416016e-01
3.533828854560852051e-01
3.523840010166168213e-01
3.513848483562469482e-01
3.503884077072143555e-01
3.493938446044921875e-01
3.484012484550476074e-01
3.474133610725402832e-01
3.464233577251434326e-01
3.454373478889465332e-01
3.444520831108093262e-01
3.434677422046661377e-01
3.424862921237945557e-01
3.415069878101348877e-01
3.405324518680572510e-01
3.395568728446960449e-01
3.385834991931915283e-01
3.376118838787078857e-01
3.366414308547973633e-01
3.356738984584808350e-01
3.347095549106597900e-01
3.337481319904327393e-01
3.327867388725280762e-01
3.318264782428741455e-01
3.308704793453216553e-01
3.299153447151184082e-01
3.289614915847778320e-01
3.280118405818939209e-01
3.270660638809204102e-01
3.261185288429260254e-01
3.251742124557495117e-01
3.242322802543640137e-01
3.232922554016113281e-01
3.223544657230377197e-01
3.214192092418670654e-01
3.204886019229888916e-01
3.195327520370483398e-01
3.185585737228393555e-01
3.175866305828094482e-01
3.166157305240631104e-01
3.156475126743316650e-01
3.146824538707733154e-01
3.137224316596984863e-01
3.127607703208923340e-01
3.118026256561279297e-01
3.108460009098052979e-01
3.098913729190826416e-01
3.089403212070465088e-01
3.079915940761566162e-01
3.070467710494995117e-01
3.061028122901916504e-01
3.051604628562927246e-01
3.042213320732116699e-01
3.032833933830261230e-01
3.023491799831390381e-01
3.014173209667205811e-01
3.004885017871856689e-01
2.995615899562835693e-01
2.986370623111724854e-01
2.977138459682464600e-01
2.967943251132965088e-01
2.958772480487823486e-01
2.949618697166442871e-01
2.940485775470733643e-01
2.931390106678009033e-01
2.922345101833343506e-01
2.913287281990051270e-01
2.904258966445922852e-01
2.895264029502868652e-01
2.886294424533843994e-01
2.877337336540222168e-01
2.868418693542480469e-01
2.859525084495544434e-01
2.850636839866638184e-01
2.841819226741790771e-01
2.833002507686614990e-01
2.824198603630065918e-01
2.815433144569396973e-01
2.806685268878936768e-01
2.797971665859222412e-01
2.789270579814910889e-01
2.780608236789703369e-01
2.771995365619659424e-01
2.763372063636779785e-01
2.754779458045959473e-01
2.746219933032989502e-01
2.737674117088317871e-01
2.729167342185974121e-01
2.720685899257659912e-01
2.712222933769226074e-01
2.703781127929687500e-01
2.695400416851043701e-01
2.687023282051086426e-01
2.678658962249755859e-01
2.670333981513977051e-01
2.662305235862731934e-01
2.654379010200500488e-01
2.646478712558746338e-01
2.638603448867797852e-01
2.630754113197326660e-01
2.622952759265899658e-01
2.615154683589935303e-01
2.607382535934448242e-01
2.599635422229766846e-01
2.591913938522338867e-01
2.584211230278015137e-01
2.576541006565093994e-01
2.568896114826202393e-01
2.561298012733459473e-01
2.553703486919403076e-01
2.546134293079376221e-01
2.538591027259826660e-01
2.531072497367858887e-01
2.523579597473144531e-01
2.516111433506011963e-01
2.508662045001983643e-01
2.501244246959686279e-01
2.493872642517089844e-01
2.486505061388015747e-01
2.479162067174911499e-01
2.471844404935836792e-01
2.464551329612731934e-01
2.457282990217208862e-01
2.450039684772491455e-01
2.442821264266967773e-01
2.435627430677413940e-01
2.428451776504516602e-01
2.421306669712066650e-01
2.414186447858810425e-01
2.407110333442687988e-01
2.400038987398147583e-01
2.392991781234741211e-01
2.385968565940856934e-01
2.378969937562942505e-01
2.371995300054550171e-01
2.365032732486724854e-01
2.358099967241287231e-01
2.351197302341461182e-01
2.344318926334381104e-01
2.337463796138763428e-01
2.330632656812667847e-01
2.323844134807586670e-01
2.317060232162475586e-01
2.310299873352050781e-01
2.303562909364700317e-01
2.296849191188812256e-01
2.290153354406356812e-01
2.283485978841781616e-01
2.276842445135116577e-01
2.270221412181854248e-01
2.263623327016830444e-01
2.257048487663269043e-01
2.250496447086334229e-01
2.243985086679458618e-01
2.237478643655776978e-01
2.230994254350662231e-01
2.224532663822174072e-01
2.218086719512939453e-01
2.211669087409973145e-01
2.205270826816558838e-01
2.198902070522308350e-01
2.192556858062744141e-01
2.186235785484313965e-01
2.179938405752182007e-01
2.173664420843124390e-01
2.167426347732543945e-01
2.161199599504470825e-01
2.154995948076248169e-01
2.148815244436264038e-01
2.142657786607742310e-01
2.136523425579071045e-01
2.130406200885772705e-01
2.124316990375518799e-01
2.118250429630279541e-01
2.112205773591995239e-01
2.106183767318725586e-01
2.100183814764022827e-01
2.094217538833618164e-01
2.088261097669601440e-01
2.082326561212539673e-01
2.076413780450820923e-01
2.070522010326385498e-01
2.064651995897293091e-01
2.058798372745513916e-01
2.052970230579376221e-01
2.047163397073745728e-01
2.041377276182174683e-01
2.035611420869827271e-01
2.029866576194763184e-01
2.024137526750564575e-01
2.018433213233947754e-01
2.012737244367599487e-01
2.007073163986206055e-01
2.001428902149200439e-01
1.995803862810134888e-01
1.990194171667098999e-01
1.984623968601226807e-01
1.979057341814041138e-01
1.973510086536407471e-01
1.967981904745101929e-01
1.962472796440124512e-01
1.956977546215057373e-01
1.951505690813064575e-01
1.946052312850952148e-01
1.940617114305496216e-01
1.935200244188308716e-01
1.929801553487777710e-01
1.924416124820709229e-01
1.919053345918655396e-01
1.913708001375198364e-01
1.908380091190338135e-01
1.903069764375686646e-01
1.897776871919631958e-01
1.892501115798950195e-01
1.887237876653671265e-01
1.881996095180511475e-01
1.876771003007888794e-01
1.871576309204101562e-01
1.866384446620941162e-01
1.861208975315093994e-01
1.856045275926589966e-01
1.850902289152145386e-01
1.845775246620178223e-01
1.840664148330688477e-01
1.835992634296417236e-01
1.831545680761337280e-01
1.827116608619689941e-01
1.822685897350311279e-01
1.818279772996902466e-01
1.813891083002090454e-01
1.809511631727218628e-01
1.805149614810943604e-01
1.800796836614608765e-01
1.796456724405288696e-01
1.792133748531341553e-01
1.787819713354110718e-01
1.783522516489028931e-01
1.779246628284454346e-01
1.774959862232208252e-01
1.770700365304946899e-01
1.766448915004730225e-01
1.762214154005050659e-01
1.757987886667251587e-01
1.753773540258407593e-01
1.749575287103652954e-01
1.745385378599166870e-01
1.741211116313934326e-01
1.737044751644134521e-01
1.732884049415588379e-01
1.728741526603698730e-01
1.724610775709152222e-01
1.720495671033859253e-01
1.716388463973999023e-01
1.712296307086944580e-01
1.708212047815322876e-01
1.704139411449432373e-01
1.700081527233123779e-01
1.696031838655471802e-01
1.691986620426177979e-01
1.687959432601928711e-01
1.683943271636962891e-01
1.679942160844802856e-01
1.675948649644851685e-01
1.671969592571258545e-01
1.667998433113098145e-01
1.664041727781295776e-01
1.660092473030090332e-01
1.656154245138168335e-01
1.652220487594604492e-01
1.648304462432861328e-01
1.644402444362640381e-01
1.640508174896240234e-01
1.636624783277511597e-01
1.632755547761917114e-01
1.628893762826919556e-01
1.625046432018280029e-01
1.621206253767013550e-01
1.617376953363418579e-01
1.613551974296569824e-01
1.609744131565093994e-01
1.605950593948364258e-01
1.602164506912231445e-01
1.598389148712158203e-01
1.594627648591995239e-01
1.590873748064041138e-01
1.587133854627609253e-01
1.583401113748550415e-01
1.579682677984237671e-01
1.575961709022521973e-01
1.572261005640029907e-01
1.568574607372283936e-01
1.564895510673522949e-01
1.561230421066284180e-01
1.557572633028030396e-01
1.553925573825836182e-01
1.550592482089996338e-01
1.547700613737106323e-01
1.544820666313171387e-01
1.541946232318878174e-01
1.539089977741241455e-01
1.536232531070709229e-01
1.533383727073669434e-01
1.530543416738510132e-01
1.527711898088455200e-01
1.524898707866668701e-01
1.522084623575210571e-01
1.519278734922409058e-01
1.516481786966323853e-01
1.513693332672119141e-01
1.510923057794570923e-01
1.508152037858963013e-01
1.505389660596847534e-01
1.502635627985000610e-01
1.499890536069869995e-01
1.497163772583007812e-01
1.494435966014862061e-01
1.491716653108596802e-01
1.489006131887435913e-01
1.486304253339767456e-01
1.483620703220367432e-01
1.480936110019683838e-01
1.478260308504104614e-01
1.475592851638793945e-01
1.472934484481811523e-01
1.470294147729873657e-01
1.467655599117279053e-01
1.465023010969161987e-01
1.462399065494537354e-01
1.459783762693405151e-01
1.457176953554153442e-01
1.454588323831558228e-01
1.451989710330963135e-01
1.449408829212188721e-01
1.446836590766906738e-01
1.444273144006729126e-01
1.441727429628372192e-01
1.439181119203567505e-01
1.436643451452255249e-01
1.434114277362823486e-01
1.431593447923660278e-01
1.429090797901153564e-01
1.426587402820587158e-01
1.424092352390289307e-01
1.421605944633483887e-01
1.419128179550170898e-01
1.416667997837066650e-01
1.414207220077514648e-01
1.411754935979843140e-01
1.409310996532440186e-01
1.406875699758529663e-01
1.404458135366439819e-01
1.402039676904678345e-01
1.399629563093185425e-01
1.397230923175811768e-01
1.394837796688079834e-01
1.392462104558944702e-01
1.390085816383361816e-01
1.387718021869659424e-01
1.385358273983001709e-01
1.382998824119567871e-01
1.380665153264999390e-01
1.378330588340759277e-01
1.376004368066787720e-01
1.373686641454696655e-01
1.371377259492874146e-01
1.369084864854812622e-01
1.366791874170303345e-01
1.364507228136062622e-01
1.362230628728866577e-01
1.359962373971939087e-01
1.357711255550384521e-01
1.355473399162292480e-01
1.353405117988586426e-01
1.351350247859954834e-01
1.349294036626815796e-01
1.347253769636154175e-01
1.345211863517761230e-01
1.343186199665069580e-01
1.341167390346527100e-01
1.339147239923477173e-01
1.337143033742904663e-01
1.335128992795944214e-01
1.333139091730117798e-01
1.331156343221664429e-01
1.329171955585479736e-01
1.327203065156936646e-01
1.325232833623886108e-01
1.323278397321701050e-01
1.321330666542053223e-01
1.319381445646286011e-01
1.317448019981384277e-01
1.315512657165527344e-01
1.313593089580535889e-01
1.311666518449783325e-01
1.309760659933090210e-01
1.307861953973770142e-01
1.305961459875106812e-01
1.304076462984085083e-01
1.302189528942108154e-01
1.300318241119384766e-01
1.298453807830810547e-01
1.296587288379669189e-01
1.294736415147781372e-01
1.292883604764938354e-01
1.291045844554901123e-01
1.289199292659759521e-01
1.287375241518020630e-01
1.285557895898818970e-01
1.283738613128662109e-01
1.281934529542922974e-01
1.280128508806228638e-01
1.278337538242340088e-01
1.276553273200988770e-01
1.274769157171249390e-01
1.272997707128524780e-01
1.271224617958068848e-01
1.269466280937194824e-01
1.267698854207992554e-01
1.265953332185745239e-01
1.264214515686035156e-01
1.262473613023757935e-01
1.260747164487838745e-01
1.259018927812576294e-01
1.257305443286895752e-01
1.255597919225692749e-01
1.253888607025146484e-01
1.252193897962570190e-01
1.250496953725814819e-01
1.248814538121223450e-01
1.247131302952766418e-01
1.245453059673309326e-01
1.243788823485374451e-01
1.242122799158096313e-01
1.240471005439758301e-01
1.238818839192390442e-01
1.237178966403007507e-01
1.235545128583908081e-01
1.233908981084823608e-01
1.232286840677261353e-01
1.230662688612937927e-01
1.229045689105987549e-01
1.227441057562828064e-01
1.225834265351295471e-01
1.224241405725479126e-01
1.222646012902259827e-01
1.221064627170562744e-01
1.219480708241462708e-01
1.217910349369049072e-01
1.216345801949501038e-01
1.214778870344161987e-01
1.213218644261360168e-01
1.211662739515304565e-01
1.210120171308517456e-01
1.208610311150550842e-01
1.207448765635490417e-01
1.206291317939758301e-01
1.205135807394981384e-01
1.203993558883666992e-01
1.202841103076934814e-01
1.201698854565620422e-01
1.200558319687843323e-01
1.199431195855140686e-01
1.198299899697303772e-01
1.197172179818153381e-01
1.196053922176361084e-01
1.194927021861076355e-01
1.193809956312179565e-01
1.192696243524551392e-01
1.191593706607818604e-01
1.190485209226608276e-01
1.189381629228591919e-01
1.188289076089859009e-01
1.187185943126678467e-01
1.186090484261512756e-01
1.185000017285346985e-01
1.183920279145240784e-01
1.182836070656776428e-01
1.181754842400550842e-01
1.180674955248832703e-01
1.179601252079010010e-01
1.178528964519500732e-01
1.177459806203842163e-01
1.176399141550064087e-01
1.175335496664047241e-01
1.174274757504463196e-01
1.173216775059700012e-01
1.172168999910354614e-01
1.171108558773994446e-01
1.170058622956275940e-01
1.169011220335960388e-01
1.167973503470420837e-01
1.166929528117179871e-01
1.165889650583267212e-01
1.164859309792518616e-01
1.163818463683128357e-01
1.162783950567245483e-01
1.161753460764884949e-01
1.160732433199882507e-01
1.159706488251686096e-01
1.158682703971862793e-01
1.157659143209457397e-01
1.156641021370887756e-01
1.155623495578765869e-01
1.154607757925987244e-01
1.153599694371223450e-01
1.152587980031967163e-01
1.151578053832054138e-01
1.150570064783096313e-01
1.149571016430854797e-01
1.148559302091598511e-01
1.147556453943252563e-01
1.146562471985816956e-01
1.145563125610351562e-01
1.144563555717468262e-01
1.143567338585853577e-01
1.142579540610313416e-01
1.141580566763877869e-01
1.140587180852890015e-01
1.139596700668334961e-01
1.138614416122436523e-01
1.137626543641090393e-01
1.136640086770057678e-01
1.135654672980308533e-01
1.134670525789260864e-01
1.133687570691108704e-01
1.132705807685852051e-01
1.131730303168296814e-01
1.130745187401771545e-01
1.129766553640365601e-01
1.128788739442825317e-01
1.127818822860717773e-01
1.126841455698013306e-01
1.125866472721099854e-01
1.124893724918365479e-01
1.123920381069183350e-01
1.122946366667747498e-01
1.121974438428878784e-01
1.121010035276412964e-01
1.120034456253051758e-01
1.119064465165138245e-01
1.118093803524971008e-01
1.117131933569908142e-01
1.116360872983932495e-01
1.115644425153732300e-01
1.114926338195800781e-01
1.114213243126869202e-01
1.113501340150833130e-01
1.112789362668991089e-01
1.112072020769119263e-01
1.111357882618904114e-01
1.110645234584808350e-01
1.109925657510757446e-01
1.109212413430213928e-01
1.108492314815521240e-01
1.107778549194335938e-01
1.107064336538314819e-01
1.106349825859069824e-01
1.105633527040481567e-01
1.104907020926475525e-01
1.104191467165946960e-01
1.103475689888000488e-01
1.102759614586830139e-01
1.102041453123092651e-01
1.101319640874862671e-01
1.100602373480796814e-01
1.099878177046775818e-01
1.099158674478530884e-01
1.098440289497375488e-01
1.097721531987190247e-01
1.096997261047363281e-01
1.096276193857192993e-01
1.095556169748306274e-01
1.094829291105270386e-01
1.094108447432518005e-01
1.093380898237228394e-01
1.092659160494804382e-01
1.091937199234962463e-01
1.091214790940284729e-01
1.090490296483039856e-01
1.089755818247795105e-01
1.089032217860221863e-01
1.088308170437812805e-01
1.087582036852836609e-01
1.086857244372367859e-01
1.086127310991287231e-01
1.085395291447639465e-01
1.084667742252349854e-01
1.083941385149955750e-01
1.083214506506919861e-01
1.082482784986495972e-01
1.081753820180892944e-01
1.081025898456573486e-01
1.080291494727134705e-01
1.079563051462173462e-01
1.078827977180480957e-01
1.078098788857460022e-01
1.077369377017021179e-01
1.076639592647552490e-01
1.075903326272964478e-01
1.075166910886764526e-01
1.074436306953430176e-01
1.073705479502677917e-01
1.072968170046806335e-01
1.072236895561218262e-01
1.071505472064018250e-01
1.070773527026176453e-01
1.070029437541961670e-01
1.069297343492507935e-01
1.068564876914024353e-01
1.067832559347152710e-01
1.067095473408699036e-01
1.066361069679260254e-01
1.065628156065940857e-01
1.064889281988143921e-01
1.064151823520660400e-01
1.063417047262191772e-01
1.062683910131454468e-01
1.061950698494911194e-01
1.061212942004203796e-01
1.060478165745735168e-01
1.059738993644714355e-01
1.059005632996559143e-01
1.058268100023269653e-01
1.057533472776412964e-01
1.056800410151481628e-01
1.056067422032356262e-01
1.055330261588096619e-01
1.054590046405792236e-01
1.053857356309890747e-01
1.053124964237213135e-01
1.052388474345207214e-01
1.051654666662216187e-01
1.050922945141792297e-01
1.050191298127174377e-01
1.049449667334556580e-01
1.048717126250267029e-01
1.047986298799514771e-01
1.047300100326538086e-01
1.046695262193679810e-01
1.046084538102149963e-01
1.045481339097023010e-01
1.044866442680358887e-01
1.044261753559112549e-01
1.043651327490806580e-01
1.043048352003097534e-01
1.042434051632881165e-01
1.041829958558082581e-01
1.041221767663955688e-01
1.040617898106575012e-01
1.040004491806030273e-01
1.039401292800903320e-01
1.038794070482254028e-01
1.038191393017768860e-01
1.037579327821731567e-01
1.036977320909500122e-01
1.036371663212776184e-01
1.035770550370216370e-01
1.035159900784492493e-01
1.034561321139335632e-01
1.033955961465835571e-01
1.033356636762619019e-01
1.032748073339462280e-01
1.032151579856872559e-01
1.031548380851745605e-01
1.030951216816902161e-01
1.030346825718879700e-01
1.029751077294349670e-01
1.029150262475013733e-01
1.028555929660797119e-01
1.027954146265983582e-01
1.027361229062080383e-01
1.026763319969177246e-01
1.026173382997512817e-01
1.025573164224624634e-01
1.024983227252960205e-01
1.024388670921325684e-01
1.023798212409019470e-01
1.023205071687698364e-01
1.022618710994720459e-01
1.022023707628250122e-01
1.021440550684928894e-01
1.020851284265518188e-01
1.020264849066734314e-01
1.019679009914398193e-01
1.019098162651062012e-01
1.018508970737457275e-01
1.017930433154106140e-01
1.017348542809486389e-01
1.016768217086791992e-01
1.016187071800231934e-01
1.015614122152328491e-01
1.015031486749649048e-01
1.014459282159805298e-01
1.013882681727409363e-01
1.013310402631759644e-01
1.012736111879348755e-01
1.012168601155281067e-01
1.011594310402870178e-01
1.011029183864593506e-01
1.010459735989570618e-01
1.009893193840980530e-01
1.009327769279479980e-01
1.008767560124397278e-01
1.008203029632568359e-01
1.007641702890396118e-01
1.007081344723701477e-01
1.006526276469230652e-01
1.005963310599327087e-01
1.005412414669990540e-01
1.004855930805206299e-01
1.004302501678466797e-01
1.003748700022697449e-01
1.003203168511390686e-01
1.002648472785949707e-01
1.002104207873344421e-01
1.001557409763336182e-01
1.001012474298477173e-01
1.000466942787170410e-01
9.999284148216247559e-02
9.993837773799896240e-02
9.988480061292648315e-02
9.983083605766296387e-02
9.977734833955764771e-02
9.972366690635681152e-02
9.967068582773208618e-02
9.961696714162826538e-02
9.956442564725875854e-02
9.951134026050567627e-02
9.945861250162124634e-02
9.940582513809204102e-02
9.935387969017028809e-02
9.930141270160675049e-02
9.924928843975067139e-02
9.919725358486175537e-02
9.914578497409820557e-02
9.909358620643615723e-02
9.904240816831588745e-02
9.899101406335830688e-02
9.893981367349624634e-02
9.888858348131179810e-02
9.883955866098403931e-02
9.880607575178146362e-02
9.877355396747589111e-02
9.874058514833450317e-02
9.870777279138565063e-02
9.867552667856216431e-02
9.864283353090286255e-02
9.861043840646743774e-02
9.857779741287231445e-02
9.854590892791748047e-02
9.851326048374176025e-02
9.848155826330184937e-02
9.844996035099029541e-02
9.841743856668472290e-02
9.838601201772689819e-02
9.835416078567504883e-02
9.832258522510528564e-02
9.829077124595642090e-02
9.825938940048217773e-02
9.822841733694076538e-02
9.819702059030532837e-02
9.816578775644302368e-02
9.813456982374191284e-02
9.810363501310348511e-02
9.807261079549789429e-02
9.804206341505050659e-02
9.801140427589416504e-02
9.798064082860946655e-02
9.795018285512924194e-02
9.791959822177886963e-02
9.788951277732849121e-02
9.785880148410797119e-02
9.782902151346206665e-02
9.779932349920272827e-02
9.776875376701354980e-02
9.773924946784973145e-02
9.770898520946502686e-02
9.767965227365493774e-02
9.764976799488067627e-02
9.762030094861984253e-02
9.759124368429183960e-02
9.756144136190414429e-02
9.753242880105972290e-02
9.750311821699142456e-02
9.747410565614700317e-02
9.744498133659362793e-02
9.741614013910293579e-02
9.738758206367492676e-02
9.735871851444244385e-02
9.733014553785324097e-02
9.730146825313568115e-02
9.727294743061065674e-02
9.724443405866622925e-02
9.721653163433074951e-02
9.718841314315795898e-02
9.716004878282546997e-02
9.713209420442581177e-02
9.710403531789779663e-02
9.707656502723693848e-02
9.704823791980743408e-02
9.702095389366149902e-02
9.699374437332153320e-02
9.696581214666366577e-02
9.693877398967742920e-02
9.691090136766433716e-02
9.688402712345123291e-02
9.685675054788589478e-02
9.682976454496383667e-02
9.680253267288208008e-02
9.677571058273315430e-02
9.674927592277526855e-02
9.672243148088455200e-02
9.669574350118637085e-02
9.666906297206878662e-02
9.664268046617507935e-02
9.661615639925003052e-02
9.659010916948318481e-02
9.656397998332977295e-02
9.653771668672561646e-02
9.651174396276473999e-02
9.648565202951431274e-02
9.646002948284149170e-02
9.643381088972091675e-02
9.640847146511077881e-02
9.638292342424392700e-02
9.635712206363677979e-02
9.633202105760574341e-02
9.630623459815979004e-02
9.628129005432128906e-02
9.625583142042160034e-02
9.623077511787414551e-02
9.620609134435653687e-02
9.618069231510162354e-02
9.615605324506759644e-02
9.613111615180969238e-02
9.610646218061447144e-02
9.608168154954910278e-02
9.605708718299865723e-02
9.603295475244522095e-02
9.600814431905746460e-02
9.598417580127716064e-02
9.595952183008193970e-02
9.593559056520462036e-02
9.591110050678253174e-02
9.588745236396789551e-02
9.586359560489654541e-02
9.583950042724609375e-02
9.581582248210906982e-02
9.579198062419891357e-02
9.576872736215591431e-02
9.574466943740844727e-02
9.572155773639678955e-02
9.569825977087020874e-02
9.566793590784072876e-02
9.563542157411575317e-02
9.560314565896987915e-02
9.557080268859863281e-02
9.553881734609603882e-02
9.550663828849792480e-02
9.547480940818786621e-02
9.544328600168228149e-02
9.541162103414535522e-02
9.537967294454574585e-02
9.534817934036254883e-02
9.531676769256591797e-02
9.528516978025436401e-02
9.525392204523086548e-02
9.522249549627304077e-02
9.519140422344207764e-02
9.516062587499618530e-02
9.512958675622940063e-02
9.509848058223724365e-02
9.506771713495254517e-02
9.503678232431411743e-02
9.500618278980255127e-02
9.497539699077606201e-02
9.494496881961822510e-02
9.491435438394546509e-02
9.488442540168762207e-02
9.485423564910888672e-02
9.482385218143463135e-02
9.479380398988723755e-02
9.476358443498611450e-02
9.473370015621185303e-02
9.470363706350326538e-02
9.467390924692153931e-02
9.464436769485473633e-02
9.461479634046554565e-02
9.458505362272262573e-02
9.455563127994537354e-02
9.452604502439498901e-02
9.449677914381027222e-02
9.446734189987182617e-02
9.443813562393188477e-02
9.440909326076507568e-02
9.438035637140274048e-02
9.435148537158966064e-02
9.432242065668106079e-02
9.429369121789932251e-02
9.426479786634445190e-02
9.423622488975524902e-02
9.420736879110336304e-02
9.417894482612609863e-02
9.415034949779510498e-02
9.412253648042678833e-02
9.409409016370773315e-02
9.406596422195434570e-02
9.403766691684722900e-02
9.400968253612518311e-02
9.398168325424194336e-02
9.395360946655273438e-02
9.392584860324859619e-02
9.389792382717132568e-02
9.387076646089553833e-02
9.384299069643020630e-02
9.381552785634994507e-02
9.378779679536819458e-02
9.376046806573867798e-02
9.373299032449722290e-02
9.370581060647964478e-02
9.367846697568893433e-02
9.365189075469970703e-02
9.362469613552093506e-02
9.359780699014663696e-02
9.357064962387084961e-02
9.354390203952789307e-02
9.351699799299240112e-02
9.349015355110168457e-02
9.346361458301544189e-02
9.343691915273666382e-02
9.341097623109817505e-02
9.338442236185073853e-02
9.335806965827941895e-02
9.333166480064392090e-02
9.330554306507110596e-02
9.327926486730575562e-02
9.325329214334487915e-02
9.322714805603027344e-02
9.320108592510223389e-02
9.317566454410552979e-02
9.314973652362823486e-02
9.312409162521362305e-02
9.309830516576766968e-02
9.307280182838439941e-02
9.304714947938919067e-02
9.302178770303726196e-02
9.299627691507339478e-02
9.297094494104385376e-02
9.294600784778594971e-02
9.292069822549819946e-02
9.289565682411193848e-02
9.287048131227493286e-02
9.284558147192001343e-02
9.282053261995315552e-02
9.279576689004898071e-02
9.277076274156570435e-02
9.274613857269287109e-02
9.272179007530212402e-02
9.269729256629943848e-02
9.267263859510421753e-02
9.264805167913436890e-02
9.262374043464660645e-02
9.259919822216033936e-02
9.257502108812332153e-02
9.255069494247436523e-02
9.252708405256271362e-02
9.250289201736450195e-02
9.247896820306777954e-02
9.245490282773971558e-02
9.243090450763702393e-02
9.240707755088806152e-02
9.238319844007492065e-02
9.235960245132446289e-02
9.233585000038146973e-02
9.231281280517578125e-02
9.228606522083282471e-02
9.225241094827651978e-02
9.221811592578887939e-02
9.218452870845794678e-02
9.215047210454940796e-02
9.211681038141250610e-02
9.208300709724426270e-02
9.204959124326705933e-02
9.201592952013015747e-02
9.198257327079772949e-02
9.194914251565933228e-02
9.191592037677764893e-02
9.188298135995864868e-02
9.184956550598144531e-02
9.181676059961318970e-02
9.178340435028076172e-02
9.175062924623489380e-02
9.171761572360992432e-02
9.168490022420883179e-02
9.165211021900177002e-02
9.161952883005142212e-02
9.158679097890853882e-02
9.155444055795669556e-02
9.152185171842575073e-02
9.148963540792465210e-02
9.145718067884445190e-02
9.142503142356872559e-02
9.139260649681091309e-02
9.136077761650085449e-02
9.132883697748184204e-02
9.129679948091506958e-02
9.126499295234680176e-02
9.123302251100540161e-02
9.120143204927444458e-02
9.116940945386886597e-02
9.113805741071701050e-02
9.110625833272933960e-02
9.107504785060882568e-02
9.104329347610473633e-02
9.101211279630661011e-02
9.098068624734878540e-02
9.094955772161483765e-02
9.091815352439880371e-02
9.088734537363052368e-02
9.085642546415328979e-02
9.082522988319396973e-02
9.079461544752120972e-02
9.076347202062606812e-02
9.073308110237121582e-02
9.070207178592681885e-02
9.067154675722122192e-02
9.064092487096786499e-02
9.061053395271301270e-02
9.057980030775070190e-02
9.054978936910629272e-02
9.051918238401412964e-02
9.048923105001449585e-02
9.045882523059844971e-02
9.042882919311523438e-02
9.039906412363052368e-02
9.036886692047119141e-02
9.033904969692230225e-02
9.030907601118087769e-02
9.027948230504989624e-02
9.024944901466369629e-02
9.022007882595062256e-02
9.019026905298233032e-02
9.016101062297821045e-02
9.013124555349349976e-02
9.010203182697296143e-02
9.007255733013153076e-02
9.004339575767517090e-02
9.001395851373672485e-02
8.998509496450424194e-02
8.995611220598220825e-02
8.992703258991241455e-02
8.989819139242172241e-02
8.986898511648178101e-02
8.984050154685974121e-02
8.981142938137054443e-02
8.978282660245895386e-02
8.975412696599960327e-02
8.972565084695816040e-02
8.969682455062866211e-02
8.966870605945587158e-02
8.964001387357711792e-02
8.961194753646850586e-02
8.958344161510467529e-02
8.955533057451248169e-02
8.952712267637252808e-02
8.949912339448928833e-02
8.947119861841201782e-02
8.944316208362579346e-02
8.941534906625747681e-02
8.938736468553543091e-02
8.935976028442382812e-02
8.933172374963760376e-02
8.930432051420211792e-02
8.927648514509201050e-02
8.924903720617294312e-02
8.922140300273895264e-02
8.919414877891540527e-02
8.916647732257843018e-02
8.913941681385040283e-02
8.911193907260894775e-02
8.908500522375106812e-02
8.905797451734542847e-02
8.903066068887710571e-02
8.900390565395355225e-02
8.897665143013000488e-02
8.894991129636764526e-02
8.892292529344558716e-02
8.889624476432800293e-02
8.886928856372833252e-02
8.884286880493164062e-02
8.881595730781555176e-02
8.878972381353378296e-02
8.876293152570724487e-02
8.873659372329711914e-02
8.871012926101684570e-02
8.868389576673507690e-02
8.865772187709808350e-02
8.863143622875213623e-02
8.860537409782409668e-02
8.857897669076919556e-02
8.855324238538742065e-02
8.852695673704147339e-02
8.850113302469253540e-02
8.847502619028091431e-02
8.844944834709167480e-02
8.842338621616363525e-02
8.839783817529678345e-02
8.837203681468963623e-02
8.834653347730636597e-02
8.831816911697387695e-02
8.826695382595062256e-02
8.821552991867065430e-02
8.816453069448471069e-02
8.811357617378234863e-02
8.806253224611282349e-02
8.801179379224777222e-02
8.796082437038421631e-02
8.791030198335647583e-02
8.785968273878097534e-02
8.780936896800994873e-02
8.775883167982101440e-02
8.770871907472610474e-02
8.765891194343566895e-02
8.760863542556762695e-02
8.755889534950256348e-02
8.750896155834197998e-02
8.745944499969482422e-02
8.740958571434020996e-02
8.736027032136917114e-02
8.731075376272201538e-02
8.726165443658828735e-02
8.721220493316650391e-02
8.716344088315963745e-02
8.711459487676620483e-02
8.706552535295486450e-02
8.701687306165695190e-02
8.696814626455307007e-02
8.691970258951187134e-02
8.687105029821395874e-02
8.682283014059066772e-02
8.677450567483901978e-02
8.672647923231124878e-02
8.667861670255661011e-02
8.663054555654525757e-02
8.658287674188613892e-02
8.653488755226135254e-02
8.648743480443954468e-02
8.643976598978042603e-02
8.639250695705413818e-02
8.634492754936218262e-02
8.629801124334335327e-02
8.625061810016632080e-02
8.620377629995346069e-02
8.615697175264358521e-02
8.611006289720535278e-02
8.606346696615219116e-02
