4.553163945674896240e-01
4.549713134765625000e-01
4.546235203742980957e-01
4.542722105979919434e-01
4.539193212985992432e-01
4.536875784397125244e-01
4.534862637519836426e-01
4.532777965068817139e-01
4.530625641345977783e-01
4.528404176235198975e-01
4.531153440475463867e-01
4.536651670932769775e-01
4.542035758495330811e-01
4.547293484210968018e-01
4.552448093891143799e-01
4.559054970741271973e-01
4.568443894386291504e-01
4.577777087688446045e-01
4.587034285068511963e-01
4.596225023269653320e-01
4.605358839035034180e-01
4.613301455974578857e-01
4.621120393276214600e-01
4.628913402557373047e-01
4.636682868003845215e-01
4.644421041011810303e-01
4.652827382087707520e-01
4.662779569625854492e-01
4.672735035419464111e-01
4.682692885398864746e-01
4.692653417587280273e-01
4.702616333961486816e-01
4.711184501647949219e-01
4.718496203422546387e-01
4.725823700428009033e-01
4.733164310455322266e-01
4.740523397922515869e-01
4.747895598411560059e-01
4.753387570381164551e-01
4.757398664951324463e-01
4.761416018009185791e-01
4.765452146530151367e-01
4.769482016563415527e-01
4.773518145084381104e-01
4.777510464191436768e-01
4.781433641910552979e-01
4.785363078117370605e-01
4.789298176765441895e-01
4.793239235877990723e-01
4.797185957431793213e-01
4.800843000411987305e-01
4.800161421298980713e-01
4.799464046955108643e-01
4.798770546913146973e-01
4.798061251640319824e-01
4.797356128692626953e-01
4.796634912490844727e-01
4.796670675277709961e-01
4.797436594963073730e-01
4.798200130462646484e-01
4.798964560031890869e-01
4.799724221229553223e-01
4.800481498241424561e-01
4.801236987113952637e-01
4.800918400287628174e-01
4.800218343734741211e-01
4.799500107765197754e-01
4.798779487609863281e-01
4.798053205013275146e-01
4.797319173812866211e-01
4.796592295169830322e-01
4.794597029685974121e-01
4.792133271694183350e-01
4.789665639400482178e-01
4.787194728851318359e-01
4.784720242023468018e-01
4.782242178916931152e-01
4.779760539531707764e-01
4.777308702468872070e-01
4.774912297725677490e-01
4.772499799728393555e-01
4.770084023475646973e-01
4.767677485942840576e-01
4.765255153179168701e-01
4.762829542160034180e-01
4.760413169860839844e-01
4.758061170578002930e-01
4.755718708038330078e-01
4.753362834453582764e-01
4.751014411449432373e-01
4.748650193214416504e-01
4.746295511722564697e-01
4.743927419185638428e-01
4.740924835205078125e-01
4.735558032989501953e-01
4.730196595191955566e-01
4.724840819835662842e-01
4.719490408897399902e-01
4.714143574237823486e-01
4.708804488182067871e-01
4.703471064567565918e-01
4.698620736598968506e-01
4.696160554885864258e-01
4.693710803985595703e-01
4.691250622272491455e-01
4.688800871372222900e-01
4.686340987682342529e-01
4.683881402015686035e-01
4.681431949138641357e-01
4.678972363471984863e-01
4.674501419067382812e-01
4.669567644596099854e-01
4.664636850357055664e-01
4.659722745418548584e-01
4.654801487922668457e-01
4.649887084960937500e-01
4.644985496997833252e-01
4.640080630779266357e-01
4.635350406169891357e-01
4.631546139717102051e-01
4.627757072448730469e-01
4.623962640762329102e-01
4.620181322097778320e-01
4.616396725177764893e-01
4.612626731395721436e-01
4.608859717845916748e-01
4.605089426040649414e-01
4.601545929908752441e-01
4.599187672138214111e-01
4.596830904483795166e-01
4.594475626945495605e-01
4.592121541500091553e-01
4.589779078960418701e-01
4.587427973747253418e-01
4.585078060626983643e-01
4.582729637622833252e-01
4.580382406711578369e-01
4.576176404953002930e-01
4.571530818939208984e-01
4.566894471645355225e-01
4.562254548072814941e-01
4.557633697986602783e-01
4.553018808364868164e-01
4.548403620719909668e-01
4.543804228305816650e-01
4.539204239845275879e-01
4.534696340560913086e-01
4.531100690364837646e-01
4.527499675750732422e-01
4.523913562297821045e-01
4.520292580127716064e-01
4.516703784465789795e-01
4.513130784034729004e-01
4.509553015232086182e-01
4.505989551544189453e-01
4.502428770065307617e-01
4.498864710330963135e-01
4.497348070144653320e-01
4.495916366577148438e-01
4.494482278823852539e-01
4.493047595024108887e-01
4.491623640060424805e-01
4.490187764167785645e-01
4.488752782344818115e-01
4.487315714359283447e-01
4.485877752304077148e-01
4.484440982341766357e-01
4.483391046524047852e-01
4.482874274253845215e-01
4.482354819774627686e-01
4.481833279132843018e-01
4.481308758258819580e-01
4.480783641338348389e-01
4.480254054069519043e-01
4.479722082614898682e-01
4.479187428951263428e-01
4.478650093078613281e-01
4.478110074996948242e-01
4.477641880512237549e-01
4.477272629737854004e-01
4.476900100708007812e-01
4.476527571678161621e-01
4.476151466369628906e-01
4.475775361061096191e-01
4.475397169589996338e-01
4.475015401840209961e-01
4.474633634090423584e-01
4.474247992038726807e-01
4.473862051963806152e-01
4.473474025726318359e-01
4.472638070583343506e-01
4.471787214279174805e-01
4.470925629138946533e-01
4.470071792602539062e-01
4.469206631183624268e-01
4.468349516391754150e-01
4.467481076717376709e-01
4.466620087623596191e-01
4.465747773647308350e-01
4.464883208274841309e-01
4.464006721973419189e-01
4.463137686252593994e-01
4.461704492568969727e-01
4.460252523422241211e-01
4.458797276020050049e-01
4.457347989082336426e-01
4.455885589122772217e-01
4.454417824745178223e-01
4.452957212924957275e-01
4.451483190059661865e-01
4.450004994869232178e-01
4.448522627353668213e-01
4.447044730186462402e-01
4.445551335811614990e-01
4.442613720893859863e-01
4.437933862209320068e-01
4.433254599571228027e-01
4.428578019142150879e-01
4.423900544643402100e-01
4.419233798980712891e-01
4.414556324481964111e-01
4.409878253936767578e-01
4.405200779438018799e-01
4.400520622730255127e-01
4.395849704742431641e-01
4.391165375709533691e-01
4.386478662490844727e-01
4.382532238960266113e-01
4.379947185516357422e-01
4.377365112304687500e-01
4.374763369560241699e-01
4.372163116931915283e-01
4.369541108608245850e-01
4.366918504238128662e-01
4.364271461963653564e-01
4.361620843410491943e-01
4.358943104743957520e-01
4.356257319450378418e-01
4.353540241718292236e-01
4.350810647010803223e-01
4.348043501377105713e-01
4.345713853836059570e-01
4.343628585338592529e-01
4.341501295566558838e-01
4.339329302310943604e-01
4.337105453014373779e-01
4.334834814071655273e-01
4.332512915134429932e-01
4.330231547355651855e-01
4.330175220966339111e-01
4.332976043224334717e-01
4.337235093116760254e-01
4.341786503791809082e-01
4.346176385879516602e-01
4.350140988826751709e-01
4.353443086147308350e-01
4.355724453926086426e-01
4.357421696186065674e-01
4.358553588390350342e-01
4.359194636344909668e-01
4.359384477138519287e-01
4.359202682971954346e-01
4.358693361282348633e-01
4.357894957065582275e-01
4.356871545314788818e-01
4.355638325214385986e-01
4.354248344898223877e-01
4.352706670761108398e-01
4.351056814193725586e-01
4.349307715892791748e-01
4.347455203533172607e-01
4.345439672470092773e-01
4.343373775482177734e-01
4.341250956058502197e-01
4.339085221290588379e-01
4.336886405944824219e-01
4.334666132926940918e-01
4.332414269447326660e-01
4.330141246318817139e-01
4.327852129936218262e-01
4.325559735298156738e-01
4.323246479034423828e-01
4.320926070213317871e-01
4.318606257438659668e-01
4.316273927688598633e-01
4.313936233520507812e-01
4.311724603176116943e-01
4.310018420219421387e-01
4.308301806449890137e-01
4.306592941284179688e-01
4.304874539375305176e-01
4.303166866302490234e-01
4.301449060440063477e-01
4.299740791320800781e-01
4.298025071620941162e-01
4.296319484710693359e-01
4.294607043266296387e-01
4.292904734611511230e-01
4.291197657585144043e-01
4.289491176605224609e-01
4.287795722484588623e-01
4.286093711853027344e-01
4.284402728080749512e-01
4.282931983470916748e-01
4.281709194183349609e-01
4.280495047569274902e-01
4.279274940490722656e-01
4.278056323528289795e-01
4.276847839355468750e-01
4.275630116462707520e-01
4.274415373802185059e-01
4.273210763931274414e-01
4.271998703479766846e-01
4.270787835121154785e-01
4.269576668739318848e-01
4.268377125263214111e-01
4.267169833183288574e-01
4.265964031219482422e-01
4.264768064022064209e-01
4.263562560081481934e-01
4.262360334396362305e-01
4.263104200363159180e-01
4.264220893383026123e-01
4.265332520008087158e-01
4.266442358493804932e-01
4.267548918724060059e-01
4.268641769886016846e-01
4.269741177558898926e-01
4.270837008953094482e-01
4.271927475929260254e-01
4.273016154766082764e-01
4.274101257324218750e-01
4.275182485580444336e-01
4.276249706745147705e-01
4.277323484420776367e-01
4.278393387794494629e-01
4.279457330703735352e-01
4.280519485473632812e-01
4.281577765941619873e-01
4.282769560813903809e-01
4.284473061561584473e-01
4.286181926727294922e-01
4.287883043289184570e-01
4.289581477642059326e-01
4.291280508041381836e-01
4.292976558208465576e-01
4.294673204421997070e-01
4.296368658542633057e-01
4.298060834407806396e-01
4.299753904342651367e-01
4.301443397998809814e-01
4.303133785724639893e-01
4.304820597171783447e-01
4.306508302688598633e-01
4.308200478553771973e-01
4.309885203838348389e-01
4.311568140983581543e-01
4.313247799873352051e-01
4.314927756786346436e-01
4.317410290241241455e-01
4.320581555366516113e-01
4.323754906654357910e-01
4.326930344104766846e-01
4.330107867717742920e-01
4.333287179470062256e-01
4.336468875408172607e-01
4.339652359485626221e-01
4.342837631702423096e-01
4.346024990081787109e-01
4.349214136600494385e-01
4.352405369281768799e-01
4.355598092079162598e-01
4.358792901039123535e-01
4.361989200115203857e-01
4.365179240703582764e-01
4.368379116058349609e-01
4.371580779552459717e-01
4.374784231185913086e-01
4.377989172935485840e-01
4.381195604801177979e-01
4.384117126464843750e-01
4.386911392211914062e-01
4.389719665050506592e-01
4.392520487308502197e-01
4.395335614681243896e-01
4.398143291473388672e-01
4.400964975357055664e-01
4.403779208660125732e-01
4.406607449054718018e-01
4.409428536891937256e-01
4.412263631820678711e-01
4.415091276168823242e-01
4.417932927608489990e-01
4.420767128467559814e-01
4.423615336418151855e-01
4.426456391811370850e-01
4.429311454296112061e-01
4.432159066200256348e-01
4.435020685195922852e-01
4.437874853610992432e-01
4.440743327140808105e-01
4.443604052066802979e-01
4.446239173412322998e-01
4.448730349540710449e-01
4.451216459274291992e-01
4.453701376914978027e-01
4.456198513507843018e-01
4.458686113357543945e-01
4.461177289485931396e-01
4.463675916194915771e-01
4.466169476509094238e-01
4.468662440776824951e-01
4.471167325973510742e-01
4.473662674427032471e-01
4.476159512996673584e-01
4.478668570518493652e-01
4.481167793273925781e-01
4.483671188354492188e-01
4.486182034015655518e-01
4.488688111305236816e-01
4.491201937198638916e-01
4.493710696697235107e-01
4.496218860149383545e-01
4.498739540576934814e-01
4.501250684261322021e-01
4.503350555896759033e-01
4.502531588077545166e-01
4.501703977584838867e-01
4.500867426395416260e-01
4.500022530555725098e-01
4.499168395996093750e-01
4.498305916786193848e-01
4.497436881065368652e-01
4.496556520462036133e-01
4.495667517185211182e-01
4.494769871234893799e-01
4.493863284587860107e-01
4.492948055267333984e-01
4.492023587226867676e-01
4.491090774536132812e-01
4.490148723125457764e-01
4.489189088344573975e-01
4.488229453563690186e-01
4.487260878086090088e-01
4.486283361911773682e-01
4.485297203063964844e-01
4.484301805496215820e-01
4.483299553394317627e-01
4.482286274433135986e-01
4.481264054775238037e-01
4.480170011520385742e-01
4.478627741336822510e-01
4.477079510688781738e-01
4.475525915622711182e-01
4.473966658115386963e-01
4.472402036190032959e-01
4.470831751823425293e-01
4.469255805015563965e-01
4.467674195766448975e-01
4.466087222099304199e-01
4.464494585990905762e-01
4.462896287441253662e-01
4.461283087730407715e-01
4.459673762321472168e-01
4.458058774471282959e-01
4.456438124179840088e-01
4.454813599586486816e-01
4.453181624412536621e-01
4.451543986797332764e-01
4.449900984764099121e-01
4.448252022266387939e-01
4.446597695350646973e-01
4.444937705993652344e-01
4.443271756172180176e-01
4.441600441932678223e-01
4.439923465251922607e-01
4.438240528106689453e-01
4.436656236648559570e-01
4.435173869132995605e-01
4.433694481849670410e-01
4.432196915149688721e-01
4.430703222751617432e-01
4.429193437099456787e-01
4.427686035633087158e-01
4.426162242889404297e-01
4.424640834331512451e-01
4.423103034496307373e-01
4.421558380126953125e-01
4.420014619827270508e-01
4.418455660343170166e-01
4.416899085044860840e-01
4.415326118469238281e-01
4.413755238056182861e-01
4.412167966365814209e-01
4.410583078861236572e-01
4.408980309963226318e-01
4.407381117343902588e-01
4.405765235424041748e-01
4.404151737689971924e-01
4.402521252632141113e-01
4.400893151760101318e-01
4.399248361587524414e-01
4.397604763507843018e-01
4.395945370197296143e-01
4.394288361072540283e-01
4.392614364624023438e-01
4.389474391937255859e-01
4.386274814605712891e-01
4.383068382740020752e-01
4.379844367504119873e-01
4.376622140407562256e-01
4.373390972614288330e-01
4.370152950286865234e-01
4.366897046566009521e-01
4.363642334938049316e-01
4.360380470752716064e-01
4.357110857963562012e-01
4.353833198547363281e-01
4.350537061691284180e-01
4.347243905067443848e-01
4.343942701816558838e-01
4.340633451938629150e-01
4.337315857410430908e-01
4.333980977535247803e-01
4.330648481845855713e-01
4.327307045459747314e-01
4.323958754539489746e-01
4.320592582225799561e-01
4.317228496074676514e-01
4.313855767250061035e-01
4.310475885868072510e-01
4.307088255882263184e-01
4.303682744503021240e-01
4.300279021263122559e-01
4.296867847442626953e-01
4.293448925018310547e-01
4.290116131305694580e-01
4.286918044090270996e-01
4.283704161643981934e-01
4.280492663383483887e-01
4.277274608612060547e-01
4.274040460586547852e-01
4.270808994770050049e-01
4.267561435699462891e-01
4.264316558837890625e-01
4.261065125465393066e-01
4.257797300815582275e-01
4.254532456398010254e-01
4.251261353492736816e-01
4.247973263263702393e-01
4.244688451290130615e-01
4.241387248039245605e-01
4.238089025020599365e-01
4.234784245491027832e-01
4.231463372707366943e-01
4.228145182132720947e-01
4.224820733070373535e-01
4.221479594707489014e-01
4.218141734600067139e-01
4.214787483215332031e-01
4.211436510086059570e-01
4.208079278469085693e-01
4.204705059528350830e-01
4.201334416866302490e-01
4.197957217693328857e-01
4.194563329219818115e-01
4.191173017024993896e-01
4.187766015529632568e-01
4.184362888336181641e-01
4.180033504962921143e-01
4.175159633159637451e-01
4.170270860195159912e-01
4.165387451648712158e-01
4.160498976707458496e-01
4.155595600605010986e-01
4.150697588920593262e-01
4.145795106887817383e-01
4.140877723693847656e-01
4.135966002941131592e-01
4.131049215793609619e-01
4.126128554344177246e-01
4.121192693710327148e-01
4.116262793540954590e-01
4.111328125000000000e-01
4.106379449367523193e-01
4.101436734199523926e-01
4.096488952636718750e-01
4.091537296772003174e-01
4.086571037769317627e-01
4.081611037254333496e-01
4.076646566390991211e-01
4.071668386459350586e-01
4.066695272922515869e-01
4.061719179153442383e-01
4.056738018989562988e-01
4.051744043827056885e-01
4.046755135059356689e-01
4.041762948036193848e-01
4.036756455898284912e-01
4.031756818294525146e-01
4.026752412319183350e-01
4.021745324134826660e-01
4.016723930835723877e-01
4.011709392070770264e-01
4.006971120834350586e-01
4.002865552902221680e-01
3.998746871948242188e-01
3.994636833667755127e-01
3.990523517131805420e-01
3.986409008502960205e-01
3.982292115688323975e-01
3.978162407875061035e-01
3.974041044712066650e-01
3.969916701316833496e-01
3.965791165828704834e-01
3.961662650108337402e-01
3.957522809505462646e-01
3.953390121459960938e-01
3.949256241321563721e-01
3.945119082927703857e-01
3.940981328487396240e-01
3.936830461025238037e-01
3.932688534259796143e-01
3.928543627262115479e-01
3.924397826194763184e-01
3.920248746871948242e-01
3.916089534759521484e-01
3.911936879158020020e-01
3.907783627510070801e-01
3.903627097606658936e-01
3.899470269680023193e-01
3.895300328731536865e-01
3.891140222549438477e-01
3.886976540088653564e-01
3.882812857627868652e-01
3.878645896911621094e-01
3.874468803405761719e-01
3.870298266410827637e-01
3.866128027439117432e-01
3.861954212188720703e-01
3.857770860195159912e-01
3.853594064712524414e-01
3.849098086357116699e-01
3.842932879924774170e-01
3.836771547794342041e-01
3.830623924732208252e-01
3.824470341205596924e-01
3.818320930004119873e-01
3.812175393104553223e-01
3.806007504463195801e-01
3.799870312213897705e-01
3.793736994266510010e-01
3.787608146667480469e-01
3.781483471393585205e-01
3.775372803211212158e-01
3.769256770610809326e-01
3.763144910335540771e-01
3.757037818431854248e-01
3.750934898853302002e-01
3.744836449623107910e-01
3.738742470741271973e-01
3.732653260231018066e-01
3.726568520069122314e-01
3.720498085021972656e-01
3.714422583580017090e-01
3.708351850509643555e-01
3.702285587787628174e-01
3.696224391460418701e-01
3.690167963504791260e-01
3.684116303920745850e-01
3.678069412708282471e-01
3.672027587890625000e-01
3.666000068187713623e-01
3.659968078136444092e-01
3.653941154479980469e-01
3.647919297218322754e-01
3.641902506351470947e-01
3.635890781879425049e-01
3.629884123802185059e-01
3.623882532119750977e-01
3.617886304855346680e-01
3.611907064914703369e-01
3.605921268463134766e-01
3.599940836429595947e-01
3.595695495605468750e-01
3.591809868812561035e-01
3.587931394577026367e-01
3.584057986736297607e-01
3.580187261104583740e-01
3.576323688030242920e-01
3.572462797164916992e-01
3.568609356880187988e-01
3.564758300781250000e-01
3.560914397239685059e-01
3.557073175907135010e-01
3.553239405155181885e-01
3.549407720565795898e-01
3.545583784580230713e-01
3.541762232780456543e-01
3.537947833538055420e-01
3.534136116504669189e-01
3.530331552028656006e-01
3.526529371738433838e-01
3.522734940052032471e-01
3.518942594528198242e-01
3.515157699584960938e-01
3.511375188827514648e-01
3.507609069347381592e-01
3.503838777542114258e-01
3.500070869922637939e-01
3.496310114860534668e-01
3.492552042007446289e-01
3.488801121711730957e-01
3.485052585601806641e-01
3.481311500072479248e-01
3.477572798728942871e-01
3.473841249942779541e-01
3.470112085342407227e-01
3.466390371322631836e-01
3.462671041488647461e-01
3.458958864212036133e-01
3.455249071121215820e-01
3.451546430587768555e-01
3.447846174240112305e-01
3.444153368473052979e-01
3.440462946891784668e-01
3.436779677867889404e-01
3.433098793029785156e-01
3.429425060749053955e-01
3.425750434398651123e-01
3.422074317932128906e-01
3.418412506580352783e-01
3.414746522903442383e-01
3.411097228527069092e-01
3.407441675662994385e-01
3.403799831867218018e-01
3.400154411792755127e-01
3.396516442298889160e-01
3.392889797687530518e-01
3.389259278774261475e-01
3.385642468929290771e-01
3.382022082805633545e-01
3.378418087959289551e-01
3.374807834625244141e-01
3.371202349662780762e-01
3.367610573768615723e-01
3.364017903804779053e-01
3.360436260700225830e-01
3.356850743293762207e-01
3.353278934955596924e-01
3.349703550338745117e-01
3.346135616302490234e-01
3.342578709125518799e-01
3.339017927646636963e-01
3.335470855236053467e-01
3.331922888755798340e-01
3.328385651111602783e-01
3.324844837188720703e-01
3.321309089660644531e-01
3.317786455154418945e-01
3.314263224601745605e-01
3.310750424861907959e-01
3.307234048843383789e-01
3.303731381893157959e-01
3.300227522850036621e-01
3.296725749969482422e-01
3.293237686157226562e-01
3.289745748043060303e-01
3.286267220973968506e-01
3.282787799835205078e-01
3.279318809509277344e-01
3.275846540927886963e-01
3.272378742694854736e-01
3.268927335739135742e-01
3.265469372272491455e-01
3.262024521827697754e-01
3.258576393127441406e-01
3.255141079425811768e-01
3.252967894077301025e-01
3.250916302204132080e-01
3.248872756958007812e-01
3.246825635433197021e-01
3.244789242744445801e-01
3.242746591567993164e-01
3.240711987018585205e-01
3.238673806190490723e-01
3.236646056175231934e-01
3.234612345695495605e-01
3.232589066028594971e-01
3.230557143688201904e-01
3.228538036346435547e-01
3.226513266563415527e-01
3.224498629570007324e-01
3.222478330135345459e-01
3.220465183258056641e-01
3.218449056148529053e-01
3.216443359851837158e-01
3.214431405067443848e-01
3.212429881095886230e-01
3.210419714450836182e-01
3.208422660827636719e-01
3.206419348716735840e-01
3.204426467418670654e-01
3.202435970306396484e-01
3.200436532497406006e-01
3.198449909687042236e-01
3.196457624435424805e-01
3.194475471973419189e-01
3.192487359046936035e-01
3.190506696701049805e-01
3.188522756099700928e-01
3.186549246311187744e-01
3.184569478034973145e-01
3.182600140571594238e-01
3.180622160434722900e-01
3.178656995296478271e-01
3.176685869693756104e-01
3.174724876880645752e-01
3.172757923603057861e-01
3.170798420906066895e-01
3.168835937976837158e-01
3.166883289813995361e-01
3.164924979209899902e-01
3.162973821163177490e-01
3.161019384860992432e-01
3.159075379371643066e-01
3.157125115394592285e-01
3.155185282230377197e-01
3.153236508369445801e-01
3.151300549507141113e-01
3.149358928203582764e-01
3.147496879100799561e-01
3.145866990089416504e-01
3.144238293170928955e-01
3.142611086368560791e-01
3.140974342823028564e-01
3.139349520206451416e-01
3.137725889682769775e-01
3.136103749275207520e-01
3.134482502937316895e-01
3.132854998111724854e-01
3.131233751773834229e-01
3.129616379737854004e-01
3.128000199794769287e-01
3.126385509967803955e-01
3.124763965606689453e-01
3.123148977756500244e-01
3.121537864208221436e-01
3.119927942752838135e-01
3.118319511413574219e-01
3.116712272167205811e-01
3.115095496177673340e-01
3.113490641117095947e-01
3.111886978149414062e-01
3.110284507274627686e-01
3.108683526515960693e-01
3.107075691223144531e-01
3.105474114418029785e-01
3.103876709938049316e-01
3.102280497550964355e-01
3.100685477256774902e-01
3.099083900451660156e-01
3.097488582134246826e-01
3.095897436141967773e-01
3.094307184219360352e-01
3.092718422412872314e-01
3.091130852699279785e-01
3.089533746242523193e-01
3.087948560714721680e-01
3.086364567279815674e-01
3.084781765937805176e-01
3.083200454711914062e-01
3.081612288951873779e-01
3.080030381679534912e-01
3.078452646732330322e-01
3.076875805854797363e-01
3.075300455093383789e-01
3.073718547821044922e-01
3.072142601013183594e-01
3.070570826530456543e-01
3.069000244140625000e-01
3.067430853843688965e-01
3.065854907035827637e-01
3.064285218715667725e-01
3.062719404697418213e-01
3.061154782772064209e-01
3.059591352939605713e-01
3.058029115200042725e-01
3.056460618972778320e-01
3.054898083209991455e-01
3.053425252437591553e-01
3.052307069301605225e-01
3.051192164421081543e-01
3.050075173377990723e-01
3.048961460590362549e-01
3.047848641872406006e-01
3.046733438968658447e-01
3.045621812343597412e-01
3.044507801532745361e-01
3.043389618396759033e-01
3.042277097702026367e-01
3.041167855262756348e-01
3.040056228637695312e-01
3.038948178291320801e-01
3.037838041782379150e-01
3.036731183528900146e-01
3.035622239112854004e-01
3.034516870975494385e-01
3.033409118652343750e-01
3.032297194004058838e-01
3.031190931797027588e-01
3.030087649822235107e-01
3.028982579708099365e-01
3.027880787849426270e-01
3.026779592037200928e-01
3.025676012039184570e-01
3.024255931377410889e-01
3.022810220718383789e-01
3.021357655525207520e-01
3.019905686378479004e-01
3.018462359905242920e-01
3.017011880874633789e-01
3.015562593936920166e-01
3.014121353626251221e-01
3.012673258781433105e-01
3.011226058006286621e-01
3.009779751300811768e-01
3.008341491222381592e-01
3.006896376609802246e-01
3.005452454090118408e-01
3.004016578197479248e-01
3.002573847770690918e-01
3.001132011413574219e-01
2.999698519706726074e-01
2.998258173465728760e-01
2.996818423271179199e-01
2.995387017726898193e-01
2.993949055671691895e-01
2.992511987686157227e-01
2.991082668304443359e-01
2.989647090435028076e-01
2.988212108612060547e-01
2.987253367900848389e-01
2.986688911914825439e-01
2.986124455928802490e-01
2.985559999942779541e-01
2.985002994537353516e-01
2.984438836574554443e-01
2.983874976634979248e-01
2.983311116695404053e-01
2.982747256755828857e-01
2.982190847396850586e-01
2.981627285480499268e-01
2.981063723564147949e-01
2.980500161647796631e-01
2.979944348335266113e-01
2.979381084442138672e-01
2.978818118572235107e-01
2.978255152702331543e-01
2.977692186832427979e-01
2.977136969566345215e-01
2.976574301719665527e-01
2.976011633872985840e-01
2.975449264049530029e-01
2.974894344806671143e-01
2.974331974983215332e-01
2.973769903182983398e-01
2.973207831382751465e-01
2.972646057605743408e-01
2.972085773944854736e-01
2.971444725990295410e-01
2.970803678035736084e-01
2.970170080661773682e-01
2.969529330730438232e-01
2.968891263008117676e-01
2.968250215053558350e-01
2.967609465122222900e-01
2.966975867748260498e-01
2.966334819793701172e-01
2.965694069862365723e-01
2.965053021907806396e-01
2.964419424533843994e-01
2.963778674602508545e-01
2.963140606880187988e-01
2.962499856948852539e-01
2.961866259574890137e-01
2.961225509643554688e-01
2.960584759712219238e-01
2.959943711757659912e-01
2.959310412406921387e-01
2.958669364452362061e-01
2.958031594753265381e-01
2.957390844821929932e-01
2.956757247447967529e-01
2.956116497516632080e-01
2.955475747585296631e-01
2.954834997653961182e-01
2.954201400279998779e-01
2.953781187534332275e-01
2.953705787658691406e-01
2.953637540340423584e-01
2.953558862209320068e-01
2.953490018844604492e-01
2.953413724899291992e-01
2.953336834907531738e-01
2.953267395496368408e-01
2.953189909458160400e-01
2.953116893768310547e-01
2.953039109706878662e-01
2.952960729598999023e-01
2.952889800071716309e-01
2.952811121940612793e-01
2.952732145786285400e-01
2.952657341957092285e-01
2.952577769756317139e-01
2.952505350112915039e-01
2.952425181865692139e-01
2.952344715595245361e-01
2.952271401882171631e-01
2.952187359333038330e-01
2.952113449573516846e-01
2.952031791210174561e-01
2.951950132846832275e-01
2.951875329017639160e-01
2.951792776584625244e-01
2.951714396476745605e-01
2.951631247997283936e-01
2.951547801494598389e-01
2.951446473598480225e-01
2.951312363147735596e-01
2.951177060604095459e-01
2.951044142246246338e-01
2.950907051563262939e-01
2.950769364833831787e-01
2.950630486011505127e-01
2.950486242771148682e-01
2.950345575809478760e-01
2.950204014778137207e-01
2.950064241886138916e-01
2.949920892715454102e-01
2.949776351451873779e-01
2.949634194374084473e-01
2.949487566947937012e-01
2.949340343475341797e-01
2.949187755584716797e-01
2.949038743972778320e-01
2.948888540267944336e-01
2.948737442493438721e-01
2.948588430881500244e-01
2.948435544967651367e-01
2.948281466960906982e-01
2.948129773139953613e-01
2.947973608970642090e-01
2.947816848754882812e-01
2.947654724121093750e-01
2.947495877742767334e-01
2.947336137294769287e-01
2.947178483009338379e-01
2.947016954421997070e-01
2.946929931640625000e-01
2.947296202182769775e-01
2.947663962841033936e-01
2.948027253150939941e-01
2.948396205902099609e-01
2.948759496212005615e-01
2.949118018150329590e-01
2.949475049972534180e-01
2.949833869934082031e-01
2.950195074081420898e-01
2.950547337532043457e-01
2.950901389122009277e-01
2.951250374317169189e-01
2.951597869396209717e-01
2.951954901218414307e-01
2.952299118041992188e-01
2.952645123004913330e-01
2.951975166797637939e-01
2.951242923736572266e-01
2.950507402420043945e-01
2.949762344360351562e-01
2.949002981185913086e-01
2.948245108127593994e-01
2.947480380535125732e-01
2.946705222129821777e-01
2.945927381515502930e-01
2.945143282413482666e-01
2.944344878196716309e-01
2.943547666072845459e-01
2.942747175693511963e-01
2.941936850547790527e-01
2.941111922264099121e-01
2.940288186073303223e-01
2.939482331275939941e-01
2.938720583915710449e-01
2.937942147254943848e-01
2.937153875827789307e-01
2.936348617076873779e-01
2.935529947280883789e-01
2.934693992137908936e-01
2.933848500251770020e-01
2.932992875576019287e-01
2.932119965553283691e-01
2.931237220764160156e-01
2.930336892604827881e-01
2.929418683052062988e-01
2.928490638732910156e-01
2.927552163600921631e-01
2.926596105098724365e-01
2.925625741481781006e-01
2.922610938549041748e-01
2.916625738143920898e-01
2.910609543323516846e-01
2.904545962810516357e-01
2.898451089859008789e-01
2.892313003540039062e-01
2.886139452457427979e-01
2.879926562309265137e-01
2.873666286468505859e-01
2.867374420166015625e-01
2.861034870147705078e-01
2.854663729667663574e-01
2.848252952098846436e-01
2.841799259185791016e-01
2.835309207439422607e-01
2.828771471977233887e-01
2.822201550006866455e-01
2.815504968166351318e-01
2.807151079177856445e-01
2.798788249492645264e-01
2.790399789810180664e-01
2.781982123851776123e-01
2.773556411266326904e-01
2.765097320079803467e-01
2.756625413894653320e-01
2.748130261898040771e-01
2.739617526531219482e-01
2.731084525585174561e-01
2.722528576850891113e-01
2.713955640792846680e-01
2.705355286598205566e-01
2.696747779846191406e-01
2.688108086585998535e-01
2.679462134838104248e-01
2.670791447162628174e-01
2.662015259265899658e-01
2.652998268604278564e-01
2.643995285034179688e-01
2.634981274604797363e-01
2.625976800918579102e-01
2.616974115371704102e-01
2.607971727848052979e-01
2.598973214626312256e-01
2.589969933032989502e-01
2.580976784229278564e-01
2.571991384029388428e-01
2.562996149063110352e-01
2.554011344909667969e-01
2.545029520988464355e-01
2.536049187183380127e-01
2.527073919773101807e-01
2.518095076084136963e-01
2.509132623672485352e-01
2.500273287296295166e-01
2.493587732315063477e-01
2.486908733844757080e-01
2.480230778455734253e-01
2.473572343587875366e-01
2.466913461685180664e-01
2.460255622863769531e-01
2.453610152006149292e-01
2.446971684694290161e-01
2.440334409475326538e-01
2.433709651231765747e-01
2.427086234092712402e-01
2.420475482940673828e-01
2.413871735334396362e-01
2.407269328832626343e-01
2.400679886341094971e-01
2.394104450941085815e-01
2.387523502111434937e-01
2.380955666303634644e-01
2.374389171600341797e-01
2.367835789918899536e-01
2.361289709806442261e-01
2.354745268821716309e-01
2.348213940858840942e-01
2.341690212488174438e-01
2.335167974233627319e-01
2.328659147024154663e-01
2.322152107954025269e-01
2.315658330917358398e-01
2.309179008007049561e-01
2.302694767713546753e-01
2.296223938465118408e-01
2.289761006832122803e-01
2.283299714326858521e-01
2.276852279901504517e-01
2.270412743091583252e-01
2.263974845409393311e-01
2.257550954818725586e-01
2.251526117324829102e-01
2.246692776679992676e-01
2.241871058940887451e-01
2.237042486667633057e-01
2.232231944799423218e-01
2.227421104907989502e-01
2.222615778446197510e-01
2.217815667390823364e-01
2.213021665811538696e-01
2.208233326673507690e-01
2.203450351953506470e-01
2.198673337697982788e-01
2.193901985883712769e-01
2.189142405986785889e-01
2.184376120567321777e-01
2.179628014564514160e-01
2.174879461526870728e-01
2.170136570930480957e-01
2.165399193763732910e-01
2.160667926073074341e-01
2.155942171812057495e-01
2.151222229003906250e-01
2.146508097648620605e-01
2.141799628734588623e-01
2.137103229761123657e-01
2.132400125265121460e-01
2.127715349197387695e-01
2.123030126094818115e-01
2.118350565433502197e-01
2.113676965236663818e-01
2.109009176492691040e-01
2.104347199201583862e-01
2.099697142839431763e-01
2.095040678977966309e-01
2.090396285057067871e-01
2.085763812065124512e-01
2.081124931573867798e-01
2.076504230499267578e-01
2.071883231401443481e-01
2.067267894744873047e-01
2.062250673770904541e-01
2.056849151849746704e-01
2.051446884870529175e-01
2.046049833297729492e-01
2.040664404630661011e-01
2.035278230905532837e-01
2.029903531074523926e-01
2.024528086185455322e-01
2.019158154726028442e-01
2.013799846172332764e-01
2.008440941572189331e-01
2.003093659877777100e-01
1.997751593589782715e-01
1.992409080266952515e-01
1.987078487873077393e-01
1.981747299432754517e-01
1.976427882909774780e-01
1.971107870340347290e-01
1.965793520212173462e-01
1.960491091012954712e-01
1.955188065767288208e-01
1.949897110462188721e-01
1.944605559110641479e-01
1.939319670200347900e-01
1.934046000242233276e-01
1.928771734237670898e-01
1.923509538173675537e-01
1.918246895074844360e-01
1.912990063428878784e-01
1.907750964164733887e-01
1.902505904436111450e-01
1.897273063659667969e-01
1.892039775848388672e-01
1.886818856000900269e-01
1.881597340106964111e-01
1.876381933689117432e-01
1.871178895235061646e-01
1.865975260734558105e-01
1.860784292221069336e-01
1.855592876672744751e-01
1.850407421588897705e-01
1.845234632492065430e-01
1.840092241764068604e-01
1.834978163242340088e-01
1.829865425825119019e-01
1.824760288000106812e-01
1.819669455289840698e-01
1.814579814672470093e-01
1.809504479169845581e-01
1.804430186748504639e-01
1.799370348453521729e-01
1.794311702251434326e-01
1.789267361164093018e-01
1.784224361181259155e-01
1.779195517301559448e-01
1.774168163537979126e-01
1.769154965877532959e-01
1.764143109321594238e-01
1.759145557880401611e-01
1.754149347543716431e-01
1.749161034822463989e-01
1.744186878204345703e-01
1.739214211702346802e-01
1.734255999326705933e-01
1.729298979043960571e-01
1.724356412887573242e-01
1.719415187835693359e-01
1.714488267898559570e-01
1.709562838077545166e-01
1.704651862382888794e-01
1.699742227792739868e-01
1.694846898317337036e-01
1.689953058958053589e-01
1.685073673725128174e-01
1.680195629596710205e-01
1.675332188606262207e-01
1.670469939708709717e-01
1.665615737438201904e-01
1.660776138305664062e-01
1.655937731266021729e-01
1.651113927364349365e-01
1.646291613578796387e-01
1.641483753919601440e-01
1.636677235364913940e-01
1.631885319948196411e-01
1.627090126276016235e-01
1.622303575277328491e-01
1.617523282766342163e-01
1.612746119499206543e-01
1.607985198497772217e-01
1.603229343891143799e-01
1.598481237888336182e-01
1.593749523162841797e-01
1.589020788669586182e-01
1.584303826093673706e-01
1.579601019620895386e-01
1.574901342391967773e-01
1.570213437080383301e-01
1.565533131361007690e-01
1.560868918895721436e-01
1.556214541196823120e-01
1.551558673381805420e-01
1.546923518180847168e-01
1.542298048734664917e-01
1.537675559520721436e-01
1.533064842224121094e-01
1.528461575508117676e-01
1.523874551057815552e-01
1.519297212362289429e-01
1.514718383550643921e-01
1.510160118341445923e-01
1.505604982376098633e-01
1.501065939664840698e-01
1.496532112360000610e-01
1.492005586624145508e-01
1.487495303153991699e-01
1.482987999916076660e-01
1.478492468595504761e-01
1.474010795354843140e-01
1.469532102346420288e-01
1.465069502592086792e-01
1.460612118244171143e-01
1.456162035465240479e-01
1.451728045940399170e-01
1.447296887636184692e-01
1.442877650260925293e-01
1.438472121953964233e-01
1.434069573879241943e-01
1.429682970046997070e-01
1.425295174121856689e-01
1.420927494764328003e-01
1.416569203138351440e-01
1.412231922149658203e-01
1.408143043518066406e-01
1.404059827327728271e-01
1.399997025728225708e-01
1.395933628082275391e-01
1.391890347003936768e-01
1.387850493192672729e-01
1.383822858333587646e-01
1.379802525043487549e-01
1.375787854194641113e-01
1.371793448925018311e-01
1.367802172899246216e-01
1.363823115825653076e-01
1.359851211309432983e-01
1.355891674757003784e-01
1.351938992738723755e-01
1.347992122173309326e-01
1.344065070152282715e-01
1.340141147375106812e-01
1.336229592561721802e-01
1.332324743270874023e-01
1.328425705432891846e-01
1.324546337127685547e-01
1.320669949054718018e-01
1.316805928945541382e-01
1.312948465347290039e-01
1.309103220701217651e-01
1.305264532566070557e-01
1.301435381174087524e-01
1.297618150711059570e-01
1.293807625770568848e-01
1.290009170770645142e-01
1.286217272281646729e-01
1.282441020011901855e-01
1.278664022684097290e-01
1.274899840354919434e-01
1.271147578954696655e-01
1.267401874065399170e-01
1.263671517372131348e-01
1.259940415620803833e-01
1.256222128868103027e-01
1.252515614032745361e-01
1.248815432190895081e-01
1.245127022266387939e-01
1.241444870829582214e-01
1.237778067588806152e-01
1.234110370278358459e-01
1.230455115437507629e-01
1.226811707019805908e-01
1.223174259066581726e-01
1.220137700438499451e-01
1.217207536101341248e-01
1.214281022548675537e-01
1.211358606815338135e-01
1.208449453115463257e-01
1.205547377467155457e-01
1.202645972371101379e-01
1.199754476547241211e-01
1.196873262524604797e-01
1.193992644548416138e-01
1.191125139594078064e-01
1.188264489173889160e-01
1.185401156544685364e-01
1.182554215192794800e-01
1.179707795381546021e-01
1.176874339580535889e-01
1.174047589302062988e-01
1.171218156814575195e-01
1.168404892086982727e-01
1.165598258376121521e-01
1.162792146205902100e-01
1.159998774528503418e-01
1.157208830118179321e-01
1.154422536492347717e-01
1.151648983359336853e-01
1.148881912231445312e-01
1.146112084388732910e-01
1.143358126282691956e-01
1.140604391694068909e-01
1.137863323092460632e-01
1.135128736495971680e-01
1.132391318678855896e-01
1.129669547080993652e-01
1.126954108476638794e-01
1.124238893389701843e-01
1.121536195278167725e-01
1.118836775422096252e-01
1.116140633821487427e-01
1.113456860184669495e-01
1.110779345035552979e-01
1.108101978898048401e-01
1.105433925986289978e-01
1.102769076824188232e-01
1.100116521120071411e-01
1.097470074892044067e-01
1.094823777675628662e-01
1.092186644673347473e-01
1.089558750391006470e-01
1.086930856108665466e-01
1.084315106272697449e-01
1.081705465912818909e-01
1.079092919826507568e-01
1.076569408178329468e-01
1.074069291353225708e-01
1.071571856737136841e-01
1.069089025259017944e-01
1.066602915525436401e-01
1.064125373959541321e-01
1.061653345823287964e-01
1.059190034866333008e-01
1.056729182600975037e-01
1.054271012544631958e-01
1.051821261644363403e-01
1.049382984638214111e-01
1.046941503882408142e-01
1.044508293271064758e-01
1.042083725333213806e-01
1.039661541581153870e-01
1.037244796752929688e-01
1.034830734133720398e-01
1.032430753111839294e-01
1.030030399560928345e-01
1.027632653713226318e-01
1.025248914957046509e-01
1.022862046957015991e-01
1.020483225584030151e-01
1.018109843134880066e-01
1.015744879841804504e-01
1.013382226228713989e-01
1.011022105813026428e-01
1.008675917983055115e-01
1.006329208612442017e-01
1.003985106945037842e-01
1.001648977398872375e-01
9.993213415145874023e-02
9.969957172870635986e-02
9.946754574775695801e-02
9.923635423183441162e-02
9.900537133216857910e-02
9.877464920282363892e-02
9.854470938444137573e-02
9.831587225198745728e-02
9.808671474456787109e-02
9.785833209753036499e-02
9.763021022081375122e-02
9.740343689918518066e-02
9.717660397291183472e-02
9.695002436637878418e-02
9.672479331493377686e-02
9.649950265884399414e-02
9.627445787191390991e-02
9.605018049478530884e-02
9.582673758268356323e-02
9.560347348451614380e-02
9.538072347640991211e-02
9.515878558158874512e-02
9.493704140186309814e-02
9.470559656620025635e-02
9.446613490581512451e-02
9.422722458839416504e-02
9.398829936981201172e-02
9.375024586915969849e-02
9.351298958063125610e-02
9.327628463506698608e-02
9.303955733776092529e-02
9.280394762754440308e-02
9.256863594055175781e-02
9.233354777097702026e-02
9.209956973791122437e-02
9.186613559722900391e-02
9.163267910480499268e-02
9.140031784772872925e-02
9.116826206445693970e-02
9.093698114156723022e-02
9.070567786693572998e-02
9.047546237707138062e-02
9.024579077959060669e-02
9.001585096120834351e-02
8.978723734617233276e-02
8.955915272235870361e-02
8.933104574680328369e-02
8.910401910543441772e-02
8.887752145528793335e-02
8.865131437778472900e-02
8.842530846595764160e-02
8.820038288831710815e-02
8.797597140073776245e-02
8.775153756141662598e-02
8.752794563770294189e-02
8.730509132146835327e-02
8.708276599645614624e-02
8.686039596796035767e-02
8.663909882307052612e-02
8.641830831766128540e-02
8.619726449251174927e-02
8.597749471664428711e-02
8.575824648141860962e-02
8.553895354270935059e-02
8.532071113586425781e-02
8.510275930166244507e-02
8.488553017377853394e-02
8.466826379299163818e-02
8.445204794406890869e-02
8.423632383346557617e-02
8.402056246995925903e-02
8.380562812089920044e-02
8.359140902757644653e-02
8.337714523077011108e-02
8.316391706466674805e-02
8.295118063688278198e-02
8.273872733116149902e-02
8.252643793821334839e-02
8.231518417596817017e-02
8.210441470146179199e-02
8.189359307289123535e-02
8.168380707502365112e-02
8.148582279682159424e-02
8.129138499498367310e-02
8.109740167856216431e-02
8.090385794639587402e-02
8.071076869964599609e-02
8.051811903715133667e-02
8.032592386007308960e-02
8.013416081666946411e-02
7.994284480810165405e-02
7.975196838378906250e-02
7.956133782863616943e-02
7.937134057283401489e-02
7.918178290128707886e-02
7.899266481399536133e-02
7.880397886037826538e-02
7.861573249101638794e-02
7.842791825532913208e-02
7.824053615331649780e-02
7.805358618497848511e-02
7.786706089973449707e-02
7.768077403306961060e-02
7.749511301517486572e-02
7.730987668037414551e-02
7.712507247924804688e-02
7.694068551063537598e-02
7.675672322511672974e-02
7.657318562269210815e-02
7.639007270336151123e-02
7.620737701654434204e-02
7.602510601282119751e-02
7.584325224161148071e-02
7.566162198781967163e-02
7.548060268163681030e-02
7.529999315738677979e-02
7.511980831623077393e-02
7.494002580642700195e-02
7.476066797971725464e-02
7.458171248435974121e-02
7.440316677093505859e-02
7.422503829002380371e-02
7.404679805040359497e-02
7.386929541826248169e-02
7.369238883256912231e-02
7.351587712764739990e-02
7.333978265523910522e-02
7.316408306360244751e-02
7.298878580331802368e-02
7.281389087438583374e-02
7.263939827680587769e-02
7.246530055999755859e-02
7.229160517454147339e-02
7.211812585592269897e-02
7.194522023200988770e-02
7.177271693944931030e-02
7.160060107707977295e-02
7.142888009548187256e-02
7.125755399465560913e-02
7.108661532402038574e-02
7.091606408357620239e-02
7.074590772390365601e-02
7.057613879442214966e-02
7.040674984455108643e-02
7.023832201957702637e-02
7.007226347923278809e-02
6.990644335746765137e-02
6.974120438098907471e-02
6.957637518644332886e-02
6.941194832324981689e-02
6.924793124198913574e-02
6.908432394266128540e-02
6.892094761133193970e-02
6.875814497470855713e-02
6.859574466943740845e-02
6.843373924493789673e-02
6.827213615179061890e-02
6.811093538999557495e-02
6.794995814561843872e-02
6.778954714536666870e-02
6.762953847646713257e-02
6.746990978717803955e-02
6.731068342924118042e-02
6.715184450149536133e-02
6.699323654174804688e-02
6.683517992496490479e-02
6.667751073837280273e-02
6.652022898197174072e-02
6.636332720518112183e-02
6.620682030916213989e-02
6.605052947998046875e-02
6.589478999376296997e-02
6.573942303657531738e-02
6.558444350957870483e-02
6.542983651161193848e-02
6.527560949325561523e-02
6.512160599231719971e-02
6.496813893318176270e-02
6.481456011533737183e-02
6.466183811426162720e-02
6.450948864221572876e-02
6.435751169919967651e-02
6.420575827360153198e-02
6.405451893806457520e-02
6.390365213155746460e-02
6.375315785408020020e-02
6.360302120447158813e-02
6.345325708389282227e-02
6.330370157957077026e-02
6.315466016530990601e-02
6.300598382949829102e-02
6.285767257213592529e-02
6.270971894264221191e-02
6.256212294101715088e-02
6.241473928093910217e-02
6.226785853505134583e-02
6.212133914232254028e-02
6.197516992688179016e-02
6.182935833930969238e-02
6.168390065431594849e-02
6.153879314661026001e-02
6.139389052987098694e-02
6.124948710203170776e-02
6.110543385148048401e-02
6.096172705292701721e-02
6.081836670637130737e-02
6.067535281181335449e-02
6.053254380822181702e-02
6.039021909236907959e-02
6.024824082851409912e-02
6.010660156607627869e-02
5.998333916068077087e-02
5.986930429935455322e-02
5.975568294525146484e-02
5.964174121618270874e-02
5.952852591872215271e-02
5.941572412848472595e-02
5.930305272340774536e-02
5.919079110026359558e-02
5.907865986227989197e-02
5.896680057048797607e-02
5.885534361004829407e-02
5.874401330947875977e-02
5.863308906555175781e-02
5.852229520678520203e-02
5.841131135821342468e-02
5.830118060111999512e-02
5.819117650389671326e-02
5.808156728744506836e-02
5.797208845615386963e-02
5.786286666989326477e-02
5.775403976440429688e-02
5.764533951878547668e-02
5.753703042864799500e-02
5.742884427309036255e-02
5.732060596346855164e-02
5.721293389797210693e-02
5.710551887750625610e-02
5.699848756194114685e-02
5.689157918095588684e-02
5.678505450487136841e-02
5.667865276336669922e-02
5.657250061631202698e-02
5.646672844886779785e-02
5.636107921600341797e-02
5.625537037849426270e-02
5.615021660923957825e-02
5.604531243443489075e-02
5.594078451395034790e-02
5.583637207746505737e-02
5.573233589529991150e-02
5.562841519713401794e-02
5.552486702799797058e-02
5.542143434286117554e-02
5.531824380159378052e-02
5.521498993039131165e-02
5.511228367686271667e-02
5.500994622707366943e-02
5.490772053599357605e-02
5.480573326349258423e-02
5.470411106944084167e-02
5.460260435938835144e-02
5.450145527720451355e-02
5.440041795372962952e-02
5.429961904883384705e-02
5.419874936342239380e-02
5.409841984510421753e-02
5.399844422936439514e-02
5.389858409762382507e-02
5.379895120859146118e-02
5.369967222213745117e-02
5.360050499439239502e-02
5.350168794393539429e-02
5.340297892689704895e-02
5.330462008714675903e-02
5.320594832301139832e-02
5.310792475938796997e-02
5.301025137305259705e-02
5.291268229484558105e-02
5.281545594334602356e-02
5.271833762526512146e-02
5.262144282460212708e-02
5.253738909959793091e-02
5.247146636247634888e-02
5.240579321980476379e-02
5.234014242887496948e-02
5.227503553032875061e-02
5.220965296030044556e-02
5.214440077543258667e-02
5.207928270101547241e-02
5.201429501175880432e-02
5.194985494017601013e-02
5.188513174653053284e-02
5.182054266333580017e-02
5.175608396530151367e-02
5.169175565242767334e-02
5.162797123193740845e-02
5.156390368938446045e-02
5.149996653199195862e-02
5.143615975975990295e-02
5.137247964739799500e-02
5.130933970212936401e-02
5.124591663479804993e-02
5.118262395262718201e-02
5.111945793032646179e-02
5.105642229318618774e-02
5.099391564726829529e-02
5.093112960457801819e-02
5.086847394704818726e-02
5.080594122409820557e-02
5.074353516101837158e-02
5.068165808916091919e-02
5.061961337924003601e-02
5.055757984519004822e-02
5.049567297101020813e-02
5.043389275670051575e-02
5.037223175168037415e-02
5.031109228730201721e-02
5.024968087673187256e-02
5.018838867545127869e-02
5.012722313404083252e-02
5.006617680191993713e-02
5.000564828515052795e-02
4.994484409689903259e-02
4.988416284322738647e-02
4.982360079884529114e-02
4.976315796375274658e-02
4.970322921872138977e-02
4.964302852749824524e-02
4.958294704556465149e-02
4.952298104763031006e-02
4.946313798427581787e-02
4.940380156040191650e-02
4.934419319033622742e-02
4.928470402956008911e-02
4.922533035278320312e-02
4.916607588529586792e-02
4.910732433199882507e-02
4.904830083250999451e-02
4.898939281702041626e-02
4.893070831894874573e-02
4.887203499674797058e-02
4.881385713815689087e-02
4.875541105866432190e-02
4.869708418846130371e-02
4.863886535167694092e-02
4.858076572418212891e-02
4.852315783500671387e-02
4.846528545022010803e-02
4.840752109885215759e-02
4.834987223148345947e-02
4.829233884811401367e-02
4.823529347777366638e-02
4.817797988653182983e-02
4.812077805399894714e-02
4.806369170546531677e-02
4.800671339035034180e-02
4.795022308826446533e-02
4.789404198527336121e-02
4.784459248185157776e-02
4.779550433158874512e-02
4.774612933397293091e-02
4.769721254706382751e-02
4.764801263809204102e-02
4.759927093982696533e-02
4.755061864852905273e-02
4.750167578458786011e-02
4.745319485664367676e-02
4.740442708134651184e-02
4.735611751675605774e-02
4.730789363384246826e-02
4.725938290357589722e-02
4.721133038401603699e-02
4.716299101710319519e-02
4.711510613560676575e-02
4.706730693578720093e-02
4.701922088861465454e-02
4.697158932685852051e-02
4.692367464303970337e-02
4.687621071934700012e-02
4.682856053113937378e-02
4.678126424551010132e-02
4.673404619097709656e-02
4.668654873967170715e-02
4.663950204849243164e-02
4.659216850996017456e-02
4.654528573155403137e-02
4.649848118424415588e-02
4.645139724016189575e-02
4.640475660562515259e-02
4.635783657431602478e-02
4.631135985255241394e-02
4.626460373401641846e-02
4.621828719973564148e-02
4.617205262184143066e-02
4.612553864717483521e-02
4.607946425676345825e-02
4.603311419486999512e-02
4.598719999194145203e-02
4.594136402010917664e-02
4.589534923434257507e-02
4.584966972470283508e-02
4.580371826887130737e-02
4.575820267200469971e-02
4.571240767836570740e-02
4.566704481840133667e-02
4.562176391482353210e-02
4.557620361447334290e-02
4.553107917308807373e-02
4.548567906022071838e-02
4.544070735573768616e-02
4.539581388235092163e-02
4.535064473748207092e-02
4.530590400099754333e-02
4.526089131832122803e-02
4.521630704402923584e-02
4.517179727554321289e-02
4.512701556086540222e-02
4.508265852928161621e-02
4.503802955150604248e-02
4.499382153153419495e-02
4.494943842291831970e-02
4.490538313984870911e-02
4.486140236258506775e-02
4.481715336441993713e-02
4.477332159876823425e-02
4.472922161221504211e-02
4.468554258346557617e-02
4.464193806052207947e-02
4.459806159138679504e-02
4.455460235476493835e-02
4.451087489724159241e-02
4.446756467223167419e-02
4.442398622632026672e-02
4.438082128763198853e-02
4.433773085474967957e-02
4.429437220096588135e-02
4.425142705440521240e-02
4.420821741223335266e-02
4.416541755199432373e-02
4.412388429045677185e-02
4.409740865230560303e-02
4.407096281647682190e-02
4.404445737600326538e-02
4.401841387152671814e-02
4.399206116795539856e-02
4.396573826670646667e-02
4.393936321139335632e-02
4.391343891620635986e-02
4.388721287250518799e-02
4.386101663112640381e-02
4.383509606122970581e-02
4.380896314978599548e-02
4.378285631537437439e-02
4.375678300857543945e-02
4.373107478022575378e-02
4.370497539639472961e-02
4.367899522185325623e-02
4.365337267518043518e-02
4.362745210528373718e-02
4.360147565603256226e-02
4.357561469078063965e-02
4.355011880397796631e-02
4.352431744337081909e-02
4.349854961037635803e-02
4.347272217273712158e-02
4.344734176993370056e-02
4.342166334390640259e-02
4.339601472020149231e-02
4.337063804268836975e-02
4.334504902362823486e-02
4.331948980689048767e-02
4.329396039247512817e-02
4.326878860592842102e-02
4.324323311448097229e-02
4.321778938174247742e-02
4.319237917661666870e-02
4.316732287406921387e-02
4.314188659191131592e-02
4.311656206846237183e-02
4.309159517288208008e-02
4.306633025407791138e-02
4.304100945591926575e-02
4.301580414175987244e-02
4.299095273017883301e-02
4.296580329537391663e-02
4.294068738818168640e-02
4.291551187634468079e-02
4.289077222347259521e-02
4.286574199795722961e-02
4.284074157476425171e-02
4.281600192189216614e-02
4.279105737805366516e-02
4.276614263653755188e-02
4.274125397205352783e-02
4.271671175956726074e-02
4.269180074334144592e-02
4.266699776053428650e-02
4.264254122972488403e-02
4.261779785156250000e-02
4.259299859404563904e-02
4.256831109523773193e-02
4.254396632313728333e-02
4.251933470368385315e-02
4.249464720487594604e-02
4.247007146477699280e-02
4.244583845138549805e-02
4.242131859064102173e-02
4.239682853221893311e-02
4.237259551882743835e-02
4.234816133975982666e-02
4.232375323772430420e-02
4.229937493801116943e-02
4.227525368332862854e-02
4.225092753767967224e-02
4.222663119435310364e-02
4.220236092805862427e-02
4.217842966318130493e-02
4.215413704514503479e-02
4.212994873523712158e-02
4.210609942674636841e-02
4.208196699619293213e-02
4.205778241157531738e-02
4.203370586037635803e-02
4.200996458530426025e-02
4.198594018816947937e-02
4.196194559335708618e-02
4.193789511919021606e-02
4.191426187753677368e-02
4.189980030059814453e-02
4.188821464776992798e-02
4.187632352113723755e-02
4.186465963721275330e-02
4.185307398438453674e-02
4.184148833155632019e-02
4.182990267872810364e-02
4.181823879480361938e-02
4.180665686726570129e-02
4.179477319121360779e-02
4.178319126367568970e-02
4.177153110504150391e-02
4.175995290279388428e-02
4.174837097525596619e-02
4.173679277300834656e-02
4.172513633966445923e-02
4.171326011419296265e-02
4.170168563723564148e-02
4.169011116027832031e-02
4.167853668332099915e-02
4.166688397526741028e-02
4.165530949831008911e-02
4.164373874664306641e-02
4.163186997175216675e-02
4.162022098898887634e-02
4.160865396261215210e-02
4.159708693623542786e-02
4.158551990985870361e-02
4.157387465238571167e-02
4.156231135129928589e-02
4.155045002698898315e-02
4.153889045119285583e-02
4.152724891901016235e-02
4.151568934321403503e-02
4.150412976741790771e-02
4.149257019162178040e-02
4.148093611001968384e-02
4.146908596158027649e-02
4.145753383636474609e-02
4.144597798585891724e-02
4.143435135483741760e-02
4.142279922962188721e-02
4.141124710440635681e-02
4.139940813183784485e-02
4.138778522610664368e-02
4.137624055147171021e-02
4.136469587683677673e-02
4.135315120220184326e-02
4.134153202176094055e-02
4.132999107241630554e-02
4.131816327571868896e-02
4.130662605166435242e-02
4.129501059651374817e-02
4.128347709774971008e-02
4.127194359898567200e-02
4.126041010022163391e-02
4.124880209565162659e-02
4.123698547482490540e-02
4.122545942664146423e-02
4.121393337845802307e-02
4.120233282446861267e-02
4.119080677628517151e-02
4.117928445339202881e-02
4.116776585578918457e-02
4.115588590502738953e-02
4.114436730742454529e-02
4.113285243511199951e-02
4.112133756279945374e-02
4.110982641577720642e-02
4.109824076294898987e-02
4.108672961592674255e-02
4.107494279742240906e-02
4.106343537569046021e-02
4.105185717344284058e-02
4.104035347700119019e-02
4.102885350584983826e-02
4.101735353469848633e-02
4.100578278303146362e-02
4.099400714039802551e-02
4.098251089453697205e-02
4.097101837396621704e-02
4.095945507287979126e-02
4.094796627759933472e-02
4.093648120760917664e-02
4.092499613761901855e-02
4.091316089034080505e-02
4.090167954564094543e-02
4.089019820094108582e-02
4.087872430682182312e-02
4.086717218160629272e-02
4.085569828748703003e-02
4.084422811865806580e-02
4.083248227834701538e-02
4.082094132900238037e-02
4.080947488546371460e-02
4.080028086900711060e-02
4.079468548297882080e-02
4.078879952430725098e-02
4.078325256705284119e-02
4.077734425663948059e-02
4.077170044183731079e-02
4.076576977968215942e-02
4.076017066836357117e-02
4.075421765446662903e-02
4.074852168560028076e-02
4.074261710047721863e-02
4.073689877986907959e-02
4.073089361190795898e-02
4.072515293955802917e-02
4.071919992566108704e-02
4.071343317627906799e-02
4.070738330483436584e-02
4.070159420371055603e-02
4.069559648633003235e-02
4.068978130817413330e-02
4.068368673324584961e-02
4.067792370915412903e-02
4.067180678248405457e-02
4.066594690084457397e-02
4.065981134772300720e-02
4.065399989485740662e-02
4.064783826470375061e-02
4.064193367958068848e-02
4.063582420349121094e-02
4.062989726662635803e-02
4.062369465827941895e-02
4.061774536967277527e-02
4.061159119009971619e-02
4.060561954975128174e-02
4.059937223792076111e-02
4.059345275163650513e-02
4.058718308806419373e-02
4.058117046952247620e-02
4.057487845420837402e-02
4.056891426444053650e-02
4.056260362267494202e-02
4.055654630064964294e-02
4.055021703243255615e-02
4.054421186447143555e-02
4.053786024451255798e-02
4.053176194429397583e-02
4.052546247839927673e-02
4.051934182643890381e-02
4.051294922828674316e-02
4.050680994987487793e-02
4.050046950578689575e-02
4.049430787563323975e-02
4.048787802457809448e-02
4.048176854848861694e-02
4.047531634569168091e-02
4.046911746263504028e-02
4.046264663338661194e-02
4.045649617910385132e-02
4.045000672340393066e-02
4.044376686215400696e-02
4.043732956051826477e-02
4.043107107281684875e-02
4.042454436421394348e-02
4.041826352477073669e-02
4.041178897023200989e-02
4.040548950433731079e-02
4.039892554283142090e-02
4.039260745048522949e-02
4.038609564304351807e-02
4.037975892424583435e-02
4.037315770983695984e-02
4.036687314510345459e-02
4.036025702953338623e-02
4.035388305783271790e-02
4.034724459052085876e-02
4.034092277288436890e-02
4.033426940441131592e-02
4.032785817980766296e-02
4.032125696539878845e-02
4.031482711434364319e-02
4.030814021825790405e-02
4.030169174075126648e-02
4.029505699872970581e-02
4.028859362006187439e-02
4.028186947107315063e-02
4.027545824646949768e-02
4.026871547102928162e-02
4.026221856474876404e-02
4.025546088814735413e-02
4.024901241064071655e-02
4.024223983287811279e-02
4.023570567369461060e-02
4.022891446948051453e-02
4.022243246436119080e-02
4.021562635898590088e-02
4.020905867218971252e-02
4.020230472087860107e-02
4.019572213292121887e-02
4.018888249993324280e-02
4.018228128552436829e-02
4.017549753189086914e-02
4.016888141632080078e-02
4.016200825572013855e-02
4.015613347291946411e-02
4.015812277793884277e-02
4.016033932566642761e-02
4.016229137778282166e-02
4.016440734267234802e-02
4.016657173633575439e-02
4.016847535967826843e-02
4.017060622572898865e-02
4.017240926623344421e-02
4.017450660467147827e-02
4.017634689807891846e-02
4.017841070890426636e-02
4.018045961856842041e-02
4.018218070268630981e-02
4.018419608473777771e-02
4.018595442175865173e-02
4.018793627619743347e-02
4.018959403038024902e-02
4.019154235720634460e-02
4.019347578287124634e-02
4.019515216350555420e-02
4.019698500633239746e-02
4.019863158464431763e-02
4.020050168037414551e-02
4.020211100578308105e-02
4.020388051867485046e-02
4.020570218563079834e-02
4.020726680755615234e-02
4.020905494689941406e-02
4.021058976650238037e-02
4.021227732300758362e-02
4.021378234028816223e-02
4.021550714969635010e-02
4.021721705794334412e-02
4.021860286593437195e-02
4.022028297185897827e-02
4.022170603275299072e-02
4.022335261106491089e-02
4.022467881441116333e-02
4.022629559040069580e-02
4.022789746522903442e-02
4.022924229502677917e-02
4.023074731230735779e-02
4.023206233978271484e-02
4.023360088467597961e-02
4.023488983511924744e-02
4.023639857769012451e-02
4.023782163858413696e-02
4.023906216025352478e-02
4.024052619934082031e-02
4.024173691868782043e-02
4.024310410022735596e-02
4.024428501725196838e-02
4.024568572640419006e-02
4.024707525968551636e-02
4.024814441800117493e-02
4.024950042366981506e-02
4.025060683488845825e-02
4.025193676352500916e-02
4.025294631719589233e-02
4.025424271821975708e-02
4.025552794337272644e-02
4.025656357407569885e-02
4.025781527161598206e-02
4.025875404477119446e-02
4.025997966527938843e-02
4.026095569133758545e-02
4.026214778423309326e-02
4.026303067803382874e-02
4.026419669389724731e-02
4.026534780859947205e-02
4.026625305414199829e-02
4.026730731129646301e-02
4.026818647980690002e-02
4.026927798986434937e-02
4.027012735605239868e-02
4.027112573385238647e-02
4.027217626571655273e-02
4.027298465371131897e-02
4.027400538325309753e-02
4.027478396892547607e-02
4.027571156620979309e-02
4.027646034955978394e-02
4.027742892503738403e-02
4.027837887406349182e-02
4.027902334928512573e-02
4.027994722127914429e-02
4.028062894940376282e-02
4.028152301907539368e-02
4.028211161494255066e-02
4.028297960758209229e-02
4.028383642435073853e-02
4.028444737195968628e-02
4.028521105647087097e-02
4.028579592704772949e-02
4.028659686446189880e-02
4.028715565800666809e-02
4.028785973787307739e-02
4.028861969709396362e-02
4.028914123773574829e-02
4.028987139463424683e-02
4.029036313295364380e-02
4.029100388288497925e-02
4.029146954417228699e-02
4.029214754700660706e-02
4.029281064867973328e-02
4.029317200183868408e-02
4.029380902647972107e-02
4.029421135783195496e-02
4.029482230544090271e-02
4.029513150453567505e-02
4.029571637511253357e-02
4.029629006981849670e-02
4.029383882880210876e-02
4.029056802392005920e-02
4.028722271323204041e-02
4.028394073247909546e-02
4.028065130114555359e-02
4.027735814452171326e-02
4.027406126260757446e-02
4.027097672224044800e-02
4.026766866445541382e-02
4.026428610086441040e-02
4.026096686720848083e-02
4.025764018297195435e-02
4.025430977344512939e-02
4.025097191333770752e-02
4.024763032793998718e-02
4.024428129196166992e-02
4.024115204811096191e-02
4.023772850632667542e-02
4.023436456918716431e-02
4.023099318146705627e-02
4.022762179374694824e-02
4.022424295544624329e-02
4.022085666656494141e-02
4.021746665239334106e-02
4.021407291293144226e-02
4.021082818508148193e-02
4.020742326974868774e-02
4.020401090383529663e-02
4.020059481263160706e-02
4.019717499613761902e-02
4.019375145435333252e-02
4.019032046198844910e-02
4.018688201904296875e-02
4.018359631299972534e-02
4.018015041947364807e-02
4.017669707536697388e-02
4.017324373126029968e-02
4.016978293657302856e-02
4.016631469130516052e-02
4.016284272074699402e-02
4.015930369496345520e-02
4.015582054853439331e-02
4.015255346894264221e-02
4.014906287193298340e-02
4.014556482434272766e-02
4.014206305146217346e-02
4.013855755329132080e-02
4.013504832983016968e-02
4.013146832585334778e-02
4.012794792652130127e-02
4.012442380189895630e-02
4.012110829353332520e-02
4.011757299304008484e-02
4.011403396725654602e-02
4.011048749089241028e-02
4.010693728923797607e-02
4.010332003235816956e-02
4.009976238012313843e-02
4.009619727730751038e-02
4.009262844920158386e-02
4.008926823735237122e-02
4.008569195866584778e-02
4.008210822939872742e-02
4.007845744490623474e-02
4.007486626505851746e-02
4.007126763463020325e-02
4.006766527891159058e-02
4.006405919790267944e-02
4.006066173315048218e-02
4.005704820156097412e-02
4.005342721939086914e-02
4.004973918199539185e-02
4.004611074924468994e-02
4.004247486591339111e-02
4.003883898258209229e-02
4.003519564867019653e-02
4.003154858946800232e-02
4.002810642123222351e-02
4.002445191144943237e-02
4.002072662115097046e-02
4.001706093549728394e-02
4.001339152455329895e-02
4.000971838831901550e-02
4.000603780150413513e-02
4.000235348939895630e-02
3.999866917729377747e-02
3.999512270092964172e-02
3.999142721295356750e-02
3.998772427439689636e-02
3.998402133584022522e-02
3.998031094670295715e-02
3.997659683227539062e-02
3.997287899255752563e-02
3.996915370225906372e-02
3.996536508202552795e-02
3.996184095740318298e-02
3.995810821652412415e-02
3.995436802506446838e-02
3.995062038302421570e-02
3.994687274098396301e-02
3.994312137365341187e-02
3.993936255574226379e-02
3.993554040789604187e-02
3.993177413940429688e-02
3.992821276187896729e-02
3.992443904280662537e-02
3.992066159844398499e-02
3.991687670350074768e-02
3.991309180855751038e-02
3.990923613309860229e-02
3.990544378757476807e-02
3.990164399147033691e-02
3.989804908633232117e-02
3.989424183964729309e-02
3.989043086767196655e-02
3.988661617040634155e-02
3.988279402256011963e-02
3.987890854477882385e-02
3.987508267164230347e-02
3.987124934792518616e-02
3.986741602420806885e-02
3.986378014087677002e-02
3.985865414142608643e-02
3.985070437192916870e-02
3.984248638153076172e-02
3.983448073267936707e-02
3.982632979750633240e-02
3.981832787394523621e-02
3.981012105941772461e-02
3.980218619108200073e-02
3.979398310184478760e-02
3.978599235415458679e-02
3.977785632014274597e-02
3.976986929774284363e-02
3.976188227534294128e-02
3.975375369191169739e-02
3.974577412009239197e-02
3.973758965730667114e-02
3.972967341542243958e-02
3.972149640321731567e-02
3.971352428197860718e-02
3.970541432499885559e-02
3.969744592905044556e-02
3.968927636742591858e-02
3.968137502670288086e-02
3.967321291565895081e-02
3.966531530022621155e-02
3.965715691447257996e-02
3.964920341968536377e-02
3.964111208915710449e-02
3.963316231966018677e-02
3.962521627545356750e-02
3.961713239550590515e-02
3.960919007658958435e-02
3.960105031728744507e-02
3.959317505359649658e-02
3.958503901958465576e-02
3.957710787653923035e-02
3.956903889775276184e-02
3.956111147999763489e-02
3.955298662185668945e-02
3.954512253403663635e-02
3.953700140118598938e-02
3.952908515930175781e-02
3.952103108167648315e-02
3.951311856508255005e-02
3.950520604848861694e-02
3.949715942144393921e-02
3.948925435543060303e-02
3.948115184903144836e-02
3.947331011295318604e-02
3.946521133184432983e-02
3.945731371641159058e-02
3.944928199052810669e-02
3.944139182567596436e-02
3.943330422043800354e-02
3.942547738552093506e-02
3.941739350557327271e-02
3.940951079130172729e-02
3.940149396657943726e-02
3.939361497759819031e-02
3.938573971390724182e-02
3.937773033976554871e-02
3.936985880136489868e-02
3.936179354786872864e-02
3.935398906469345093e-02
3.934592753648757935e-02
3.933806717395782471e-02
3.933007270097732544e-02
3.932221606373786926e-02
3.931416571140289307e-02
3.930637240409851074e-02
3.929832950234413147e-02
3.929048031568527222e-02
3.928250074386596680e-02
3.927465900778770447e-02
3.926682099699974060e-02
3.925884515047073364e-02
3.925101086497306824e-02
3.924298286437988281e-02
3.923521190881729126e-02
3.922719135880470276e-02
3.921936452388763428e-02
3.921140730381011963e-02
3.920358419418334961e-02
3.919557109475135803e-02
3.918781504034996033e-02
3.917980939149856567e-02
3.917199745774269104e-02
3.916405513882637024e-02
3.915624693036079407e-02
3.914830833673477173e-02
3.914050757884979248e-02
3.913270682096481323e-02
3.912477567791938782e-02
3.911698237061500549e-02
3.910899534821510315e-02
3.910126537084579468e-02
3.909328579902648926e-02
3.908549994230270386e-02
3.907758370041847229e-02
3.906980529427528381e-02
3.906183317303657532e-02
3.905411809682846069e-02
3.904614970088005066e-02
3.903837874531745911e-02
3.903047740459442139e-02
3.902271389961242676e-02
3.901495039463043213e-02
3.900705277919769287e-02
3.899929672479629517e-02
3.899134695529937744e-02
3.898365050554275513e-02
3.897570818662643433e-02
3.896795958280563354e-02
3.896008059382438660e-02
3.895233571529388428e-02
3.894440084695816040e-02
3.893671929836273193e-02
3.892879188060760498e-02
3.892105817794799805e-02
3.891319036483764648e-02
3.890546038746833801e-02
3.889773413538932800e-02
3.888987749814987183e-02
3.888215124607086182e-02
3.887424245476722717e-02
3.886658325791358948e-02
3.885867446660995483e-02
3.885095939040184021e-02
3.884311765432357788e-02
3.883541002869606018e-02
3.882751241326332092e-02
3.881986811757087708e-02
3.881197422742843628e-02
3.880427777767181396e-02
3.879508003592491150e-02
3.877392038702964783e-02
3.875252977013587952e-02
3.873140737414360046e-02
3.871024399995803833e-02
3.868896886706352234e-02
3.866784274578094482e-02
3.864660486578941345e-02
3.862551599740982056e-02
3.860431537032127380e-02
3.858326375484466553e-02
3.856210038065910339e-02
3.854108601808547974e-02
3.852014616131782532e-02
3.849898278713226318e-02
3.847808018326759338e-02
3.845695033669471741e-02
3.843608498573303223e-02
3.841499239206314087e-02
3.839416429400444031e-02
3.837310522794723511e-02
3.835231438279151917e-02
3.833129629492759705e-02
3.831053897738456726e-02
3.828974068164825439e-02
3.826883435249328613e-02
3.824807330965995789e-02
3.822720423340797424e-02
3.820648044347763062e-02
3.818564489483833313e-02
3.816495835781097412e-02
3.814416006207466125e-02
3.812350705265998840e-02
3.810293227434158325e-02
3.808213025331497192e-02
3.806158900260925293e-02
3.804082423448562622e-02
3.802031651139259338e-02
3.799958899617195129e-02
3.797911852598190308e-02
3.795842453837394714e-02
3.793799132108688354e-02
3.791733458638191223e-02
3.789693489670753479e-02
3.787649795413017273e-02
3.785594925284385681e-02
3.783554583787918091e-02
