6.871753334999084473e-01
6.873015761375427246e-01
6.874176859855651855e-01
6.875153779983520508e-01
6.875945329666137695e-01
6.877218484878540039e-01
6.878479123115539551e-01
6.879559159278869629e-01
6.880506277084350586e-01
6.881362795829772949e-01
6.885834932327270508e-01
6.892300844192504883e-01
6.898573040962219238e-01
6.904349923133850098e-01
6.909258365631103516e-01
6.914187073707580566e-01
6.920089125633239746e-01
6.924796700477600098e-01
6.928414106369018555e-01
6.931050419807434082e-01
6.932818889617919922e-01
6.933234930038452148e-01
6.933023929595947266e-01
6.932395696640014648e-01
6.931521296501159668e-01
6.930669546127319336e-01
6.930569410324096680e-01
6.932181119918823242e-01
6.934453845024108887e-01
6.937552690505981445e-01
6.941590905189514160e-01
6.946609020233154297e-01
6.951673626899719238e-01
6.956793069839477539e-01
6.962673664093017578e-01
6.969166994094848633e-01
6.976128816604614258e-01
6.983386278152465820e-01
6.989419460296630859e-01
6.994392275810241699e-01
6.999325752258300781e-01
7.004289627075195312e-01
7.009374499320983887e-01
7.014541625976562500e-01
7.019625902175903320e-01
7.024523019790649414e-01
7.029250264167785645e-01
7.033780813217163086e-01
7.038096189498901367e-01
7.042158842086791992e-01
7.045747041702270508e-01
7.045847177505493164e-01
7.045651674270629883e-01
7.045174837112426758e-01
7.044414281845092773e-01
7.043408155441284180e-01
7.042173147201538086e-01
7.041324377059936523e-01
7.040885090827941895e-01
7.040350437164306641e-01
7.039754986763000488e-01
7.039113640785217285e-01
7.038410902023315430e-01
7.037496566772460938e-01
7.035078406333923340e-01
7.031795978546142578e-01
7.029082179069519043e-01
7.026674151420593262e-01
7.024147510528564453e-01
7.021387219429016113e-01
7.018387317657470703e-01
7.014117240905761719e-01
7.009230256080627441e-01
7.004118561744689941e-01
6.998820304870605469e-01
6.993374228477478027e-01
6.987827420234680176e-01
6.982260346412658691e-01
6.976889371871948242e-01
6.972183585166931152e-01
6.968432664871215820e-01
6.963394284248352051e-01
6.960952281951904297e-01
6.957276463508605957e-01
6.953397989273071289e-01
6.949658393859863281e-01
6.946192979812622070e-01
6.942980289459228516e-01
6.939988136291503906e-01
6.937206387519836426e-01
6.934589147567749023e-01
6.932124495506286621e-01
6.929756999015808105e-01
6.926936507225036621e-01
6.922175884246826172e-01
6.917430162429809570e-01
6.912668943405151367e-01
6.907866001129150391e-01
6.902999877929687500e-01
6.898055672645568848e-01
6.893015503883361816e-01
6.888267397880554199e-01
6.885381937026977539e-01
6.882399320602416992e-01
6.879305243492126465e-01
6.876122355461120605e-01
6.872835159301757812e-01
6.869453787803649902e-01
6.865980625152587891e-01
6.862394213676452637e-01
6.857013702392578125e-01
6.851119995117187500e-01
6.845093965530395508e-01
6.838942170143127441e-01
6.832644343376159668e-01
6.826212406158447266e-01
6.819658875465393066e-01
6.812978982925415039e-01
6.806323528289794922e-01
6.800299286842346191e-01
6.794213056564331055e-01
6.788066029548645020e-01
6.781896352767944336e-01
6.775714755058288574e-01
6.769562363624572754e-01
6.763448715209960938e-01
6.757392287254333496e-01
6.751611828804016113e-01
6.746960282325744629e-01
6.742415428161621094e-01
6.737979650497436523e-01
6.733652949333190918e-01
6.729436516761779785e-01
6.725301146507263184e-01
6.721240282058715820e-01
6.717236042022705078e-01
6.713268160820007324e-01
6.707679629325866699e-01
6.701695322990417480e-01
6.695688962936401367e-01
6.689631342887878418e-01
6.683529019355773926e-01
6.677357554435729980e-01
6.671105623245239258e-01
6.664782762527465820e-01
6.658375263214111328e-01
6.651965379714965820e-01
6.646245121955871582e-01
6.640462279319763184e-01
6.634645462036132812e-01
6.626163125038146973e-01
6.620290279388427734e-01
6.614438295364379883e-01
6.608601212501525879e-01
6.602803468704223633e-01
6.597041487693786621e-01
6.591312885284423828e-01
6.587455272674560547e-01
6.583713293075561523e-01
6.580007076263427734e-01
6.576336622238159180e-01
6.572712659835815430e-01
6.569123268127441406e-01
6.565595269203186035e-01
6.562145352363586426e-01
6.558802127838134766e-01
6.555591225624084473e-01
6.552872061729431152e-01
6.550781130790710449e-01
6.548828482627868652e-01
6.546994447708129883e-01
6.545254588127136230e-01
6.543586850166320801e-01
6.541960835456848145e-01
6.540360450744628906e-01
6.538770198822021484e-01
6.537179350852966309e-01
6.535572409629821777e-01
6.534017920494079590e-01
6.532536745071411133e-01
6.531012654304504395e-01
6.529437303543090820e-01
6.527800559997558594e-01
6.526092290878295898e-01
6.524303555488586426e-01
6.522418856620788574e-01
6.520435810089111328e-01
6.518338322639465332e-01
6.516125798225402832e-01
6.513788104057312012e-01
6.510975956916809082e-01
6.508025527000427246e-01
6.504938006401062012e-01
6.501731872558593750e-01
6.498395204544067383e-01
6.494950652122497559e-01
6.491391062736511230e-01
6.487740278244018555e-01
6.483992934226989746e-01
6.480177044868469238e-01
6.476289033889770508e-01
6.472358107566833496e-01
6.467900276184082031e-01
6.463403105735778809e-01
6.458891630172729492e-01
6.454388499259948730e-01
6.449886560440063477e-01
6.445409655570983887e-01
6.440980434417724609e-01
6.436590552330017090e-01
6.432258486747741699e-01
6.427993774414062500e-01
6.423816084861755371e-01
6.419711112976074219e-01
6.414304375648498535e-01
6.407306790351867676e-01
6.400401592254638672e-01
6.393592953681945801e-01
6.386875510215759277e-01
6.380254030227661133e-01
6.373698711395263672e-01
6.367205977439880371e-01
6.360763907432556152e-01
6.354357600212097168e-01
6.348000764846801758e-01
6.341693401336669922e-01
6.335487961769104004e-01
6.330146193504333496e-01
6.326304674148559570e-01
6.322690844535827637e-01
6.319273114204406738e-01
6.316053271293640137e-01
6.312983036041259766e-01
6.310067772865295410e-01
6.307271718978881836e-01
6.304617524147033691e-01
6.302086114883422852e-01
6.299719214439392090e-01
6.297519207000732422e-01
6.295550465583801270e-01
6.293842196464538574e-01
6.292951107025146484e-01
6.292800307273864746e-01
6.293278336524963379e-01
6.294634342193603516e-01
6.297274231910705566e-01
6.301923394203186035e-01
6.310066580772399902e-01
6.325837969779968262e-01
6.397497653961181641e-01
6.337632536888122559e-01
6.318432092666625977e-01
6.306234002113342285e-01
6.297690868377685547e-01
6.291468739509582520e-01
6.286761164665222168e-01
6.282814741134643555e-01
6.279798150062561035e-01
6.277489662170410156e-01
6.275768280029296875e-01
6.274496316909790039e-01
6.273607015609741211e-01
6.273015141487121582e-01
6.272642016410827637e-01
6.272450685501098633e-01
6.272357702255249023e-01
6.272327303886413574e-01
6.272275447845458984e-01
6.272160410881042480e-01
6.271904110908508301e-01
6.271419525146484375e-01
6.270582675933837891e-01
6.269350647926330566e-01
6.267532110214233398e-01
6.265026926994323730e-01
6.262399554252624512e-01
6.260126233100891113e-01
6.257746219635009766e-01
6.255010962486267090e-01
6.251963973045349121e-01
6.248685717582702637e-01
6.245250105857849121e-01
6.241723895072937012e-01
6.238185167312622070e-01
6.234657764434814453e-01
6.231200695037841797e-01
6.227959990501403809e-01
6.225340366363525391e-01
6.222847104072570801e-01
6.220514774322509766e-01
6.218338012695312500e-01
6.216332316398620605e-01
6.214483380317687988e-01
6.212803125381469727e-01
6.211271882057189941e-01
6.209897994995117188e-01
6.208657026290893555e-01
6.207553148269653320e-01
6.206563711166381836e-01
6.205679774284362793e-01
6.204897165298461914e-01
6.204190254211425781e-01
6.203556656837463379e-01
6.203192472457885742e-01
6.203106641769409180e-01
6.203048229217529297e-01
6.202995777130126953e-01
6.202936172485351562e-01
6.202865839004516602e-01
6.202754378318786621e-01
6.202600002288818359e-01
6.202395558357238770e-01
6.202110648155212402e-01
6.201746463775634766e-01
6.201288104057312012e-01
6.200735569000244141e-01
6.200061440467834473e-01
6.199265122413635254e-01
6.198345422744750977e-01
6.197280287742614746e-01
6.196073889732360840e-01
6.196534037590026855e-01
6.197187304496765137e-01
6.197680234909057617e-01
6.198017001152038574e-01
6.198194622993469238e-01
6.198207139968872070e-01
6.198076605796813965e-01
6.197801828384399414e-01
6.197384595870971680e-01
6.196833252906799316e-01
6.196160316467285156e-01
6.195372939109802246e-01
6.194471716880798340e-01
6.193487048149108887e-01
6.192421913146972656e-01
6.191282272338867188e-01
6.190095543861389160e-01
6.188868880271911621e-01
6.187748908996582031e-01
6.187117695808410645e-01
6.186501979827880859e-01
6.185904145240783691e-01
6.185336709022521973e-01
6.184828877449035645e-01
6.184383034706115723e-01
6.184018254280090332e-01
6.183744668960571289e-01
6.183572411537170410e-01
6.183516979217529297e-01
6.183585524559020996e-01
6.183796525001525879e-01
6.184147596359252930e-01
6.184658408164978027e-01
6.185336112976074219e-01
6.186179518699645996e-01
6.187202334403991699e-01
6.188405752182006836e-01
6.189801692962646484e-01
6.192176342010498047e-01
6.195420026779174805e-01
6.198868155479431152e-01
6.202517747879028320e-01
6.206375360488891602e-01
6.210435032844543457e-01
6.214703917503356934e-01
6.219172477722167969e-01
6.223848462104797363e-01
6.228725910186767578e-01
6.233795285224914551e-01
6.239064335823059082e-01
6.244516968727111816e-01
6.250154376029968262e-01
6.255971789360046387e-01
6.261954903602600098e-01
6.268113255500793457e-01
6.274433135986328125e-01
6.280906200408935547e-01
6.287525892257690430e-01
6.294282674789428711e-01
6.300845146179199219e-01
6.307380795478820801e-01
6.314036250114440918e-01
6.320780515670776367e-01
6.327624320983886719e-01
6.334538459777832031e-01
6.341531276702880859e-01
6.348573565483093262e-01
6.355672478675842285e-01
6.362797617912292480e-01
6.369957327842712402e-01
6.377120018005371094e-01
6.384292840957641602e-01
6.391443610191345215e-01
6.398580074310302734e-01
6.405655741691589355e-01
6.412706375122070312e-01
6.419671177864074707e-01
6.426585316658020020e-01
6.433388590812683105e-01
6.440116167068481445e-01
6.446709632873535156e-01
6.452933549880981445e-01
6.458845138549804688e-01
6.464619040489196777e-01
6.470223665237426758e-01
6.475672721862792969e-01
6.480947732925415039e-01
6.486030220985412598e-01
6.490934491157531738e-01
6.495622992515563965e-01
6.500110030174255371e-01
6.504383683204650879e-01
6.508434414863586426e-01
6.512253284454345703e-01
6.515856981277465820e-01
6.519212722778320312e-01
6.522339582443237305e-01
6.525231003761291504e-01
6.527879834175109863e-01
6.530297398567199707e-01
6.532473564147949219e-01
6.534414887428283691e-01
6.536134481430053711e-01
6.537617444992065430e-01
6.538522243499755859e-01
6.536685824394226074e-01
6.534625291824340820e-01
6.532353758811950684e-01
6.529873013496398926e-01
6.527190208435058594e-01
6.524312496185302734e-01
6.521249413490295410e-01
6.518006324768066406e-01
6.514592766761779785e-01
6.511018872261047363e-01
6.507293581962585449e-01
6.503427624702453613e-01
6.499430537223815918e-01
6.495313644409179688e-01
6.491086483001708984e-01
6.486752033233642578e-01
6.482336521148681641e-01
6.477843523025512695e-01
6.473295688629150391e-01
6.468678712844848633e-01
6.464015841484069824e-01
6.459330916404724121e-01
6.454605460166931152e-01
6.449863910675048828e-01
6.445071101188659668e-01
6.439868211746215820e-01
6.434678435325622559e-01
6.429523229598999023e-01
6.424385309219360352e-01
6.419286131858825684e-01
6.414245367050170898e-01
6.409246325492858887e-01
6.404319405555725098e-01
6.399447917938232422e-01
6.394650340080261230e-01
6.389942765235900879e-01
6.385299563407897949e-01
6.380754709243774414e-01
6.376314163208007812e-01
6.371961236000061035e-01
6.367712020874023438e-01
6.363574862480163574e-01
6.359537243843078613e-01
6.355618238449096680e-01
6.351811885833740234e-01
6.348119378089904785e-01
6.344535946846008301e-01
6.341076493263244629e-01
6.337734460830688477e-01
6.334505081176757812e-01
6.331400871276855469e-01
6.328508853912353516e-01
6.325831413269042969e-01
6.323274374008178711e-01
6.320827603340148926e-01
6.318504214286804199e-01
6.316283345222473145e-01
6.314185261726379395e-01
6.312187910079956055e-01
6.310306191444396973e-01
6.308524012565612793e-01
6.306844949722290039e-01
6.305276155471801758e-01
6.303797960281372070e-01
6.302426457405090332e-01
6.301139593124389648e-01
6.299953460693359375e-01
6.298846602439880371e-01
6.297833323478698730e-01
6.296892762184143066e-01
6.296041607856750488e-01
6.295256614685058594e-01
6.294553875923156738e-01
6.293911337852478027e-01
6.293343901634216309e-01
6.292830705642700195e-01
6.292384862899780273e-01
6.291987299919128418e-01
6.291651725769042969e-01
6.291352510452270508e-01
6.289781332015991211e-01
6.288208961486816406e-01
6.286678910255432129e-01
6.285179257392883301e-01
6.283723711967468262e-01
6.282299757003784180e-01
6.280906200408935547e-01
6.279530525207519531e-01
6.278185844421386719e-01
6.276863217353820801e-01
6.275558471679687500e-01
6.274269819259643555e-01
6.272984147071838379e-01
6.271719336509704590e-01
6.270462870597839355e-01
6.269213557243347168e-01
6.267963051795959473e-01
6.266712546348571777e-01
6.265473365783691406e-01
6.264228820800781250e-01
6.262988448143005371e-01
6.261737942695617676e-01
6.260488629341125488e-01
6.259240508079528809e-01
6.257988810539245605e-01
6.256733536720275879e-01
6.255460381507873535e-01
6.254195570945739746e-01
6.252927780151367188e-01
6.251652240753173828e-01
6.250461935997009277e-01
6.249397397041320801e-01
6.248319149017333984e-01
6.247254610061645508e-01
6.246190667152404785e-01
6.245117187500000000e-01
6.244060397148132324e-01
6.243000626564025879e-01
6.241952180862426758e-01
6.240916848182678223e-01
6.239882707595825195e-01
6.238870024681091309e-01
6.237867474555969238e-01
6.236871480941772461e-01
6.235906481742858887e-01
6.234949231147766113e-01
6.234026551246643066e-01
6.233124136924743652e-01
6.232243180274963379e-01
6.231395602226257324e-01
6.230578422546386719e-01
6.229789853096008301e-01
6.229040622711181641e-01
6.228324174880981445e-01
6.227651834487915039e-01
6.227026581764221191e-01
6.226430535316467285e-01
6.225895881652832031e-01
6.225404739379882812e-01
6.224954128265380859e-01
6.224573254585266113e-01
6.224231123924255371e-01
6.223962903022766113e-01
6.222879886627197266e-01
6.221357583999633789e-01
6.219882965087890625e-01
6.218484044075012207e-01
6.217163205146789551e-01
6.215896010398864746e-01
6.214720010757446289e-01
6.213610172271728516e-01
6.212567687034606934e-01
6.211622357368469238e-01
6.210746765136718750e-01
6.209951639175415039e-01
6.209227442741394043e-01
6.208595037460327148e-01
6.208055019378662109e-01
6.207576990127563477e-01
6.207190155982971191e-01
6.206883788108825684e-01
6.206658482551574707e-01
6.206516623497009277e-01
6.206450462341308594e-01
6.206461787223815918e-01
6.206540465354919434e-01
6.206702589988708496e-01
6.206954717636108398e-01
6.207262277603149414e-01
6.207632422447204590e-01
6.208078861236572266e-01
6.208592057228088379e-01
6.209176182746887207e-01
6.209816932678222656e-01
6.210516691207885742e-01
6.211274862289428711e-01
6.212078332901000977e-01
6.212964653968811035e-01
6.214147210121154785e-01
6.215978264808654785e-01
6.217843294143676758e-01
6.219759583473205566e-01
6.221714019775390625e-01
6.223705410957336426e-01
6.225728988647460938e-01
6.227769851684570312e-01
6.229847669601440430e-01
6.231946349143981934e-01
6.234062910079956055e-01
6.236193180084228516e-01
6.238325834274291992e-01
6.240472197532653809e-01
6.242622137069702148e-01
6.244767308235168457e-01
6.246906518936157227e-01
6.249023675918579102e-01
6.251134276390075684e-01
6.253220438957214355e-01
6.255282163619995117e-01
6.257308721542358398e-01
6.259290575981140137e-01
6.261236071586608887e-01
6.263132691383361816e-01
6.264971494674682617e-01
6.266751289367675781e-01
6.268452405929565430e-01
6.270088553428649902e-01
6.271641850471496582e-01
6.273109316825866699e-01
6.274480223655700684e-01
6.275743246078491211e-01
6.276903748512268066e-01
6.277951002120971680e-01
6.278873085975646973e-01
6.279644370079040527e-01
6.280298829078674316e-01
6.280559301376342773e-01
6.279364228248596191e-01
6.278023719787597656e-01
6.276539564132690430e-01
6.274877190589904785e-01
6.273056864738464355e-01
6.271060109138488770e-01
6.271359920501708984e-01
6.268765926361083984e-01
6.265959739685058594e-01
6.262943148612976074e-01
6.259702444076538086e-01
6.256238818168640137e-01
6.252529025077819824e-01
6.248573660850524902e-01
6.244368553161621094e-01
6.239903569221496582e-01
6.235173344612121582e-01
6.230172514915466309e-01
6.224895119667053223e-01
6.219336390495300293e-01
6.213508248329162598e-01
6.207373738288879395e-01
6.200945377349853516e-01
6.194219589233398438e-01
6.187192797660827637e-01
6.179880499839782715e-01
6.172248721122741699e-01
6.164311766624450684e-01
6.156090497970581055e-01
6.147550940513610840e-01
6.138699650764465332e-01
6.129570007324218750e-01
6.120116114616394043e-01
6.110363602638244629e-01
6.100345253944396973e-01
6.090008616447448730e-01
6.079385280609130859e-01
6.068513393402099609e-01
6.057345271110534668e-01
6.045898795127868652e-01
6.034227609634399414e-01
6.023600101470947266e-01
6.013005971908569336e-01
6.002225279808044434e-01
5.991187095642089844e-01
5.979942083358764648e-01
5.968546271324157715e-01
5.956923365592956543e-01
5.945131778717041016e-01
5.933223962783813477e-01
5.921127796173095703e-01
5.908897519111633301e-01
5.896593928337097168e-01
5.884137153625488281e-01
5.871586799621582031e-01
5.858999490737915039e-01
5.846300125122070312e-01
5.833590626716613770e-01
5.820792913436889648e-01
5.808010697364807129e-01
5.795164108276367188e-01
5.782359242439270020e-01
5.769513845443725586e-01
5.756685137748718262e-01
5.743942260742187500e-01
5.731182694435119629e-01
5.718522071838378906e-01
5.705875158309936523e-01
5.693343281745910645e-01
5.680848956108093262e-01
5.668487548828125000e-01
5.656180381774902344e-01
5.644022226333618164e-01
5.631935596466064453e-01
5.620013475418090820e-01
5.608176589012145996e-01
5.596517324447631836e-01
5.584958195686340332e-01
5.573585033416748047e-01
5.562326908111572266e-01
5.551263093948364258e-01
5.540324449539184570e-01
5.529586672782897949e-01
5.518983602523803711e-01
5.508589148521423340e-01
5.498335957527160645e-01
5.488244295120239258e-01
5.478361845016479492e-01
5.468638539314270020e-01
5.459124445915222168e-01
5.449776649475097656e-01
5.440636873245239258e-01
5.431695580482482910e-01
5.422905087471008301e-01
5.414335727691650391e-01
5.405936241149902344e-01
5.397744178771972656e-01
5.389751791954040527e-01
5.381914377212524414e-01
5.374302268028259277e-01
5.366842746734619141e-01
5.359593629837036133e-01
5.352540016174316406e-01
5.345643162727355957e-01
5.338957905769348145e-01
5.332425236701965332e-01
5.326101779937744141e-01
5.319947600364685059e-01
5.313956141471862793e-01
5.308163166046142578e-01
5.302518606185913086e-01
5.297070145606994629e-01
5.291783213615417480e-01
5.286657810211181641e-01
5.281700491905212402e-01
5.276895165443420410e-01
5.272270441055297852e-01
5.267796516418457031e-01
5.263476967811584473e-01
5.259310007095336914e-01
5.255296826362609863e-01
5.251432657241821289e-01
5.247712135314941406e-01
5.244140028953552246e-01
5.240705609321594238e-01
5.237419605255126953e-01
5.234259963035583496e-01
5.231245160102844238e-01
5.228352546691894531e-01
5.225589871406555176e-01
5.222964286804199219e-01
5.220453739166259766e-01
5.218073725700378418e-01
5.215804576873779297e-01
5.213661789894104004e-01
5.213027000427246094e-01
5.212635397911071777e-01
5.212361216545104980e-01
5.212183594703674316e-01
5.212118625640869141e-01
5.212148427963256836e-01
5.212279558181762695e-01
5.212500691413879395e-01
5.212830305099487305e-01
5.213238596916198730e-01
5.213747024536132812e-01
5.214334130287170410e-01
5.215029716491699219e-01
5.215801000595092773e-01
5.216674208641052246e-01
5.217639803886413574e-01
5.218704342842102051e-01
5.219865441322326660e-01
5.221145153045654297e-01
5.222541093826293945e-01
5.224058628082275391e-01
5.225690603256225586e-01
5.227475762367248535e-01
5.229370594024658203e-01
5.231400728225708008e-01
5.233549475669860840e-01
5.235808491706848145e-01
5.238164067268371582e-01
5.240594744682312012e-01
5.243108272552490234e-01
5.245676040649414062e-01
5.248317718505859375e-01
5.250988006591796875e-01
5.253710150718688965e-01
5.256465077400207520e-01
5.259267091751098633e-01
5.262110829353332520e-01
5.264989733695983887e-01
5.267898440361022949e-01
5.270856022834777832e-01
5.273844003677368164e-01
5.276877284049987793e-01
5.279963016510009766e-01
5.283082127571105957e-01
5.286234021186828613e-01
5.289433598518371582e-01
5.292669534683227539e-01
5.295972824096679688e-01
5.299292802810668945e-01
5.302662253379821777e-01
5.306061506271362305e-01
5.309513807296752930e-01
5.313016176223754883e-01
5.316619873046875000e-01
5.320492982864379883e-01
5.324404835700988770e-01
5.328351855278015137e-01
5.332342386245727539e-01
5.336362719535827637e-01
5.340417623519897461e-01
5.344507694244384766e-01
5.348631739616394043e-01
5.352781414985656738e-01
5.356988906860351562e-01
5.361212491989135742e-01
5.365469455718994141e-01
5.369758009910583496e-01
5.374070405960083008e-01
5.378418564796447754e-01
5.382799506187438965e-01
5.387212038040161133e-01
5.391653180122375488e-01
5.396144390106201172e-01
5.400633215904235840e-01
5.405161380767822266e-01
5.409718751907348633e-01
5.414303541183471680e-01
5.418915748596191406e-01
5.423547029495239258e-01
5.428209900856018066e-01
5.432903170585632324e-01
5.437643527984619141e-01
5.442389249801635742e-01
5.447152256965637207e-01
5.451945662498474121e-01
5.456768870353698730e-01
5.461616516113281250e-01
5.466489195823669434e-01
5.471386909484863281e-01
5.476297736167907715e-01
5.481266379356384277e-01
5.486238002777099609e-01
5.491233468055725098e-01
5.496253371238708496e-01
5.501289367675781250e-01
5.506354570388793945e-01
5.511447191238403320e-01
5.516563057899475098e-01
5.521703362464904785e-01
5.526882410049438477e-01
5.532066226005554199e-01
5.537278652191162109e-01
5.542514324188232422e-01
5.547774434089660645e-01
5.553050637245178223e-01
5.558354854583740234e-01
5.563687086105346680e-01
5.569043159484863281e-01
5.574423670768737793e-01
5.579828023910522461e-01
5.585249066352844238e-01
5.590698719024658203e-01
5.596260428428649902e-01
5.602193474769592285e-01
5.608152747154235840e-01
5.614130496978759766e-01
5.620134472846984863e-01
5.626161694526672363e-01
5.632208585739135742e-01
5.638282895088195801e-01
5.644375681877136230e-01
5.650489330291748047e-01
5.656629204750061035e-01
5.662819743156433105e-01
5.669007301330566406e-01
5.675219893455505371e-01
5.681453943252563477e-01
5.687716007232666016e-01
5.693995952606201172e-01
5.700304508209228516e-01
5.706631541252136230e-01
5.712979435920715332e-01
5.719354152679443359e-01
5.725755095481872559e-01
5.732176303863525391e-01
5.738623142242431641e-01
5.745093226432800293e-01
5.751582980155944824e-01
5.757761597633361816e-01
5.763936042785644531e-01
5.770125389099121094e-01
5.776337981224060059e-01
5.782580375671386719e-01
5.788836479187011719e-01
5.795115232467651367e-01
5.801422595977783203e-01
5.807743668556213379e-01
5.814085602760314941e-01
5.820447206497192383e-01
5.826835632324218750e-01
5.833237767219543457e-01
5.839656591415405273e-01
5.846102833747863770e-01
5.852558016777038574e-01
5.859031677246093750e-01
5.865528583526611328e-01
5.872033238410949707e-01
5.878554582595825195e-01
5.885096192359924316e-01
5.891646146774291992e-01
5.898209214210510254e-01
5.904790759086608887e-01
5.911377668380737305e-01
5.917974710464477539e-01
5.925018191337585449e-01
5.932428240776062012e-01
5.939840674400329590e-01
5.947259068489074707e-01
5.954686999320983887e-01
5.962108969688415527e-01
5.969533920288085938e-01
5.976930260658264160e-01
5.984355211257934570e-01
5.991785526275634766e-01
5.999205708503723145e-01
6.006623506546020508e-01
6.014037728309631348e-01
6.021453738212585449e-01
6.028857231140136719e-01
6.036254167556762695e-01
6.043643951416015625e-01
6.051025986671447754e-01
6.058405041694641113e-01
6.065768599510192871e-01
6.073119640350341797e-01
6.080460548400878906e-01
6.087794303894042969e-01
6.095110177993774414e-01
6.102411746978759766e-01
6.109697222709655762e-01
6.116940379142761230e-01
6.124194264411926270e-01
6.131327152252197266e-01
6.138441562652587891e-01
6.145544052124023438e-01
6.152620911598205566e-01
6.159680485725402832e-01
6.166715621948242188e-01
6.173729300498962402e-01
6.180726289749145508e-01
6.187694072723388672e-01
6.194638609886169434e-01
6.201558113098144531e-01
6.208458542823791504e-01
6.215326189994812012e-01
6.222146153450012207e-01
6.228961348533630371e-01
6.235753297805786133e-01
6.242511868476867676e-01
6.249240636825561523e-01
6.255939602851867676e-01
6.262614727020263672e-01
6.269251108169555664e-01
6.275860667228698730e-01
6.282432675361633301e-01
6.288979649543762207e-01
6.295485496520996094e-01
6.301957368850708008e-01
6.308395266532897949e-01
6.314778327941894531e-01
6.321290731430053711e-01
6.327993869781494141e-01
6.334660649299621582e-01
6.341276764869689941e-01
6.347860097885131836e-01
6.354393362998962402e-01
6.360883712768554688e-01
6.367334723472595215e-01
6.373713016510009766e-01
6.380070447921752930e-01
6.386379003524780273e-01
6.392640471458435059e-01
6.398859620094299316e-01
6.405025720596313477e-01
6.411143541336059570e-01
6.417212486267089844e-01
6.423231363296508789e-01
6.429203152656555176e-01
6.435098052024841309e-01
6.440962553024291992e-01
6.446779966354370117e-01
6.452535986900329590e-01
6.458246707916259766e-01
6.463898420333862305e-01
6.469495892524719238e-01
6.475042104721069336e-01
6.480528712272644043e-01
6.485942602157592773e-01
6.491315960884094238e-01
6.496633291244506836e-01
6.501823663711547852e-01
6.506859660148620605e-01
6.511836051940917969e-01
6.516755223274230957e-01
6.521611213684082031e-01
6.526405215263366699e-01
6.531121730804443359e-01
6.535791754722595215e-01
6.540400981903076172e-01
6.544948220252990723e-01
6.549436450004577637e-01
6.553858518600463867e-01
6.558217406272888184e-01
6.562515497207641602e-01
6.566731929779052734e-01
6.570899486541748047e-01
6.575000882148742676e-01
6.579039096832275391e-01
6.583012938499450684e-01
6.586922407150268555e-01
6.590769290924072266e-01
6.594534516334533691e-01
6.598247885704040527e-01
6.601899266242980957e-01
6.605480909347534180e-01
6.608997583389282227e-01
6.612446308135986328e-01
6.615830063819885254e-01
6.619136929512023926e-01
6.622392535209655762e-01
6.625578403472900391e-01
6.628721356391906738e-01
6.631931066513061523e-01
6.635074019432067871e-01
6.638143062591552734e-01
6.641138195991516113e-01
6.644071340560913086e-01
6.646932363510131836e-01
6.649723052978515625e-01
6.652447581291198730e-01
6.655104756355285645e-01
6.657688021659851074e-01
6.660197973251342773e-01
6.662643551826477051e-01
6.665020585060119629e-01
6.667337417602539062e-01
6.669577956199645996e-01
6.671754121780395508e-01
6.673006415367126465e-01
6.674137711524963379e-01
6.675214171409606934e-01
6.676221489906311035e-01
6.677160263061523438e-01
6.678039431571960449e-01
6.678854227066040039e-01
6.679605245590209961e-01
6.680289506912231445e-01
6.680915355682373047e-01
6.681474447250366211e-01
6.681975126266479492e-01
6.682417988777160645e-01
6.682796478271484375e-01
6.683106422424316406e-01
6.683362722396850586e-01
6.683441400527954102e-01
6.683264970779418945e-01
6.683019995689392090e-01
6.682714819908142090e-01
6.682341694831848145e-01
6.681906580924987793e-01
6.681408882141113281e-01
6.680849194526672363e-01
6.680232286453247070e-01
6.679550409317016602e-01
6.678811311721801758e-01
6.678009033203125000e-01
6.677146553993225098e-01
6.676225066184997559e-01
6.675248742103576660e-01
6.674211025238037109e-01
6.673116683959960938e-01
6.670686006546020508e-01
6.666349768638610840e-01
6.661964654922485352e-01
6.657524108886718750e-01
6.653035283088684082e-01
6.648497581481933594e-01
6.643908023834228516e-01
6.639268398284912109e-01
6.634575128555297852e-01
6.629837751388549805e-01
6.625048518180847168e-01
6.620218157768249512e-01
6.615338325500488281e-01
6.610412001609802246e-01
6.605439782142639160e-01
6.600418686866760254e-01
6.595357060432434082e-01
6.590231657028198242e-01
6.584630608558654785e-01
6.579017043113708496e-01
6.573379039764404297e-01
6.567717194557189941e-01
6.562044620513916016e-01
6.556349396705627441e-01
6.550636291503906250e-01
6.544905900955200195e-01
6.539157629013061523e-01
6.533393859863281250e-01
6.527618765830993652e-01
6.521824002265930176e-01
6.516010761260986328e-01
6.510190963745117188e-01
6.504349708557128906e-01
6.498508453369140625e-01
6.492645144462585449e-01
6.486862301826477051e-01
6.481325030326843262e-01
6.475795507431030273e-01
6.470259428024291992e-01
6.464733481407165527e-01
6.459202766418457031e-01
6.453673839569091797e-01
6.448145508766174316e-01
6.442615389823913574e-01
6.437095999717712402e-01
6.431576013565063477e-01
6.426050662994384766e-01
6.420530080795288086e-01
6.415010690689086914e-01
6.409500837326049805e-01
6.403985023498535156e-01
6.398468017578125000e-01
6.392959356307983398e-01
6.387509107589721680e-01
6.383306384086608887e-01
6.379098296165466309e-01
6.374865174293518066e-01
6.370626091957092285e-01
6.366370320320129395e-01
6.362096667289733887e-01
6.357821822166442871e-01
6.353524327278137207e-01
6.349208950996398926e-01
6.344882845878601074e-01
6.340537667274475098e-01
6.336181163787841797e-01
6.331818699836730957e-01
6.327427625656127930e-01
6.323024630546569824e-01
6.318607926368713379e-01
6.314169168472290039e-01
6.309726834297180176e-01
6.305254101753234863e-01
6.300768256187438965e-01
6.296264529228210449e-01
6.291739344596862793e-01
6.287210583686828613e-01
6.282652616500854492e-01
6.278072595596313477e-01
6.273477077484130859e-01
6.268858313560485840e-01
6.264235377311706543e-01
6.259582638740539551e-01
6.254904270172119141e-01
6.250208616256713867e-01
6.245492100715637207e-01
6.240763068199157715e-01
6.236003041267395020e-01
6.231221556663513184e-01
6.226413846015930176e-01
6.221586465835571289e-01
6.216914057731628418e-01
6.212700009346008301e-01
6.208458542823791504e-01
6.204180717468261719e-01
6.199876666069030762e-01
6.195551156997680664e-01
6.191180348396301270e-01
6.186778545379638672e-01
6.182343363761901855e-01
6.177875399589538574e-01
6.173391342163085938e-01
6.168858408927917480e-01
6.164292693138122559e-01
6.159695982933044434e-01
6.155060529708862305e-01
6.150413751602172852e-01
6.145713925361633301e-01
6.140980124473571777e-01
6.136211752891540527e-01
6.131409406661987305e-01
6.126572489738464355e-01
6.121717691421508789e-01
6.116811633110046387e-01
6.111869215965270996e-01
6.106894612312316895e-01
6.101880073547363281e-01
6.096851825714111328e-01
6.091768145561218262e-01
6.086647510528564453e-01
6.081490516662597656e-01
6.076297760009765625e-01
6.071087121963500977e-01
6.065822839736938477e-01
6.060517430305480957e-01
6.055177450180053711e-01
6.049801707267761230e-01
6.044403910636901855e-01
6.038953065872192383e-01
6.033462285995483398e-01
6.027933955192565918e-01
6.022251248359680176e-01
6.016382575035095215e-01
6.010478734970092773e-01
6.004540324211120605e-01
5.998568534851074219e-01
5.992581844329833984e-01
5.986539721488952637e-01
5.980460643768310547e-01
5.974346399307250977e-01
5.968196988105773926e-01
5.962032675743103027e-01
5.955810546875000000e-01
5.949552655220031738e-01
5.943256020545959473e-01
5.936922430992126465e-01
5.930573344230651855e-01
5.924165248870849609e-01
5.917716622352600098e-01
5.911230444908142090e-01
5.904706120491027832e-01
5.898166298866271973e-01
5.891565084457397461e-01
5.884921550750732422e-01
5.878239274024963379e-01
5.871517658233642578e-01
5.864779353141784668e-01
5.857977867126464844e-01
5.851134061813354492e-01
5.844249129295349121e-01
5.837327837944030762e-01
5.830385684967041016e-01
5.823377966880798340e-01
5.816326141357421875e-01
5.809234380722045898e-01
5.802097320556640625e-01
5.794945359230041504e-01
5.787724256515502930e-01
5.780459046363830566e-01
5.773150920867919922e-01
5.765799283981323242e-01
5.758429765701293945e-01
5.750991106033325195e-01
5.743428468704223633e-01
5.735782384872436523e-01
5.728086829185485840e-01
5.720370411872863770e-01
5.712577700614929199e-01
5.704733133316040039e-01
5.696840286254882812e-01
5.688897967338562012e-01
5.680934190750122070e-01
5.672889947891235352e-01
5.664796829223632812e-01
5.656651854515075684e-01
5.648456811904907227e-01
5.640240311622619629e-01
5.631944537162780762e-01
5.623595118522644043e-01
5.615195035934448242e-01
5.606743097305297852e-01
5.598270297050476074e-01
5.589717030525207520e-01
5.581108927726745605e-01
5.572450757026672363e-01
5.563740134239196777e-01
5.555010437965393066e-01
5.546193718910217285e-01
5.537327527999877930e-01
5.528407096862792969e-01
5.519436001777648926e-01
5.510443449020385742e-01
5.501367449760437012e-01
5.492237210273742676e-01
5.483055710792541504e-01
5.473820567131042480e-01
5.464566946029663086e-01
5.455225706100463867e-01
5.445833206176757812e-01
5.436388850212097168e-01
5.426890254020690918e-01
5.417374372482299805e-01
5.407770872116088867e-01
5.398116111755371094e-01
5.388407707214355469e-01
5.378648042678833008e-01
5.368863344192504883e-01
5.358829498291015625e-01
5.348623991012573242e-01
5.338358879089355469e-01
5.328039526939392090e-01
5.317695140838623047e-01
5.307262539863586426e-01
5.296776890754699707e-01
5.286233425140380859e-01
5.275629758834838867e-01
5.264978408813476562e-01
5.254306793212890625e-01
5.243540406227111816e-01
5.232723951339721680e-01
5.221855044364929199e-01
5.210933685302734375e-01
5.199987888336181641e-01
5.188959836959838867e-01
5.177879333496093750e-01
5.166745185852050781e-01
5.155554413795471191e-01
5.144354104995727539e-01
5.133067965507507324e-01
5.121729969978332520e-01
5.110332965850830078e-01
5.098895430564880371e-01
5.087444782257080078e-01
5.075908303260803223e-01
5.064316987991333008e-01
5.052681565284729004e-01
5.041000843048095703e-01
5.029308795928955078e-01
5.017526149749755859e-01
5.005705952644348145e-01
4.993835687637329102e-01
4.981923997402191162e-01
4.969998300075531006e-01
4.957994520664215088e-01
4.945949912071228027e-01
4.933858513832092285e-01
4.921719431877136230e-01
4.909545183181762695e-01
4.897367060184478760e-01
4.885111153125762939e-01
4.872803390026092529e-01
4.860466718673706055e-01
4.848089814186096191e-01
4.835707247257232666e-01
4.823192954063415527e-01
4.810636043548583984e-01
4.798056185245513916e-01
4.785433411598205566e-01
4.772830903530120850e-01
4.760153591632843018e-01
4.747441411018371582e-01
4.734703302383422852e-01
4.721929728984832764e-01
4.709179997444152832e-01
4.696359932422637939e-01
4.683506786823272705e-01
4.670633971691131592e-01
4.657731652259826660e-01
4.644809961318969727e-01
4.631897807121276855e-01
4.618933200836181641e-01
4.605943858623504639e-01
4.592929780483245850e-01
4.579899907112121582e-01
4.566882252693176270e-01
4.553817510604858398e-01
4.540732204914093018e-01
4.527624845504760742e-01
4.514505565166473389e-01
4.501367211341857910e-01
4.488258957862854004e-01
4.475096464157104492e-01
4.461915791034698486e-01
4.448728561401367188e-01
4.435524046421051025e-01
4.422355890274047852e-01
4.409140646457672119e-01
4.395902454853057861e-01
4.382666051387786865e-01
4.369416832923889160e-01
4.356165826320648193e-01
4.342953562736511230e-01
4.329683184623718262e-01
4.316416382789611816e-01
4.303141832351684570e-01
4.289869070053100586e-01
4.276629090309143066e-01
4.263353049755096436e-01
4.250081479549407959e-01
4.236794412136077881e-01
4.223518371582031250e-01
4.210240542888641357e-01
4.197008013725280762e-01
4.184454381465911865e-01
4.172032773494720459e-01
4.159616827964782715e-01
4.147219657897949219e-01
4.134882986545562744e-01
4.122524261474609375e-01
4.110175371170043945e-01
4.097843766212463379e-01
4.085537195205688477e-01
4.073244631290435791e-01
4.061014950275421143e-01
4.048768281936645508e-01
4.036527276039123535e-01
4.024321436882019043e-01
4.012129902839660645e-01
3.999969661235809326e-01
3.987868428230285645e-01
3.975737690925598145e-01
3.963645398616790771e-01
3.951577544212341309e-01
3.939528763294219971e-01
3.927511572837829590e-01
3.915548026561737061e-01
3.903574943542480469e-01
3.891635537147521973e-01
3.879724740982055664e-01
3.867824971675872803e-01
3.855968117713928223e-01
3.844169974327087402e-01
3.832370936870574951e-01
3.820601701736450195e-01
3.808846175670623779e-01
3.797136247158050537e-01
3.785457015037536621e-01
3.773837089538574219e-01
3.762220740318298340e-01
3.750625550746917725e-01
3.739064931869506836e-01
3.727544546127319336e-01
3.716055452823638916e-01
3.704627454280853271e-01
3.693196773529052734e-01
3.681801259517669678e-01
3.670447766780853271e-01
3.659128248691558838e-01
3.647835850715637207e-01
3.636610805988311768e-01
3.625395298004150391e-01
3.614208996295928955e-01
3.603065907955169678e-01
3.591958582401275635e-01
3.580871820449829102e-01
3.570027649402618408e-01
3.559228181838989258e-01
3.548457026481628418e-01
3.537740111351013184e-01
3.527044653892517090e-01
3.516394495964050293e-01
3.505814373493194580e-01
3.495239317417144775e-01
3.484703004360198975e-01
3.474197387695312500e-01
3.463737964630126953e-01
3.453326523303985596e-01
3.442967832088470459e-01
3.432624936103820801e-01
3.422323763370513916e-01
3.412059843540191650e-01
3.401836156845092773e-01
3.391643464565277100e-01
3.381507694721221924e-01
3.371433317661285400e-01
3.361361324787139893e-01
3.351346254348754883e-01
3.341355621814727783e-01
3.331412971019744873e-01
3.321511447429656982e-01
3.311651349067687988e-01
3.301859498023986816e-01
3.292072713375091553e-01
3.282344043254852295e-01
3.272647559642791748e-01
3.262984454631805420e-01
3.253370225429534912e-01
3.243799209594726562e-01
3.234295845031738281e-01
3.224806487560272217e-01
3.215360939502716064e-01
3.205955028533935547e-01
3.196584284305572510e-01
3.187262713909149170e-01
3.177992701530456543e-01
3.168773949146270752e-01
3.159578144550323486e-01
3.150417506694793701e-01
3.141316473484039307e-01
3.132247328758239746e-01
3.123214244842529297e-01
3.114240169525146484e-01
3.105324208736419678e-01
3.096417486667633057e-01
3.087561428546905518e-01
3.078750371932983398e-01
3.069978952407836914e-01
3.061251044273376465e-01
3.052568435668945312e-01
3.043948709964752197e-01
3.035149276256561279e-01
3.026226460933685303e-01
3.017345964908599854e-01
3.008497357368469238e-01
2.999695539474487305e-01
2.990942895412445068e-01
2.982255220413208008e-01
2.973577380180358887e-01
2.964951992034912109e-01
2.956363558769226074e-01
2.947813868522644043e-01
2.939317524433135986e-01
2.930863201618194580e-01
2.922463119029998779e-01
2.914094328880310059e-01
2.905763089656829834e-01
2.897480130195617676e-01
2.889229953289031982e-01
2.881033718585968018e-01
2.872879803180694580e-01
2.864772081375122070e-01
2.856703996658325195e-01
2.848678529262542725e-01
2.840685844421386719e-01
2.832747101783752441e-01
2.824850678443908691e-01
2.816991508007049561e-01
2.809170782566070557e-01
2.801403701305389404e-01
2.793698012828826904e-01
2.786006331443786621e-01
2.778362333774566650e-01
2.770766913890838623e-01
2.763214707374572754e-01
2.755694687366485596e-01
2.748228907585144043e-01
2.740805745124816895e-01
2.733409404754638672e-01
2.726089060306549072e-01
2.718795239925384521e-01
2.711533308029174805e-01
2.704325318336486816e-01
2.697154879570007324e-01
2.690033316612243652e-01
2.682943344116210938e-01
2.675907611846923828e-01
2.668930292129516602e-01
2.661969363689422607e-01
2.655057609081268311e-01
2.648193538188934326e-01
2.641361653804779053e-01
2.634584605693817139e-01
2.627849876880645752e-01
2.621153295040130615e-01
2.614493966102600098e-01
2.607901692390441895e-01
2.601339519023895264e-01
2.594808638095855713e-01
2.588332593441009521e-01
2.582137584686279297e-01
2.576051056385040283e-01
2.570008635520935059e-01
2.564009130001068115e-01
2.558053135871887207e-01
2.552152574062347412e-01
2.546283602714538574e-01
2.540458440780639648e-01
2.534676492214202881e-01
2.528937757015228271e-01
2.523238658905029297e-01
2.517587244510650635e-01
2.511979341506958008e-01
2.506424784660339355e-01
2.500903308391571045e-01
2.495425641536712646e-01
2.489991337060928345e-01
2.484600543975830078e-01
2.479253262281417847e-01
2.473949193954467773e-01
2.468684613704681396e-01
2.463467717170715332e-01
2.458302676677703857e-01
2.453172355890274048e-01
2.448085546493530273e-01
2.443042248487472534e-01
2.438042163848876953e-01
2.433085590600967407e-01
2.428172677755355835e-01
2.423303276300430298e-01
2.418477237224578857e-01
2.413690984249114990e-01
2.408951818943023682e-01
2.404256165027618408e-01
2.399609982967376709e-01
2.395001202821731567e-01
2.390435785055160522e-01
2.385913878679275513e-01
2.381435483694076538e-01
2.377000600099563599e-01
2.372597455978393555e-01
2.368246316909790039e-01
2.363941818475723267e-01
2.359681129455566406e-01
2.355463653802871704e-01
2.351289838552474976e-01
2.347163110971450806e-01
2.343076169490814209e-01
2.339032739400863647e-01
2.335032820701599121e-01
2.331076413393020630e-01
2.327160835266113281e-01
2.323291450738906860e-01
2.319466024637222290e-01
2.315683811902999878e-01
2.311945259571075439e-01
2.308250367641448975e-01
2.304598987102508545e-01
2.300992608070373535e-01
2.297428399324417114e-01
2.293907552957534790e-01
2.290430516004562378e-01
2.287040799856185913e-01
2.283806651830673218e-01
2.280618250370025635e-01
2.277480363845825195e-01
2.274390310049057007e-01
2.271348536014556885e-01
2.268354892730712891e-01
2.265409380197525024e-01
2.262508720159530640e-01
2.259659320116043091e-01
2.256858050823211670e-01
2.254104912281036377e-01
2.251400053501129150e-01
2.248743325471878052e-01
2.246132940053939819e-01
2.243572622537612915e-01
2.241060733795166016e-01
2.238596826791763306e-01
2.236181348562240601e-01
2.233814150094985962e-01
2.231489866971969604e-01
2.229219228029251099e-01
2.226996719837188721e-01
2.224822789430618286e-01
2.222697138786315918e-01
2.220619916915893555e-01
2.218589782714843750e-01
2.216609418392181396e-01
2.214677631855010986e-01
2.212794274091720581e-01
2.210959643125534058e-01
2.209173440933227539e-01
2.207434624433517456e-01
2.205745726823806763e-01
2.204093337059020996e-01
2.202501744031906128e-01
2.200958877801895142e-01
2.199464887380599976e-01
2.198018878698348999e-01
2.196614444255828857e-01
2.195266932249069214e-01
2.193968147039413452e-01
2.192718386650085449e-01
2.191517651081085205e-01
2.190365493297576904e-01
2.189263105392456055e-01
2.188209742307662964e-01
2.187205702066421509e-01
2.186250984668731689e-01
2.185345590114593506e-01
2.184489518404006958e-01
2.183682918548583984e-01
2.182926088571548462e-01
2.182218879461288452e-01
2.181561291217803955e-01
2.180953323841094971e-01
2.180395275354385376e-01
2.179887294769287109e-01
2.179429233074188232e-01
2.179021239280700684e-01
2.178650647401809692e-01
2.178342640399932861e-01
2.178085148334503174e-01
2.177878320217132568e-01
2.177721709012985229e-01
2.177615612745285034e-01
2.177560329437255859e-01
2.178080081939697266e-01
2.178913801908493042e-01
2.179799526929855347e-01
2.180726230144500732e-01
2.181718051433563232e-01
2.182762026786804199e-01
2.183859795331954956e-01
2.185009866952896118e-01
2.186213731765747070e-01
2.187471389770507812e-01
2.188781350851058960e-01
2.190145999193191528e-01
2.191563248634338379e-01
2.193018049001693726e-01
2.194531857967376709e-01
2.196111232042312622e-01
2.197746485471725464e-01
2.199434787034988403e-01
2.201178967952728271e-01
2.202978283166885376e-01
2.204831242561340332e-01
2.206740677356719971e-01
2.208704352378845215e-01
2.210725247859954834e-01
2.212787568569183350e-01
2.214920073747634888e-01
2.217108905315399170e-01
2.219352275133132935e-01
2.221653759479522705e-01
2.224010825157165527e-01
2.226426303386688232e-01
2.228898704051971436e-01
2.231427431106567383e-01
2.234015017747879028e-01
2.236646264791488647e-01
2.239349931478500366e-01
2.242112159729003906e-01
2.244930863380432129e-01
2.247810214757919312e-01
2.250747084617614746e-01
2.253744751214981079e-01
2.256799936294555664e-01
2.259917408227920532e-01
2.263094782829284668e-01
2.266317456960678101e-01
2.269615530967712402e-01
2.272972613573074341e-01
2.276392728090286255e-01
2.279874384403228760e-01
2.283415645360946655e-01
2.287020981311798096e-01
2.290685921907424927e-01
2.294416576623916626e-01
2.298209667205810547e-01
2.302050739526748657e-01
2.305970937013626099e-01
2.309951484203338623e-01
2.313999235630035400e-01
2.318110913038253784e-01
2.322285324335098267e-01
2.326527237892150879e-01
2.330831289291381836e-01
2.335204631090164185e-01
2.339640259742736816e-01
2.344133257865905762e-01
2.348705977201461792e-01
2.353341728448867798e-01
2.358048558235168457e-01
2.362819164991378784e-01
2.367662191390991211e-01
2.372573316097259521e-01
2.377867996692657471e-01
2.383681833744049072e-01
2.389557659626007080e-01
2.395504117012023926e-01
2.401530891656875610e-01
2.407612502574920654e-01
2.413761913776397705e-01
2.419980466365814209e-01
2.426266521215438843e-01
2.432634234428405762e-01
2.439058423042297363e-01
2.445553392171859741e-01
2.452117353677749634e-01
2.458751946687698364e-01
2.465470284223556519e-01
2.472246289253234863e-01
2.479093372821807861e-01
2.486013621091842651e-01
2.493004798889160156e-01
2.500080168247222900e-01
2.507216632366180420e-01
2.514426410198211670e-01
2.521709203720092773e-01
2.529065907001495361e-01
2.536509037017822266e-01
2.544014453887939453e-01
2.551594376564025879e-01
2.559250295162200928e-01
2.566980719566345215e-01
2.574798762798309326e-01
2.582677602767944336e-01
2.590636909008026123e-01
2.598672509193420410e-01
2.606785893440246582e-01
2.614977955818176270e-01
2.623258531093597412e-01
2.631655931472778320e-01
2.640082836151123047e-01
2.648588418960571289e-01
2.657172083854675293e-01
2.665848731994628906e-01
2.674592733383178711e-01
2.683416604995727539e-01
2.692321240901947021e-01
2.701307833194732666e-01
2.710386216640472412e-01
2.719534635543823242e-01
2.728765308856964111e-01
2.738077640533447266e-01
2.747471928596496582e-01
2.756962180137634277e-01
2.766522169113159180e-01
2.776166200637817383e-01
2.785894274711608887e-01
2.795704901218414307e-01
2.805611193180084229e-01
2.815590798854827881e-01
2.825655937194824219e-01
2.835797965526580811e-01
2.846031785011291504e-01
2.856363356113433838e-01
2.866767942905426025e-01
2.877258658409118652e-01
2.887836396694183350e-01
2.898562848567962646e-01
2.909323275089263916e-01
2.920159399509429932e-01
2.931083440780639648e-01
2.942092716693878174e-01
2.953189015388488770e-01
2.964384555816650391e-01
2.975656092166900635e-01
2.987014055252075195e-01
2.998461425304412842e-01
3.009994626045227051e-01
3.021626472473144531e-01
3.033331334590911865e-01
3.044962584972381592e-01
3.056696951389312744e-01
3.068503439426422119e-01
3.080404996871948242e-01
3.092378675937652588e-01
3.104446530342102051e-01
3.116598725318908691e-01
3.128822147846221924e-01
3.141140341758728027e-01
3.153608441352844238e-01
3.166092932224273682e-01
3.178659975528717041e-01
3.191300332546234131e-01
3.204035460948944092e-01
3.216841220855712891e-01
3.229738175868988037e-01
3.242720663547515869e-01
3.255773186683654785e-01
3.268917202949523926e-01
3.282133936882019043e-01
3.295440673828125000e-01
3.308891952037811279e-01
3.322361707687377930e-01
3.335910141468048096e-01
3.349528908729553223e-01
3.363236486911773682e-01
3.377014994621276855e-01
3.390879929065704346e-01
3.404822647571563721e-01
3.418835997581481934e-01
3.432933092117309570e-01
3.447098433971405029e-01
3.461349904537200928e-01
3.475754261016845703e-01
3.490154445171356201e-01
3.504627048969268799e-01
3.519167602062225342e-01
3.533786833286285400e-01
3.548468947410583496e-01
3.563232421875000000e-01
3.578063547611236572e-01
3.592946529388427734e-01
3.607916831970214844e-01
3.622944951057434082e-01
3.638046979904174805e-01
3.653303980827331543e-01
3.668536841869354248e-01
3.683831393718719482e-01
3.699180781841278076e-01
3.714601397514343262e-01
3.730072379112243652e-01
3.745608031749725342e-01
3.761204183101654053e-01
3.776845633983612061e-01
3.792548775672912598e-01
3.808299899101257324e-01
3.824108242988586426e-01
3.840068280696868896e-01
3.855967521667480469e-01
3.871924877166748047e-01
3.887917101383209229e-01
3.903959691524505615e-01
3.920031487941741943e-01
3.936156630516052246e-01
3.952319920063018799e-01
3.968515396118164062e-01
3.984751701354980469e-01
4.001012146472930908e-01
4.017415344715118408e-01
4.033745229244232178e-01
4.050093591213226318e-01
4.066471755504608154e-01
4.082868695259094238e-01
4.099287986755371094e-01
4.115721583366394043e-01
4.132177233695983887e-01
4.148643612861633301e-01
4.165113866329193115e-01
4.181708991527557373e-01
4.198193550109863281e-01
4.214687049388885498e-01
4.231178462505340576e-01
4.247680902481079102e-01
4.264170825481414795e-01
4.280658066272735596e-01
4.297127723693847656e-01
4.313679039478302002e-01
4.330100715160369873e-01
4.346510171890258789e-01
4.362885951995849609e-01
4.379227757453918457e-01
4.395537674427032471e-01
4.411826431751251221e-01
4.428168833255767822e-01
4.444361031055450439e-01
4.460510909557342529e-01
4.476613998413085938e-01
4.492669701576232910e-01
4.508665502071380615e-01
4.524604976177215576e-01
4.540585875511169434e-01
4.556404948234558105e-01
4.572146236896514893e-01
4.587818682193756104e-01
4.603413045406341553e-01
4.618931114673614502e-01
4.634374380111694336e-01
4.649829566478729248e-01
4.665089845657348633e-01
4.680254459381103516e-01
4.695334136486053467e-01
4.710304141044616699e-01
4.725167155265808105e-01
4.739922583103179932e-01
4.754568338394165039e-01
4.769205152988433838e-01
4.783612489700317383e-01
4.797896444797515869e-01
4.812057912349700928e-01
4.826089441776275635e-01
4.839978516101837158e-01
4.853733181953430176e-01
4.867432415485382080e-01
4.880897998809814453e-01
4.894205629825592041e-01
4.907358884811401367e-01
4.920348823070526123e-01
4.933175146579742432e-01
4.945842623710632324e-01
4.958418309688568115e-01
4.970726370811462402e-01
4.982857108116149902e-01
4.994809925556182861e-01
5.006564855575561523e-01
5.018128156661987305e-01
5.029493570327758789e-01
5.040659308433532715e-01
5.051699876785278320e-01
5.062449574470520020e-01
5.072985291481018066e-01
5.083301067352294922e-01
5.093401074409484863e-01
5.103268623352050781e-01
5.112909078598022461e-01
5.122380256652832031e-01
5.131546854972839355e-01
5.140468478202819824e-01
5.149145722389221191e-01
5.157570242881774902e-01
5.165740251541137695e-01
5.173712372779846191e-01
5.181360244750976562e-01
5.188741087913513184e-01
5.195851922035217285e-01
5.202695727348327637e-01
5.209300518035888672e-01
5.215576291084289551e-01
5.221567749977111816e-01
5.227272510528564453e-01
5.232684016227722168e-01
5.237798094749450684e-01
5.242647528648376465e-01
5.247156620025634766e-01
5.251360535621643066e-01
5.255253911018371582e-01
5.258836150169372559e-01
5.262119770050048828e-01
5.265061259269714355e-01
5.267680883407592773e-01
5.269976854324340820e-01
5.271967053413391113e-01
5.273654460906982422e-01
5.275008678436279297e-01
5.276044607162475586e-01
5.276755690574645996e-01
5.277138948440551758e-01
5.277187228202819824e-01
5.276905298233032227e-01
5.276288390159606934e-01
5.275330543518066406e-01
5.274035930633544922e-01
5.272380113601684570e-01
5.270396471023559570e-01
5.268066525459289551e-01
5.265387892723083496e-01
5.262359380722045898e-01
5.258941054344177246e-01
5.255203247070312500e-01
5.251111388206481934e-01
5.246662497520446777e-01
5.241852998733520508e-01
5.236636996269226074e-01
5.231106281280517578e-01
5.225208401679992676e-01
5.218952298164367676e-01
5.212333798408508301e-01
5.205352306365966797e-01
5.197933912277221680e-01
5.190216898918151855e-01
5.182134509086608887e-01
5.173680782318115234e-01
5.164867639541625977e-01
5.155602097511291504e-01
5.146051645278930664e-01
5.136139988899230957e-01
5.125861763954162598e-01
5.115215778350830078e-01
5.104100704193115234e-01
5.092728734016418457e-01
5.080995559692382812e-01
5.068896412849426270e-01
5.056445002555847168e-01
5.043517351150512695e-01
5.030338764190673828e-01
5.016811490058898926e-01
5.002936720848083496e-01
4.988707602024078369e-01
4.974001348018646240e-01
4.959076941013336182e-01
4.943811297416687012e-01
4.928198456764221191e-01
4.912257790565490723e-01
4.895827472209930420e-01
4.879215955734252930e-01
4.862281382083892822e-01
4.845021069049835205e-01
4.827272295951843262e-01
4.809365868568420410e-01
4.791155457496643066e-01
4.772638678550720215e-01
4.753634333610534668e-01
4.734511673450469971e-01
4.715096652507781982e-01
4.695384204387664795e-01
4.675197005271911621e-01
4.654924273490905762e-01
4.634372293949127197e-01
4.613560438156127930e-01
4.592286348342895508e-01
4.570940136909484863e-01
4.549348652362823486e-01
4.527510106563568115e-01
4.505230188369750977e-01
4.482912123203277588e-01
4.460377693176269531e-01
4.437621533870697021e-01
4.414433538913726807e-01
4.391249716281890869e-01
4.367865324020385742e-01
4.344289898872375488e-01
4.320309758186340332e-01
4.296366274356842041e-01
4.272257983684539795e-01
4.247979521751403809e-01
4.223318696022033691e-01
4.198722541332244873e-01
4.173991680145263672e-01
4.149132072925567627e-01
4.123910367488861084e-01
4.098789095878601074e-01
4.073572158813476562e-01
4.048244953155517578e-01
4.022569358348846436e-01
3.997054398059844971e-01
3.971462249755859375e-01
3.945564925670623779e-01
3.919867575168609619e-01
3.894105553627014160e-01
3.868305385112762451e-01
3.842198550701141357e-01
3.816313743591308594e-01
3.790391385555267334e-01
3.764461874961853027e-01
3.738259077072143555e-01
3.712311089038848877e-01
3.686362206935882568e-01
3.660419583320617676e-01
3.634243905544281006e-01
3.608349263668060303e-01
3.582478761672973633e-01
3.556652367115020752e-01
3.530618250370025635e-01
3.504888713359832764e-01
3.479223847389221191e-01
3.453626632690429688e-01
3.427838385105133057e-01
3.402402997016906738e-01
3.377037048339843750e-01
3.351766765117645264e-01
3.326342105865478516e-01
3.301288485527038574e-01
3.276327848434448242e-01
3.251483142375946045e-01
3.226529955863952637e-01
3.201940357685089111e-01
3.177472651004791260e-01
3.153154253959655762e-01
3.128740489482879639e-01
3.104709982872009277e-01
3.080820739269256592e-01
3.057101964950561523e-01
3.033302426338195801e-01
3.009900748729705811e-01
2.986664474010467529e-01
2.963392138481140137e-01
2.940495312213897705e-01
2.917793095111846924e-01
2.895044684410095215e-01
2.872712612152099609e-01
2.850559055805206299e-01
2.828392088413238525e-01
2.806629240512847900e-01
2.785057127475738525e-01
2.763472795486450195e-01
2.742309570312500000e-01
2.721337974071502686e-01
2.700378000736236572e-01
2.679812908172607422e-01
2.659470140933990479e-01
2.639127075672149658e-01
2.619199454784393311e-01
2.599471807479858398e-01
2.579778730869293213e-01
2.560475468635559082e-01
2.541396915912628174e-01
2.522338628768920898e-01
2.503687441349029541e-01
2.485239803791046143e-01
2.466832697391510010e-01
2.448819875717163086e-01
2.431023567914962769e-01
2.413427680730819702e-01
2.395888864994049072e-01
2.378728836774826050e-01
2.361783832311630249e-01
2.344875633716583252e-01
2.328359931707382202e-01
2.312040627002716064e-01
2.295778542757034302e-01
2.279874533414840698e-01
2.264192402362823486e-01
2.248550653457641602e-01
2.233273983001708984e-01
2.218196094036102295e-01
2.203182429075241089e-01
2.188499718904495239e-01
2.174027413129806519e-01
2.159612923860549927e-01
2.145532369613647461e-01
2.131638377904891968e-01
2.117819488048553467e-01
2.104307264089584351e-01
2.090995311737060547e-01
2.077736556529998779e-01
2.064803093671798706e-01
2.052035778760910034e-01
2.039340138435363770e-01
2.026934772729873657e-01
2.014720886945724487e-01
2.002669721841812134e-01
1.990687251091003418e-01
1.978983283042907715e-01
1.967456191778182983e-01
1.955976635217666626e-01
1.944779604673385620e-01
1.933744847774505615e-01
1.922769546508789062e-01
1.912049353122711182e-01
1.901545226573944092e-01
1.891660541296005249e-01
1.882026791572570801e-01
1.872525513172149658e-01
1.863073110580444336e-01
1.853860318660736084e-01
1.844771057367324829e-01
1.835735291242599487e-01
1.826909631490707397e-01
1.818225383758544922e-01
1.809574216604232788e-01
1.801145225763320923e-01
1.792842000722885132e-01
1.784562915563583374e-01
1.776500791311264038e-01
1.768550574779510498e-01
1.760645657777786255e-01
1.752923130989074707e-01
1.745250672101974487e-01
1.737765967845916748e-01
1.730384379625320435e-01
1.723042577505111694e-01
1.715875864028930664e-01
1.708750873804092407e-01
1.701793968677520752e-01
1.694943010807037354e-01
1.688126772642135620e-01
1.681470721960067749e-01
1.674854755401611328e-01
1.668391525745391846e-01
1.662027686834335327e-01
1.655689179897308350e-01
1.649513244628906250e-01
1.643425971269607544e-01
1.637356132268905640e-01
1.631446480751037598e-01
1.625555157661437988e-01
1.619814485311508179e-01
1.614146381616592407e-01
1.608514785766601562e-01
1.603020429611206055e-01
1.597543656826019287e-01
1.592202782630920410e-01
1.586935073137283325e-01
1.581698805093765259e-01
1.576582193374633789e-01
1.571495383977890015e-01
1.566528081893920898e-01
1.561627388000488281e-01
1.556756347417831421e-01
1.551995426416397095e-01
1.547260135412216187e-01
1.542633175849914551e-01
1.538080275058746338e-01
1.533548980951309204e-01
1.529114097356796265e-01
1.524709314107894897e-01
1.520403623580932617e-01
1.516164988279342651e-01
1.511934697628021240e-01
1.507815867662429810e-01
1.503754258155822754e-01
1.499703526496887207e-01
1.495755314826965332e-01
1.491815149784088135e-01
1.487975716590881348e-01
1.484183371067047119e-01
1.480415016412734985e-01
1.476723104715347290e-01
1.473056823015213013e-01
1.469474434852600098e-01
1.465933769941329956e-01
1.462410837411880493e-01
1.458963751792907715e-01
1.455536782741546631e-01
1.452178359031677246e-01
1.448866873979568481e-01
1.445569694042205811e-01
1.442337483167648315e-01
1.439120918512344360e-01
1.435966640710830688e-01
1.432853192090988159e-01
1.429743319749832153e-01
1.426703929901123047e-01
1.423670351505279541e-01
1.420687586069107056e-01
1.417745649814605713e-01
1.414801627397537231e-01
1.411918997764587402e-01
1.409056037664413452e-01
1.406203508377075195e-01
1.403403133153915405e-01
1.400596201419830322e-01
1.397842615842819214e-01
1.395109146833419800e-01
1.392379850149154663e-01
1.389691233634948730e-01
1.387003213167190552e-01
1.384362280368804932e-01
1.381712555885314941e-01
1.379111856222152710e-01
1.376501470804214478e-01
1.373935490846633911e-01
1.371362805366516113e-01
1.368836760520935059e-01
1.366305351257324219e-01
1.363806277513504028e-01
1.361311227083206177e-01
1.358849108219146729e-01
1.356410831212997437e-01
1.353958994150161743e-01
1.351554095745086670e-01
1.349145621061325073e-01
1.346736252307891846e-01
1.344313025474548340e-01
1.341925412416458130e-01
1.339537799358367920e-01
1.337188780307769775e-01
1.334836333990097046e-01
1.332521885633468628e-01
1.330210566520690918e-01
1.327930837869644165e-01
1.325646340847015381e-01
1.323401778936386108e-01
1.321174055337905884e-01
1.318944394588470459e-01
1.316751241683959961e-01
1.314556598663330078e-01
1.312396824359893799e-01
1.310241818428039551e-01
1.308113187551498413e-01
1.305986046791076660e-01
1.303893774747848511e-01
1.301800459623336792e-01
1.299740821123123169e-01
1.297679990530014038e-01
1.295652985572814941e-01
1.293624788522720337e-01
1.291631311178207397e-01
1.289651542901992798e-01
1.287670135498046875e-01
1.285721063613891602e-01
1.283770650625228882e-01
1.281851679086685181e-01
1.279931217432022095e-01
1.278042048215866089e-01
1.276153475046157837e-01
1.274292916059494019e-01
1.272431015968322754e-01
1.270598471164703369e-01
1.268764734268188477e-01
1.266959905624389648e-01
1.265153437852859497e-01
1.263372749090194702e-01
1.261607557535171509e-01
1.259846091270446777e-01
1.258107125759124756e-01
1.256366074085235596e-01
1.254652142524719238e-01
1.252936720848083496e-01
1.251247227191925049e-01
1.249553263187408447e-01
1.247887760400772095e-01
1.246220469474792480e-01
1.244583055377006531e-01
1.242939084768295288e-01
1.241319552063941956e-01
1.239697858691215515e-01
1.238100379705429077e-01
1.236511096358299255e-01
1.234922409057617188e-01
1.233356818556785583e-01
1.231789216399192810e-01
1.230249181389808655e-01
1.228702142834663391e-01
1.227177605032920837e-01
1.225648000836372375e-01
1.224142834544181824e-01
1.222635656595230103e-01
1.221149712800979614e-01
1.219661384820938110e-01
1.218198910355567932e-01
1.216729208827018738e-01
1.215280145406723022e-01
1.213825792074203491e-01
1.212394386529922485e-01
1.210960596799850464e-01
1.209535226225852966e-01
1.208129674196243286e-01
1.206721439957618713e-01
1.205337122082710266e-01
1.203945428133010864e-01
1.202570199966430664e-01
1.201194822788238525e-01
1.199837848544120789e-01
1.198478192090988159e-01
1.197136864066123962e-01
1.195792481303215027e-01
1.194455996155738831e-01
1.193139031529426575e-01
1.191817224025726318e-01
1.190512850880622864e-01
1.189205721020698547e-01
1.187915652990341187e-01
1.186622679233551025e-01
1.185346618294715881e-01
1.184067651629447937e-01
1.182802468538284302e-01
1.181541308760643005e-01
1.180282607674598694e-01
1.179039850831031799e-01
1.177794262766838074e-01
1.176564469933509827e-01
1.175331547856330872e-01
1.174114570021629333e-01
1.172891706228256226e-01
1.171687021851539612e-01
1.170483380556106567e-01
1.169290691614151001e-01
1.168094798922538757e-01
1.166904792189598083e-01
1.165729761123657227e-01
1.164548918604850769e-01
1.163385435938835144e-01
1.162218600511550903e-01
1.161070689558982849e-01
1.159915104508399963e-01
1.158773824572563171e-01
1.157629266381263733e-01
1.156490221619606018e-01
1.155362427234649658e-01
1.154233962297439575e-01
1.153119504451751709e-01
1.152001395821571350e-01
1.150901541113853455e-01
1.149778291583061218e-01
1.148643344640731812e-01
1.147498637437820435e-01
1.146371588110923767e-01
1.145239770412445068e-01
1.144114583730697632e-01
1.142998486757278442e-01
1.141885966062545776e-01
1.140779703855514526e-01
1.139674559235572815e-01
1.138580515980720520e-01
1.137484908103942871e-01
1.136402115225791931e-01
1.135314479470252991e-01
1.134240925312042236e-01
1.133160069584846497e-01
1.132090538740158081e-01
1.131026670336723328e-01
1.129963621497154236e-01
1.128911226987838745e-01
1.127857118844985962e-01
1.126810908317565918e-01
1.125768125057220459e-01
1.124730631709098816e-01
1.123696416616439819e-01
1.122667342424392700e-01
1.121639311313629150e-01
1.120613738894462585e-01
1.119601204991340637e-01
1.118585616350173950e-01
1.117579638957977295e-01
1.116572096943855286e-01
1.115571781992912292e-01
1.114574745297431946e-01
1.113575100898742676e-01
1.112590655684471130e-01
1.111601367592811584e-01
1.110624670982360840e-01
1.109640523791313171e-01
1.108666881918907166e-01
1.107697412371635437e-01
1.106728836894035339e-01
1.105762347579002380e-01
1.104808077216148376e-01
1.103850603103637695e-01
1.102895215153694153e-01
1.101951748132705688e-01
1.101001054048538208e-01
1.100067272782325745e-01
1.099123731255531311e-01
1.098187789320945740e-01
1.097260341048240662e-01
1.096331402659416199e-01
1.095401868224143982e-01
1.094488725066184998e-01
1.093566045165061951e-01
1.092657297849655151e-01
1.091743633151054382e-01
1.090835034847259521e-01
1.089936196804046631e-01
1.089032590389251709e-01
1.088133826851844788e-01
1.087240725755691528e-01
1.086350902915000916e-01
1.085457801818847656e-01
1.084578260779380798e-01
1.083694025874137878e-01
1.082820743322372437e-01
1.081940382719039917e-01
1.081069409847259521e-01
1.080201491713523865e-01
1.079334318637847900e-01
1.078468710184097290e-01
1.077613830566406250e-01
1.076755672693252563e-01
1.075905188918113708e-01
1.075053215026855469e-01
1.074200123548507690e-01
1.073362454771995544e-01
1.072515323758125305e-01
1.071674972772598267e-01
1.070842072367668152e-01
1.070007607340812683e-01
1.069172099232673645e-01
1.068351566791534424e-01
1.067521721124649048e-01
1.066704541444778442e-01
1.065882593393325806e-01
1.065065115690231323e-01
1.064254716038703918e-01
1.063442677259445190e-01
1.062633469700813293e-01
1.061831191182136536e-01
1.061027348041534424e-01
1.060228198766708374e-01
1.059432178735733032e-01
1.058632582426071167e-01
1.057845279574394226e-01
1.057053357362747192e-01
1.056265607476234436e-01
1.055482253432273865e-01
1.054702103137969971e-01
1.053918376564979553e-01
1.053146570920944214e-01
1.052370369434356689e-01
1.051603779196739197e-01
1.050834134221076965e-01
1.050065532326698303e-01
1.049306467175483704e-01
1.048540621995925903e-01
1.047783344984054565e-01
1.047028005123138428e-01
1.046273484826087952e-01
1.045519858598709106e-01
1.044775694608688354e-01
1.044024750590324402e-01
1.043287590146064758e-01
1.042541563510894775e-01
1.041801720857620239e-01
1.041068062186241150e-01
1.040332987904548645e-01
1.039600297808647156e-01
1.038873791694641113e-01
1.038145869970321655e-01
1.037416532635688782e-01
1.036700829863548279e-01
1.035976186394691467e-01
1.035257652401924133e-01
1.034539937973022461e-01
1.033831238746643066e-01
1.033115833997726440e-01
1.032408773899078369e-01
1.031703129410743713e-01
1.030998378992080688e-01
1.030263081192970276e-01
1.029260829091072083e-01
1.028260365128517151e-01
1.027263551950454712e-01
1.026267185807228088e-01
1.025276854634284973e-01
1.024285852909088135e-01
1.023295894265174866e-01
1.022310182452201843e-01
1.021330356597900391e-01
1.020349860191345215e-01
1.019370406866073608e-01
1.018395051360130310e-01
1.017429381608963013e-01
1.016455516219139099e-01
1.015490144491195679e-01
1.014526188373565674e-01
1.013565957546234131e-01
1.012602299451828003e-01
1.011647135019302368e-01
1.010693311691284180e-01
1.009743139147758484e-01
1.008789613842964172e-01
1.007849201560020447e-01
1.006904393434524536e-01
1.005960479378700256e-01
1.005020663142204285e-01
1.004086360335350037e-01
1.003151461482048035e-01
1.002217531204223633e-01
1.001287549734115601e-01
1.000363007187843323e-01
9.994378685951232910e-02
9.985173493623733521e-02
9.975979477167129517e-02
9.966821968555450439e-02
9.957630932331085205e-02
9.948521852493286133e-02
9.939423203468322754e-02
9.930361062288284302e-02
9.921266138553619385e-02
9.912296384572982788e-02
9.903247654438018799e-02
9.894280880689620972e-02
9.885316342115402222e-02
9.876403212547302246e-02
9.867485612630844116e-02
