6.679719090461730957e-01
6.637947559356689453e-01
6.662815809249877930e-01
6.753397583961486816e-01
6.905949115753173828e-01
7.118056416511535645e-01
7.379165291786193848e-01
7.674594521522521973e-01
7.979733943939208984e-01
8.259419202804565430e-01
8.478966951370239258e-01
8.623898029327392578e-01
8.710062503814697266e-01
8.773512244224548340e-01
8.847437500953674316e-01
8.932415843009948730e-01
8.987127542495727539e-01
8.967214226722717285e-01
8.868386745452880859e-01
8.718132972717285156e-01
8.549306988716125488e-01
8.375102281570434570e-01
8.197053670883178711e-01
8.014158606529235840e-01
7.825498580932617188e-01
7.633707523345947266e-01
7.438023090362548828e-01
7.242180109024047852e-01
7.052864432334899902e-01
6.879023909568786621e-01
6.730298399925231934e-01
6.614236831665039062e-01
6.532881259918212891e-01
6.485143899917602539e-01
6.472929716110229492e-01
6.524593830108642578e-01
6.632557511329650879e-01
6.766432523727416992e-01
6.922747492790222168e-01
7.099133133888244629e-01
7.292485237121582031e-01
7.501389384269714355e-01
7.730584144592285156e-01
7.990024685859680176e-01
8.283639550209045410e-01
8.591651916503906250e-01
8.868805170059204102e-01
9.071874022483825684e-01
9.186397790908813477e-01
9.223165512084960938e-01
9.206840991973876953e-01
9.202057123184204102e-01
9.180162549018859863e-01
9.098427295684814453e-01
8.989080786705017090e-01
8.857769966125488281e-01
8.708021640777587891e-01
8.545132279396057129e-01
8.376026153564453125e-01
8.205645084381103516e-01
8.035275340080261230e-01
7.860676050186157227e-01
7.674078345298767090e-01
7.471711635589599609e-01
7.262272834777832031e-01
7.063395380973815918e-01
6.874611973762512207e-01
6.689541935920715332e-01
6.528466939926147461e-01
6.392285823822021484e-01
6.283022165298461914e-01
6.200970411300659180e-01
6.147730946540832520e-01
6.125282049179077148e-01
6.137201786041259766e-01
6.183385848999023438e-01
6.241768598556518555e-01
6.325872540473937988e-01
6.467558741569519043e-01
6.631916761398315430e-01
6.822947263717651367e-01
7.035878896713256836e-01
7.265846133232116699e-01
7.511523962020874023e-01
7.766237854957580566e-01
8.031122684478759766e-01
8.277062773704528809e-01
8.513848185539245605e-01
8.728990554809570312e-01
8.914320468902587891e-01
9.063481092453002930e-01
9.170894622802734375e-01
9.234771728515625000e-01
9.257687926292419434e-01
9.245113134384155273e-01
9.205399155616760254e-01
9.147731065750122070e-01
9.080421328544616699e-01
9.009249806404113770e-01
8.937679529190063477e-01
8.866463899612426758e-01
8.793683052062988281e-01
8.716838955879211426e-01
8.629748821258544922e-01
8.527384400367736816e-01
8.404841423034667969e-01
8.259805440902709961e-01
8.091435432434082031e-01
7.902921438217163086e-01
7.698540091514587402e-01
7.484439015388488770e-01
7.267470955848693848e-01
7.054769992828369141e-01
6.849914193153381348e-01
6.656877398490905762e-01
6.477952003479003906e-01
6.317249536514282227e-01
6.176690459251403809e-01
6.057434678077697754e-01
5.960687994956970215e-01
5.885309576988220215e-01
5.830461978912353516e-01
5.795720219612121582e-01
5.780497789382934570e-01
5.784289836883544922e-01
5.806763768196105957e-01
5.847623944282531738e-01
5.906728506088256836e-01
5.984026193618774414e-01
6.078705191612243652e-01
6.190775632858276367e-01
6.318731904029846191e-01
6.461928486824035645e-01
6.618384718894958496e-01
6.786226630210876465e-01
6.963117122650146484e-01
7.145008444786071777e-01
7.329187989234924316e-01
7.511973977088928223e-01
7.688799500465393066e-01
7.857105135917663574e-01
8.015266060829162598e-01
8.162075281143188477e-01
8.299074172973632812e-01
8.429572582244873047e-01
8.557739257812500000e-01
8.689486384391784668e-01
8.830831050872802734e-01
8.983788490295410156e-01
9.142770171165466309e-01
9.393495917320251465e-01
9.444629549980163574e-01
9.437503814697265625e-01
9.389978051185607910e-01
9.322517514228820801e-01
9.248349666595458984e-01
9.172541499137878418e-01
9.095344543457031250e-01
9.012989401817321777e-01
8.921813964843750000e-01
8.817754387855529785e-01
8.697592020034790039e-01
8.559545278549194336e-01
8.402997851371765137e-01
8.228396177291870117e-01
8.037435412406921387e-01
7.834312915802001953e-01
7.622974514961242676e-01
7.407574653625488281e-01
7.193307876586914062e-01
6.983698606491088867e-01
6.782158613204956055e-01
6.590839028358459473e-01
6.412426233291625977e-01
6.247533559799194336e-01
6.096609234809875488e-01
5.959393978118896484e-01
5.836212038993835449e-01
5.726516842842102051e-01
5.629401803016662598e-01
5.544263124465942383e-01
5.470676422119140625e-01
5.407797694206237793e-01
5.355514883995056152e-01
5.313391089439392090e-01
5.281811952590942383e-01
5.261586308479309082e-01
5.255078077316284180e-01
5.266059041023254395e-01
5.297757387161254883e-01
5.346450209617614746e-01
5.404483079910278320e-01
5.464814305305480957e-01
5.527482032775878906e-01
5.594979524612426758e-01
5.670171380043029785e-01
5.754504799842834473e-01
5.849066972732543945e-01
5.954213142395019531e-01
6.069965958595275879e-01
6.196073889732360840e-01
6.332073807716369629e-01
6.476531028747558594e-01
6.629279255867004395e-01
6.789199113845825195e-01
6.954916715621948242e-01
7.125263810157775879e-01
7.297530174255371094e-01
7.470069527626037598e-01
7.640625238418579102e-01
7.806757688522338867e-01
7.965960502624511719e-01
8.115440011024475098e-01
8.253582715988159180e-01
8.379253149032592773e-01
8.491522073745727539e-01
8.591054081916809082e-01
8.678864836692810059e-01
8.756789565086364746e-01
8.827593326568603516e-01
8.893462419509887695e-01
8.956671953201293945e-01
9.019100666046142578e-01
9.082943797111511230e-01
9.149742126464843750e-01
9.220639467239379883e-01
9.295899271965026855e-01
9.370029568672180176e-01
9.424242377281188965e-01
9.426160454750061035e-01
9.365633130073547363e-01
9.281048774719238281e-01
9.207401871681213379e-01
9.147297739982604980e-01
9.091604351997375488e-01
9.031593799591064453e-01
8.962628841400146484e-01
8.881970047950744629e-01
8.789588212966918945e-01
8.685659170150756836e-01
8.572418093681335449e-01
8.451545238494873047e-01
8.326338529586791992e-01
8.198698163032531738e-01
8.072461485862731934e-01
7.950083613395690918e-01
7.836596369743347168e-01
7.737788558006286621e-01
7.670875787734985352e-01
7.817949652671813965e-01
7.618545889854431152e-01
7.431739568710327148e-01
7.254346013069152832e-01
7.088757753372192383e-01
6.935534477233886719e-01
6.794032454490661621e-01
6.663116812705993652e-01
6.539829373359680176e-01
6.422445178031921387e-01
6.309670209884643555e-01
6.205424070358276367e-01
6.125387549400329590e-01
6.094937920570373535e-01
6.014125347137451172e-01
5.877541303634643555e-01
5.757530331611633301e-01
5.654398202896118164e-01
5.563615560531616211e-01
5.482645630836486816e-01
5.410004258155822754e-01
5.345508456230163574e-01
5.288694500923156738e-01
5.239610671997070312e-01
5.198006629943847656e-01
5.163754820823669434e-01
5.136929154396057129e-01
5.117384195327758789e-01
5.105127096176147461e-01
5.100119709968566895e-01
5.102357864379882812e-01
5.111958980560302734e-01
5.128811597824096680e-01
5.152125358581542969e-01
5.176631808280944824e-01
5.188656449317932129e-01
5.199356079101562500e-01
5.420033335685729980e-01
5.444590449333190918e-01
5.492470860481262207e-01
5.554652214050292969e-01
5.626087784767150879e-01
5.705135464668273926e-01
5.790111422538757324e-01
5.880684852600097656e-01
5.975848436355590820e-01
6.074622869491577148e-01
6.176951527595520020e-01
6.281601786613464355e-01
6.388629674911499023e-01
6.497196555137634277e-01
6.606503129005432129e-01
6.716847419738769531e-01
6.827291846275329590e-01
6.938446164131164551e-01
7.049918770790100098e-01
7.161278724670410156e-01
7.273333668708801270e-01
7.385617494583129883e-01
7.498743534088134766e-01
7.612995505332946777e-01
7.728682756423950195e-01
7.846088409423828125e-01
7.965085506439208984e-01
8.086584210395812988e-01
8.210272789001464844e-01
8.336110115051269531e-01
8.463856577873229980e-01
8.593122363090515137e-01
8.722903728485107422e-01
8.853126764297485352e-01
8.982308506965637207e-01
9.109652042388916016e-01
9.233049750328063965e-01
9.350605010986328125e-01
9.460080265998840332e-01
9.560199379920959473e-01
9.648698568344116211e-01
9.723823070526123047e-01
9.783902764320373535e-01
9.828035831451416016e-01
9.855540990829467773e-01
9.865962266921997070e-01
9.859556555747985840e-01
9.836883544921875000e-01
9.798843860626220703e-01
9.746602177619934082e-01
9.681257009506225586e-01
9.604651331901550293e-01
9.518014788627624512e-01
9.422844648361206055e-01
9.320806860923767090e-01
9.212625622749328613e-01
9.099341630935668945e-01
8.981466293334960938e-01
8.860539197921752930e-01
8.736856579780578613e-01
8.611048460006713867e-01
8.483635783195495605e-01
8.355085849761962891e-01
8.225843906402587891e-01
8.096299767494201660e-01
7.967269420623779297e-01
7.838280200958251953e-01
7.710507512092590332e-01
7.583487629890441895e-01
7.457947134971618652e-01
7.334604859352111816e-01
7.212972640991210938e-01
7.094133496284484863e-01
6.978471279144287109e-01
6.866891384124755859e-01
6.758139729499816895e-01
6.653112769126892090e-01
6.551297903060913086e-01
6.453496813774108887e-01
6.359197497367858887e-01
6.269084811210632324e-01
6.182613968849182129e-01
6.100115180015563965e-01
6.021823883056640625e-01
5.947188138961791992e-01
5.876635313034057617e-01
5.809814929962158203e-01
5.746613740921020508e-01
5.686892867088317871e-01
5.630522966384887695e-01
5.577334165573120117e-01
5.527156591415405273e-01
5.479822158813476562e-01
5.435166954994201660e-01
5.392754077911376953e-01
5.352529287338256836e-01
5.314473509788513184e-01
5.278447866439819336e-01
5.244361162185668945e-01
5.212103128433227539e-01
5.181624889373779297e-01
5.152848958969116211e-01
5.125766396522521973e-01
5.100340247154235840e-01
5.076587796211242676e-01
5.054504275321960449e-01
5.034135580062866211e-01
5.015505552291870117e-01
4.998677968978881836e-01
4.983743131160736084e-01
4.970667362213134766e-01
4.959596395492553711e-01
4.950530827045440674e-01
4.943590760231018066e-01
4.938804805278778076e-01
4.936261475086212158e-01
4.935546517372131348e-01
4.936865866184234619e-01
4.940566420555114746e-01
4.946682155132293701e-01
4.955276846885681152e-01
4.966419339179992676e-01
4.980076849460601807e-01
4.996384680271148682e-01
5.015239715576171875e-01
5.036801695823669434e-01
5.060946941375732422e-01
5.087844729423522949e-01
5.117318034172058105e-01
5.149598717689514160e-01
5.184443593025207520e-01
5.222114324569702148e-01
5.262361168861389160e-01
5.305301547050476074e-01
5.350962877273559570e-01
5.399341583251953125e-01
5.450461506843566895e-01
5.504346489906311035e-01
5.561016201972961426e-01
5.620116591453552246e-01
5.679412484169006348e-01
5.741850733757019043e-01
5.807009339332580566e-01
5.875155925750732422e-01
5.946334600448608398e-01
6.020591855049133301e-01
6.097964048385620117e-01
6.178488135337829590e-01
6.262191534042358398e-01
6.349069476127624512e-01
6.439129114151000977e-01
6.532336473464965820e-01
6.628654599189758301e-01
6.727990508079528809e-01
6.830240488052368164e-01
6.935252547264099121e-01
7.042866349220275879e-01
7.152842879295349121e-01
7.264484167098999023e-01
7.378350496292114258e-01
7.493661046028137207e-01
7.609589695930480957e-01
7.726610898971557617e-01
7.843810319900512695e-01
7.960359454154968262e-01
8.077144622802734375e-01
8.192646503448486328e-01
8.305902481079101562e-01
8.417282104492187500e-01
8.525848388671875000e-01
8.630731701850891113e-01
8.732308149337768555e-01
8.829403519630432129e-01
8.922423124313354492e-01
9.010685682296752930e-01
9.093647003173828125e-01
9.171746373176574707e-01
9.244521856307983398e-01
9.311622977256774902e-01
9.373545050621032715e-01
9.429987668991088867e-01
9.480810165405273438e-01
9.526461958885192871e-01
9.566668868064880371e-01
9.601715803146362305e-01
9.631708264350891113e-01
9.656853675842285156e-01
9.677072167396545410e-01
9.692593216896057129e-01
9.703568220138549805e-01
9.710022807121276855e-01
9.712153077125549316e-01
9.710091948509216309e-01
9.703881740570068359e-01
9.693671464920043945e-01
9.679548740386962891e-01
9.661534428596496582e-01
9.639878273010253906e-01
9.614627957344055176e-01
9.585783481597900391e-01
9.553706049919128418e-01
9.518428444862365723e-01
9.480104446411132812e-01
9.438741803169250488e-01
9.394845366477966309e-01
9.348453283309936523e-01
9.299571514129638672e-01
9.248802065849304199e-01
9.196176528930664062e-01
9.141916632652282715e-01
9.086260199546813965e-01
9.029412865638732910e-01
8.971592783927917480e-01
8.913012742996215820e-01
8.853871226310729980e-01
8.794327974319458008e-01
8.734557032585144043e-01
8.674706220626831055e-01
8.614898324012756348e-01
8.555477261543273926e-01
8.494952917098999023e-01
8.434653878211975098e-01
8.374689221382141113e-01
8.315091729164123535e-01
8.255896568298339844e-01
8.197114467620849609e-01
8.138746619224548340e-01
8.080787062644958496e-01
8.023228645324707031e-01
7.966048121452331543e-01
7.909224033355712891e-01
7.852736115455627441e-01
7.796539068222045898e-01
7.740625143051147461e-01
7.684963941574096680e-01
7.629525661468505859e-01
7.574503421783447266e-01
7.519444823265075684e-01
7.464558482170104980e-01
7.410027980804443359e-01
7.355436682701110840e-01
7.300973534584045410e-01
7.246859073638916016e-01
7.192665338516235352e-01
7.138610482215881348e-01
7.084695696830749512e-01
7.031130790710449219e-01
6.977534294128417969e-01
6.924108862876892090e-01
6.871075630187988281e-01
6.818126440048217773e-01
6.765522956848144531e-01
6.713354587554931641e-01
6.661260724067687988e-01
6.609457135200500488e-01
6.558155417442321777e-01
6.506991386413574219e-01
6.456164121627807617e-01
6.405901312828063965e-01
6.355825662612915039e-01
6.306139230728149414e-01
6.256865859031677246e-01
6.208188533782958984e-01
6.159921288490295410e-01
6.111906766891479492e-01
6.064478754997253418e-01
6.017297506332397461e-01
5.970694422721862793e-01
5.924305915832519531e-01
5.878468751907348633e-01
5.832980275154113770e-01
5.787636041641235352e-01
5.742756128311157227e-01
5.697959065437316895e-01
5.653558373451232910e-01
5.609166026115417480e-01
5.565075278282165527e-01
5.520937442779541016e-01
5.477038621902465820e-01
5.433194041252136230e-01
5.389231443405151367e-01
5.345475077629089355e-01
5.301626324653625488e-01
5.257387757301330566e-01
5.212740898132324219e-01
5.168455839157104492e-01
5.124481916427612305e-01
5.080758333206176758e-01
5.037730932235717773e-01
4.995242655277252197e-01
4.953742325305938721e-01
4.913221299648284912e-01
4.873702526092529297e-01
4.835605025291442871e-01
4.798912107944488525e-01
4.763731062412261963e-01
4.730180203914642334e-01
4.698220193386077881e-01
4.668127596378326416e-01
4.639850854873657227e-01
4.613405466079711914e-01
4.588812589645385742e-01
4.565993249416351318e-01
4.545105397701263428e-01
4.526046514511108398e-01
4.508794546127319336e-01
4.493335783481597900e-01
4.479615986347198486e-01
4.467664062976837158e-01
4.457414746284484863e-01
4.448854029178619385e-01
4.441954195499420166e-01
4.436686635017395020e-01
4.433042109012603760e-01
4.430987834930419922e-01
4.430514276027679443e-01
4.431590735912322998e-01
4.434275329113006592e-01
4.438742101192474365e-01
4.445391595363616943e-01
4.453555643558502197e-01
4.463252425193786621e-01
4.474464356899261475e-01
4.487195611000061035e-01
4.501441121101379395e-01
4.517185091972351074e-01
4.534458816051483154e-01
4.553246498107910156e-01
4.573555290699005127e-01
4.595383107662200928e-01
4.618733823299407959e-01
4.643619656562805176e-01
4.670044481754302979e-01
4.698005914688110352e-01
4.727516174316406250e-01
4.758564829826354980e-01
4.791183769702911377e-01
4.825353920459747314e-01
4.861100912094116211e-01
4.898408055305480957e-01
4.937288463115692139e-01
4.977753162384033203e-01
5.019800066947937012e-01
5.063424110412597656e-01
5.108644366264343262e-01
5.155436396598815918e-01
5.203827023506164551e-01
5.253793001174926758e-01
5.305351614952087402e-01
5.358477234840393066e-01
5.413178801536560059e-01
5.469437241554260254e-01
5.527257323265075684e-01
5.586610436439514160e-01
5.647167563438415527e-01
5.709531903266906738e-01
5.773305296897888184e-01
5.838178396224975586e-01
5.904564857482910156e-01
5.972450375556945801e-01
6.041420102119445801e-01
6.112128496170043945e-01
6.184186935424804688e-01
6.333624124526977539e-01
6.409115195274353027e-01
6.485262513160705566e-01
6.562744975090026855e-01
6.641052961349487305e-01
6.720098853111267090e-01
6.799740195274353027e-01
6.879869103431701660e-01
6.959939002990722656e-01
7.040613889694213867e-01
7.121362686157226562e-01
7.202036976814270020e-01
7.282475829124450684e-01
7.362561225891113281e-01
7.441734671592712402e-01
7.520675063133239746e-01
7.598835825920104980e-01
7.676091790199279785e-01
7.752336859703063965e-01
7.827077507972717285e-01
7.900967597961425781e-01
7.973542213439941406e-01
8.044345974922180176e-01
8.114038705825805664e-01
8.182176351547241211e-01
8.248394131660461426e-01
8.313294649124145508e-01
8.376494050025939941e-01
8.437672853469848633e-01
8.497397899627685547e-01
8.555356264114379883e-01
8.611247539520263672e-01
8.665610551834106445e-01
8.718174695968627930e-01
8.768686056137084961e-01
8.817424178123474121e-01
8.864280581474304199e-01
8.909090161323547363e-01
8.952329754829406738e-01
8.993797302246093750e-01
9.033328294754028320e-01
9.071366190910339355e-01
9.107737541198730469e-01
9.142323732376098633e-01
9.175516963005065918e-01
9.207186102867126465e-01
9.237241148948669434e-01
9.266038537025451660e-01
9.293488264083862305e-01
9.319528937339782715e-01
9.344486594200134277e-01
9.368190765380859375e-01
9.390953779220581055e-01
9.412636756896972656e-01
9.433546662330627441e-01
9.453564882278442383e-01
9.473001360893249512e-01
9.491861462593078613e-01
9.510172009468078613e-01
9.528244137763977051e-01
9.546023011207580566e-01
9.563835859298706055e-01
9.581649899482727051e-01
9.599794745445251465e-01
9.618252515792846680e-01
9.637368321418762207e-01
9.657109975814819336e-01
9.677822589874267578e-01
9.699423313140869141e-01
9.722231626510620117e-01
9.746051430702209473e-01
9.771098494529724121e-01
9.796982407569885254e-01
9.823684096336364746e-01
9.850494265556335449e-01
9.877016544342041016e-01
9.902098774909973145e-01
9.924847483634948730e-01
9.943678379058837891e-01
9.957268238067626953e-01
9.963943362236022949e-01
9.962276816368103027e-01
9.951091408729553223e-01
9.929801225662231445e-01
9.898042678833007812e-01
9.856589436531066895e-01
9.806289672851562500e-01
9.748183488845825195e-01
9.684464931488037109e-01
9.616131186485290527e-01
9.545395970344543457e-01
9.473277926445007324e-01
9.400466084480285645e-01
9.328540563583374023e-01
9.257345199584960938e-01
9.187986850738525391e-01
9.120329022407531738e-01
9.054101705551147461e-01
8.989998698234558105e-01
8.927271366119384766e-01
8.866463303565979004e-01
8.807111382484436035e-01
8.748780488967895508e-01
8.691921234130859375e-01
8.635798096656799316e-01
8.580844998359680176e-01
8.526650667190551758e-01
8.472829461097717285e-01
8.419803977012634277e-01
8.366956710815429688e-01
8.314720988273620605e-01
8.262754082679748535e-01
8.210728764533996582e-01
8.159099817276000977e-01
8.107313513755798340e-01
8.055815100669860840e-01
8.004322052001953125e-01
7.952540516853332520e-01
7.900946736335754395e-01
7.849274277687072754e-01
7.797222137451171875e-01
7.745312452316284180e-01
7.693247199058532715e-01
7.641029357910156250e-01
7.588396072387695312e-01
7.535842657089233398e-01
7.483126521110534668e-01
7.429955601692199707e-01
7.376878857612609863e-01
7.324532270431518555e-01
7.272107005119323730e-01
7.219262123107910156e-01
7.166531085968017578e-01
7.113652229309082031e-01
7.060362100601196289e-01
7.007215619087219238e-01
6.953933835029602051e-01
6.900277137756347656e-01
6.846779584884643555e-01
6.793202757835388184e-01
6.739537715911865234e-01
6.685531735420227051e-01
6.631749272346496582e-01
6.577931642532348633e-01
6.523813605308532715e-01
6.469965577125549316e-01
6.416122913360595703e-01
6.362326741218566895e-01
6.308288574218750000e-01
6.254614591598510742e-01
6.201020479202270508e-01
6.147283315658569336e-01
6.093963980674743652e-01
6.040819883346557617e-01
5.987883210182189941e-01
5.934910774230957031e-01
5.882490277290344238e-01
5.830379128456115723e-01
5.778623819351196289e-01
5.727254748344421387e-01
5.676086544990539551e-01
5.625658035278320312e-01
5.575790405273437500e-01
5.526509881019592285e-01
5.477899909019470215e-01
5.429755449295043945e-01
5.382642149925231934e-01
5.336362123489379883e-01
5.290985107421875000e-01
5.246556401252746582e-01
5.203150510787963867e-01
5.160583257675170898e-01
5.119358301162719727e-01
5.079268813133239746e-01
5.040363073348999023e-01
5.002651810646057129e-01
4.965972304344177246e-01
4.930678009986877441e-01
4.896588921546936035e-01
4.863652884960174561e-01
4.831862449645996094e-01
4.800993204116821289e-01
4.771400988101959229e-01
4.743040204048156738e-01
4.715563058853149414e-01
4.688912332057952881e-01
4.662870168685913086e-01
4.637657403945922852e-01
4.613070487976074219e-01
4.589050114154815674e-01
4.565552175045013428e-01
4.542527496814727783e-01
4.519851207733154297e-01
4.497733414173126221e-01
4.476050138473510742e-01
4.454819560050964355e-01
4.434058368206024170e-01
4.413828551769256592e-01
4.394195377826690674e-01
4.375240802764892578e-01
4.357084333896636963e-01
4.339791536331176758e-01
4.323708415031433105e-01
4.309006929397583008e-01
4.295970201492309570e-01
4.284974932670593262e-01
4.276485741138458252e-01
4.271065592765808105e-01
4.269403517246246338e-01
4.272237122058868408e-01
4.280292689800262451e-01
4.293634891510009766e-01
4.311179518699645996e-01
4.329030513763427734e-01
4.338818788528442383e-01
4.328011274337768555e-01
4.285824000835418701e-01
4.212794899940490723e-01
4.122742116451263428e-01
4.032184183597564697e-01
3.952681124210357666e-01
3.886655271053314209e-01
3.832851052284240723e-01
3.788735866546630859e-01
3.751879930496215820e-01
3.720358908176422119e-01
3.692755103111267090e-01
3.668058812618255615e-01
3.645448386669158936e-01
3.624677062034606934e-01
3.605265319347381592e-01
3.586967587471008301e-01
3.569604158401489258e-01
3.553041517734527588e-01
3.537198901176452637e-01
3.522003591060638428e-01
3.507404029369354248e-01
3.493361473083496094e-01
3.479848802089691162e-01
3.466839194297790527e-01
3.454324901103973389e-01
3.442374765872955322e-01
3.431217372417449951e-01
3.420527279376983643e-01
3.410294950008392334e-01
3.400521278381347656e-01
3.391201496124267578e-01
3.382329046726226807e-01
3.373909890651702881e-01
3.365938067436218262e-01
3.358410596847534180e-01
3.351336419582366943e-01
3.344687819480895996e-01
3.338515162467956543e-01
3.332796990871429443e-01
3.327525258064270020e-01
3.322708010673522949e-01
3.318340480327606201e-01
3.314428627490997314e-01
3.310967385768890381e-01
3.307957351207733154e-01
3.305406272411346436e-01
3.303315341472625732e-01
3.301678001880645752e-01
3.300502896308898926e-01
3.299787044525146484e-01
3.299527764320373535e-01
3.299395740032196045e-01
3.299695253372192383e-01
3.300449252128601074e-01
3.301665782928466797e-01
3.303352594375610352e-01
3.305496871471405029e-01
3.308107256889343262e-01
3.311190605163574219e-01
3.314734995365142822e-01
3.318748474121093750e-01
3.323230743408203125e-01
3.328190743923187256e-01
3.333616852760314941e-01
3.339514434337615967e-01
3.345893621444702148e-01
3.352739810943603516e-01
3.360063433647155762e-01
3.367870450019836426e-01
3.376146852970123291e-01
3.384904861450195312e-01
3.394147157669067383e-01
3.403865694999694824e-01
3.414065837860107422e-01
3.424753248691558838e-01
3.435920178890228271e-01
3.447570204734802246e-01
3.460102379322052002e-01
3.473443388938903809e-01
3.487260639667510986e-01
3.501561582088470459e-01
3.516348898410797119e-01
3.531608581542968750e-01
3.547353744506835938e-01
3.563467860221862793e-01
3.580173552036285400e-01
3.597368001937866211e-01
3.615036010742187500e-01
3.633188903331756592e-01
3.651824891567230225e-01
3.670949339866638184e-01
3.690550625324249268e-01
3.710632324218750000e-01
3.731198310852050781e-01
3.752245604991912842e-01
3.773779273033142090e-01
3.795790076255798340e-01
3.818275630474090576e-01
3.841244280338287354e-01
3.864693641662597656e-01
3.888618648052215576e-01
3.913018703460693359e-01
3.937890231609344482e-01
3.963065743446350098e-01
3.988874256610870361e-01
4.014955461025238037e-01
4.041499495506286621e-01
4.068512320518493652e-01
4.095981717109680176e-01
4.123913943767547607e-01
4.152293205261230469e-01
4.181129634380340576e-01
4.210415482521057129e-01
4.240148067474365234e-01
4.270325005054473877e-01
4.300940334796905518e-01
4.331997931003570557e-01
4.363481402397155762e-01
4.395188689231872559e-01
4.427528679370880127e-01
4.460290670394897461e-01
4.493468999862670898e-01
4.527055621147155762e-01
4.561052918434143066e-01
4.595456421375274658e-01
4.630248546600341797e-01
4.665442109107971191e-01
4.701009988784790039e-01
4.736968278884887695e-01
4.773291647434234619e-01
4.809981286525726318e-01
4.847038090229034424e-01
4.884192049503326416e-01
4.921887814998626709e-01
4.959825277328491211e-01
4.998078048229217529e-01
5.036628246307373047e-01
5.075485706329345703e-01
5.114628672599792480e-01
5.154055953025817871e-01
5.193757414817810059e-01
5.233453512191772461e-01
5.273672342300415039e-01
5.314141511917114258e-01
5.354851484298706055e-01
5.395790934562683105e-01
5.436955094337463379e-01
5.478332638740539551e-01
5.519897937774658203e-01
5.561671257019042969e-01
5.603621006011962891e-01
5.645450353622436523e-01
5.687737464904785156e-01
5.730174779891967773e-01
5.772749185562133789e-01
5.815460085868835449e-01
5.858290791511535645e-01
5.901236534118652344e-01
5.944272875785827637e-01
5.987406969070434570e-01
6.030311584472656250e-01
6.073583960533142090e-01
6.116921901702880859e-01
6.160016655921936035e-01
6.202792525291442871e-01
6.245592832565307617e-01
6.288408041000366211e-01
6.331229209899902344e-01
6.374037265777587891e-01
6.416527628898620605e-01
6.459304690361022949e-01
6.502031087875366211e-01
6.544712185859680176e-01
6.587340235710144043e-01
6.629900336265563965e-01
6.672379374504089355e-01
6.714774370193481445e-01
6.756764650344848633e-01
6.798950433731079102e-01
6.841015815734863281e-01
6.882953643798828125e-01
6.924749612808227539e-01
6.966404914855957031e-01
7.007905244827270508e-01
7.048934698104858398e-01
7.090090513229370117e-01
7.131063342094421387e-01
7.171837091445922852e-01
7.212412953376770020e-01
7.252775430679321289e-01
7.292916178703308105e-01
7.332544326782226562e-01
7.372227311134338379e-01
7.411660552024841309e-01
7.450737357139587402e-01
7.488948702812194824e-01
7.526910901069641113e-01
7.564606666564941406e-01
7.601766586303710938e-01
7.638928294181823730e-01
7.675809860229492188e-01
7.712405323982238770e-01
7.748710513114929199e-01
7.784721851348876953e-01
7.820426821708679199e-01
7.855575680732727051e-01
7.890666723251342773e-01
7.925439476966857910e-01
7.959902882575988770e-01
7.994025945663452148e-01
8.027830123901367188e-01
8.060606122016906738e-01
8.092776536941528320e-01
8.124879598617553711e-01
8.156647086143493652e-01
8.188087940216064453e-01
8.219200968742370605e-01
8.249966502189636230e-01
8.280404210090637207e-01
8.310263752937316895e-01
8.340005874633789062e-01
8.369392752647399902e-01
8.398422002792358398e-01
8.427100181579589844e-01
8.455414175987243652e-01
8.483150601387023926e-01
8.510732054710388184e-01
8.537666797637939453e-01
8.563793897628784180e-01
8.589577674865722656e-01
8.615019321441650391e-01
8.639923930168151855e-01
8.664672970771789551e-01
8.689078092575073242e-01
8.713124394416809082e-01
8.736819624900817871e-01
8.760154843330383301e-01
8.782961964607238770e-01
8.805581927299499512e-01
8.827840685844421387e-01
8.849728703498840332e-01
8.871254920959472656e-01
8.892405629158020020e-01
8.913033604621887207e-01
8.932903409004211426e-01
8.951572775840759277e-01
8.969820737838745117e-01
8.987639546394348145e-01
9.005022644996643066e-01
9.021835327148437500e-01
9.038339853286743164e-01
9.054400920867919922e-01
9.070008397102355957e-01
9.085161685943603516e-01
9.099856019020080566e-01
9.113972783088684082e-01
9.127742648124694824e-01
9.141041040420532227e-01
9.153864383697509766e-01
9.166210889816284180e-01
9.178075790405273438e-01
9.189345240592956543e-01
9.199796915054321289e-01
9.209690690040588379e-01
9.219020605087280273e-01
9.227777123451232910e-01
9.235971570014953613e-01
9.243518114089965820e-01
9.250568151473999023e-01
9.257041215896606445e-01
9.262937307357788086e-01
9.268256425857543945e-01
9.272940754890441895e-01
9.277102351188659668e-01
9.280678033828735352e-01
9.283677935600280762e-01
9.286087751388549805e-01
9.287888407707214355e-01
9.289140701293945312e-01
9.289712309837341309e-01
9.289413094520568848e-01
9.288502931594848633e-01
9.286969900131225586e-01
9.284817576408386230e-01
9.282071590423583984e-01
9.278715848922729492e-01
9.274759292602539062e-01
9.270196557044982910e-01
9.265050292015075684e-01
9.259310364723205566e-01
9.252972602844238281e-01
9.246056079864501953e-01
9.238558411598205566e-01
9.230505824089050293e-01
9.221863150596618652e-01
9.212646484375000000e-01
9.202876091003417969e-01
9.192618727684020996e-01
9.183360934257507324e-01
9.173644781112670898e-01
9.163382053375244141e-01
9.152635335922241211e-01
9.141391515731811523e-01
9.129658937454223633e-01
9.117512702941894531e-01
9.104832410812377930e-01
9.091680049896240234e-01
9.078066945075988770e-01
9.063988924026489258e-01
9.049462676048278809e-01
9.034563302993774414e-01
9.019142389297485352e-01
9.003285169601440430e-01
8.987001180648803711e-01
8.970277905464172363e-01
8.953225612640380859e-01
8.935661911964416504e-01
8.917685151100158691e-01
8.899300694465637207e-01
8.880508542060852051e-01
8.861424326896667480e-01
8.841841220855712891e-01
8.821867704391479492e-01
8.801510334014892578e-01
8.780767917633056641e-01
8.759773373603820801e-01
8.738297820091247559e-01
8.716444373130798340e-01
8.694232702255249023e-01
8.671663403511047363e-01
8.648866415023803711e-01
8.625597357749938965e-01
8.601986765861511230e-01
8.578029274940490723e-01
8.553743362426757812e-01
8.529689908027648926e-01
8.506461381912231445e-01
8.482936024665832520e-01
8.459092378616333008e-01
8.434965610504150391e-01
8.410685062408447266e-01
8.385967612266540527e-01
8.360958695411682129e-01
8.335668444633483887e-01
8.310098648071289062e-01
8.284412026405334473e-01
8.258296847343444824e-01
8.231914639472961426e-01
8.205270171165466309e-01
8.178352117538452148e-01
8.151364326477050781e-01
8.123949170112609863e-01
8.096286058425903320e-01
8.068367838859558105e-01
8.040216565132141113e-01
8.011829853057861328e-01
7.983381748199462891e-01
7.954532504081726074e-01
7.925455570220947266e-01
7.896163463592529297e-01
7.866640686988830566e-01
7.837103009223937988e-01
7.807166576385498047e-01
7.777022719383239746e-01
7.746670842170715332e-01
7.716131210327148438e-01
7.685585618019104004e-01
7.654665112495422363e-01
7.623546123504638672e-01
7.592254281044006348e-01
7.560791373252868652e-01
7.529335021972656250e-01
7.497527599334716797e-01
7.465552687644958496e-01
7.433415055274963379e-01
7.400920391082763672e-01
7.367683053016662598e-01
7.334288954734802246e-01
7.300747632980346680e-01
7.267060875892639160e-01
7.233438491821289062e-01
7.199471592903137207e-01
7.165369391441345215e-01
7.131141424179077148e-01
7.096788883209228516e-01
7.062526345252990723e-01
7.027940750122070312e-01
6.993242502212524414e-01
6.958433389663696289e-01
6.923522353172302246e-01
6.888720989227294922e-01
6.853618621826171875e-01
6.818414926528930664e-01
6.783128380775451660e-01
6.747760176658630371e-01
6.712529659271240234e-01
6.677013039588928223e-01
6.641415953636169434e-01
6.605756878852844238e-01
6.570037007331848145e-01
6.534474492073059082e-01
6.498648524284362793e-01
6.462762355804443359e-01
6.426835656166076660e-01
6.390879750251770020e-01
6.355091929435729980e-01
6.319056153297424316e-01
6.282985806465148926e-01
6.246896386146545410e-01
6.210775971412658691e-01
6.174860596656799316e-01
6.138716340065002441e-01
6.102557778358459473e-01
6.066396236419677734e-01
6.030231714248657227e-01
5.994282364845275879e-01
5.958133935928344727e-01
5.921883583068847656e-01
5.885610580444335938e-01
5.849353075027465820e-01
5.813336968421936035e-01
5.777139663696289062e-01
5.740959644317626953e-01
5.704822540283203125e-01
5.668722987174987793e-01
5.632884502410888672e-01
5.596867203712463379e-01
5.560907125473022461e-01
5.524990558624267578e-01
5.489138364791870117e-01
5.453553199768066406e-01
5.417826771736145020e-01
5.382152199745178223e-01
5.346551537513732910e-01
5.311022996902465820e-01
5.275777578353881836e-01
5.240409374237060547e-01
5.205109715461730957e-01
5.169904232025146484e-01
5.134781599044799805e-01
5.099966526031494141e-01
5.065019130706787109e-01
5.030182003974914551e-01
4.995435178279876709e-01
4.960800111293792725e-01
4.926463961601257324e-01
4.892036616802215576e-01
4.857710003852844238e-01
4.823505878448486328e-01
4.789407253265380859e-01
4.755631387233734131e-01
4.721766114234924316e-01
4.688025414943695068e-01
4.654414951801300049e-01
4.620922207832336426e-01
4.587763547897338867e-01
4.554526507854461670e-01
4.521433115005493164e-01
4.488465487957000732e-01
4.455641210079193115e-01
4.423127770423889160e-01
4.390450716018676758e-01
4.357838630676269531e-01
4.325359463691711426e-01
4.293043017387390137e-01
4.261063337326049805e-01
4.229044318199157715e-01
4.197193086147308350e-01
4.165487289428710938e-01
4.133939445018768311e-01
4.102564752101898193e-01
4.071522653102874756e-01
4.040462672710418701e-01
4.009564220905303955e-01
3.978839218616485596e-01
3.948284983634948730e-01
3.918055593967437744e-01
3.887833654880523682e-01
3.857781887054443359e-01
3.827892839908599854e-01
3.798175752162933350e-01
3.768800199031829834e-01
3.739437460899353027e-01
3.710245788097381592e-01
3.681213259696960449e-01
3.652373552322387695e-01
3.623868227005004883e-01
3.595378100872039795e-01
3.567061722278594971e-01
3.538920283317565918e-01
3.510966300964355469e-01
3.483340442180633545e-01
3.455733656883239746e-01
3.428318798542022705e-01
3.401069641113281250e-01
3.374013602733612061e-01
3.347282111644744873e-01
3.320575952529907227e-01
3.294060230255126953e-01
3.267714679241180420e-01
3.241552114486694336e-01
3.215576410293579102e-01
3.189921379089355469e-01
3.164308965206146240e-01
3.138859868049621582e-01
3.113608658313751221e-01
3.088536858558654785e-01
3.063799738883972168e-01
3.039368987083435059e-01
3.015112876892089844e-01
2.991053462028503418e-01
2.967162728309631348e-01
2.943606674671173096e-01
2.920085787773132324e-01
2.896749377250671387e-01
2.873587906360626221e-01
2.850604653358459473e-01
2.827945649623870850e-01
2.805327773094177246e-01
2.782886922359466553e-01
2.760624289512634277e-01
2.738543450832366943e-01
2.716636657714843750e-01
2.695025205612182617e-01
2.673476636409759521e-01
2.652096748352050781e-01
2.630895674228668213e-01
2.609865367412567139e-01
2.589119672775268555e-01
2.568441331386566162e-01
2.547928690910339355e-01
2.527588903903961182e-01
2.507416307926177979e-01
2.487418055534362793e-01
2.467697113752365112e-01
2.448031306266784668e-01
2.428534924983978271e-01
2.409204542636871338e-01
2.390039712190628052e-01
2.371147722005844116e-01
2.352318316698074341e-01
2.333637624979019165e-01
2.315126955509185791e-01
2.296778112649917603e-01
2.278589308261871338e-01
2.260668426752090454e-01
2.242793589830398560e-01
2.225079834461212158e-01
2.207525968551635742e-01
2.190127521753311157e-01
2.172980457544326782e-01
2.155890613794326782e-01
2.138962596654891968e-01
2.122171521186828613e-01
2.105539441108703613e-01
2.089061439037322998e-01
2.072819769382476807e-01
2.057417333126068115e-01
2.042288184165954590e-01
2.027295529842376709e-01
2.012439966201782227e-01
1.997817307710647583e-01
1.983247101306915283e-01
1.968804597854614258e-01
1.954505890607833862e-01
1.940344274044036865e-01
1.926311403512954712e-01
1.912498772144317627e-01
1.898740381002426147e-01
1.885101795196533203e-01
1.871605366468429565e-01
1.858229935169219971e-01
1.844995617866516113e-01
1.831963360309600830e-01
1.818970888853073120e-01
1.806116253137588501e-01
1.793387830257415771e-01
1.780778616666793823e-01
1.768300086259841919e-01
1.756011247634887695e-01
1.743769198656082153e-01
1.731656938791275024e-01
1.719667613506317139e-01
1.707785129547119141e-01
1.696032732725143433e-01
1.684458404779434204e-01
1.672941893339157104e-01
1.661542505025863647e-01
1.650248020887374878e-01
1.639079302549362183e-01
1.628025472164154053e-01
1.617139130830764771e-01
1.606311798095703125e-01
1.595590412616729736e-01
1.584978848695755005e-01
1.574485599994659424e-01
1.564100086688995361e-01
1.553874760866165161e-01
1.543703228235244751e-01
1.533636301755905151e-01
1.523684263229370117e-01
1.513837724924087524e-01
1.504090130329132080e-01
1.494502425193786621e-01
1.484968960285186768e-01
1.475533545017242432e-01
1.466207653284072876e-01
1.456983238458633423e-01
1.447850316762924194e-01
1.438966244459152222e-01
1.430153250694274902e-01
1.421435177326202393e-01
1.412826180458068848e-01
1.404304802417755127e-01
1.395883411169052124e-01
1.387603133916854858e-01
1.379375904798507690e-01
1.371240913867950439e-01
1.363197863101959229e-01
1.355251818895339966e-01
1.347407102584838867e-01
1.339685022830963135e-01
1.332017481327056885e-01
1.324447244405746460e-01
1.316963583230972290e-01
1.309571713209152222e-01
1.302265971899032593e-01
1.295060962438583374e-01
1.287975311279296875e-01
1.280938833951950073e-01
1.274000704288482666e-01
1.267141699790954590e-01
1.260373443365097046e-01
1.253693103790283203e-01
1.247102469205856323e-01
1.240626871585845947e-01
1.234202161431312561e-01
1.227873489260673523e-01
1.221623495221138000e-01
1.215455383062362671e-01
1.209374815225601196e-01
1.203382015228271484e-01
1.197497397661209106e-01
1.191668435931205750e-01
1.185926347970962524e-01
1.180263534188270569e-01
1.174680963158607483e-01
1.169183626770973206e-01
1.163774728775024414e-01
1.158461049199104309e-01
1.153208166360855103e-01
1.148033663630485535e-01
1.142949834465980530e-01
1.137939691543579102e-01
1.133007630705833435e-01
1.128164976835250854e-01
1.123415008187294006e-01
1.118721738457679749e-01
1.114111617207527161e-01
1.109584048390388489e-01
1.105131953954696655e-01
1.100759133696556091e-01
1.096468791365623474e-01
1.092267334461212158e-01
1.088016480207443237e-01
1.083749309182167053e-01
1.079561039805412292e-01
1.075444817543029785e-01
1.071411147713661194e-01
1.067458540201187134e-01
1.063594445586204529e-01
1.059791296720504761e-01
1.056072264909744263e-01
1.052428781986236572e-01
1.048859357833862305e-01
1.045373976230621338e-01
1.041966006159782410e-01
1.038635447621345520e-01
1.035381928086280823e-01
1.032203435897827148e-01
1.029104590415954590e-01
1.026076823472976685e-01
1.023132726550102234e-01
1.020265668630599976e-01
1.017468869686126709e-01
1.014755666255950928e-01
1.012119501829147339e-01
1.009554341435432434e-01
1.007072553038597107e-01
1.004668027162551880e-01
1.002338305115699768e-01
1.000081896781921387e-01
9.979090839624404907e-02
9.958096593618392944e-02
9.937846660614013672e-02
9.918411076068878174e-02
9.899772703647613525e-02
9.881911426782608032e-02
9.864764660596847534e-02
9.848456829786300659e-02
9.832928329706192017e-02
9.818095713853836060e-02
9.804031252861022949e-02
9.790838509798049927e-02
9.778368473052978516e-02
9.766745567321777344e-02
9.755890071392059326e-02
9.745839983224868774e-02
9.736519306898117065e-02
9.728050976991653442e-02
9.720225632190704346e-02
9.713277965784072876e-02
9.707167744636535645e-02
9.701880067586898804e-02
9.697328507900238037e-02
9.693637490272521973e-02
9.690758585929870605e-02
9.688665717840194702e-02
9.687338024377822876e-02
9.686676412820816040e-02
9.687027335166931152e-02
9.688140451908111572e-02
9.690129011869430542e-02
9.694258123636245728e-02
9.699568152427673340e-02
9.705699235200881958e-02
9.712669253349304199e-02
9.720472246408462524e-02
9.728833287954330444e-02
9.738306701183319092e-02
9.748613089323043823e-02
9.759777039289474487e-02
9.771786630153656006e-02
9.784629195928573608e-02
9.798347949981689453e-02
9.812922775745391846e-02
9.828029572963714600e-02
9.844333678483963013e-02
9.861503541469573975e-02
9.879542887210845947e-02
9.898462146520614624e-02
9.918258339166641235e-02
9.938941150903701782e-02
9.960500895977020264e-02
9.982962906360626221e-02
1.000590920448303223e-01
1.003015488386154175e-01
1.005530729889869690e-01
1.008136123418807983e-01
1.010832861065864563e-01
1.013621389865875244e-01
1.016501113772392273e-01
1.019472330808639526e-01
1.022536531090736389e-01
1.025692746043205261e-01
1.028944030404090881e-01
1.032288298010826111e-01
1.035676673054695129e-01
1.039208397269248962e-01
1.042835414409637451e-01
1.046558097004890442e-01
1.050375625491142273e-01
1.054289638996124268e-01
1.058292686939239502e-01
1.062399670481681824e-01
1.066604107618331909e-01
1.070905253291130066e-01
1.075306087732315063e-01
1.079804301261901855e-01
1.084340661764144897e-01
1.089035272598266602e-01
1.093829646706581116e-01
1.098724380135536194e-01
1.103719621896743774e-01
1.108813509345054626e-01
1.114011108875274658e-01
1.119307354092597961e-01
1.124707087874412537e-01
1.130209267139434814e-01
1.135812476277351379e-01
1.141518726944923401e-01
1.147256046533584595e-01
1.153166666626930237e-01
1.159182935953140259e-01
1.165301799774169922e-01
1.171558797359466553e-01
1.178005337715148926e-01
1.184556707739830017e-01
1.191215366125106812e-01
1.197983548045158386e-01
1.204857900738716125e-01
1.211840286850929260e-01
1.218932047486305237e-01
1.226045638322830200e-01
1.233350709080696106e-01
1.240765675902366638e-01
1.248290613293647766e-01
1.255922764539718628e-01
1.263663023710250854e-01
1.271515488624572754e-01
1.279474794864654541e-01
1.287543624639511108e-01
1.295724362134933472e-01
1.304012686014175415e-01
1.312410831451416016e-01
1.320820450782775879e-01
1.329438239336013794e-01
1.338164955377578735e-01
1.347000300884246826e-01
1.355947852134704590e-01
1.365002840757369995e-01
1.374167352914810181e-01
1.383444517850875854e-01
1.392828822135925293e-01
1.402322649955749512e-01
1.411928683519363403e-01
1.421641558408737183e-01
1.431462019681930542e-01
1.441393345594406128e-01
1.451429575681686401e-01
1.461578756570816040e-01
1.471836715936660767e-01
1.482205986976623535e-01
1.492681950330734253e-01
1.503147333860397339e-01
1.513839960098266602e-01
1.524638831615447998e-01
1.535545438528060913e-01
1.546557694673538208e-01
1.557680964469909668e-01
1.568909883499145508e-01
1.580243855714797974e-01
1.591687053442001343e-01
1.603234559297561646e-01
1.614887714385986328e-01
1.626648902893066406e-01
1.638512313365936279e-01
1.650481969118118286e-01
1.662559211254119873e-01
1.674737185239791870e-01
1.687018871307373047e-01
1.699405610561370850e-01
1.711898148059844971e-01
1.724490374326705933e-01
1.737186461687088013e-01
1.749846339225769043e-01
1.762744784355163574e-01
1.775746047496795654e-01
1.788851022720336914e-01
1.802053451538085938e-01
1.815357655286788940e-01
1.828761398792266846e-01
1.842577308416366577e-01
1.856645196676254272e-01
1.870816498994827271e-01
1.885087639093399048e-01
1.899466961622238159e-01
1.913948953151702881e-01
1.928536295890808105e-01
1.943224221467971802e-01
1.958013325929641724e-01
1.972909718751907349e-01
1.987904310226440430e-01
2.003001570701599121e-01
2.018200606107711792e-01
2.033340632915496826e-01
2.048735469579696655e-01
2.064239978790283203e-01
2.079850435256958008e-01
2.095558047294616699e-01
2.111367136240005493e-01
2.127280682325363159e-01
2.143293023109436035e-01
2.159406393766403198e-01
2.175622582435607910e-01
2.191941887140274048e-01
2.208348363637924194e-01
2.224866151809692383e-01
2.241487503051757812e-01
2.258206456899642944e-01
2.275023013353347778e-01
2.291945964097976685e-01
2.308966219425201416e-01
2.326081842184066772e-01
2.343305945396423340e-01
2.360621541738510132e-01
2.378028482198715210e-01
2.395542860031127930e-01
2.413158416748046875e-01
2.430871576070785522e-01
2.448679208755493164e-01
2.466591000556945801e-01
2.484593838453292847e-01
2.502695024013519287e-01
2.520893812179565430e-01
2.539186179637908936e-01
2.557562291622161865e-01
2.576042115688323975e-01
2.594622969627380371e-01
2.613290548324584961e-01
2.632050812244415283e-01
2.650910317897796631e-01
2.669853866100311279e-01
2.688889503479003906e-01
2.708015739917755127e-01
2.727227807044982910e-01
2.746517360210418701e-01
2.765905857086181641e-01
2.785378396511077881e-01
2.804933488368988037e-01
2.824568152427673340e-01
2.844294607639312744e-01
2.864093780517578125e-01
2.883973121643066406e-01
2.903930544853210449e-01
2.923962175846099854e-01
2.944053411483764648e-01
2.964234352111816406e-01
2.984481155872344971e-01
3.004797399044036865e-01
3.025178015232086182e-01
3.045626878738403320e-01
3.066134154796600342e-01
3.087087571620941162e-01
3.108666539192199707e-01
3.130310773849487305e-01
3.152020573616027832e-01
3.173814713954925537e-01
3.195653557777404785e-01
3.217551112174987793e-01
3.239510655403137207e-01
3.261516392230987549e-01
3.283588886260986328e-01
3.305689692497253418e-01
3.327842056751251221e-01
3.350027203559875488e-01
3.372250497341156006e-01
3.394525647163391113e-01
3.416807353496551514e-01
3.439112305641174316e-01
3.461445569992065430e-01
3.483787477016448975e-01
3.506154716014862061e-01
3.528515994548797607e-01
3.550881445407867432e-01
3.573243319988250732e-01
3.595597147941589355e-01
3.617956638336181641e-01
3.640281856060028076e-01
3.662583827972412109e-01
3.684863448143005371e-01
3.707102835178375244e-01
3.729322254657745361e-01
3.751491904258728027e-01
3.773602843284606934e-01
3.795657455921173096e-01
3.817653357982635498e-01
3.839587867259979248e-01
3.861462175846099854e-01
3.883473575115203857e-01
3.905171155929565430e-01
3.926776647567749023e-01
3.948281109333038330e-01
3.969707489013671875e-01
3.991003036499023438e-01
4.012181758880615234e-01
4.033240377902984619e-01
4.054175615310668945e-01
4.074989259243011475e-01
4.095645844936370850e-01
4.116156697273254395e-01
4.136512279510498047e-01
4.156706333160400391e-01
4.176758825778961182e-01
4.196613132953643799e-01
4.216292202472686768e-01
4.235787093639373779e-01
4.255085289478302002e-01
4.274204671382904053e-01
4.293102622032165527e-01
4.311793744564056396e-01
4.330266118049621582e-01
4.348514378070831299e-01
4.366555809974670410e-01
4.384339749813079834e-01
4.401883780956268311e-01
4.419185221195220947e-01
4.436416625976562500e-01
4.453221559524536133e-01
4.469745457172393799e-01
4.486004412174224854e-01
4.501985907554626465e-01
4.517689943313598633e-01
4.533132612705230713e-01
4.548266530036926270e-01
4.563106298446655273e-01
4.577654004096984863e-01
4.591896235942840576e-01
4.605852961540222168e-01
4.619510471820831299e-01
4.633142054080963135e-01
4.646480977535247803e-01
4.659484028816223145e-01
4.672190845012664795e-01
4.684556126594543457e-01
4.696617424488067627e-01
4.708355069160461426e-01
4.719741046428680420e-01
4.730817973613739014e-01
4.741664528846740723e-01
4.752069711685180664e-01
4.762139022350311279e-01
4.771851301193237305e-01
4.781247973442077637e-01
4.790281951427459717e-01
4.798994064331054688e-01
4.807369709014892578e-01
4.815381169319152832e-01
4.823070764541625977e-01
4.830400347709655762e-01
4.837407171726226807e-01
4.844137728214263916e-01
4.850460886955261230e-01
4.856443405151367188e-01
4.862067103385925293e-01
4.867373108863830566e-01
4.872324466705322266e-01
4.876959621906280518e-01
4.881262183189392090e-01
4.885215461254119873e-01
4.888857603073120117e-01
4.892154037952423096e-01
4.895146489143371582e-01
4.897835254669189453e-01
4.900182783603668213e-01
4.902212917804718018e-01
4.903911352157592773e-01
4.905318617820739746e-01
4.906398057937622070e-01
4.907195568084716797e-01
4.907691478729248047e-01
4.907877743244171143e-01
4.907785356044769287e-01
4.907382726669311523e-01
4.906715452671051025e-01
4.905751645565032959e-01
4.904524087905883789e-01
4.903022944927215576e-01
4.901233613491058350e-01
4.899201095104217529e-01
4.896888136863708496e-01
4.894340038299560547e-01
4.891542494297027588e-01
4.888477623462677002e-01
4.885192215442657471e-01
4.881649911403656006e-01
4.877896308898925781e-01
4.873890578746795654e-01
4.869664907455444336e-01
4.865242838859558105e-01
4.860587716102600098e-01
4.855745434761047363e-01
4.850688576698303223e-01
4.845446050167083740e-01
4.840011000633239746e-01
4.834366738796234131e-01
4.828560352325439453e-01
4.822555482387542725e-01
4.816351532936096191e-01
4.810023605823516846e-01
4.803511798381805420e-01
4.796862006187438965e-01
4.790036976337432861e-01
4.783084690570831299e-01
4.775966405868530273e-01
4.768729209899902344e-01
4.761357605457305908e-01
4.753834605216979980e-01
4.746145606040954590e-01
4.738374352455139160e-01
4.730507433414459229e-01
4.722609817981719971e-01
4.715613722801208496e-01
4.708516299724578857e-01
4.701311886310577393e-01
4.694043695926666260e-01
4.686597883701324463e-01
4.679134190082550049e-01
4.671579003334045410e-01
4.663977921009063721e-01
4.656281769275665283e-01
4.648515582084655762e-01
4.640694260597229004e-01
4.632726013660430908e-01
4.624772071838378906e-01
4.616761803627014160e-01
4.608721435070037842e-01
4.600602090358734131e-01
4.592445790767669678e-01
4.584269225597381592e-01
4.575956463813781738e-01
4.567673802375793457e-01
4.559368491172790527e-01
4.551055133342742920e-01
4.542694091796875000e-01
4.534308016300201416e-01
4.525891244411468506e-01
4.517409205436706543e-01
4.508967995643615723e-01
4.500514566898345947e-01
4.492061436176300049e-01
4.483588337898254395e-01
4.475110769271850586e-01
4.466629922389984131e-01
4.458169043064117432e-01
4.449598789215087891e-01
4.441121518611907959e-01
4.432649612426757812e-01
4.424205124378204346e-01
4.415740966796875000e-01
4.407297670841217041e-01
4.398888051509857178e-01
4.390396177768707275e-01
4.381988644599914551e-01
4.373609423637390137e-01
4.365272223949432373e-01
4.356936514377593994e-01
4.348624050617218018e-01
4.340325593948364258e-01
4.332009255886077881e-01
4.323777258396148682e-01
4.315572977066040039e-01
4.307410717010498047e-01
4.299270212650299072e-01
4.291161894798278809e-01
4.283088743686676025e-01
4.275071918964385986e-01
4.266986846923828125e-01
4.259022474288940430e-01
4.251118302345275879e-01
4.243233203887939453e-01
4.235377907752990723e-01
4.227574467658996582e-01
4.219833612442016602e-01
4.212043285369873047e-01
4.204359948635101318e-01
4.196729958057403564e-01
4.189165532588958740e-01
4.181626439094543457e-01
4.174134135246276855e-01
4.166631698608398438e-01
4.159234166145324707e-01
4.151884913444519043e-01
4.144584536552429199e-01
4.137343466281890869e-01
4.130075871944427490e-01
4.122924208641052246e-01
4.115822613239288330e-01
4.108792245388031006e-01
4.101783335208892822e-01
4.094834923744201660e-01
4.087894856929779053e-01
4.081050157546997070e-01
4.074248969554901123e-01
4.067507684230804443e-01
4.060839712619781494e-01
4.054144024848937988e-01
4.047560691833496094e-01
4.041021764278411865e-01
4.034564793109893799e-01
4.028921425342559814e-01
4.023507535457611084e-01
4.018180966377258301e-01
4.012915194034576416e-01
4.007706344127655029e-01
4.002547264099121094e-01
3.997381031513214111e-01
3.992310464382171631e-01
3.987297713756561279e-01
3.982313871383666992e-01
3.977397680282592773e-01
3.972468078136444092e-01
3.967649042606353760e-01
3.962877392768859863e-01
3.958153128623962402e-01
3.953467905521392822e-01
3.948768377304077148e-01
3.944185674190521240e-01
3.939650356769561768e-01
3.935161530971527100e-01
3.930709958076477051e-01
3.926264047622680664e-01
3.921912908554077148e-01
3.917586803436279297e-01
3.913317322731018066e-01
3.909100592136383057e-01
3.904928267002105713e-01
3.900752961635589600e-01
3.896659910678863525e-01
3.892618119716644287e-01
3.888599276542663574e-01
3.884642720222473145e-01
3.880675435066223145e-01
3.876802325248718262e-01
3.872970640659332275e-01
3.869179189205169678e-01
3.865419924259185791e-01
3.861646950244903564e-01
3.857975304126739502e-01
3.854342699050903320e-01
3.850740194320678711e-01
3.847183883190155029e-01
3.843624591827392578e-01
3.840123713016510010e-01
3.836670815944671631e-01
3.833261728286743164e-01
3.829887807369232178e-01
3.826510608196258545e-01
3.823199272155761719e-01
3.819929361343383789e-01
3.816674053668975830e-01
3.813470602035522461e-01
3.810254633426666260e-01
3.807115852832794189e-01
3.804008364677429199e-01
3.800931870937347412e-01
3.797841370105743408e-01
3.794806003570556641e-01
3.791818916797637939e-01
3.788860142230987549e-01
3.785886466503143311e-01
3.782983720302581787e-01
3.780107796192169189e-01
3.777257800102233887e-01
3.774373233318328857e-01
3.771574795246124268e-01
3.768800497055053711e-01
3.766050636768341064e-01
3.763290345668792725e-01
3.760579526424407959e-01
3.757898211479187012e-01
3.755220174789428711e-01
3.752548396587371826e-01
3.749923110008239746e-01
3.747325241565704346e-01
3.744746446609497070e-01
3.742153644561767578e-01
3.739604949951171875e-01
3.737062215805053711e-01
3.734554648399353027e-01
3.732031285762786865e-01
3.729549050331115723e-01
3.727088868618011475e-01
3.724642992019653320e-01
3.722178936004638672e-01
3.719735443592071533e-01
3.717329502105712891e-01
3.714935481548309326e-01
3.712521493434906006e-01
3.710142970085144043e-01
3.707782030105590820e-01
3.705430328845977783e-01
3.703038096427917480e-01
3.700697124004364014e-01
3.698371052742004395e-01
3.696142435073852539e-01
3.694145977497100830e-01
3.692137897014617920e-01
3.690159618854522705e-01
3.688130378723144531e-01
3.686154782772064209e-01
3.684165179729461670e-01
3.682202994823455811e-01
3.680187165737152100e-01
3.678222894668579102e-01
3.676248788833618164e-01
3.674286305904388428e-01
3.672274351119995117e-01
3.670311570167541504e-01
3.668336570262908936e-01
3.666371405124664307e-01
3.664353787899017334e-01
3.662383258342742920e-01
3.660398423671722412e-01
3.658421039581298828e-01
3.656388223171234131e-01
3.654407262802124023e-01
3.652397394180297852e-01
3.650398254394531250e-01
3.648341894149780273e-01
3.646335005760192871e-01
3.644297122955322266e-01
3.642268180847167969e-01
3.640184998512268066e-01
3.638137578964233398e-01
3.636063337326049805e-01
3.633995652198791504e-01
3.631871044635772705e-01
3.629781007766723633e-01
3.627662062644958496e-01
3.625553250312805176e-01
3.623373210430145264e-01
3.621232211589813232e-01
3.619060814380645752e-01
3.616860806941986084e-01
3.614659607410430908e-01
3.612460494041442871e-01
3.610191047191619873e-01
3.607965111732482910e-01
3.605700433254241943e-01
3.603397011756896973e-01
3.601103127002716064e-01
3.598801791667938232e-01
3.596426844596862793e-01
3.594088852405548096e-01
3.591720163822174072e-01
3.589303493499755859e-01
3.586889803409576416e-01
3.584477305412292480e-01
3.581981956958770752e-01
3.579522371292114258e-01
3.577024936676025391e-01
3.574485182762145996e-01
3.571943640708923340e-01
3.569395840167999268e-01
3.566771149635314941e-01
3.564176857471466064e-01
3.561543226242065430e-01
3.558857440948486328e-01
3.556180596351623535e-01
3.553490340709686279e-01
3.550758957862854004e-01
3.547973930835723877e-01
3.545197546482086182e-01
3.542406558990478516e-01
3.539527058601379395e-01
3.536688685417175293e-01
3.533803820610046387e-01
3.530859947204589844e-01
3.527920842170715332e-01
3.524976074695587158e-01
3.521934449672698975e-01
3.518929481506347656e-01
3.515886366367340088e-01
3.512776792049407959e-01
3.509672284126281738e-01
3.506555557250976562e-01
3.503349721431732178e-01
3.500175774097442627e-01
3.496958017349243164e-01
3.493680059909820557e-01
3.490404188632965088e-01
3.487115502357482910e-01
3.483729660511016846e-01
3.480387032032012939e-01
3.476994633674621582e-01
3.473534286022186279e-01
3.470082879066467285e-01
3.466622233390808105e-01
3.463112413883209229e-01
3.459532260894775391e-01
3.455966711044311523e-01
3.452382981777191162e-01
3.448696732521057129e-01
3.445052206516265869e-01
3.441368639469146729e-01
3.437606990337371826e-01
3.433858454227447510e-01
3.430144488811492920e-01
3.426858186721801758e-01
3.423611223697662354e-01
3.420315682888031006e-01
3.416935801506042480e-01
3.413587808609008789e-01
3.410190045833587646e-01
3.406712114810943604e-01
3.403242826461791992e-01
3.399758636951446533e-01
3.396163284778594971e-01
3.392611742019653320e-01
3.389027714729309082e-01
3.385326266288757324e-01
3.381674289703369141e-01
3.377975821495056152e-01
3.374192714691162109e-01
3.370423316955566406e-01
3.366574048995971680e-01
3.362757563591003418e-01
3.358894884586334229e-01
3.354943394660949707e-01
3.351015746593475342e-01
3.347001969814300537e-01
3.343010544776916504e-01
3.338997960090637207e-01
3.334887623786926270e-01
3.330801725387573242e-01
3.326629102230072021e-01
3.322480320930480957e-01
3.318312168121337891e-01
3.314031958580017090e-01
3.309806287288665771e-01
3.305549621582031250e-01
3.301173746585845947e-01
3.296858966350555420e-01
3.292426764965057373e-01
3.288051784038543701e-01
3.283631205558776855e-01
3.279124498367309570e-01
3.274663686752319336e-01
3.270086348056793213e-01
3.265564739704132080e-01
3.261005878448486328e-01
3.256357610225677490e-01
3.251744806766510010e-01
3.247040808200836182e-01
3.242383301258087158e-01
3.237689137458801270e-01
3.232904970645904541e-01
3.228158950805664062e-01
3.223319351673126221e-01
3.218521177768707275e-01
3.213712573051452637e-01
3.208801448345184326e-01
3.203926086425781250e-01
3.198963105678558350e-01
3.194043934345245361e-01
3.189114034175872803e-01
3.184062540531158447e-01
3.179086744785308838e-01
3.174087405204772949e-01
3.168970942497253418e-01
3.163926601409912109e-01
3.158763945102691650e-01
3.153674900531768799e-01
3.148553371429443359e-01
3.143343031406402588e-01
3.138176202774047852e-01
3.132923245429992676e-01
3.127732276916503906e-01
3.122509419918060303e-01
3.117193579673767090e-01
3.111931979656219482e-01
3.106582462787628174e-01
3.101282715797424316e-01
3.095975816249847412e-01
3.090570569038391113e-01
3.085218966007232666e-01
3.079777657985687256e-01
3.074392080307006836e-01
3.068999946117401123e-01
3.063496351242065430e-01
3.058075606822967529e-01
3.052553832530975342e-01
3.047085404396057129e-01
3.041618168354034424e-01
3.036039471626281738e-01
3.030542433261871338e-01
3.025017678737640381e-01
3.019408583641052246e-01
3.013872504234313965e-01
3.008223474025726318e-01
3.002658486366271973e-01
2.997071743011474609e-01
2.991398274898529053e-01
2.985787689685821533e-01
2.980088889598846436e-01
2.974466979503631592e-01
2.968737185001373291e-01
2.963095307350158691e-01
2.957344949245452881e-01
2.951678931713104248e-01
2.945909202098846436e-01
2.940228581428527832e-01
2.934450209140777588e-01
2.928737401962280273e-01
2.922944426536560059e-01
2.917215824127197266e-01
2.911494672298431396e-01
2.905662059783935547e-01
2.899924218654632568e-01
2.894093394279479980e-01
2.888172566890716553e-01
2.882110774517059326e-01
2.876128256320953369e-01
2.870056331157684326e-01
2.864068150520324707e-01
2.857985496520996094e-01
2.851987481117248535e-01
2.845909297466278076e-01
2.839902341365814209e-01
2.833802700042724609e-01
2.827790677547454834e-01
2.821775078773498535e-01
2.815667986869812012e-01
2.809647619724273682e-01
2.803537547588348389e-01
2.797510921955108643e-01
2.791408896446228027e-01
2.785378098487854004e-01
2.779259979724884033e-01
2.773230373859405518e-01
2.767112553119659424e-01
2.761080861091613770e-01
2.754961550235748291e-01
2.748931348323822021e-01
2.742813229560852051e-01
2.736790180206298828e-01
2.730761766433715820e-01
2.724644839763641357e-01
2.718617618083953857e-01
2.712503969669342041e-01
2.706480622291564941e-01
2.700369954109191895e-01
2.694351077079772949e-01
2.688253819942474365e-01
2.682239115238189697e-01
2.676139473915100098e-01
2.670130133628845215e-01
2.664037346839904785e-01
2.658035159111022949e-01
2.651948630809783936e-01
2.645952105522155762e-01
2.639960348606109619e-01
2.633896768093109131e-01
2.627915740013122559e-01
2.621848881244659424e-01
2.615876197814941406e-01
2.609822750091552734e-01
2.603859603404998779e-01
2.597812414169311523e-01
2.591860890388488770e-01
2.585828304290771484e-01
2.579897940158843994e-01
2.573877871036529541e-01
2.567950189113616943e-01
2.561941146850585938e-01
2.556025683879852295e-01
2.550115883350372314e-01
2.544128894805908203e-01
2.538233101367950439e-01
2.532260119915008545e-01
2.526389658451080322e-01
2.520430684089660645e-01
2.514566183090209961e-01
2.508621811866760254e-01
2.502771019935607910e-01
2.496845871210098267e-01
2.491012066602706909e-01
2.485101670026779175e-01
2.479295432567596436e-01
2.473403215408325195e-01
2.467603832483291626e-01
2.461726963520050049e-01
2.455945014953613281e-01
2.450089305639266968e-01
2.444241344928741455e-01
2.438487857580184937e-01
2.432659864425659180e-01
2.426934540271759033e-01
2.421125620603561401e-01
2.415409088134765625e-01
2.409621030092239380e-01
2.403924614191055298e-01
2.398156523704528809e-01
2.392481416463851929e-01
2.386732399463653564e-01
2.380996644496917725e-01
2.375359535217285156e-01
2.369643449783325195e-01
2.364019751548767090e-01
2.358326315879821777e-01
2.352724075317382812e-01
2.347052395343780518e-01
2.341472953557968140e-01
2.335824817419052124e-01
2.330264449119567871e-01
2.324646413326263428e-01
2.319031953811645508e-01
2.313507050275802612e-01
2.307915538549423218e-01
2.302414625883102417e-01
2.296845167875289917e-01
2.291368544101715088e-01
2.285822331905364990e-01
2.280369102954864502e-01
2.274855822324752808e-01
2.269426137208938599e-01
2.263929247856140137e-01
2.258443385362625122e-01
2.253049761056900024e-01
2.247587889432907104e-01
2.242218405008316040e-01
2.236782908439636230e-01
2.231446504592895508e-01
2.226035892963409424e-01
2.220715433359146118e-01
2.215329706668853760e-01
2.209957987070083618e-01
2.204672247171401978e-01
2.199324667453765869e-01
2.194067835807800293e-01
2.188744544982910156e-01
2.183521538972854614e-01
2.178161889314651489e-01
2.172743082046508789e-01
2.167254388332366943e-01
2.161862552165985107e-01
2.156402915716171265e-01
2.150961458683013916e-01
2.145602256059646606e-01
2.140191197395324707e-01
2.134859263896942139e-01
2.129474580287933350e-01
2.124171555042266846e-01
2.118813544511795044e-01
2.113545089960098267e-01
2.108209431171417236e-01
2.102967351675033569e-01
2.097658514976501465e-01
2.092373222112655640e-01
2.087166011333465576e-01
2.081906348466873169e-01
2.076728343963623047e-01
2.071496993303298950e-01
2.066344320774078369e-01
2.061142474412918091e-01
2.056019157171249390e-01
2.050844430923461914e-01
2.045747786760330200e-01
2.040602713823318481e-01
2.035463899374008179e-01
2.030416280031204224e-01
2.025312632322311401e-01
2.020286321640014648e-01
2.015209794044494629e-01
2.010211646556854248e-01
2.005164921283721924e-01
2.000123560428619385e-01
1.995174139738082886e-01
1.990162432193756104e-01
1.985241025686264038e-01
1.980255544185638428e-01
1.975294202566146851e-01
1.970406323671340942e-01
1.965471059083938599e-01
1.960543692111968994e-01
1.955705583095550537e-01
1.950813084840774536e-01
1.945928335189819336e-01
1.941131055355072021e-01
1.936272531747817993e-01
1.931505501270294189e-01
1.926675289869308472e-01
1.921866685152053833e-01
1.917131841182708740e-01
1.912351399660110474e-01
1.907577961683273315e-01
1.902891099452972412e-01
1.898145824670791626e-01
1.893486827611923218e-01
1.888768374919891357e-01
1.884071379899978638e-01
1.879452913999557495e-01
1.874777525663375854e-01
1.870120316743850708e-01
1.865536123514175415e-01
1.860908865928649902e-01
1.856286376714706421e-01
1.851749420166015625e-01
1.847156882286071777e-01
1.842646151781082153e-01
1.838079243898391724e-01
1.833532899618148804e-01
1.829056143760681152e-01
1.824536472558975220e-01
1.820024549961090088e-01
1.815595626831054688e-01
1.811114996671676636e-01
1.806705892086029053e-01
1.802254766225814819e-01
1.797807067632675171e-01
1.793445199728012085e-01
1.789025962352752686e-01
1.784625947475433350e-01
1.780296415090560913e-01
1.775924414396286011e-01
1.771558225154876709e-01
1.767273098230361938e-01
1.762933731079101562e-01
1.758675426244735718e-01
1.754361242055892944e-01
1.750067621469497681e-01
1.745841801166534424e-01
1.741572469472885132e-01
1.737318634986877441e-01
1.733129918575286865e-01
1.728900223970413208e-01
1.724736690521240234e-01
1.720535010099411011e-01
1.716337203979492188e-01
1.712217926979064941e-01
1.708046793937683105e-01
1.703894585371017456e-01
1.699806302785873413e-01
1.695679426193237305e-01
1.691558510065078735e-01
1.687512844800949097e-01
1.683418154716491699e-01
1.679398715496063232e-01
1.675334274768829346e-01
1.671274900436401367e-01
1.667292118072509766e-01
1.663258373737335205e-01
1.659242212772369385e-01
1.655289530754089355e-01
1.651298850774765015e-01
1.647314131259918213e-01
1.643403768539428711e-01
1.639442294836044312e-01
1.635556071996688843e-01
1.631619334220886230e-01
1.627701222896575928e-01
1.623844355344772339e-01
1.619948744773864746e-01
1.616065353155136108e-01
1.612244844436645508e-01
1.608384847640991211e-01
1.604530960321426392e-01
1.600750386714935303e-01
1.596919596195220947e-01
1.593107879161834717e-01
1.589301824569702148e-01
1.585566103458404541e-01
1.581782400608062744e-01
1.578015983104705811e-01
1.574309766292572021e-01
1.570565402507781982e-01
1.566791683435440063e-01
1.562701612710952759e-01
1.558671295642852783e-01
1.554608047008514404e-01
1.550559401512145996e-01
1.546568721532821655e-01
1.542546600103378296e-01
1.538531035184860229e-01
1.534535437822341919e-01
1.530598253011703491e-01
1.526629030704498291e-01
1.522667109966278076e-01
1.518723070621490479e-01
1.514844149351119995e-01
1.510921269655227661e-01
1.507015973329544067e-01
1.503169685602188110e-01
1.499291956424713135e-01
1.495420485734939575e-01
1.491567194461822510e-01
1.487771421670913696e-01
1.483944356441497803e-01
1.480122655630111694e-01
1.476370394229888916e-01
1.472581028938293457e-01
1.468797624111175537e-01
1.465032100677490234e-01
1.461323648691177368e-01
1.457582712173461914e-01
1.453849524259567261e-01
1.450134068727493286e-01
1.446474045515060425e-01
1.442781835794448853e-01
1.439102590084075928e-01
1.435478329658508301e-01
1.431822180747985840e-01
1.428173631429672241e-01
1.424542218446731567e-01
1.420964300632476807e-01
1.417356431484222412e-01
1.413755267858505249e-01
1.410218924283981323e-01
1.406639367341995239e-01
1.403079181909561157e-01
1.399529725313186646e-01
1.396032273769378662e-01
1.392505913972854614e-01
