6.902101635932922363e-01
6.898824572563171387e-01
6.895571947097778320e-01
6.892311573028564453e-01
6.889019608497619629e-01
6.886441111564636230e-01
6.883938312530517578e-01
6.881231665611267090e-01
6.878307461738586426e-01
6.875171065330505371e-01
6.875577569007873535e-01
6.877963542938232422e-01
6.880282759666442871e-01
6.882588267326354980e-01
6.884943842887878418e-01
6.888601183891296387e-01
6.894618272781372070e-01
6.900769472122192383e-01
6.907029747962951660e-01
6.913385987281799316e-01
6.919817924499511719e-01
6.925584077835083008e-01
6.931321620941162109e-01
6.937056779861450195e-01
6.942758560180664062e-01
6.948381066322326660e-01
6.954452395439147949e-01
6.961636543273925781e-01
6.968701481819152832e-01
6.975633502006530762e-01
6.982421278953552246e-01
6.989058852195739746e-01
6.994593739509582520e-01
6.999123692512512207e-01
7.003518342971801758e-01
7.007778882980346680e-01
7.011914849281311035e-01
7.015926837921142578e-01
7.018443346023559570e-01
7.019748687744140625e-01
7.020919322967529297e-01
7.021974921226501465e-01
7.022916078567504883e-01
7.023770809173583984e-01
7.024515271186828613e-01
7.025140523910522461e-01
7.025709152221679688e-01
7.026227712631225586e-01
7.026699781417846680e-01
7.027136683464050293e-01
7.027323842048645020e-01
7.024306654930114746e-01
7.021239995956420898e-01
7.018144726753234863e-01
7.015011906623840332e-01
7.011861801147460938e-01
7.008686065673828125e-01
7.006057500839233398e-01
7.003965973854064941e-01
7.001882195472717285e-01
6.999814510345458984e-01
6.997765302658081055e-01
6.995744705200195312e-01
6.993755102157592773e-01
6.990996599197387695e-01
6.987990736961364746e-01
6.985010504722595215e-01
6.982070803642272949e-01
6.979172825813293457e-01
6.976317763328552246e-01
6.973528265953063965e-01
6.969797611236572266e-01
6.965792775154113770e-01
6.961908936500549316e-01
6.958041787147521973e-01
6.954163908958435059e-01
6.950373053550720215e-01
6.946686506271362305e-01
6.943120360374450684e-01
6.939685940742492676e-01
6.936320066452026367e-01
6.933028697967529297e-01
6.929813623428344727e-01
6.926650404930114746e-01
6.923544406890869141e-01
6.920502185821533203e-01
6.917557120323181152e-01
6.914666295051574707e-01
6.911797523498535156e-01
6.908960938453674316e-01
6.906133294105529785e-01
6.903322935104370117e-01
6.900499463081359863e-01
6.897137761116027832e-01
6.891788244247436523e-01
6.886402368545532227e-01
6.880967020988464355e-01
6.875469684600830078e-01
6.869898438453674316e-01
6.864247322082519531e-01
6.858503818511962891e-01
6.853052377700805664e-01
6.849447488784790039e-01
6.845743060111999512e-01
6.841920018196105957e-01
6.837993860244750977e-01
6.833949089050292969e-01
6.829794049263000488e-01
6.825541257858276367e-01
6.821177601814270020e-01
6.815049052238464355e-01
6.808438301086425781e-01
6.801738142967224121e-01
6.794966459274291992e-01
6.788112521171569824e-01
6.781194806098937988e-01
6.774229407310485840e-01
6.767211556434631348e-01
6.760286092758178711e-01
6.754045486450195312e-01
6.747795939445495605e-01
6.741527318954467773e-01
6.735262870788574219e-01
6.728999018669128418e-01
6.722757816314697266e-01
6.716533899307250977e-01
6.710330247879028320e-01
6.704354286193847656e-01
6.699455380439758301e-01
6.694603562355041504e-01
6.689800620079040527e-01
6.685054898262023926e-01
6.680375337600708008e-01
6.675750017166137695e-01
6.671187877655029297e-01
6.666691303253173828e-01
6.662263274192810059e-01
6.656239628791809082e-01
6.649883985519409180e-01
6.643601655960083008e-01
6.637378931045532227e-01
6.631237864494323730e-01
6.625165939331054688e-01
6.619157791137695312e-01
6.613226532936096191e-01
6.607357263565063477e-01
6.601625680923461914e-01
6.596707105636596680e-01
6.591844558715820312e-01
6.587053537368774414e-01
6.580917239189147949e-01
6.576287746429443359e-01
6.571721434593200684e-01
6.567196249961853027e-01
6.562725901603698730e-01
6.558297276496887207e-01
6.553902626037597656e-01
6.551393270492553711e-01
6.548995971679687500e-01
6.546626091003417969e-01
6.544284224510192871e-01
6.541977524757385254e-01
6.539681553840637207e-01
6.537406444549560547e-01
6.535147428512573242e-01
6.532904505729675293e-01
6.530677080154418945e-01
6.528808474540710449e-01
6.527431011199951172e-01
6.526061892509460449e-01
6.524702310562133789e-01
6.523350477218627930e-01
6.522008776664733887e-01
6.520670056343078613e-01
6.519337296485900879e-01
6.518009901046752930e-01
6.516687273979187012e-01
6.515368223190307617e-01
6.514136791229248047e-01
6.513024568557739258e-01
6.511914134025573730e-01
6.510806679725646973e-01
6.509699821472167969e-01
6.508595347404479980e-01
6.507491469383239746e-01
6.506384611129760742e-01
6.505277752876281738e-01
6.504165530204772949e-01
6.503051519393920898e-01
6.501932144165039062e-01
6.500472426414489746e-01
6.498996615409851074e-01
6.497501730918884277e-01
6.496003866195678711e-01
6.494483351707458496e-01
6.492956876754760742e-01
6.491404175758361816e-01
6.489841938018798828e-01
6.488251090049743652e-01
6.486647725105285645e-01
6.485013365745544434e-01
6.483362913131713867e-01
6.481207609176635742e-01
6.479011178016662598e-01
6.476785540580749512e-01
6.474538445472717285e-01
6.472253203392028809e-01
6.469934582710266113e-01
6.467595696449279785e-01
6.465218067169189453e-01
6.462810039520263672e-01
6.460372209548950195e-01
6.457915306091308594e-01
6.455421447753906250e-01
6.451513171195983887e-01
6.445896625518798828e-01
6.440254449844360352e-01
6.434592008590698242e-01
6.428908705711364746e-01
6.423221230506896973e-01
6.417512297630310059e-01
6.411799192428588867e-01
6.406089663505554199e-01
6.400386095046997070e-01
6.394708752632141113e-01
6.389045715332031250e-01
6.383416056632995605e-01
6.378530859947204590e-01
6.374992728233337402e-01
6.371540427207946777e-01
6.368170380592346191e-01
6.364920139312744141e-01
6.361789107322692871e-01
6.358821392059326172e-01
6.356022357940673828e-01
6.353445649147033691e-01
6.351107954978942871e-01
6.349077224731445312e-01
6.347389221191406250e-01
6.346139311790466309e-01
6.345399618148803711e-01
6.345771551132202148e-01
6.347243785858154297e-01
6.349780559539794922e-01
6.353754401206970215e-01
6.359753012657165527e-01
6.368820667266845703e-01
6.383073925971984863e-01
6.408317089080810547e-01
6.510864496231079102e-01
6.426375508308410645e-01
6.397988796234130859e-01
6.379050612449645996e-01
6.365016102790832520e-01
6.354104876518249512e-01
6.345288157463073730e-01
6.337679028511047363e-01
6.331369876861572266e-01
6.326083540916442871e-01
6.321659088134765625e-01
6.317932605743408203e-01
6.314821243286132812e-01
6.312229037284851074e-01
6.310076713562011719e-01
6.308333277702331543e-01
6.306929588317871094e-01
6.305851340293884277e-01
6.305043697357177734e-01
6.304500699043273926e-01
6.304189562797546387e-01
6.304070353507995605e-01
6.304070353507995605e-01
6.304259896278381348e-01
6.304609775543212891e-01
6.305115222930908203e-01
6.305764317512512207e-01
6.306557059288024902e-01
6.307464241981506348e-01
6.308488249778747559e-01
6.309618353843688965e-01
6.310862302780151367e-01
6.312188506126403809e-01
6.313604712486267090e-01
6.315110325813293457e-01
6.316686868667602539e-01
6.318332552909851074e-01
6.320178508758544922e-01
6.322605609893798828e-01
6.325079798698425293e-01
6.327614784240722656e-01
6.330187320709228516e-01
6.332815885543823242e-01
6.335474252700805664e-01
6.338182687759399414e-01
6.340917944908142090e-01
6.343694925308227539e-01
6.346496343612670898e-01
6.349334716796875000e-01
6.352195739746093750e-01
6.355082392692565918e-01
6.358001232147216797e-01
6.360937356948852539e-01
6.363902688026428223e-01
6.367122530937194824e-01
6.370623111724853516e-01
6.374147534370422363e-01
6.377682089805603027e-01
6.381230950355529785e-01
6.384804248809814453e-01
6.388381719589233398e-01
6.391974091529846191e-01
6.395587325096130371e-01
6.399202942848205566e-01
6.402831673622131348e-01
6.406468749046325684e-01
6.410125494003295898e-01
6.413781046867370605e-01
6.417443752288818359e-01
6.421118378639221191e-01
6.424790024757385254e-01
6.428464651107788086e-01
6.434002518653869629e-01
6.439883708953857422e-01
6.445743441581726074e-01
6.451579332351684570e-01
6.457391381263732910e-01
6.463167667388916016e-01
6.468921303749084473e-01
6.474639773368835449e-01
6.480320692062377930e-01
6.485964655876159668e-01
6.491562724113464355e-01
6.497114896774291992e-01
6.502608060836791992e-01
6.508055925369262695e-01
6.513446569442749023e-01
6.518777012825012207e-01
6.524041295051574707e-01
6.529237627983093262e-01
6.534456610679626465e-01
6.539958715438842773e-01
6.545386910438537598e-01
6.550725102424621582e-01
6.555976867675781250e-01
6.561138629913330078e-01
6.566206216812133789e-01
6.571179628372192383e-01
6.576054096221923828e-01
6.580826640129089355e-01
6.585497260093688965e-01
6.590061187744140625e-01
6.594517827033996582e-01
6.598865389823913574e-01
6.603102684020996094e-01
6.607234477996826172e-01
6.611247062683105469e-01
6.615146398544311523e-01
6.618929505348205566e-01
6.622600555419921875e-01
6.626769304275512695e-01
6.631349921226501465e-01
6.635817289352416992e-01
6.640173792839050293e-01
6.644418835639953613e-01
6.648557782173156738e-01
6.652587652206420898e-01
6.656515002250671387e-01
6.660338044166564941e-01
6.664060950279235840e-01
6.667689085006713867e-01
6.671220064163208008e-01
6.674662232398986816e-01
6.678016185760498047e-01
6.681284904479980469e-01
6.684464216232299805e-01
6.687572598457336426e-01
6.690605282783508301e-01
6.693566441535949707e-01
6.696459054946899414e-01
6.699287295341491699e-01
6.701732873916625977e-01
6.703983545303344727e-01
6.706192493438720703e-01
6.708346605300903320e-01
6.710466146469116211e-01
6.712537407875061035e-01
6.714579463005065918e-01
6.716579794883728027e-01
6.718556880950927734e-01
6.720497012138366699e-01
6.722420454025268555e-01
6.724311709403991699e-01
6.726191043853759766e-01
6.728042960166931152e-01
6.729887723922729492e-01
6.731712818145751953e-01
6.733530759811401367e-01
6.735332608222961426e-01
6.737130880355834961e-01
6.738916039466857910e-01
6.740701198577880859e-01
6.742475032806396484e-01
6.744001507759094238e-01
6.745373010635375977e-01
6.746734380722045898e-01
6.748093366622924805e-01
6.749459505081176758e-01
6.750813722610473633e-01
6.752170324325561523e-01
6.753529310226440430e-01
6.754884123802185059e-01
6.756234765052795410e-01
6.757594943046569824e-01
6.758943796157836914e-01
6.760293245315551758e-01
6.761647462844848633e-01
6.762992739677429199e-01
6.764335632324218750e-01
6.765682697296142578e-01
6.767019629478454590e-01
6.768357753753662109e-01
6.769685149192810059e-01
6.771005392074584961e-01
6.772327423095703125e-01
6.773633956909179688e-01
6.774599552154541016e-01
6.773206591606140137e-01
6.771798133850097656e-01
6.770374178886413574e-01
6.768934130668640137e-01
6.767476201057434082e-01
6.765999197959899902e-01
6.764504313468933105e-01
6.762987375259399414e-01
6.761448979377746582e-01
6.759887933731079102e-01
6.758303642272949219e-01
6.756695508956909180e-01
6.755061745643615723e-01
6.753401756286621094e-01
6.751714944839477539e-01
6.749993562698364258e-01
6.748250126838684082e-01
6.746478080749511719e-01
6.744676232337951660e-01
6.742843389511108398e-01
6.740978956222534180e-01
6.739084720611572266e-01
6.737155914306640625e-01
6.735193729400634766e-01
6.733154058456420898e-01
6.730757355690002441e-01
6.728327870368957520e-01
6.725865602493286133e-01
6.723367571830749512e-01
6.720835566520690918e-01
6.718270778656005859e-01
6.715669631958007812e-01
6.713035702705383301e-01
6.710365414619445801e-01
6.707661151885986328e-01
6.704924106597900391e-01
6.702144145965576172e-01
6.699337959289550781e-01
6.696500778198242188e-01
6.693628430366516113e-01
6.690725684165954590e-01
6.687792539596557617e-01
6.684825420379638672e-01
6.681831479072570801e-01
6.678807735443115234e-01
6.675755381584167480e-01
6.672673225402832031e-01
6.669567227363586426e-01
6.666435599327087402e-01
6.663276553153991699e-01
6.660096645355224609e-01
6.656978130340576172e-01
6.653924584388732910e-01
6.650856137275695801e-01
6.647762656211853027e-01
6.644660830497741699e-01
6.641532182693481445e-01
6.638399362564086914e-01
6.635245084762573242e-01
6.632083654403686523e-01
6.628906726837158203e-01
6.625720262527465820e-01
6.622532010078430176e-01
6.619327664375305176e-01
6.616129279136657715e-01
6.612918972969055176e-01
6.609711647033691406e-01
6.606497764587402344e-01
6.603292822837829590e-01
6.600080728530883789e-01
6.596880555152893066e-01
6.593677401542663574e-01
6.590487957000732422e-01
6.587297916412353516e-01
6.584124565124511719e-01
6.580953001976013184e-01
6.577799916267395020e-01
6.574652194976806641e-01
6.571526527404785156e-01
6.568409800529479980e-01
6.564071178436279297e-01
6.559702754020690918e-01
6.555349826812744141e-01
6.551005244255065918e-01
6.546686887741088867e-01
6.542385816574096680e-01
6.538106203079223633e-01
6.533838510513305664e-01
6.529601216316223145e-01
6.525387763977050781e-01
6.521198749542236328e-01
6.517035365104675293e-01
6.512888669967651367e-01
6.508778929710388184e-01
6.504696607589721680e-01
6.500644087791442871e-01
6.496620774269104004e-01
6.492619514465332031e-01
6.488658189773559570e-01
6.484727859497070312e-01
6.480830907821655273e-01
6.476958990097045898e-01
6.473128199577331543e-01
6.469331979751586914e-01
6.465570926666259766e-01
6.461845040321350098e-01
6.458144783973693848e-01
6.454489827156066895e-01
6.450871229171752930e-01
6.447287201881408691e-01
6.443825960159301758e-01
6.440530419349670410e-01
6.437262296676635742e-01
6.434043049812316895e-01
6.430861949920654297e-01
6.427707672119140625e-01
6.424602270126342773e-01
6.421525478363037109e-01
6.418492197990417480e-01
6.415498852729797363e-01
6.412534117698669434e-01
6.409614086151123047e-01
6.406726837158203125e-01
6.403865814208984375e-01
6.401053071022033691e-01
6.398261785507202148e-01
6.395517587661743164e-01
6.392802000045776367e-01
6.390115022659301758e-01
6.387464404106140137e-01
6.384844183921813965e-01
6.382251381874084473e-01
6.379691958427429199e-01
6.377157568931579590e-01
6.374654769897460938e-01
6.372184157371520996e-01
6.369726061820983887e-01
6.367307305335998535e-01
6.364906430244445801e-01
6.362519860267639160e-01
6.360170245170593262e-01
6.357827186584472656e-01
6.355519294738769531e-01
6.352456212043762207e-01
6.348972320556640625e-01
6.345493793487548828e-01
6.342045664787292480e-01
6.338623166084289551e-01
6.335203647613525391e-01
6.331816315650939941e-01
6.328438520431518555e-01
6.325066089630126953e-01
6.321722865104675293e-01
6.318383812904357910e-01
6.315056085586547852e-01
6.311728358268737793e-01
6.308417320251464844e-01
6.305119991302490234e-01
6.301812529563903809e-01
6.298516988754272461e-01
6.295222640037536621e-01
6.291930079460144043e-01
6.288634538650512695e-01
6.285339593887329102e-01
6.282039284706115723e-01
6.278726458549499512e-01
6.275414824485778809e-01
6.272103190422058105e-01
6.268773674964904785e-01
6.265426278114318848e-01
6.262072920799255371e-01
6.258707046508789062e-01
6.255323290824890137e-01
6.251925230026245117e-01
6.248507499694824219e-01
6.245070695877075195e-01
6.241603493690490723e-01
6.238130331039428711e-01
6.234857439994812012e-01
6.232086420059204102e-01
6.229277849197387695e-01
6.226447820663452148e-01
6.223585009574890137e-01
6.220691204071044922e-01
6.217762827873229980e-01
6.214790344238281250e-01
6.211791038513183594e-01
6.208752989768981934e-01
6.205677390098571777e-01
6.202561259269714355e-01
6.199397444725036621e-01
6.196199059486389160e-01
6.192959547042846680e-01
6.189674735069274902e-01
6.186347603797912598e-01
6.182966232299804688e-01
6.179547905921936035e-01
6.176081895828247070e-01
6.172569394111633301e-01
6.169008612632751465e-01
6.165392398834228516e-01
6.161733865737915039e-01
6.158027052879333496e-01
6.154269576072692871e-01
6.150462627410888672e-01
6.146596670150756836e-01
6.142688393592834473e-01
6.138727664947509766e-01
6.134716868400573730e-01
6.130653619766235352e-01
6.126531958580017090e-01
6.122364997863769531e-01
6.118147969245910645e-01
6.113877892494201660e-01
6.109549999237060547e-01
6.105176806449890137e-01
6.100502014160156250e-01
6.094455718994140625e-01
6.088357567787170410e-01
6.082214713096618652e-01
6.076014041900634766e-01
6.069760918617248535e-01
6.063455939292907715e-01
6.055546402931213379e-01
6.049089431762695312e-01
6.042584776878356934e-01
6.036027073860168457e-01
6.029419898986816406e-01
6.022770404815673828e-01
6.016064882278442383e-01
6.009309887886047363e-01
6.002511382102966309e-01
5.995661616325378418e-01
5.988764762878417969e-01
5.981821417808532715e-01
5.974832773208618164e-01
5.967799425125122070e-01
5.960734486579895020e-01
5.953612923622131348e-01
5.946449041366577148e-01
5.939243435859680176e-01
5.931996703147888184e-01
5.924715399742126465e-01
5.917389392852783203e-01
5.910025238990783691e-01
5.902629494667053223e-01
5.895199179649353027e-01
5.887725949287414551e-01
5.880224704742431641e-01
5.872682929039001465e-01
5.865109562873840332e-01
5.857511162757873535e-01
5.849876403808593750e-01
5.842211842536926270e-01
5.834526419639587402e-01
5.826816558837890625e-01
5.819070935249328613e-01
5.811308622360229492e-01
5.804923176765441895e-01
5.798810720443725586e-01
5.792694687843322754e-01
5.786558389663696289e-01
5.780410766601562500e-01
5.774263143539428711e-01
5.768098831176757812e-01
5.761929750442504883e-01
5.755762457847595215e-01
5.749585032463073730e-01
5.743404626846313477e-01
5.737232565879821777e-01
5.731052160263061523e-01
5.724874734878540039e-01
5.718707442283630371e-01
5.712537765502929688e-01
5.706381201744079590e-01
5.700224637985229492e-01
5.694082975387573242e-01
5.687944293022155762e-01
5.681822896003723145e-01
5.675706267356872559e-01
5.669601559638977051e-01
5.663527250289916992e-01
5.657452344894409180e-01
5.651398897171020508e-01
5.645356178283691406e-01
5.639336705207824707e-01
5.633329749107360840e-01
5.627347826957702637e-01
5.621380805969238281e-01
5.615439414978027344e-01
5.609514117240905762e-01
5.603616833686828613e-01
5.597737431526184082e-01
5.591886639595031738e-01
5.586055517196655273e-01
5.580254197120666504e-01
5.574473738670349121e-01
5.568724274635314941e-01
5.562998056411743164e-01
5.557302832603454590e-01
5.551631450653076172e-01
5.545993447303771973e-01
5.540380477905273438e-01
5.534781217575073242e-01
5.529211163520812988e-01
5.523675084114074707e-01
5.518168210983276367e-01
5.512698292732238770e-01
5.507255792617797852e-01
5.501855611801147461e-01
5.496474504470825195e-01
5.491134524345397949e-01
5.485830307006835938e-01
5.480557084083557129e-01
5.475327968597412109e-01
5.470120310783386230e-01
5.464963912963867188e-01
5.459828376770019531e-01
5.454733371734619141e-01
5.449683070182800293e-01
5.444659590721130371e-01
5.439683198928833008e-01
5.434731841087341309e-01
5.429829955101013184e-01
5.424956679344177246e-01
5.420120954513549805e-01
5.415332317352294922e-01
5.410570502281188965e-01
5.405858159065246582e-01
5.401178002357482910e-01
5.396540164947509766e-01
5.391934514045715332e-01
5.387365221977233887e-01
5.382845997810363770e-01
5.378358960151672363e-01
5.373915433883666992e-01
5.369503498077392578e-01
5.365138053894042969e-01
5.360805988311767578e-01
5.356510877609252930e-01
5.352262854576110840e-01
5.348045229911804199e-01
5.343875288963317871e-01
5.339737534523010254e-01
5.335645079612731934e-01
5.331583023071289062e-01
5.327559113502502441e-01
5.323585271835327148e-01
5.319638848304748535e-01
5.315738916397094727e-01
5.311869382858276367e-01
5.308045744895935059e-01
5.305553674697875977e-01
5.303221344947814941e-01
5.300933122634887695e-01
5.298674106597900391e-01
5.296459794044494629e-01
5.294274091720581055e-01
5.292128324508666992e-01
5.290011763572692871e-01
5.287940502166748047e-01
5.285893082618713379e-01
5.283887982368469238e-01
5.281906127929687500e-01
5.279970765113830566e-01
5.278058052062988281e-01
5.276185870170593262e-01
5.274340510368347168e-01
5.272530317306518555e-01
5.270745754241943359e-01
5.269000530242919922e-01
5.267280936241149902e-01
5.265596508979797363e-01
5.263931155204772949e-01
5.262309908866882324e-01
5.260705351829528809e-01
5.259138345718383789e-01
5.257598757743835449e-01
5.256080031394958496e-01
5.254595279693603516e-01
5.253129005432128906e-01
5.251697301864624023e-01
5.250283479690551758e-01
5.248903632164001465e-01
5.247539877891540527e-01
5.246207714080810547e-01
5.244891643524169922e-01
5.243606567382812500e-01
5.242337584495544434e-01
5.241097807884216309e-01
5.239870548248291016e-01
5.238673090934753418e-01
5.237488150596618652e-01
5.236327648162841797e-01
5.235186815261840820e-01
5.234067440032958984e-01
5.232958793640136719e-01
5.231872200965881348e-01
5.230797529220581055e-01
5.229753255844116211e-01
5.228711366653442383e-01
5.227692127227783203e-01
5.226676464080810547e-01
5.225685834884643555e-01
5.224705934524536133e-01
5.223804712295532227e-01
5.223123431205749512e-01
5.222451686859130859e-01
5.221787691116333008e-01
5.221125483512878418e-01
5.220476388931274414e-01
5.219832658767700195e-01
5.219194889068603516e-01
5.218562483787536621e-01
5.217926502227783203e-01
5.217304229736328125e-01
5.216682553291320801e-01
5.216063857078552246e-01
5.215446352958679199e-01
5.214822292327880859e-01
5.214203596115112305e-01
5.213587880134582520e-01
5.212970972061157227e-01
5.212352871894836426e-01
5.211737751960754395e-01
5.211103558540344238e-01
5.210477113723754883e-01
5.209846496582031250e-01
5.209210515022277832e-01
5.208569765090942383e-01
5.207915306091308594e-01
5.207258462905883789e-01
5.206597447395324707e-01
5.205933451652526855e-01
5.205256342887878418e-01
5.204561948776245117e-01
5.203862190246582031e-01
5.203155279159545898e-01
5.202437639236450195e-01
5.201707482337951660e-01
5.200966000556945801e-01
5.200200676918029785e-01
5.199437141418457031e-01
5.198655128479003906e-01
5.197858214378356934e-01
5.197046995162963867e-01
5.196212530136108398e-01
5.195366144180297852e-01
5.194506645202636719e-01
5.193629860877990723e-01
5.192735195159912109e-01
5.191818475723266602e-01
5.190884470939636230e-01
5.189934372901916504e-01
5.188965201377868652e-01
5.187976360321044922e-01
5.186960101127624512e-01
5.185927152633666992e-01
5.184876918792724609e-01
5.183805227279663086e-01
5.182712078094482422e-01
5.181596875190734863e-01
5.180453062057495117e-01
5.179290771484375000e-01
5.178187489509582520e-01
5.177382826805114746e-01
5.176557898521423340e-01
5.175706148147583008e-01
5.174833536148071289e-01
5.173937082290649414e-01
5.173014402389526367e-01
5.172070860862731934e-01
5.171100497245788574e-01
5.170102715492248535e-01
5.169085264205932617e-01
5.168046355247497559e-01
5.166982412338256836e-01
5.165898203849792480e-01
5.164788365364074707e-01
5.163658857345581055e-01
5.162504315376281738e-01
5.161330103874206543e-01
5.160131454467773438e-01
5.158907771110534668e-01
5.157666802406311035e-01
5.156407952308654785e-01
5.155126452445983887e-01
5.153828263282775879e-01
5.152510404586791992e-01
5.151171088218688965e-01
5.149517655372619629e-01
5.147822499275207520e-01
5.146103501319885254e-01
5.144369006156921387e-01
5.142625570297241211e-01
5.140860080718994141e-01
5.139080882072448730e-01
5.137294530868530273e-01
5.135488510131835938e-01
5.133669972419738770e-01
5.131840109825134277e-01
5.130006074905395508e-01
5.128155350685119629e-01
5.126294493675231934e-01
5.124432444572448730e-01
5.122554898262023926e-01
5.120670199394226074e-01
5.118786692619323730e-01
5.116890668869018555e-01
5.114989280700683594e-01
5.113091468811035156e-01
5.111183524131774902e-01
5.109273791313171387e-01
5.107369422912597656e-01
5.105457305908203125e-01
5.103545784950256348e-01
5.102095603942871094e-01
5.101029276847839355e-01
5.099969506263732910e-01
5.098916292190551758e-01
5.097878575325012207e-01
5.096842050552368164e-01
5.095815658569335938e-01
5.094805955886840820e-01
5.093801617622375488e-01
5.092816948890686035e-01
5.091838836669921875e-01
5.090874433517456055e-01
5.089925527572631836e-01
5.088999867439270020e-01
5.088083744049072266e-01
5.087185502052307129e-01
5.086305737495422363e-01
5.085445642471313477e-01
5.084612965583801270e-01
5.083793401718139648e-01
5.082996487617492676e-01
5.082221627235412598e-01
5.081477761268615723e-01
5.080749988555908203e-01
5.080047249794006348e-01
5.079369544982910156e-01
5.078724026679992676e-01
5.078101754188537598e-01
5.077437758445739746e-01
5.076801776885986328e-01
5.076201558113098145e-01
5.075622200965881348e-01
5.075075030326843262e-01
5.074554681777954102e-01
5.074064731597900391e-01
5.073612928390502930e-01
5.073184370994567871e-01
5.072788000106811523e-01
5.072423219680786133e-01
5.072098374366760254e-01
5.071798563003540039e-01
5.071538090705871582e-01
5.071304440498352051e-01
5.071112513542175293e-01
5.070946812629699707e-01
5.070815086364746094e-01
5.070717930793762207e-01
5.070663094520568848e-01
5.070635676383972168e-01
5.070645809173583984e-01
5.070688724517822266e-01
5.070775151252746582e-01
5.070888996124267578e-01
5.071038603782653809e-01
5.071223974227905273e-01
5.071454048156738281e-01
5.071953535079956055e-01
5.072870850563049316e-01
5.073831081390380859e-01
5.074816346168518066e-01
5.075848698616027832e-01
5.076907873153686523e-01
5.078002810478210449e-01
5.079140663146972656e-01
5.080305337905883789e-01
5.081509947776794434e-01
5.082744956016540527e-01
5.084013938903808594e-01
5.085325241088867188e-01
5.086662769317626953e-01
5.088034272193908691e-01
5.089443922042846680e-01
5.090882182121276855e-01
5.092361569404602051e-01
5.093863606452941895e-01
5.095400214195251465e-01
5.096977353096008301e-01
5.098575353622436523e-01
5.100216269493103027e-01
5.101879835128784180e-01
5.103575587272644043e-01
5.105308890342712402e-01
5.107065439224243164e-01
5.108852386474609375e-01
5.110667943954467773e-01
5.112513303756713867e-01
5.114369988441467285e-01
5.116221308708190918e-01
5.118098855018615723e-01
5.120003819465637207e-01
5.121931433677673340e-01
5.123882889747619629e-01
5.125853419303894043e-01
5.127848386764526367e-01
5.129871368408203125e-01
5.131916999816894531e-01
5.133988261222839355e-01
5.136078596115112305e-01
5.138190984725952148e-01
5.140327811241149902e-01
5.142475962638854980e-01
5.144650936126708984e-01
5.146840810775756836e-01
5.149055123329162598e-01
5.151289105415344238e-01
5.153542160987854004e-01
5.155816674232482910e-01
5.158098340034484863e-01
5.160405635833740234e-01
5.162733197212219238e-01
5.165073871612548828e-01
5.167431235313415527e-01
5.169799923896789551e-01
5.172188878059387207e-01
5.174584984779357910e-01
5.177007317543029785e-01
5.179440975189208984e-01
5.181964039802551270e-01
5.184955000877380371e-01
5.187959074974060059e-01
5.190968513488769531e-01
5.193986296653747559e-01
5.197016000747680664e-01
5.200049877166748047e-01
5.203091502189636230e-01
5.206143260002136230e-01
5.209206342697143555e-01
5.212267041206359863e-01
5.215328931808471680e-01
5.218400955200195312e-01
5.221478343009948730e-01
5.224572420120239258e-01
5.227658152580261230e-01
5.230752229690551758e-01
5.232711434364318848e-01
5.234593749046325684e-01
5.236487388610839844e-01
5.238372087478637695e-01
5.240244865417480469e-01
5.242122411727905273e-01
5.243993997573852539e-01
5.245857238769531250e-01
5.247709155082702637e-01
5.249565839767456055e-01
5.251408219337463379e-01
5.253251791000366211e-01
5.255094170570373535e-01
5.256925225257873535e-01
5.258731245994567871e-01
5.260547995567321777e-01
5.262335538864135742e-01
5.264083743095397949e-01
5.265809297561645508e-01
5.267520546913146973e-01
5.269197821617126465e-01
5.270866155624389648e-01
5.272511839866638184e-01
5.274140238761901855e-01
5.275753736495971680e-01
5.277342200279235840e-01
5.278904438018798828e-01
5.280451774597167969e-01
5.281974673271179199e-01
5.283479094505310059e-01
5.284966826438903809e-01
5.286427140235900879e-01
5.287856459617614746e-01
5.287091135978698730e-01
5.283121466636657715e-01
5.279109477996826172e-01
5.275038480758666992e-01
5.270923376083374023e-01
5.266743898391723633e-01
5.262525081634521484e-01
5.258254408836364746e-01
5.253923535346984863e-01
5.249547958374023438e-01
5.245112180709838867e-01
5.240620970726013184e-01
5.236087441444396973e-01
5.231497287750244141e-01
5.226856470108032227e-01
5.222154259681701660e-01
5.217406153678894043e-01
5.212514400482177734e-01
5.206089615821838379e-01
5.199650526046752930e-01
5.193178057670593262e-01
5.186669230461120605e-01
5.180147886276245117e-01
5.173574686050415039e-01
5.166991949081420898e-01
5.160381197929382324e-01
5.153744816780090332e-01
5.147082805633544922e-01
5.140381455421447754e-01
5.133665800094604492e-01
5.126916766166687012e-01
5.120156407356262207e-01
5.113355517387390137e-01
5.106533169746398926e-01
5.099689960479736328e-01
5.092815756797790527e-01
5.085921287536621094e-01
5.079048275947570801e-01
5.072168707847595215e-01
5.065293908119201660e-01
5.058438777923583984e-01
5.051591992378234863e-01
5.044755339622497559e-01
5.037921071052551270e-01
5.031092762947082520e-01
5.024293065071105957e-01
5.017489790916442871e-01
5.010704994201660156e-01
5.003931522369384766e-01
4.997158646583557129e-01
4.990409314632415771e-01
4.983665645122528076e-01
4.976949393749237061e-01
4.970361590385437012e-01
4.966307878494262695e-01
4.962259531021118164e-01
4.958233833312988281e-01
4.954239726066589355e-01
4.950256347656250000e-01
4.946283996105194092e-01
4.942324161529541016e-01
4.938394725322723389e-01
4.934475123882293701e-01
4.930580854415893555e-01
4.926697909832000732e-01
4.922839403152465820e-01
4.918987751007080078e-01
4.915158152580261230e-01
4.911353886127471924e-01
4.907574653625488281e-01
4.903798997402191162e-01
4.900037050247192383e-01
4.896297156810760498e-01
4.892583489418029785e-01
4.888887703418731689e-01
4.885201752185821533e-01
4.881530106067657471e-01
4.877888262271881104e-01
4.874256253242492676e-01
4.870649874210357666e-01
4.867053925991058350e-01
4.863471388816833496e-01
4.859924912452697754e-01
4.856382012367248535e-01
4.852864444255828857e-01
4.849364757537841797e-01
4.845862984657287598e-01
4.842398166656494141e-01
4.838950335979461670e-01
4.835512340068817139e-01
4.832098782062530518e-01
4.829106628894805908e-01
4.827397763729095459e-01
4.825703799724578857e-01
4.824005067348480225e-01
4.822326600551605225e-01
4.820637702941894531e-01
4.818966686725616455e-01
4.817304611206054688e-01
4.815647006034851074e-01
4.813995659351348877e-01
4.812341928482055664e-01
4.810702204704284668e-01
4.809067845344543457e-01
4.807446897029876709e-01
4.805817306041717529e-01
4.804194867610931396e-01
4.802579283714294434e-01
4.800967276096343994e-01
4.799362421035766602e-01
4.797757267951965332e-01
4.796155095100402832e-01
4.794549047946929932e-01
4.792951643466949463e-01
4.791356325149536133e-01
4.789770245552062988e-01
4.788172245025634766e-01
4.786579012870788574e-01
4.784987270832061768e-01
4.783395826816558838e-01
4.781806766986846924e-01
4.780213534832000732e-01
4.778611958026885986e-01
4.777024090290069580e-01
4.775421619415283203e-01
4.773821532726287842e-01
4.772226214408874512e-01
4.770608544349670410e-01
4.769006669521331787e-01
4.767392873764038086e-01
4.765774309635162354e-01
4.763683378696441650e-01
4.761154651641845703e-01
4.758615791797637939e-01
4.756073653697967529e-01
4.753536581993103027e-01
4.750982522964477539e-01
4.748438596725463867e-01
4.745882153511047363e-01
4.743320643901824951e-01
4.740762114524841309e-01
4.738185405731201172e-01
4.735614955425262451e-01
4.733034968376159668e-01
4.730443358421325684e-01
4.727852046489715576e-01
4.725241661071777344e-01
4.722633957862854004e-01
4.720010161399841309e-01
4.717376828193664551e-01
4.714741110801696777e-01
4.712085127830505371e-01
4.709427952766418457e-01
4.706752300262451172e-01
4.704064428806304932e-01
4.701371490955352783e-01
4.698656797409057617e-01
4.695937037467956543e-01
4.693195819854736328e-01
4.690439403057098389e-01
4.687678813934326172e-01
4.684891402721405029e-01
4.682094752788543701e-01
4.679273366928100586e-01
4.676441252231597900e-01
4.673583805561065674e-01
4.670709073543548584e-01
4.667819738388061523e-01
4.664903283119201660e-01
4.661972820758819580e-01
4.659013450145721436e-01
4.656035304069519043e-01
4.653037786483764648e-01
4.650103747844696045e-01
4.647195339202880859e-01
4.644253551959991455e-01
4.641290605068206787e-01
4.638302028179168701e-01
4.635278582572937012e-01
4.632232785224914551e-01
4.629150032997131348e-01
4.626050889492034912e-01
4.622906744480133057e-01
4.619736969470977783e-01
4.616527855396270752e-01
4.613291919231414795e-01
4.610023498535156250e-01
4.606718122959136963e-01
4.603370130062103271e-01
4.599992036819458008e-01
4.596569836139678955e-01
4.593120515346527100e-01
4.589628279209136963e-01
4.586089849472045898e-01
4.582517743110656738e-01
4.578897953033447266e-01
4.575256407260894775e-01
4.571553170680999756e-01
4.567813277244567871e-01
4.564023613929748535e-01
4.560195803642272949e-01
4.556332230567932129e-01
4.552415013313293457e-01
4.548445343971252441e-01
4.544435441493988037e-01
4.540372192859649658e-01
4.536285400390625000e-01
4.532127380371093750e-01
4.527920782566070557e-01
4.523671865463256836e-01
4.519367218017578125e-01
4.515039324760437012e-01
4.510636031627655029e-01
4.506189227104187012e-01
4.501685500144958496e-01
4.497137665748596191e-01
4.492550492286682129e-01
4.487909972667694092e-01
4.483226835727691650e-01
4.478483498096466064e-01
4.473692774772644043e-01
4.468868076801300049e-01
4.463963806629180908e-01
4.459012746810913086e-01
4.454002082347869873e-01
4.448940455913543701e-01
4.443830847740173340e-01
4.438689053058624268e-01
4.433471858501434326e-01
4.428201615810394287e-01
4.422886967658996582e-01
4.417522847652435303e-01
4.412126839160919189e-01
4.406665861606597900e-01
4.401157498359680176e-01
4.395596086978912354e-01
4.389991462230682373e-01
4.384369552135467529e-01
4.378682076930999756e-01
4.372952580451965332e-01
4.367170929908752441e-01
4.361360967159271240e-01
4.355537295341491699e-01
4.349652826786041260e-01
4.343729019165039062e-01
4.337769448757171631e-01
4.331784844398498535e-01
4.325794577598571777e-01
4.319746792316436768e-01
4.313677251338958740e-01
4.307576119899749756e-01
4.301459491252899170e-01
4.295349121093750000e-01
4.289186298847198486e-01
4.283013939857482910e-01
4.276820123195648193e-01
4.270616173744201660e-01
4.264407753944396973e-01
4.258216023445129395e-01
4.251994788646697998e-01
4.245758056640625000e-01
4.239533841609954834e-01
4.233311414718627930e-01
4.227137863636016846e-01
4.221212863922119141e-01
4.215298295021057129e-01
4.209415316581726074e-01
4.203541278839111328e-01
4.197734892368316650e-01
4.191917479038238525e-01
4.186133444309234619e-01
4.180379211902618408e-01
4.174656271934509277e-01
4.169013798236846924e-01
4.163376390933990479e-01
4.157786667346954346e-01
4.152241051197052002e-01
4.146749377250671387e-01
4.141307473182678223e-01
4.135941863059997559e-01
4.130622744560241699e-01
4.125356376171112061e-01
4.120157957077026367e-01
4.115022718906402588e-01
4.109974801540374756e-01
4.104989469051361084e-01
4.100069701671600342e-01
4.095230996608734131e-01
4.090467989444732666e-01
4.085791409015655518e-01
4.081214368343353271e-01
4.076703786849975586e-01
4.072287082672119141e-01
4.067956507205963135e-01
4.063724577426910400e-01
4.059599041938781738e-01
4.055564105510711670e-01
4.051614403724670410e-01
4.047770500183105469e-01
4.044035375118255615e-01
4.040400087833404541e-01
4.036892950534820557e-01
4.033467173576354980e-01
4.030156135559082031e-01
4.026962816715240479e-01
4.023876190185546875e-01
4.020918309688568115e-01
4.018061161041259766e-01
4.015331864356994629e-01
4.012706279754638672e-01
4.010204076766967773e-01
4.007828533649444580e-01
4.005571007728576660e-01
4.004385769367218018e-01
4.003487229347229004e-01
4.002712070941925049e-01
4.002058207988739014e-01
4.001541733741760254e-01
4.001154601573944092e-01
4.000885486602783203e-01
4.000751078128814697e-01
4.000750482082366943e-01
4.000867009162902832e-01
4.001117348670959473e-01
4.001501202583312988e-01
4.001998901367187500e-01
4.002640545368194580e-01
4.003399610519409180e-01
4.004296064376831055e-01
4.005309045314788818e-01
4.006445407867431641e-01
4.007723629474639893e-01
4.009127914905548096e-01
4.010645747184753418e-01
4.012300670146942139e-01
4.014060497283935547e-01
4.015952646732330322e-01
4.017979204654693604e-01
4.020127356052398682e-01
4.022384285926818848e-01
4.024777114391326904e-01
4.027256667613983154e-01
4.029888510704040527e-01
4.032638967037200928e-01
4.035493135452270508e-01
4.038479030132293701e-01
4.041580855846405029e-01
4.044760763645172119e-01
4.048090875148773193e-01
4.051533937454223633e-01
4.055078625679016113e-01
4.058745801448822021e-01
4.062525033950805664e-01
4.066371321678161621e-01
4.070364534854888916e-01
4.074454903602600098e-01
4.078662395477294922e-01
4.082975387573242188e-01
4.087380468845367432e-01
4.091864824295043945e-01
4.096486270427703857e-01
4.101194441318511963e-01
4.106014072895050049e-01
4.110932052135467529e-01
4.115933477878570557e-01
4.121091663837432861e-01
4.126396775245666504e-01
4.131792485713958740e-01
4.137290418148040771e-01
4.142864048480987549e-01
4.148527085781097412e-01
4.154235720634460449e-01
4.160081446170806885e-01
4.166000187397003174e-01
4.171999692916870117e-01
4.178082346916198730e-01
4.184255301952362061e-01
4.190452396869659424e-01
4.196771383285522461e-01
4.203174114227294922e-01
4.209644198417663574e-01
4.216186702251434326e-01
4.222803115844726562e-01
4.229501485824584961e-01
4.236211180686950684e-01
4.243035018444061279e-01
4.249938428401947021e-01
4.256894886493682861e-01
4.263917207717895508e-01
4.271001517772674561e-01
4.278160035610198975e-01
4.285319149494171143e-01
4.292586147785186768e-01
4.299921095371246338e-01
4.307302236557006836e-01
4.314739108085632324e-01
4.322230815887451172e-01
4.329786002635955811e-01
4.337329864501953125e-01
4.344975054264068604e-01
4.352679848670959473e-01
4.360422492027282715e-01
4.368209242820739746e-01
4.376041889190673828e-01
4.383928477764129639e-01
4.391794204711914062e-01
4.399754405021667480e-01
4.407754242420196533e-01
4.415801167488098145e-01
4.423877298831939697e-01
4.431987404823303223e-01
4.440142512321472168e-01
4.448264241218566895e-01
4.456476271152496338e-01
4.464715123176574707e-01
4.472995400428771973e-01
4.481294155120849609e-01
4.489617645740509033e-01
4.497976303100585938e-01
4.506295621395111084e-01
4.514553844928741455e-01
4.522717297077178955e-01
4.530902802944183350e-01
4.539101421833038330e-01
4.547327458858489990e-01
4.555571675300598145e-01
4.563775956630706787e-01
4.572042822837829590e-01
4.580335915088653564e-01
4.588639736175537109e-01
4.596945643424987793e-01
4.605271518230438232e-01
4.613608419895172119e-01
4.621883928775787354e-01
4.630235135555267334e-01
4.638589322566986084e-01
4.646949470043182373e-01
4.655302762985229492e-01
4.663664400577545166e-01
4.672028422355651855e-01
4.680323898792266846e-01
4.688684046268463135e-01
4.697042405605316162e-01
4.705384373664855957e-01
4.713729023933410645e-01
4.722068309783935547e-01
4.730398952960968018e-01
4.738709926605224609e-01
4.747019112110137939e-01
4.755257964134216309e-01
4.763531684875488281e-01
4.771801531314849854e-01
4.780055284500122070e-01
4.788291454315185547e-01
4.796501994132995605e-01
4.804700016975402832e-01
4.812878668308258057e-01
4.821026623249053955e-01
4.829103052616119385e-01
4.837211966514587402e-01
4.845288395881652832e-01
4.853346943855285645e-01
4.861379563808441162e-01
4.869380891323089600e-01
4.877345263957977295e-01
4.885286986827850342e-01
4.893140196800231934e-01
4.901009202003479004e-01
4.908851981163024902e-01
4.916661083698272705e-01
4.924424588680267334e-01
4.932156503200531006e-01
4.939852952957153320e-01
4.947509467601776123e-01
4.955115616321563721e-01
4.962635636329650879e-01
4.970164597034454346e-01
4.977644383907318115e-01
4.985084831714630127e-01
4.992648065090179443e-01
5.000206232070922852e-01
5.007712841033935547e-01
5.015171766281127930e-01
5.022578835487365723e-01
5.029880404472351074e-01
5.037181973457336426e-01
5.044426918029785156e-01
5.051618814468383789e-01
5.058752894401550293e-01
5.065829157829284668e-01
5.072847008705139160e-01
5.079804658889770508e-01
5.086651444435119629e-01
5.093488097190856934e-01
5.100260972976684570e-01
5.106968283653259277e-01
5.113611817359924316e-01
5.120187401771545410e-01
5.126696825027465820e-01
5.133137702941894531e-01
5.139508843421936035e-01
5.145760178565979004e-01
5.151988863945007324e-01
5.158144235610961914e-01
5.164225101470947266e-01
5.170231461524963379e-01
5.176161527633666992e-01
5.182013511657714844e-01
5.187785625457763672e-01
5.193478465080261230e-01
5.199090242385864258e-01
5.204620957374572754e-01
5.210067033767700195e-01
5.215386152267456055e-01
5.220662355422973633e-01
5.225851535797119141e-01
5.230953097343444824e-01
5.235964059829711914e-01
5.240885019302368164e-01
5.245705246925354004e-01
5.250442028045654297e-01
5.255083441734313965e-01
5.259628295898437500e-01
5.264078378677368164e-01
5.268429517745971680e-01
5.272644758224487305e-01
5.276796221733093262e-01
5.280845761299133301e-01
5.284792184829711914e-01
5.288635492324829102e-01
5.292370915412902832e-01
5.296001434326171875e-01
5.299522280693054199e-01
5.302934646606445312e-01
5.306236743927001953e-01
5.309425592422485352e-01
5.312501192092895508e-01
5.315432548522949219e-01
5.318278074264526367e-01
5.321007370948791504e-01
5.323616862297058105e-01
5.326137542724609375e-01
5.328608155250549316e-01
5.330949425697326660e-01
5.333163738250732422e-01
5.335248708724975586e-01
5.337201952934265137e-01
5.339022278785705566e-01
5.340709090232849121e-01
5.342234969139099121e-01
5.343648791313171387e-01
5.344925522804260254e-01
5.346062779426574707e-01
5.347058773040771484e-01
5.347912311553955078e-01
5.348621606826782227e-01
5.349186658859252930e-01
5.349606275558471680e-01
5.349879264831542969e-01
5.350002646446228027e-01
5.349977016448974609e-01
5.349782705307006836e-01
5.349454879760742188e-01
5.348973870277404785e-01
5.348337888717651367e-01
5.347546935081481934e-01
5.346599221229553223e-01
5.345491766929626465e-01
5.344228744506835938e-01
5.342805385589599609e-01
5.341222286224365234e-01
5.339477658271789551e-01
5.337570905685424805e-01
5.335498452186584473e-01
5.333265066146850586e-01
5.330860614776611328e-01
5.328297615051269531e-01
5.325568318367004395e-01
5.322672724723815918e-01
5.319607257843017578e-01
5.316375494003295898e-01
5.312978029251098633e-01
5.309411883354187012e-01
5.305677056312561035e-01
5.301772952079772949e-01
5.297695398330688477e-01
5.293452143669128418e-01
5.289038419723510742e-01
5.284454822540283203e-01
5.279701352119445801e-01
5.274778008460998535e-01
5.269679427146911621e-01
5.264415740966796875e-01
5.258982181549072266e-01
5.253378152847290039e-01
5.247605443000793457e-01
5.241664052009582520e-01
5.235553979873657227e-01
5.229269862174987793e-01
5.222823619842529297e-01
5.216210484504699707e-01
5.209442973136901855e-01
5.202498435974121094e-01
5.195387601852416992e-01
5.188107490539550781e-01
5.180670022964477539e-01
5.173069238662719727e-01
5.165307521820068359e-01
5.157630443572998047e-01
5.149918794631958008e-01
5.142056345939636230e-01
5.134027004241943359e-01
5.125852227210998535e-01
5.117532610893249512e-01
5.109057426452636719e-01
5.100441575050354004e-01
5.091674327850341797e-01
5.082761645317077637e-01
5.073714256286621094e-01
5.064520835876464844e-01
5.055195689201354980e-01
5.045753717422485352e-01
5.036144852638244629e-01
5.026418566703796387e-01
5.016553997993469238e-01
5.006570816040039062e-01
4.996455609798431396e-01
4.986216425895690918e-01
4.975864291191101074e-01
4.965387284755706787e-01
4.954800307750701904e-01
4.944092929363250732e-01
4.933274686336517334e-01
4.922348558902740479e-01
4.911315441131591797e-01
4.900187253952026367e-01
4.888951778411865234e-01
4.877623021602630615e-01
4.866192638874053955e-01
4.854670763015747070e-01
4.843062460422515869e-01
4.831362366676330566e-01
4.819574952125549316e-01
4.807707369327545166e-01
4.795758724212646484e-01
4.783741235733032227e-01
4.771643280982971191e-01
4.759478867053985596e-01
4.747240841388702393e-01
4.734943807125091553e-01
4.722575247287750244e-01
4.710147380828857422e-01
4.697660803794860840e-01
4.685121178627014160e-01
4.672534167766571045e-01
4.659892916679382324e-01
4.647204875946044922e-01
4.634477794170379639e-01
4.621704518795013428e-01
4.608899652957916260e-01
4.596050977706909180e-01
4.583169817924499512e-01
4.570255279541015625e-01
4.557314813137054443e-01
4.544357061386108398e-01
4.531369805335998535e-01
4.518363177776336670e-01
4.505343437194824219e-01
4.492303431034088135e-01
4.479258358478546143e-01
4.466195106506347656e-01
4.453132748603820801e-01
4.440047740936279297e-01
4.426968693733215332e-01
4.413898885250091553e-01
4.400823116302490234e-01
4.387759864330291748e-01
4.374694824218750000e-01
4.361640214920043945e-01
4.348959624767303467e-01
4.336810111999511719e-01
4.324691295623779297e-01
4.312589466571807861e-01
4.300522208213806152e-01
4.288472533226013184e-01
4.276452064514160156e-01
4.264460802078247070e-01
4.252504706382751465e-01
4.240593612194061279e-01
4.228709042072296143e-01
4.216859042644500732e-01
4.205051064491271973e-01
4.193283617496490479e-01
4.181568622589111328e-01
4.169888794422149658e-01
4.158255159854888916e-01
4.146665632724761963e-01
4.135127365589141846e-01
4.123651385307312012e-01
4.112214446067810059e-01
4.100829362869262695e-01
4.089498817920684814e-01
4.078224003314971924e-01
4.067017138004302979e-01
4.055856466293334961e-01
4.044755101203918457e-01
4.033712148666381836e-01
4.022732973098754883e-01
4.011827409267425537e-01
4.000975489616394043e-01
3.990185260772705078e-01
3.979460895061492920e-01
3.968802094459533691e-01
3.958208858966827393e-01
3.947697579860687256e-01
3.937207758426666260e-01
3.926821947097778320e-01
3.916507065296173096e-01
3.906265199184417725e-01
3.896105289459228516e-01
3.886007368564605713e-01
3.875983655452728271e-01
3.866033554077148438e-01
3.856156766414642334e-01
3.846369385719299316e-01
3.836645185947418213e-01
3.826997280120849609e-01
3.817427158355712891e-01
3.807935416698455811e-01
3.798531591892242432e-01
3.789196908473968506e-01
3.779940009117126465e-01
3.770762383937835693e-01
3.761666119098663330e-01
3.752662539482116699e-01
3.743726909160614014e-01
3.734871149063110352e-01
3.726101517677307129e-01
3.717410266399383545e-01
3.708812296390533447e-01
3.700285851955413818e-01
3.691841661930084229e-01
3.683479130268096924e-01
3.675174117088317871e-01
3.666992187500000000e-01
3.658880889415740967e-01
3.650852441787719727e-01
3.642909228801727295e-01
3.635049760341644287e-01
3.627285659313201904e-01
3.619594275951385498e-01
3.611988127231597900e-01
3.604463934898376465e-01
3.597026169300079346e-01
3.589685261249542236e-01
3.582431077957153320e-01
3.575425446033477783e-01
3.568508327007293701e-01
3.561659157276153564e-01
3.554899990558624268e-01
3.548208475112915039e-01
3.541608154773712158e-01
3.535085618495941162e-01
3.528631329536437988e-01
3.522267341613769531e-01
3.515948653221130371e-01
3.509742915630340576e-01
3.503615558147430420e-01
3.497554659843444824e-01
3.491582274436950684e-01
3.485677540302276611e-01
3.479864001274108887e-01
3.474125564098358154e-01
3.468454480171203613e-01
3.462873101234436035e-01
3.457356393337249756e-01
3.451929688453674316e-01
3.446552157402038574e-01
3.441278934478759766e-01
3.436083495616912842e-01
3.430952727794647217e-01
3.425909876823425293e-01
3.420931100845336914e-01
3.416040539741516113e-01
3.411225676536560059e-01
3.406473398208618164e-01
3.401809632778167725e-01
3.397208452224731445e-01
3.392692804336547852e-01
3.388229906558990479e-01
3.383864760398864746e-01
3.379574418067932129e-01
3.375344276428222656e-01
3.371200561523437500e-01
3.367119133472442627e-01
3.363120555877685547e-01
3.359196484088897705e-01
3.355331420898437500e-01
3.351550698280334473e-01
3.347831666469573975e-01
3.344195485115051270e-01
3.340609669685363770e-01
3.337115645408630371e-01
3.333693146705627441e-01
3.330329656600952148e-01
3.327046036720275879e-01
3.323822319507598877e-01
3.320679664611816406e-01
3.317604362964630127e-01
3.314588963985443115e-01
3.311652839183807373e-01
3.308773040771484375e-01
3.305972516536712646e-01
3.303234279155731201e-01
3.300558924674987793e-01
3.297958970069885254e-01
3.295417129993438721e-01
3.292951583862304688e-01
3.290536999702453613e-01
3.288202583789825439e-01
3.285933732986450195e-01
3.283718228340148926e-01
3.281577527523040771e-01
3.279491961002349854e-01
3.277477622032165527e-01
3.275527358055114746e-01
3.273631632328033447e-01
3.271808028221130371e-01
3.270036280155181885e-01
3.268337249755859375e-01
3.266689181327819824e-01
3.265111148357391357e-01
3.263594806194305420e-01
3.262129426002502441e-01
3.260732591152191162e-01
3.259386718273162842e-01
3.258108794689178467e-01
3.256907761096954346e-01
3.256025612354278564e-01
3.255194127559661865e-01
3.254415988922119141e-01
3.253689408302307129e-01
3.253006041049957275e-01
3.252368271350860596e-01
3.251781165599822998e-01
3.251245617866516113e-01
3.250747621059417725e-01
3.250294923782348633e-01
3.249900341033935547e-01
3.249541819095611572e-01
3.249224126338958740e-01
3.248949050903320312e-01
3.248726427555084229e-01
3.248543739318847656e-01
3.248397111892700195e-01
3.248300850391387939e-01
3.248243331909179688e-01
3.248226344585418701e-01
3.248244524002075195e-01
3.248310089111328125e-01
3.248407244682312012e-01
3.248542249202728271e-01
3.248721063137054443e-01
3.248946964740753174e-01
3.249194622039794922e-01
3.249479830265045166e-01
3.249813616275787354e-01
3.250169157981872559e-01
3.250560760498046875e-01
3.250986337661743164e-01
3.251452445983886719e-01
3.251958489418029785e-01
3.252483606338500977e-01
3.253040611743927002e-01
3.253634870052337646e-01
3.254260420799255371e-01
3.254910409450531006e-01
3.255594968795776367e-01
3.256313502788543701e-01
3.257056474685668945e-01
3.257821202278137207e-01
3.258619010448455811e-01
3.259438574314117432e-01
3.260284066200256348e-01
3.261160254478454590e-01
3.262071609497070312e-01
3.262992203235626221e-01
3.263934850692749023e-01
3.264912664890289307e-01
3.265901803970336914e-01
3.266912102699279785e-01
3.267943859100341797e-01
3.269001245498657227e-01
3.270091116428375244e-01
3.271181583404541016e-01
3.272295892238616943e-01
3.273423910140991211e-01
3.274574875831604004e-01
3.275736272335052490e-01
3.276917636394500732e-01
3.278121352195739746e-01
3.279335498809814453e-01
3.280556201934814453e-01
3.281793892383575439e-01
3.283040225505828857e-01
3.284298777580261230e-01
3.285590708255767822e-01
3.286870419979095459e-01
3.288159966468811035e-01
3.289458751678466797e-01
3.290775120258331299e-01
3.292102217674255371e-01
3.293423950672149658e-01
3.294751346111297607e-01
3.296087086200714111e-01
3.297431766986846924e-01
3.298774063587188721e-01
3.300133645534515381e-01
3.301481604576110840e-01
3.302839100360870361e-01
3.304189145565032959e-01
3.305542469024658203e-01
3.306906819343566895e-01
3.308255970478057861e-01
3.309611380100250244e-01
3.310959041118621826e-01
3.312043547630310059e-01
3.313053846359252930e-01
3.314042091369628906e-01
3.315030336380004883e-01
3.316001594066619873e-01
3.316964507102966309e-01
3.317928612232208252e-01
3.318875730037689209e-01
3.319805562496185303e-01
3.320722579956054688e-01
3.321627378463745117e-01
3.322538137435913086e-01
3.323416709899902344e-01
3.324280679225921631e-01
3.325129449367523193e-01
3.325969874858856201e-01
3.326799869537353516e-01
3.327600657939910889e-01
3.328385651111602783e-01
3.329153060913085938e-01
3.329907655715942383e-01
3.330649137496948242e-01
3.331360220909118652e-01
3.332051634788513184e-01
3.332729339599609375e-01
3.333379626274108887e-01
3.334009349346160889e-01
3.334626257419586182e-01
3.335217535495758057e-01
3.335779309272766113e-01
3.336319029331207275e-01
3.336834013462066650e-01
3.337340354919433594e-01
3.337805271148681641e-01
3.338246047496795654e-01
3.338660597801208496e-01
3.339054286479949951e-01
3.339425623416900635e-01
3.339759707450866699e-01
3.340066075325012207e-01
3.340348899364471436e-01
3.340598642826080322e-01
3.340826630592346191e-01
3.341018557548522949e-01
3.341184258460998535e-01
3.341314196586608887e-01
3.341412544250488281e-01
3.341487646102905273e-01
3.341528475284576416e-01
3.341531753540039062e-01
3.341504633426666260e-01
3.341442644596099854e-01
3.341357707977294922e-01
3.341227769851684570e-01
3.341064155101776123e-01
3.340865671634674072e-01
3.340641856193542480e-01
3.340376019477844238e-01
3.340071439743041992e-01
3.339730799198150635e-01
3.339362144470214844e-01
3.338948190212249756e-01
3.338497281074523926e-01
3.338008224964141846e-01
3.337493240833282471e-01
3.336929082870483398e-01
3.336325585842132568e-01
3.335684537887573242e-01
3.335006833076477051e-01
3.334290385246276855e-01
3.333531022071838379e-01
3.332736492156982422e-01
3.331899046897888184e-01
3.331022560596466064e-01
3.330102860927581787e-01
3.329142332077026367e-01
3.328140676021575928e-01
3.327100872993469238e-01
3.326021134853363037e-01
3.324894607067108154e-01
3.323726356029510498e-01
3.322519361972808838e-01
3.321267366409301758e-01
3.319972753524780273e-01
3.318634331226348877e-01
3.317261934280395508e-01
3.315839171409606934e-01
3.314373791217803955e-01
3.312863111495971680e-01
3.311313092708587646e-01
3.309718370437622070e-01
3.308080136775970459e-01
3.306398987770080566e-01
3.304675817489624023e-01
3.302907049655914307e-01
3.301052749156951904e-01
3.299095332622528076e-01
3.297092020511627197e-01
3.295029997825622559e-01
3.292916715145111084e-01
3.290753066539764404e-01
3.288542926311492920e-01
3.286274969577789307e-01
3.283955156803131104e-01
3.281586170196533203e-01
3.279170691967010498e-01
3.276699185371398926e-01
3.274174332618713379e-01
3.271601796150207520e-01
3.268982768058776855e-01
3.266309201717376709e-01
3.263581097126007080e-01
3.260807096958160400e-01
3.257988989353179932e-01
3.255116045475006104e-01
3.252187073230743408e-01
3.249215781688690186e-01
3.246200680732727051e-01
3.243131041526794434e-01
3.240006268024444580e-01
3.236840963363647461e-01
3.233632743358612061e-01
3.230370581150054932e-01
3.227054774761199951e-01
3.223698735237121582e-01
3.220301568508148193e-01
3.216852545738220215e-01
3.213349282741546631e-01
3.209808170795440674e-01
3.206227123737335205e-01
3.202596604824066162e-01
3.198910057544708252e-01
3.195188939571380615e-01
3.191429972648620605e-01
3.187606334686279297e-01
3.183759450912475586e-01
3.179864883422851562e-01
3.175915479660034180e-01
3.171937465667724609e-01
3.167921900749206543e-01
3.163841068744659424e-01
3.159745335578918457e-01
3.155601024627685547e-01
3.151402771472930908e-01
3.147179484367370605e-01
3.142924010753631592e-01
3.138602375984191895e-01
3.134267330169677734e-01
3.129892051219940186e-01
3.125461041927337646e-01
3.121008872985839844e-01
3.116525113582611084e-01
3.111981153488159180e-01
3.107425868511199951e-01
3.102830350399017334e-01
3.098185360431671143e-01
3.093521296977996826e-01
3.088828325271606445e-01
3.084073066711425781e-01
3.079317808151245117e-01
3.074521422386169434e-01
3.069698214530944824e-01
3.064814805984497070e-01
3.059933185577392578e-01
3.055013120174407959e-01
3.050042390823364258e-01
3.045067191123962402e-01
3.040063977241516113e-01
3.035001754760742188e-01
3.029942214488983154e-01
3.024854958057403564e-01
3.019714951515197754e-01
3.014570176601409912e-01
3.009409010410308838e-01
3.004187047481536865e-01
2.998970448970794678e-01
2.993725836277008057e-01
2.988439500331878662e-01
2.983147501945495605e-01
2.977837324142456055e-01
2.972477674484252930e-01
2.967123091220855713e-01
2.961743474006652832e-01
2.956319153308868408e-01
2.950903773307800293e-01
2.945466935634613037e-01
2.939978539943695068e-01
2.934503555297851562e-01
2.929012179374694824e-01
2.923501729965209961e-01
2.917940616607666016e-01
2.912400662899017334e-01
2.906835973262786865e-01
2.901228964328765869e-01
2.895632386207580566e-01
2.890031039714813232e-01
2.884375154972076416e-01
2.878739237785339355e-01
2.873149812221527100e-01
2.868252396583557129e-01
2.863379120826721191e-01
2.858506143093109131e-01
2.853590250015258789e-01
2.848709225654602051e-01
2.843828499317169189e-01
2.838911712169647217e-01
2.834021449089050293e-01
2.829132378101348877e-01
2.824213206768035889e-01
2.819321453571319580e-01
2.814429104328155518e-01
2.809500396251678467e-01
2.804605960845947266e-01
2.799714803695678711e-01
2.794787883758544922e-01
2.789889872074127197e-01
2.784963250160217285e-01
2.780069112777709961e-01
2.775178551673889160e-01
2.770247459411621094e-01
2.765358388423919678e-01
2.760435342788696289e-01
2.755548655986785889e-01
2.750655114650726318e-01
2.745736241340637207e-01
2.740854620933532715e-01
2.735940217971801758e-01
2.731062471866607666e-01
2.726179063320159912e-01
2.721273899078369141e-01
2.716402113437652588e-01
2.711533308029174805e-01
2.706629931926727295e-01
2.701767981052398682e-01
2.696877717971801758e-01
2.692022025585174561e-01
2.687166035175323486e-01
2.682284712791442871e-01
2.677441239356994629e-01
2.672570347785949707e-01
2.667728662490844727e-01
2.662899792194366455e-01
2.658040523529052734e-01
2.653221487998962402e-01
2.648371756076812744e-01
2.643554210662841797e-01
2.638750076293945312e-01
2.633916139602661133e-01
2.629123032093048096e-01
2.624293565750122070e-01
2.619511485099792480e-01
2.614734172821044922e-01
2.609929740428924561e-01
2.605158984661102295e-01
2.600366175174713135e-01
2.595615386962890625e-01
2.590869367122650146e-01
2.586090862751007080e-01
2.581358551979064941e-01
2.576633393764495850e-01
2.571882009506225586e-01
2.567170858383178711e-01
2.562427818775177002e-01
2.557730674743652344e-01
2.553042471408843994e-01
2.548327744007110596e-01
2.543647885322570801e-01
2.538948059082031250e-01
2.534289956092834473e-01
2.529640495777130127e-01
2.524958252906799316e-01
2.520324885845184326e-01
2.515666186809539795e-01
2.511049211025238037e-01
2.506433725357055664e-01
2.501800358295440674e-01
2.497209310531616211e-01
2.492592930793762207e-01
2.488019466400146484e-01
2.483447790145874023e-01
2.478858679533004761e-01
2.474312037229537964e-01
2.469741106033325195e-01
2.465205788612365723e-01
2.460686713457107544e-01
2.456144094467163086e-01
2.451643645763397217e-01
2.447146177291870117e-01
2.442632019519805908e-01
2.438160628080368042e-01
2.433665692806243896e-01
2.429207116365432739e-01
2.424765080213546753e-01
2.420300096273422241e-01
2.415877878665924072e-01
2.411426454782485962e-01
2.407024353742599487e-01
2.402600049972534180e-01
2.398218661546707153e-01
2.393814921379089355e-01
2.389447242021560669e-01
2.385064214468002319e-01
2.380724549293518066e-01
2.376362532377243042e-01
2.372036725282669067e-01
2.367696613073348999e-01
2.363398373126983643e-01
2.359112203121185303e-01
2.354796528816223145e-01
2.350531220436096191e-01
2.346245050430297852e-01
2.342185676097869873e-01
2.338154017925262451e-01
2.334156632423400879e-01
2.330143302679061890e-01
2.326171398162841797e-01
2.322176396846771240e-01
2.318222671747207642e-01
2.314247488975524902e-01
2.310312241315841675e-01
2.306348234415054321e-01
2.302432060241699219e-01
2.298525124788284302e-01
2.294595837593078613e-01
2.290707975625991821e-01
2.286798059940338135e-01
2.282928675413131714e-01
2.279039025306701660e-01
2.275182455778121948e-01
2.271310538053512573e-01
2.267479896545410156e-01
2.263627648353576660e-01
2.259816080331802368e-01
2.255983203649520874e-01
2.252191305160522461e-01
2.248377948999404907e-01
2.244599759578704834e-01
2.240837067365646362e-01
2.237052917480468750e-01
2.233309596776962280e-01
2.229545116424560547e-01
2.225821614265441895e-01
2.222076803445816040e-01
2.218372970819473267e-01
2.214642912149429321e-01
2.210958749055862427e-01
2.207253873348236084e-01
2.203589379787445068e-01
2.199904471635818481e-01
2.196259796619415283e-01
2.192594707012176514e-01
2.188963592052459717e-01
2.185348719358444214e-01
2.181715220212936401e-01
2.178120613098144531e-01
2.174505293369293213e-01
2.170930504798889160e-01
2.167335897684097290e-01
2.163781076669692993e-01
2.160199582576751709e-01
2.156664878129959106e-01
2.153110206127166748e-01
2.149597257375717163e-01
2.146062999963760376e-01
2.142568379640579224e-01
2.139053940773010254e-01
2.135579288005828857e-01
2.132108360528945923e-01
2.128624469041824341e-01
2.125179767608642578e-01
2.121715992689132690e-01
2.118293642997741699e-01
2.114849984645843506e-01
2.111445665359497070e-01
2.108016014099121094e-01
2.104631662368774414e-01
2.101228684186935425e-01
2.097864449024200439e-01
2.094481438398361206e-01
2.091139554977416992e-01
2.087776809930801392e-01
2.084452807903289795e-01
2.081103920936584473e-01
2.077800035476684570e-01
2.074477672576904297e-01
2.071165293455123901e-01
2.067891359329223633e-01
2.064599245786666870e-01
2.061347663402557373e-01
2.058075517416000366e-01
2.054835706949234009e-01
2.051583826541900635e-01
2.048369795083999634e-01
2.045137882232666016e-01
2.041943967342376709e-01
2.038731873035430908e-01
2.035530209541320801e-01
2.032362371683120728e-01
2.029180377721786499e-01
2.026036083698272705e-01
2.022874206304550171e-01
2.019749730825424194e-01
2.016607671976089478e-01
2.013503015041351318e-01
2.010381072759628296e-01
2.007289826869964600e-01
2.004190087318420410e-01
2.001097947359085083e-01
1.998042166233062744e-01
1.994969695806503296e-01
1.991933882236480713e-01
1.988880783319473267e-01
1.985864639282226562e-01
1.982825547456741333e-01
1.979828923940658569e-01
1.976817846298217773e-01
1.973840594291687012e-01
1.970846503973007202e-01
1.967862099409103394e-01
1.964913904666900635e-01
1.961943358182907104e-01
1.959014534950256348e-01
1.956069171428680420e-01
1.953162401914596558e-01
1.950236409902572632e-01
1.947346031665802002e-01
1.944439262151718140e-01
1.941542476415634155e-01
1.938674896955490112e-01
1.935797035694122314e-01
1.932954639196395874e-01
1.930095702409744263e-01
1.927275210618972778e-01
1.924460679292678833e-01
1.921769827604293823e-01
1.919053196907043457e-01
1.916372627019882202e-01
1.913677752017974854e-01
1.910987645387649536e-01
1.908328086137771606e-01
1.905659735202789307e-01
1.903015822172164917e-01
1.900357902050018311e-01
1.897735446691513062e-01
1.895093023777008057e-01
1.892483681440353394e-01
1.889859884977340698e-01
1.887266039848327637e-01
1.884652525186538696e-01
1.882055401802062988e-01
1.879482120275497437e-01
1.876895129680633545e-01
1.874342858791351318e-01
1.871771365404129028e-01
1.869229078292846680e-01
1.866678744554519653e-01
1.864151954650878906e-01
1.861617118120193481e-01
1.859105527400970459e-01
1.856581121683120728e-01
1.854066401720046997e-01
1.851581037044525146e-01
1.849079579114913940e-01
1.846611648797988892e-01
1.844125539064407349e-01
1.841667592525482178e-01
1.839202195405960083e-01
1.836735755205154419e-01
1.834303885698318481e-01
1.831858009099960327e-01
1.829441189765930176e-01
1.827005147933959961e-01
1.824585497379302979e-01
1.822187900543212891e-01
1.819777935743331909e-01
1.817377507686614990e-01
1.815005689859390259e-01
1.812618374824523926e-01
1.810240596532821655e-01
1.807890981435775757e-01
1.805522739887237549e-01
1.803193539381027222e-01
1.800840198993682861e-01
1.798497736454010010e-01
1.796186864376068115e-01
1.793859302997589111e-01
1.791535764932632446e-01
1.789250224828720093e-01
1.786941438913345337e-01
1.784665584564208984e-01
1.782376319169998169e-01
1.780092865228652954e-01
1.777838766574859619e-01
1.775571703910827637e-01
1.773309856653213501e-01
1.771074086427688599e-01
1.768832057714462280e-01
1.766588687896728516e-01
1.764377951622009277e-01
1.762154102325439453e-01
1.759957522153854370e-01
1.757743060588836670e-01
1.755544096231460571e-01
1.753365397453308105e-01
1.751175820827484131e-01
1.748994737863540649e-01
1.746840924024581909e-01
1.744672507047653198e-01
1.742533892393112183e-01
1.740379929542541504e-01
1.738229095935821533e-01
1.736115217208862305e-01
1.733978539705276489e-01
1.731852442026138306e-01
1.729755699634552002e-01
1.727643758058547974e-01
1.725534945726394653e-01
1.723462343215942383e-01
1.721367537975311279e-01
1.719304025173187256e-01
1.717227697372436523e-01
1.715157181024551392e-01
1.713115274906158447e-01
1.711058318614959717e-01
1.709008514881134033e-01
1.706986725330352783e-01
1.704950481653213501e-01
1.702937483787536621e-01
1.700919568538665771e-01
1.698899865150451660e-01
1.696910709142684937e-01
1.694909185171127319e-01
1.692913472652435303e-01
1.690940707921981812e-01
1.688963025808334351e-01
1.686983555555343628e-01
1.685034185647964478e-01
1.683072894811630249e-01
1.681136786937713623e-01
1.679187715053558350e-01
1.677245944738388062e-01
1.675329506397247314e-01
1.673396527767181396e-01
1.671478003263473511e-01
1.669577509164810181e-01
1.667667776346206665e-01
1.665765345096588135e-01
1.663887798786163330e-01
1.661993712186813354e-01
1.660133600234985352e-01
1.658252477645874023e-01
1.656381636857986450e-01
1.654536724090576172e-01
1.652678698301315308e-01
1.650826930999755859e-01
1.649001240730285645e-01
1.647162288427352905e-01
1.645325869321823120e-01
1.643522679805755615e-01
1.641698926687240601e-01
1.639885306358337402e-01
1.638078689575195312e-01
1.636296063661575317e-01
1.634497493505477905e-01
1.632713228464126587e-01
1.630945503711700439e-01
1.629169434309005737e-01
1.627359688282012939e-01
1.625218540430068970e-01
1.623093634843826294e-01
1.620965003967285156e-01
1.618838608264923096e-01
1.616736352443695068e-01
1.614622175693511963e-01
1.612514555454254150e-01
1.610412895679473877e-01
1.608335375785827637e-01
1.606245934963226318e-01
1.604163050651550293e-01
1.602085977792739868e-01
1.600036919116973877e-01
1.597968190908432007e-01
1.595913767814636230e-01
1.593874841928482056e-01
1.591832637786865234e-01
1.589788496494293213e-01
1.587758511304855347e-01
1.585743725299835205e-01
1.583726108074188232e-01
1.581706106662750244e-01
1.579717546701431274e-01
1.577713936567306519e-01
1.575716435909271240e-01
1.573724746704101562e-01
1.571756154298782349e-01
1.569776684045791626e-01
1.567803174257278442e-01
1.565835773944854736e-01
1.563891023397445679e-01
1.561935395002365112e-01
1.559989899396896362e-01
1.558058857917785645e-01
1.556125283241271973e-01
1.554189622402191162e-01
1.552267819643020630e-01
1.550360321998596191e-01
1.548450440168380737e-01
1.546538621187210083e-01
1.544656753540039062e-01
1.542756408452987671e-01
1.540870219469070435e-01
1.538985967636108398e-01
1.537123173475265503e-01
1.535250544548034668e-01
