6.678923368453979492e-01
6.703209877014160156e-01
6.728398799896240234e-01
6.753396987915039062e-01
6.776941418647766113e-01
6.798356771469116211e-01
6.814646720886230469e-01
6.823778152465820312e-01
6.824649572372436523e-01
6.816943287849426270e-01
6.804445981979370117e-01
6.786897182464599609e-01
6.763722300529479980e-01
6.736491322517395020e-01
6.706377863883972168e-01
6.675402522087097168e-01
6.645294427871704102e-01
6.614552736282348633e-01
6.583577990531921387e-01
6.552719473838806152e-01
6.522274017333984375e-01
6.491653323173522949e-01
6.461925506591796875e-01
6.433430314064025879e-01
6.406385302543640137e-01
6.381428837776184082e-01
6.359030604362487793e-01
6.340172290802001953e-01
6.323877573013305664e-01
6.310331225395202637e-01
6.299747824668884277e-01
6.292327642440795898e-01
6.287066340446472168e-01
6.284205317497253418e-01
6.284959912300109863e-01
6.289408802986145020e-01
6.297430992126464844e-01
6.308409571647644043e-01
6.319518685340881348e-01
6.329537034034729004e-01
6.338626146316528320e-01
6.346819400787353516e-01
6.355026364326477051e-01
6.364117264747619629e-01
6.374336481094360352e-01
6.385474801063537598e-01
6.397184133529663086e-01
6.408997774124145508e-01
6.420496106147766113e-01
6.431208252906799316e-01
6.440638303756713867e-01
6.444640159606933594e-01
6.447253823280334473e-01
6.448426842689514160e-01
6.448151469230651855e-01
6.446524262428283691e-01
6.443656682968139648e-01
6.440529823303222656e-01
6.437348127365112305e-01
6.433605551719665527e-01
6.429568529129028320e-01
6.425514817237854004e-01
6.421726346015930176e-01
6.418468952178955078e-01
6.414926052093505859e-01
6.412054300308227539e-01
6.410456895828247070e-01
6.410333514213562012e-01
6.411819458007812500e-01
6.414980292320251465e-01
6.419728994369506836e-01
6.425300836563110352e-01
6.433570981025695801e-01
6.452195048332214355e-01
6.483482122421264648e-01
6.510094404220581055e-01
6.531828045845031738e-01
6.553034782409667969e-01
6.574795842170715332e-01
6.596906781196594238e-01
6.618771553039550781e-01
6.639837622642517090e-01
6.659424304962158203e-01
6.677063107490539551e-01
6.692338585853576660e-01
6.704944968223571777e-01
6.714735031127929688e-01
6.721583604812622070e-01
6.725403666496276855e-01
6.726354956626892090e-01
6.724625229835510254e-01
6.720396280288696289e-01
6.713876724243164062e-01
6.705034375190734863e-01
6.693314313888549805e-01
6.679862141609191895e-01
6.664889454841613770e-01
6.648603081703186035e-01
6.631136536598205566e-01
6.612657904624938965e-01
6.593328714370727539e-01
6.573488116264343262e-01
6.554470658302307129e-01
6.534970402717590332e-01
6.515091657638549805e-01
6.494861245155334473e-01
6.474400162696838379e-01
6.453717350959777832e-01
6.432946324348449707e-01
6.412070393562316895e-01
6.389864087104797363e-01
6.367307305335998535e-01
6.344828605651855469e-01
6.322428584098815918e-01
6.300209760665893555e-01
6.278169751167297363e-01
6.256462335586547852e-01
6.235092878341674805e-01
6.214188337326049805e-01
6.194260120391845703e-01
6.174843311309814453e-01
6.155913472175598145e-01
6.137558817863464355e-01
6.119815707206726074e-01
6.102762222290039062e-01
6.086384057998657227e-01
6.070742607116699219e-01
6.056087017059326172e-01
6.043360829353332520e-01
6.031529307365417480e-01
6.020590066909790039e-01
6.010614037513732910e-01
6.001605987548828125e-01
5.993580222129821777e-01
5.986555218696594238e-01
5.980546474456787109e-01
5.975581407546997070e-01
5.969775319099426270e-01
5.964562296867370605e-01
5.960407257080078125e-01
5.957306027412414551e-01
5.955299735069274902e-01
5.954360961914062500e-01
5.954493880271911621e-01
5.955729484558105469e-01
5.958021879196166992e-01
5.961449742317199707e-01
5.966835618019104004e-01
5.973283052444458008e-01
5.980837941169738770e-01
6.002283692359924316e-01
6.013108491897583008e-01
6.025138497352600098e-01
6.038294434547424316e-01
6.052646040916442871e-01
6.068177223205566406e-01
6.084845066070556641e-01
6.104628443717956543e-01
6.125438213348388672e-01
6.146875619888305664e-01
6.168710589408874512e-01
6.190608143806457520e-01
6.212086081504821777e-01
6.232724189758300781e-01
6.252133250236511230e-01
6.269931197166442871e-01
6.285631060600280762e-01
6.299325823783874512e-01
6.310918927192687988e-01
6.319644451141357422e-01
6.325440406799316406e-01
6.328278779983520508e-01
6.328200697898864746e-01
6.325287818908691406e-01
6.319684982299804688e-01
6.311562061309814453e-01
6.301094889640808105e-01
6.288529038429260254e-01
6.274039745330810547e-01
6.257789731025695801e-01
6.240078806877136230e-01
6.221157908439636230e-01
6.201167702674865723e-01
6.180385351181030273e-01
6.158924102783203125e-01
6.137056350708007812e-01
6.114861965179443359e-01
6.092596650123596191e-01
6.070317625999450684e-01
6.048211455345153809e-01
6.025276184082031250e-01
6.002645492553710938e-01
5.980553030967712402e-01
5.959037542343139648e-01
5.938254594802856445e-01
5.918260216712951660e-01
5.899143218994140625e-01
5.880945324897766113e-01
5.863704085350036621e-01
5.847480297088623047e-01
5.832293629646301270e-01
5.818184614181518555e-01
5.804321765899658203e-01
5.791556239128112793e-01
5.779914259910583496e-01
5.769399404525756836e-01
5.759982466697692871e-01
5.751667618751525879e-01
5.744420886039733887e-01
5.738199949264526367e-01
5.732973814010620117e-01
5.728695988655090332e-01
5.725312232971191406e-01
5.722765326499938965e-01
5.720698237419128418e-01
5.719020962715148926e-01
5.718061923980712891e-01
5.717721581459045410e-01
5.717903971672058105e-01
5.718560814857482910e-01
5.719585418701171875e-01
5.720892548561096191e-01
5.722371339797973633e-01
5.723988413810729980e-01
5.725639462471008301e-01
5.727220177650451660e-01
5.728702545166015625e-01
5.730286836624145508e-01
5.732099413871765137e-01
5.733563303947448730e-01
5.734594464302062988e-01
5.735182166099548340e-01
5.735284686088562012e-01
5.734924077987670898e-01
5.734066963195800781e-01
5.732759833335876465e-01
5.731011033058166504e-01
5.728907585144042969e-01
5.726521015167236328e-01
5.724014043807983398e-01
5.721573233604431152e-01
5.719677805900573730e-01
5.718691945075988770e-01
5.719156265258789062e-01
5.721961855888366699e-01
5.728471279144287109e-01
5.740637779235839844e-01
5.761646032333374023e-01
5.797172784805297852e-01
5.888053774833679199e-01
5.907225608825683594e-01
5.961800813674926758e-01
6.027342081069946289e-01
6.091900467872619629e-01
6.144277453422546387e-01
6.177350282669067383e-01
6.190186142921447754e-01
6.187227368354797363e-01
6.174303889274597168e-01
6.156430244445800781e-01
6.137197613716125488e-01
6.118636131286621094e-01
6.101744771003723145e-01
6.087071299552917480e-01
6.074614524841308594e-01
6.064364314079284668e-01
6.056075096130371094e-01
6.049603223800659180e-01
6.044743657112121582e-01
6.041237115859985352e-01
6.038929820060729980e-01
6.037440299987792969e-01
6.036869883537292480e-01
6.037064790725708008e-01
6.037896871566772461e-01
6.039304137229919434e-01
6.041171550750732422e-01
6.043443679809570312e-01
6.046031117439270020e-01
6.048900485038757324e-01
6.051987409591674805e-01
6.055254340171813965e-01
6.058656573295593262e-01
6.062178015708923340e-01
6.065775156021118164e-01
6.069440245628356934e-01
6.073212623596191406e-01
6.077293157577514648e-01
6.081389188766479492e-01
6.085508465766906738e-01
6.089643239974975586e-01
6.093792915344238281e-01
6.097951531410217285e-01
6.102123856544494629e-01
6.106306910514831543e-01
6.110512018203735352e-01
6.114730834960937500e-01
6.118975877761840820e-01
6.123243570327758789e-01
6.127534508705139160e-01
6.131855249404907227e-01
6.136201620101928711e-01
6.140577793121337891e-01
6.145046949386596680e-01
6.149615645408630371e-01
6.154208779335021973e-01
6.158832907676696777e-01
6.163476705551147461e-01
6.168146133422851562e-01
6.172825694084167480e-01
6.177524328231811523e-01
6.182239651679992676e-01
6.186949014663696289e-01
6.191673874855041504e-01
6.196397542953491211e-01
6.201131939888000488e-01
6.205861568450927734e-01
6.210591793060302734e-01
6.215316653251647949e-01
6.220046877861022949e-01
6.224787831306457520e-01
6.230928301811218262e-01
6.237393021583557129e-01
6.243920326232910156e-01
6.250509619712829590e-01
6.257198452949523926e-01
6.263971924781799316e-01
6.270861625671386719e-01
6.277851462364196777e-01
6.284966468811035156e-01
6.292248368263244629e-01
6.299666762351989746e-01
6.307253837585449219e-01
6.315009593963623047e-01
6.322968602180480957e-01
6.331129670143127441e-01
6.339523792266845703e-01
6.348114609718322754e-01
6.356928348541259766e-01
6.366153955459594727e-01
6.376276612281799316e-01
6.386607289314270020e-01
6.397131085395812988e-01
6.407871246337890625e-01
6.418758630752563477e-01
6.429803967475891113e-01
6.440992355346679688e-01
6.452300548553466797e-01
6.463701128959655762e-01
6.475173830986022949e-01
6.486682295799255371e-01
6.498165130615234375e-01
6.509653925895690918e-01
6.521048545837402344e-01
6.532382965087890625e-01
6.543574929237365723e-01
6.554556488990783691e-01
6.565355062484741211e-01
6.575866341590881348e-01
6.586849093437194824e-01
6.598071455955505371e-01
6.608927249908447266e-01
6.619320511817932129e-01
6.629276275634765625e-01
6.638706326484680176e-01
6.647632718086242676e-01
6.655979752540588379e-01
6.663767099380493164e-01
6.670948863029479980e-01
6.677487492561340332e-01
6.683400869369506836e-01
6.688641309738159180e-01
6.693214178085327148e-01
6.697108149528503418e-01
6.700308918952941895e-01
6.702824234962463379e-01
6.704643964767456055e-01
6.705766320228576660e-01
6.706191301345825195e-01
6.705920696258544922e-01
6.704553365707397461e-01
6.702300310134887695e-01
6.699349880218505859e-01
6.695692539215087891e-01
6.691351532936096191e-01
6.686318516731262207e-01
6.680619716644287109e-01
6.674247384071350098e-01
6.667227745056152344e-01
6.659556031227111816e-01
6.651257276535034180e-01
6.642327904701232910e-01
6.632792353630065918e-01
6.622648835182189941e-01
6.611922979354858398e-01
6.600648760795593262e-01
6.588776707649230957e-01
6.576382517814636230e-01
6.563409566879272461e-01
6.549941897392272949e-01
6.535912752151489258e-01
6.521411538124084473e-01
6.505914926528930664e-01
6.489682197570800781e-01
6.472896337509155273e-01
6.455685496330261230e-01
6.438015103340148926e-01
6.419828534126281738e-01
6.401256322860717773e-01
6.382204890251159668e-01
6.362789273262023926e-01
6.342912912368774414e-01
6.322715878486633301e-01
6.302071809768676758e-01
6.281134486198425293e-01
6.259787082672119141e-01
6.238170862197875977e-01
6.216167211532592773e-01
6.193937063217163086e-01
6.171413064002990723e-01
6.148625612258911133e-01
6.125573515892028809e-01
6.102283000946044922e-01
6.078774929046630859e-01
6.055051088333129883e-01
6.030836105346679688e-01
6.004326343536376953e-01
5.977589488029479980e-01
5.950793623924255371e-01
5.923879146575927734e-01
5.896863937377929688e-01
5.869761705398559570e-01
5.842587947845458984e-01
5.815361142158508301e-01
5.788095593452453613e-01
5.760810971260070801e-01
5.733520388603210449e-01
5.706242322921752930e-01
5.678989887237548828e-01
5.651782751083374023e-01
5.624635219573974609e-01
5.597558021545410156e-01
5.570578575134277344e-01
5.543707609176635742e-01
5.517042875289916992e-01
5.490435361862182617e-01
5.463984012603759766e-01
5.437780022621154785e-01
5.411682128906250000e-01
5.385786890983581543e-01
5.360182523727416992e-01
5.334716439247131348e-01
5.309493541717529297e-01
5.284606218338012695e-01
5.259914994239807129e-01
5.235509276390075684e-01
5.211475491523742676e-01
5.187680721282958984e-01
5.164281725883483887e-01
5.141148567199707031e-01
5.118365883827209473e-01
5.096008777618408203e-01
5.073950290679931641e-01
5.052281618118286133e-01
5.031071305274963379e-01
5.010198354721069336e-01
4.989741742610931396e-01
4.969767630100250244e-01
4.950166642665863037e-01
4.931062757968902588e-01
4.912405312061309814e-01
4.894203543663024902e-01
4.876413643360137939e-01
4.859146773815155029e-01
4.842355251312255859e-01
4.825999736785888672e-01
4.810181856155395508e-01
4.794872999191284180e-01
4.780071973800659180e-01
4.765741229057312012e-01
4.751952886581420898e-01
4.738679826259613037e-01
4.725882709026336670e-01
4.713642895221710205e-01
4.701916873455047607e-01
4.690693318843841553e-01
4.680016636848449707e-01
4.669865667819976807e-01
4.660249650478363037e-01
4.651136994361877441e-01
4.642579555511474609e-01
4.634545743465423584e-01
4.627034664154052734e-01
4.620061218738555908e-01
4.613621532917022705e-01
4.607705175876617432e-01
4.602319598197937012e-01
4.597451984882354736e-01
4.593112468719482422e-01
4.589287638664245605e-01
4.585986435413360596e-01
4.583194553852081299e-01
4.580921828746795654e-01
4.579150974750518799e-01
4.577890932559967041e-01
4.577113389968872070e-01
4.576150178909301758e-01
4.575675725936889648e-01
4.575707018375396729e-01
4.576236307621002197e-01
4.577269554138183594e-01
4.578798413276672363e-01
4.580815136432647705e-01
4.583310782909393311e-01
4.586291909217834473e-01
4.589745402336120605e-01
4.593666791915893555e-01
4.598049223423004150e-01
4.602885246276855469e-01
4.608174860477447510e-01
4.613907933235168457e-01
4.620078802108764648e-01
4.626636505126953125e-01
4.633656740188598633e-01
4.641099274158477783e-01
4.648904800415039062e-01
4.657160937786102295e-01
4.665810465812683105e-01
4.674799144268035889e-01
4.684226214885711670e-01
4.694027602672576904e-01
4.704198539257049561e-01
4.714666604995727539e-01
4.725552201271057129e-01
4.736784994602203369e-01
4.748293161392211914e-01
4.760238230228424072e-01
4.772565066814422607e-01
4.785133004188537598e-01
4.798077940940856934e-01
4.811319410800933838e-01
4.824773967266082764e-01
4.838585555553436279e-01
4.852669239044189453e-01
4.866948723793029785e-01
4.881561994552612305e-01
4.896423816680908203e-01
4.911534190177917480e-01
4.926803112030029297e-01
4.942299425601959229e-01
4.958097636699676514e-01
4.974029362201690674e-01
4.990251958370208740e-01
5.006594061851501465e-01
5.023207664489746094e-01
5.039926767349243164e-01
5.056822896003723145e-01
5.073973536491394043e-01
5.091205835342407227e-01
5.108677744865417480e-01
5.126213431358337402e-01
5.143980383872985840e-01
5.161793828010559082e-01
5.179823040962219238e-01
5.197887420654296875e-01
5.216060876846313477e-01
5.234433412551879883e-01
5.252814292907714844e-01
5.271376967430114746e-01
5.289810895919799805e-01
5.308341383934020996e-01
5.326860547065734863e-01
5.345447659492492676e-01
5.364188551902770996e-01
5.382891893386840820e-01
5.401731729507446289e-01
5.420520305633544922e-01
5.439337491989135742e-01
5.458267927169799805e-01
5.477123260498046875e-01
5.495985150337219238e-01
5.514847040176391602e-01
5.533698201179504395e-01
5.552623867988586426e-01
5.571433901786804199e-01
5.590210556983947754e-01
5.608950853347778320e-01
5.627639889717102051e-01
5.646364092826843262e-01
5.664935111999511719e-01
5.683437585830688477e-01
5.701857805252075195e-01
5.720196962356567383e-01
5.738524198532104492e-01
5.756666660308837891e-01
5.774699449539184570e-01
5.792619585990905762e-01
5.810413956642150879e-01
5.828163623809814453e-01
5.845690965652465820e-01
5.863077640533447266e-01
5.880310535430908203e-01
5.897390246391296387e-01
5.914382934570312500e-01
5.931094288825988770e-01
5.947535634040832520e-01
5.963794589042663574e-01
5.979856848716735840e-01
5.995728373527526855e-01
6.011394858360290527e-01
6.026855707168579102e-01
6.042107939720153809e-01
6.057144403457641602e-01
6.071968078613281250e-01
6.086564064025878906e-01
6.100941300392150879e-01
6.115084886550903320e-01
6.129004359245300293e-01
6.142686009407043457e-01
6.156138181686401367e-01
6.169347763061523438e-01
6.182324886322021484e-01
6.195058226585388184e-01
6.207556128501892090e-01
6.219810247421264648e-01
6.231827735900878906e-01
6.243599057197570801e-01
6.255137920379638672e-01
6.266431808471679688e-01
6.277493238449096680e-01
6.288314461708068848e-01
6.298905611038208008e-01
6.309260725975036621e-01
6.319392919540405273e-01
6.329294443130493164e-01
6.338979601860046387e-01
6.348439455032348633e-01
6.357692480087280273e-01
6.366730928421020508e-01
6.375572085380554199e-01
6.384165287017822266e-01
6.392616033554077148e-01
6.400740742683410645e-01
6.407962441444396973e-01
6.414971947669982910e-01
6.421780586242675781e-01
6.428354978561401367e-01
6.434777975082397461e-01
6.441023349761962891e-01
6.453842520713806152e-01
6.459667086601257324e-01
6.465323567390441895e-01
6.470890045166015625e-01
6.476345062255859375e-01
6.481706500053405762e-01
6.486980915069580078e-01
6.492186784744262695e-01
6.497308015823364258e-01
6.502422690391540527e-01
6.507516503334045410e-01
6.512607336044311523e-01
6.517711877822875977e-01
6.522850990295410156e-01
6.528012752532958984e-01
6.533277034759521484e-01
6.538634896278381348e-01
6.544107198715209961e-01
6.549717187881469727e-01
6.555449962615966797e-01
6.561400890350341797e-01
6.567559242248535156e-01
6.573905348777770996e-01
6.580550074577331543e-01
6.587467193603515625e-01
6.594641804695129395e-01
6.602184772491455078e-01
6.610075831413269043e-01
6.618287563323974609e-01
6.626939773559570312e-01
6.636005640029907227e-01
6.645445227622985840e-01
6.655384898185729980e-01
6.665788888931274414e-01
6.676600575447082520e-01
6.687930822372436523e-01
6.699750423431396484e-01
6.711977124214172363e-01
6.724750399589538574e-01
6.737987995147705078e-01
6.751577258110046387e-01
6.765660047531127930e-01
6.780108809471130371e-01
6.794810891151428223e-01
6.809872388839721680e-01
6.825161576271057129e-01
6.840518712997436523e-01
6.856054663658142090e-01
6.871597170829772949e-01
6.886985898017883301e-01
6.902292370796203613e-01
6.917266845703125000e-01
6.931968927383422852e-01
6.946150064468383789e-01
6.959862709045410156e-01
6.972861886024475098e-01
6.985196471214294434e-01
6.996709108352661133e-01
7.007250189781188965e-01
7.016863822937011719e-01
7.025374174118041992e-01
7.032819390296936035e-01
7.039065957069396973e-01
7.044145464897155762e-01
7.047973275184631348e-01
7.050579786300659180e-01
7.051923871040344238e-01
7.052035331726074219e-01
7.050916552543640137e-01
7.048593163490295410e-01
7.045108675956726074e-01
7.040480971336364746e-01
7.034790515899658203e-01
7.028045058250427246e-01
7.020353078842163086e-01
7.011712789535522461e-01
7.002255320549011230e-01
6.991963982582092285e-01
6.980989575386047363e-01
6.969299316406250000e-01
6.956871747970581055e-01
6.943935155868530273e-01
6.930469274520874023e-01
6.916620731353759766e-01
6.902341246604919434e-01
6.887790560722351074e-01
6.872972846031188965e-01
6.857850551605224609e-01
6.842592358589172363e-01
6.827132105827331543e-01
6.811603903770446777e-01
6.796000003814697266e-01
6.780265569686889648e-01
6.764568686485290527e-01
6.748796105384826660e-01
6.733102202415466309e-01
6.717454195022583008e-01
6.701781153678894043e-01
6.686254739761352539e-01
6.670737862586975098e-01
6.655386686325073242e-01
6.640130877494812012e-01
6.624925136566162109e-01
6.609916090965270996e-01
6.594967246055603027e-01
6.580221056938171387e-01
6.565601825714111328e-01
6.551083922386169434e-01
6.536757946014404297e-01
6.522528529167175293e-01
6.508514285087585449e-01
6.494640111923217773e-01
6.480879783630371094e-01
6.467314958572387695e-01
6.453865766525268555e-01
6.440607309341430664e-01
6.427504420280456543e-01
6.414515972137451172e-01
6.401715874671936035e-01
6.389077305793762207e-01
6.376527547836303711e-01
6.364184021949768066e-01
6.351974010467529297e-01
6.339907050132751465e-01
6.327947974205017090e-01
6.316161751747131348e-01
6.304523944854736328e-01
6.292968988418579102e-01
6.281598806381225586e-01
6.271749138832092285e-01
6.262168884277343750e-01
6.252696514129638672e-01
6.243381500244140625e-01
6.234204173088073730e-01
6.225106716156005859e-01
6.216180324554443359e-01
6.207361221313476562e-01
6.198637485504150391e-01
6.190052628517150879e-01
6.181591749191284180e-01
6.173231005668640137e-01
6.164956688880920410e-01
6.156809926033020020e-01
6.148777008056640625e-01
6.140805482864379883e-01
6.132974028587341309e-01
6.125227808952331543e-01
6.117588281631469727e-01
6.110001802444458008e-01
6.102545857429504395e-01
6.095167398452758789e-01
6.087859869003295898e-01
6.080653667449951172e-01
6.073539853096008301e-01
6.066507697105407715e-01
6.059519052505493164e-01
6.052643060684204102e-01
6.045832037925720215e-01
6.039105653762817383e-01
6.032439470291137695e-01
6.025832295417785645e-01
6.019305586814880371e-01
6.012856960296630859e-01
6.006462574005126953e-01
6.000142097473144531e-01
5.993852615356445312e-01
5.987654924392700195e-01
5.981506109237670898e-01
5.975424647331237793e-01
5.969389081001281738e-01
5.963417291641235352e-01
5.957469344139099121e-01
5.951603651046752930e-01
5.945776700973510742e-01
5.940008163452148438e-01
5.934277176856994629e-01
5.928584337234497070e-01
5.922943353652954102e-01
5.917356014251708984e-01
5.911799073219299316e-01
5.906293392181396484e-01
5.900799632072448730e-01
5.895498394966125488e-01
5.890644192695617676e-01
5.885818004608154297e-01
5.881018042564392090e-01
5.876216292381286621e-01
5.871465802192687988e-01
5.866738557815551758e-01
5.862032175064086914e-01
5.857346057891845703e-01
5.852668881416320801e-01
5.848002433776855469e-01
5.843369364738464355e-01
5.838751196861267090e-01
5.834146738052368164e-01
5.829545259475708008e-01
5.824963450431823730e-01
5.820392966270446777e-01
5.815831422805786133e-01
5.811277031898498535e-01
5.806714892387390137e-01
5.802160501480102539e-01
5.797621607780456543e-01
5.793085098266601562e-01
5.788550376892089844e-01
5.784015655517578125e-01
5.779469609260559082e-01
5.774930119514465332e-01
5.770387649536132812e-01
5.765826106071472168e-01
5.761273503303527832e-01
5.756703615188598633e-01
5.752133727073669434e-01
5.747554898262023926e-01
5.742965340614318848e-01
5.738364458084106445e-01
5.733749270439147949e-01
5.729108452796936035e-01
5.724447965621948242e-01
5.719785690307617188e-01
5.715104937553405762e-01
5.710405111312866211e-01
5.705675482749938965e-01
5.700930953025817871e-01
5.696165561676025391e-01
5.691376924514770508e-01
5.686562061309814453e-01
5.681695342063903809e-01
5.676825046539306641e-01
5.671927928924560547e-01
5.667001008987426758e-01
5.662042498588562012e-01
5.657043457031250000e-01
5.652018785476684570e-01
5.646961331367492676e-01
5.641869306564331055e-01
5.636740326881408691e-01
5.631574392318725586e-01
5.626361966133117676e-01
5.621116757392883301e-01
5.615932941436767578e-01
5.611115694046020508e-01
5.606254935264587402e-01
5.601347088813781738e-01
5.596393942832946777e-01
5.591394305229187012e-01
5.586343407630920410e-01
5.581245422363281250e-01
5.576096177101135254e-01
5.570890307426452637e-01
5.565639734268188477e-01
5.560318231582641602e-01
5.554963946342468262e-01
5.549560785293579102e-01
5.544100999832153320e-01
5.538589954376220703e-01
5.533024668693542480e-01
5.527406334877014160e-01
5.521731972694396973e-01
5.515996813774108887e-01
5.510212779045104980e-01
5.504376888275146484e-01
5.498483180999755859e-01
5.492537021636962891e-01
5.486535429954528809e-01
5.480476021766662598e-01
5.474045872688293457e-01
5.467535853385925293e-01
5.460963249206542969e-01
5.454337596893310547e-01
5.447666049003601074e-01
5.440933704376220703e-01
5.434147715568542480e-01
5.427317619323730469e-01
5.420427322387695312e-01
5.413484573364257812e-01
5.406491160392761230e-01
5.399454832077026367e-01
5.392358899116516113e-01
5.385214686393737793e-01
5.378028750419616699e-01
5.370786786079406738e-01
5.363495945930480957e-01
5.356166362762451172e-01
5.348783731460571289e-01
5.341354608535766602e-01
5.333889722824096680e-01
5.326371788978576660e-01
5.318811535835266113e-01
5.311218500137329102e-01
5.303575396537780762e-01
5.295892953872680664e-01
5.288686752319335938e-01
5.281870365142822266e-01
5.275020003318786621e-01
5.268133878707885742e-01
5.261222720146179199e-01
5.254273414611816406e-01
5.247292518615722656e-01
5.240319967269897461e-01
5.233283042907714844e-01
5.226227045059204102e-01
5.219139456748962402e-01
5.212027430534362793e-01
5.204892754554748535e-01
5.197744965553283691e-01
5.190569758415222168e-01
5.183376669883728027e-01
5.176165699958801270e-01
5.168939232826232910e-01
5.161706805229187012e-01
5.154452323913574219e-01
5.147187113761901855e-01
5.139909982681274414e-01
5.132633447647094727e-01
5.125338435173034668e-01
5.118037462234497070e-01
5.110731124877929688e-01
5.103459954261779785e-01
5.096148848533630371e-01
5.088775157928466797e-01
5.081399679183959961e-01
5.074031352996826172e-01
5.066655278205871582e-01
5.059282779693603516e-01
5.051910281181335449e-01
5.044540166854858398e-01
5.037183761596679688e-01
5.029822587966918945e-01
5.022467374801635742e-01
5.015118718147277832e-01
5.007786154747009277e-01
5.000453591346740723e-01
4.993171393871307373e-01
4.985856413841247559e-01
4.978560507297515869e-01
4.971266388893127441e-01
4.963984489440917969e-01
4.956713616847991943e-01
4.949463903903961182e-01
4.942219555377960205e-01
4.934990704059600830e-01
4.927774071693420410e-01
4.920578896999359131e-01
4.913391172885894775e-01
4.906218349933624268e-01
4.899060130119323730e-01
4.891966283321380615e-01
4.885114729404449463e-01
4.878707826137542725e-01
4.872325062751770020e-01
4.865945279598236084e-01
4.859592616558074951e-01
4.853246808052062988e-01
4.846915602684020996e-01
4.840608537197113037e-01
4.834345281124114990e-01
4.828064739704132080e-01
4.821793735027313232e-01
4.815537035465240479e-01
4.809304177761077881e-01
4.803076088428497314e-01
4.796862304210662842e-01
4.790669083595275879e-01
4.784482717514038086e-01
4.778319895267486572e-01
4.772199392318725586e-01
4.766053259372711182e-01
4.759929776191711426e-01
4.753805696964263916e-01
4.747706949710845947e-01
4.741611182689666748e-01
4.735526740550994873e-01
4.729463458061218262e-01
4.723401367664337158e-01
4.717392027378082275e-01
4.711351394653320312e-01
4.705320000648498535e-01
4.699282050132751465e-01
4.693216383457183838e-01
4.687155485153198242e-01
4.681102931499481201e-01
4.675049185752868652e-01
4.668999910354614258e-01
4.662989377975463867e-01
4.656939506530761719e-01
4.650897979736328125e-01
4.644857645034790039e-01
4.638822674751281738e-01
4.632784426212310791e-01
4.626746773719787598e-01
4.620713591575622559e-01
4.614711999893188477e-01
4.608673751354217529e-01
4.602631032466888428e-01
4.596590995788574219e-01
4.590549468994140625e-01
4.584505259990692139e-01
4.578463137149810791e-01
4.572450220584869385e-01
4.566397964954376221e-01
4.560346603393554688e-01
4.554287493228912354e-01
4.548223316669464111e-01
4.542151391506195068e-01
4.536078572273254395e-01
4.530036151409149170e-01
4.523956477642059326e-01
4.517866969108581543e-01
4.511849284172058105e-01
4.506281614303588867e-01
4.500704407691955566e-01
4.495109617710113525e-01
4.489544034004211426e-01
4.483925104141235352e-01
4.478286504745483398e-01
4.472633004188537598e-01
4.466969966888427734e-01
4.461294114589691162e-01
4.455595016479492188e-01
4.449920356273651123e-01
4.444189369678497314e-01
4.438442587852478027e-01
4.432690739631652832e-01
4.426911473274230957e-01
4.421118795871734619e-01
4.414060413837432861e-01
4.406946599483489990e-01
4.399776160717010498e-01
4.392578899860382080e-01
4.385349452495574951e-01
4.378103911876678467e-01
4.370836615562438965e-01
4.363540709018707275e-01
4.356263279914855957e-01
4.348924160003662109e-01
4.341554343700408936e-01
4.334169924259185791e-01
4.326766133308410645e-01
4.319334030151367188e-01
4.311909675598144531e-01
4.304431974887847900e-01
4.296872317790985107e-01
4.289192855358123779e-01
4.281473159790039062e-01
4.273723661899566650e-01
4.265972375869750977e-01
4.258148074150085449e-01
4.250285327434539795e-01
4.242392182350158691e-01
4.234470129013061523e-01
4.226509034633636475e-01
4.218558073043823242e-01
4.210529327392578125e-01
4.202464520931243896e-01
4.194370806217193604e-01
4.186248779296875000e-01
4.178090393543243408e-01
4.169938564300537109e-01
4.159445762634277344e-01
4.145623743534088135e-01
4.131760895252227783e-01
4.117841720581054688e-01
4.103884100914001465e-01
4.089916050434112549e-01
4.075865745544433594e-01
4.061767756938934326e-01
4.047616422176361084e-01
4.033428132534027100e-01
4.019186794757843018e-01
4.004949033260345459e-01
3.990627229213714600e-01
3.976260125637054443e-01
3.961852490901947021e-01
3.947393298149108887e-01
3.932900726795196533e-01
3.918331563472747803e-01
3.902304470539093018e-01
3.886279165744781494e-01
3.870234489440917969e-01
3.854171633720397949e-01
3.838110566139221191e-01
3.822064399719238281e-01
3.805976510047912598e-01
3.789877891540527344e-01
3.773771822452545166e-01
3.757656514644622803e-01
3.741572499275207520e-01
3.725442290306091309e-01
3.709297478199005127e-01
3.693160414695739746e-01
3.677004277706146240e-01
3.660895228385925293e-01
3.644736409187316895e-01
3.628592193126678467e-01
3.612513542175292969e-01
3.596473336219787598e-01
3.580442667007446289e-01
3.564482927322387695e-01
3.548507690429687500e-01
3.532557189464569092e-01
3.516633510589599609e-01
3.500726819038391113e-01
3.484894037246704102e-01
3.469054400920867920e-01
3.453228473663330078e-01
3.437437117099761963e-01
3.421672880649566650e-01
3.405975103378295898e-01
3.390267491340637207e-01
3.374581038951873779e-01
3.358937799930572510e-01
3.343437016010284424e-01
3.330430984497070312e-01
3.317491412162780762e-01
3.304533064365386963e-01
3.291617035865783691e-01
3.278721570968627930e-01
3.265845775604248047e-01
3.253044188022613525e-01
3.240231573581695557e-01
3.227440714836120605e-01
3.214685022830963135e-01
3.201948702335357666e-01
3.189250230789184570e-01
3.176615238189697266e-01
3.163965344429016113e-01
3.151350915431976318e-01
3.138771355152130127e-01
3.126206994056701660e-01
3.113715350627899170e-01
3.101208508014678955e-01
3.088736832141876221e-01
3.076294660568237305e-01
3.063874840736389160e-01
3.051526844501495361e-01
3.039171099662780762e-01
3.026838600635528564e-01
3.014541566371917725e-01
3.002266585826873779e-01
2.990064918994903564e-01
2.977861166000366211e-01
2.965674400329589844e-01
2.953524291515350342e-01
2.941403388977050781e-01
2.929340898990631104e-01
2.917279005050659180e-01
2.905247509479522705e-01
2.893237769603729248e-01
2.881265580654144287e-01
2.869756817817687988e-01
2.859446108341217041e-01
2.849166095256805420e-01
2.838893830776214600e-01
2.828657031059265137e-01
2.818468809127807617e-01
2.808267176151275635e-01
2.798089087009429932e-01
2.787930071353912354e-01
2.777792811393737793e-01
2.767715752124786377e-01
2.757622003555297852e-01
2.747550308704376221e-01
2.737506628036499023e-01
2.727472484111785889e-01
2.717509269714355469e-01
2.707524299621582031e-01
2.697561085224151611e-01
2.687620520591735840e-01
2.677700817584991455e-01
2.667803168296813965e-01
2.657964229583740234e-01
2.648109793663024902e-01
2.638277113437652588e-01
2.628473639488220215e-01
2.618680000305175781e-01
2.608955800533294678e-01
2.599211037158966064e-01
2.589488327503204346e-01
2.579789161682128906e-01
2.570111155509948730e-01
2.560489475727081299e-01
2.550862133502960205e-01
2.541245222091674805e-01
2.531655430793762207e-01
2.522095441818237305e-01
2.512579858303070068e-01
2.503063678741455078e-01
2.493563741445541382e-01
2.484086006879806519e-01
2.474232167005538940e-01
2.463953495025634766e-01
2.453693896532058716e-01
2.443460375070571899e-01
2.433258444070816040e-01
2.423110455274581909e-01
2.412959635257720947e-01
2.402828335762023926e-01
2.392723709344863892e-01
2.382650971412658691e-01
2.372632473707199097e-01
2.362612634897232056e-01
2.352615892887115479e-01
2.342642396688461304e-01
2.332701385021209717e-01
2.322814017534255981e-01
2.312926948070526123e-01
2.303058952093124390e-01
2.293218523263931274e-01
2.283411175012588501e-01
2.273658514022827148e-01
2.263906151056289673e-01
2.254173457622528076e-01
2.244469076395034790e-01
2.234798222780227661e-01
2.225181609392166138e-01
2.215566933155059814e-01
2.205972820520401001e-01
2.196407467126846313e-01
2.186880558729171753e-01
2.177403867244720459e-01
2.167929559946060181e-01
2.158477306365966797e-01
2.149060368537902832e-01
2.139665186405181885e-01
2.130331397056579590e-01
2.121001183986663818e-01
2.111693620681762695e-01
2.102421820163726807e-01
2.093173712491989136e-01
2.083986103534698486e-01
2.074804902076721191e-01
2.065720856189727783e-01
2.056709229946136475e-01
2.047722041606903076e-01
2.038797140121459961e-01
2.029879540205001831e-01
2.020985633134841919e-01
2.012130171060562134e-01
2.003301084041595459e-01
1.994540393352508545e-01
1.985774785280227661e-01
1.977048516273498535e-01
1.968348026275634766e-01
1.959687322378158569e-01
1.951083093881607056e-01
1.942489594221115112e-01
1.933922171592712402e-01
1.925394982099533081e-01
1.916896551847457886e-01
1.908461004495620728e-01
1.900038123130798340e-01
1.891642957925796509e-01
1.883289963006973267e-01
1.874966621398925781e-01
1.866714060306549072e-01
1.858461797237396240e-01
1.850253641605377197e-01
1.842075735330581665e-01
1.833942234516143799e-01
1.825866848230361938e-01
1.817808449268341064e-01
1.809782087802886963e-01
1.801801323890686035e-01
1.793853491544723511e-01
1.785977780818939209e-01
1.778109371662139893e-01
1.770281940698623657e-01
1.762502044439315796e-01
1.754757165908813477e-01
1.747086197137832642e-01
1.739425510168075562e-01
1.731814742088317871e-01
1.724241077899932861e-01
1.716717928647994995e-01
1.709253489971160889e-01
1.701844930648803711e-01
1.694504767656326294e-01
1.687204390764236450e-01
1.679958701133728027e-01
1.672781705856323242e-01
1.665627062320709229e-01
1.658528894186019897e-01
1.651474684476852417e-01
1.644474565982818604e-01
1.637530475854873657e-01
1.630653589963912964e-01
1.623812317848205566e-01
1.617022007703781128e-01
1.610293388366699219e-01
1.603621393442153931e-01
1.597015708684921265e-01
1.590457856655120850e-01
1.583958864212036133e-01
1.577513515949249268e-01
1.571131944656372070e-01
1.564826071262359619e-01
1.558571904897689819e-01
1.552381217479705811e-01
1.546245962381362915e-01
1.540186107158660889e-01
1.534202247858047485e-01
1.528276950120925903e-01
1.522418111562728882e-01
1.516626477241516113e-01
1.510912775993347168e-01
1.505277901887893677e-01
1.499707400798797607e-01
1.494215726852416992e-01
1.488793790340423584e-01
1.483456641435623169e-01
1.478205025196075439e-01
1.473020762205123901e-01
1.467924714088439941e-01
1.462905555963516235e-01
1.457974463701248169e-01
1.453132629394531250e-01
1.448377966880798340e-01
1.443712264299392700e-01
1.439127624034881592e-01
1.434644460678100586e-01
1.430254876613616943e-01
1.425976008176803589e-01
1.422049105167388916e-01
1.418219506740570068e-01
1.414500772953033447e-01
1.410876214504241943e-01
1.407364457845687866e-01
1.403953731060028076e-01
1.400654911994934082e-01
1.397462636232376099e-01
1.394379287958145142e-01
1.391412913799285889e-01
1.388559788465499878e-01
1.385827511548995972e-01
1.383209824562072754e-01
1.380715966224670410e-01
1.378340274095535278e-01
1.376073956489562988e-01
1.373952478170394897e-01
1.371951103210449219e-01
1.370081901550292969e-01
1.368338614702224731e-01
1.366708278656005859e-01
1.365235447883605957e-01
1.363890469074249268e-01
1.362685859203338623e-01
1.361614763736724854e-01
1.360686868429183960e-01
1.359872817993164062e-01
1.359222084283828735e-01
1.358719319105148315e-01
1.358356475830078125e-01
1.358144730329513550e-01
1.358046382665634155e-01
1.358131021261215210e-01
1.358356624841690063e-01
1.358734667301177979e-01
1.359269917011260986e-01
1.359952986240386963e-01
1.360761374235153198e-01
1.361749768257141113e-01
1.362896710634231567e-01
1.364205330610275269e-01
1.365666091442108154e-01
1.367249488830566406e-01
1.369026601314544678e-01
1.370970308780670166e-01
1.373067051172256470e-01
1.375325620174407959e-01
1.377751082181930542e-01
1.380284428596496582e-01
1.383595615625381470e-01
1.387163102626800537e-01
1.390890330076217651e-01
1.394773423671722412e-01
1.398769319057464600e-01
1.402980983257293701e-01
1.407348811626434326e-01
1.411881744861602783e-01
1.416580229997634888e-01
1.421432644128799438e-01
1.426391899585723877e-01
1.431573927402496338e-01
1.436910182237625122e-01
1.442417502403259277e-01
1.448081135749816895e-01
1.453910917043685913e-01
1.459832638502120972e-01
1.465978473424911499e-01
1.472294926643371582e-01
1.478772908449172974e-01
1.485404074192047119e-01
1.492204964160919189e-01
1.499087661504745483e-01
1.506204605102539062e-01
1.513489484786987305e-01
1.520933955907821655e-01
1.528533995151519775e-01
1.536304056644439697e-01
1.544139534235000610e-01
1.552230417728424072e-01
1.560482531785964966e-01
1.568888872861862183e-01
1.577465236186981201e-01
1.586203128099441528e-01
1.595000624656677246e-01
1.604060530662536621e-01
1.613286286592483521e-01
1.622665524482727051e-01
1.632214039564132690e-01
1.641929447650909424e-01
1.651695966720581055e-01
1.661737263202667236e-01
1.671935319900512695e-01
1.682304739952087402e-01
1.692841202020645142e-01
1.703536510467529297e-01
1.714296340942382812e-01
1.725334376096725464e-01
1.736530959606170654e-01
1.747904866933822632e-01
1.759449988603591919e-01
1.771159023046493530e-01
1.782951503992080688e-01
1.795036941766738892e-01
1.807296276092529297e-01
1.819732487201690674e-01
1.832335293292999268e-01
1.845112144947052002e-01
1.857934445142745972e-01
1.871072351932525635e-01
1.884378194808959961e-01
1.897862702608108521e-01
1.911526620388031006e-01
1.925376802682876587e-01
1.939267665147781372e-01
1.953477263450622559e-01
1.967875957489013672e-01
1.982455402612686157e-01
1.997220069169998169e-01
2.012179493904113770e-01
2.027331292629241943e-01
2.042516767978668213e-01
2.058044821023941040e-01
2.073771953582763672e-01
2.089687585830688477e-01
2.105797678232192993e-01
2.122102826833724976e-01
2.138620465993881226e-01
2.155166119337081909e-01
2.172075062990188599e-01
2.189187705516815186e-01
2.206497639417648315e-01
2.224016487598419189e-01
2.241738438606262207e-01
2.259678542613983154e-01
2.277641445398330688e-01
2.295983880758285522e-01
2.314547598361968994e-01
2.333311587572097778e-01
2.352288365364074707e-01
2.371473759412765503e-01
2.390879094600677490e-01
2.410312592983245850e-01
2.430137842893600464e-01
2.450182884931564331e-01
2.470441013574600220e-01
2.490911632776260376e-01
2.511599063873291016e-01
2.532503306865692139e-01
2.553416788578033447e-01
2.574752569198608398e-01
2.596289813518524170e-01
2.618057429790496826e-01
2.640026509761810303e-01
2.662204205989837646e-01
2.684606015682220459e-01
2.707003355026245117e-01
2.729784548282623291e-01
2.752751708030700684e-01
2.775933146476745605e-01
2.799325287342071533e-01
2.822937071323394775e-01
2.846750915050506592e-01
2.870553433895111084e-01
2.894771695137023926e-01
2.919202148914337158e-01
2.943835258483886719e-01
2.968651950359344482e-01
2.993667423725128174e-01
3.018877208232879639e-01
3.044035434722900391e-01
3.069612383842468262e-01
3.095371425151824951e-01
3.121300637722015381e-01
3.147394061088562012e-01
3.173651695251464844e-01
3.200072944164276123e-01
3.226415514945983887e-01
3.253136575222015381e-01
3.280003666877746582e-01
3.306997418403625488e-01
3.334123194217681885e-01
3.361374735832214355e-01
3.388749957084655762e-01
3.416218757629394531e-01
3.443789482116699219e-01
3.471207618713378906e-01
3.498947024345397949e-01
3.526776432991027832e-01
3.554659485816955566e-01
3.582597076892852783e-01
3.610581457614898682e-01
3.638597428798675537e-01
3.666642010211944580e-01
3.694708347320556641e-01
3.722525537014007568e-01
3.750576376914978027e-01
3.778610825538635254e-01
3.806613087654113770e-01
3.834585845470428467e-01
3.862486183643341064e-01
3.890321850776672363e-01
3.918074667453765869e-01
3.945495486259460449e-01
3.973050117492675781e-01
4.000491499900817871e-01
4.027791023254394531e-01
4.054941534996032715e-01
4.081921875476837158e-01
4.108732640743255615e-01
4.135360121726989746e-01
4.161772727966308594e-01
4.187744557857513428e-01
4.213698506355285645e-01
4.239412546157836914e-01
4.264853596687316895e-01
4.289915561676025391e-01
4.314639866352081299e-01
4.339039623737335205e-01
4.363112449645996094e-01
4.386836290359497070e-01
4.410001039505004883e-01
4.432991147041320801e-01
4.455586671829223633e-01
4.477784633636474609e-01
4.499564468860626221e-01
4.520920217037200928e-01
4.541827440261840820e-01
4.562277793884277344e-01
4.582096636295318604e-01
4.601607024669647217e-01
4.620624482631683350e-01
4.639137983322143555e-01
4.657139480113983154e-01
4.674615561962127686e-01
4.691559076309204102e-01
4.707965254783630371e-01
4.723811745643615723e-01
4.738969504833221436e-01
4.753689765930175781e-01
4.767834246158599854e-01
4.781392812728881836e-01
4.794361591339111328e-01
4.806734323501586914e-01
4.818503260612487793e-01
4.829663932323455811e-01
4.840213656425476074e-01
4.850150048732757568e-01
4.859466552734375000e-01
4.868160486221313477e-01
4.876164495944976807e-01
4.883615076541900635e-01
4.890440106391906738e-01
4.896639287471771240e-01
4.902212023735046387e-01
4.907159805297851562e-01
4.911492466926574707e-01
4.915192723274230957e-01
4.918274879455566406e-01
4.920740127563476562e-01
4.922593235969543457e-01
4.923836886882781982e-01
4.924467206001281738e-01
4.924511015415191650e-01
4.923961162567138672e-01
4.922822713851928711e-01
4.921102523803710938e-01
4.918800592422485352e-01
4.915936589241027832e-01
4.912512004375457764e-01
4.908534586429595947e-01
4.904012382030487061e-01
4.898954629898071289e-01
4.893369674682617188e-01
4.887308478355407715e-01
4.880701005458831787e-01
4.873593747615814209e-01
4.865998327732086182e-01
4.857710599899291992e-01
4.848487675189971924e-01
4.838775396347045898e-01
4.828605651855468750e-01
4.817979037761688232e-01
4.806910157203674316e-01
4.795409739017486572e-01
4.783490002155303955e-01
4.771234393119812012e-01
4.758518636226654053e-01
4.745420813560485840e-01
4.731953740119934082e-01
4.718131422996520996e-01
4.703966379165649414e-01
4.689454138278961182e-01
4.674638509750366211e-01
4.659516215324401855e-01
4.644097983837127686e-01
4.628399312496185303e-01
4.612430036067962646e-01
4.596296250820159912e-01
4.579822719097137451e-01
4.563115239143371582e-01
4.546185135841369629e-01
4.529040753841400146e-01
4.511696994304656982e-01
4.494148194789886475e-01
4.476432800292968750e-01
4.458550810813903809e-01
4.440510272979736328e-01
4.422319531440734863e-01
4.403992295265197754e-01
4.385521411895751953e-01
4.366946816444396973e-01
4.348259270191192627e-01
4.329473972320556641e-01
4.310596883296966553e-01
4.291635155677795410e-01
4.272583425045013428e-01
4.253605306148529053e-01
4.234444499015808105e-01
4.215234220027923584e-01
4.195981025695800781e-01
4.176692962646484375e-01
4.157357513904571533e-01
4.138017594814300537e-01
4.118663966655731201e-01
4.099300205707550049e-01
4.079935550689697266e-01
4.060574769973754883e-01
4.041205644607543945e-01
4.021870791912078857e-01
4.002556204795837402e-01
3.983266055583953857e-01
3.964009582996368408e-01
3.944789469242095947e-01
3.925609588623046875e-01
3.906457722187042236e-01
3.887373805046081543e-01
3.868343830108642578e-01
3.849487006664276123e-01
3.830577135086059570e-01
3.811731934547424316e-01
3.792938888072967529e-01
3.774236440658569336e-01
3.755609393119812012e-01
3.737061619758605957e-01
3.718770444393157959e-01
3.700663447380065918e-01
3.682680130004882812e-01
3.664780557155609131e-01
3.647001683712005615e-01
3.629352152347564697e-01
3.611800670623779297e-01
3.594382703304290771e-01
3.577068150043487549e-01
3.559871315956115723e-01
3.542812466621398926e-01
3.525860309600830078e-01
3.509046733379364014e-01
3.492440879344940186e-01
3.475851118564605713e-01
3.459411561489105225e-01
3.443082273006439209e-01
3.426896929740905762e-01
3.410825133323669434e-01
3.394880890846252441e-01
3.379081189632415771e-01
3.363396823406219482e-01
3.347855806350708008e-01
3.332430124282836914e-01
3.317140638828277588e-01
3.301976919174194336e-01
3.286943435668945312e-01
3.272055387496948242e-01
3.257285058498382568e-01
3.242657482624053955e-01
3.228147923946380615e-01
3.213770389556884766e-01
3.199534416198730469e-01
3.185417354106903076e-01
3.171432316303253174e-01
3.157575428485870361e-01
3.143847584724426270e-01
3.130262196063995361e-01
3.116793632507324219e-01
3.103465139865875244e-01
3.090253770351409912e-01
3.077182173728942871e-01
3.064225614070892334e-01
3.051396608352661133e-01
3.038695156574249268e-01
3.026119470596313477e-01
3.013679981231689453e-01
3.001354932785034180e-01
2.989154458045959473e-01
2.977088689804077148e-01
2.965135872364044189e-01
2.953317165374755859e-01
2.941609323024749756e-01
2.930023670196533203e-01
2.918558120727539062e-01
2.907213866710662842e-01
2.896000742912292480e-01
2.884896397590637207e-01
2.873911559581756592e-01
2.863053381443023682e-01
2.852303683757781982e-01
2.841680645942687988e-01
2.831163704395294189e-01
2.820772528648376465e-01
2.810474038124084473e-01
2.800301611423492432e-01
2.790252864360809326e-01
2.780307531356811523e-01
2.770484089851379395e-01
2.760762274265289307e-01
2.751152217388153076e-01
2.742068171501159668e-01
2.733681201934814453e-01
2.725410759449005127e-01
2.717236876487731934e-01
2.709179818630218506e-01
2.701214849948883057e-01
2.693353295326232910e-01
2.685593962669372559e-01
2.677937150001525879e-01
2.670393288135528564e-01
2.662937939167022705e-01
2.655581533908843994e-01
2.648324668407440186e-01
2.641165554523468018e-01
2.634115517139434814e-01
2.627151012420654297e-01
2.620282471179962158e-01
2.613508403301239014e-01
2.606829702854156494e-01
2.600257098674774170e-01
2.593765556812286377e-01
2.587366402149200439e-01
2.581059336662292480e-01
2.574843466281890869e-01
2.568730413913726807e-01
2.562695443630218506e-01
2.556749880313873291e-01
2.550892829895019531e-01
2.545124292373657227e-01
2.539455294609069824e-01
2.533867061138153076e-01
2.528359293937683105e-01
2.522937059402465820e-01
2.517600357532501221e-01
2.512347698211669922e-01
2.507191300392150879e-01
2.502079606056213379e-01
2.497078180313110352e-01
2.492159157991409302e-01
2.487322092056274414e-01
2.482578009366989136e-01
2.477902919054031372e-01
2.473308295011520386e-01
2.468793243169784546e-01
2.464357167482376099e-01
2.460011988878250122e-01
2.455733120441436768e-01
2.451531887054443359e-01
2.447408139705657959e-01
2.443361282348632812e-01
2.439401894807815552e-01
2.435507178306579590e-01
2.431687563657760620e-01
2.427942901849746704e-01
2.424272894859313965e-01
2.420688420534133911e-01
2.417165935039520264e-01
2.413716465234756470e-01
2.410344332456588745e-01
2.407039850950241089e-01
2.403818666934967041e-01
2.400657534599304199e-01
2.397567629814147949e-01
2.394548058509826660e-01
2.391585707664489746e-01
2.388717979192733765e-01
2.385908365249633789e-01
2.383167743682861328e-01
2.380495816469192505e-01
2.377892285585403442e-01
2.375367432832717896e-01
2.372899055480957031e-01
2.370497733354568481e-01
2.368163168430328369e-01
2.365894913673400879e-01
2.363703548908233643e-01
2.361583709716796875e-01
2.359721064567565918e-01
2.357925623655319214e-01
2.356178760528564453e-01
2.354501634836196899e-01
2.352872341871261597e-01
2.351312041282653809e-01
2.349809557199478149e-01
2.348354160785675049e-01
2.346966415643692017e-01
2.345620542764663696e-01
2.344346642494201660e-01
2.343128770589828491e-01
2.341956496238708496e-01
2.340850085020065308e-01
2.339788526296615601e-01
2.338792085647583008e-01
2.337850183248519897e-01
2.336952239274978638e-01
2.336118221282958984e-01
2.335327714681625366e-01
2.334600389003753662e-01
2.333917468786239624e-01
2.333295792341232300e-01
2.332726269960403442e-01
2.332198619842529297e-01
2.331732362508773804e-01
2.331307530403137207e-01
2.330943346023559570e-01
2.330629378557205200e-01
2.330356091260910034e-01
2.330142259597778320e-01
2.329968214035034180e-01
2.329852879047393799e-01
2.329780459403991699e-01
2.329762428998947144e-01
2.329792529344558716e-01
2.329861074686050415e-01
2.329986095428466797e-01
2.330148965120315552e-01
2.330367714166641235e-01
2.330632656812667847e-01
2.330934852361679077e-01
2.331291139125823975e-01
2.331683784723281860e-01
2.332129925489425659e-01
2.332618832588195801e-01
2.333153784275054932e-01
2.333732098340988159e-01
2.334345132112503052e-01
2.335009723901748657e-01
2.335708290338516235e-01
2.336457073688507080e-01
2.337247878313064575e-01
2.338071316480636597e-01
2.338943928480148315e-01
2.339848875999450684e-01
2.340801805257797241e-01
2.341804653406143188e-01
2.342828512191772461e-01
2.343899309635162354e-01
2.345000207424163818e-01
2.346146702766418457e-01
2.347322553396224976e-01
2.348543256521224976e-01
2.349800318479537964e-01
2.351085990667343140e-01
2.352414578199386597e-01
2.353770732879638672e-01
2.355181723833084106e-01
2.356614023447036743e-01
2.358072698116302490e-01
2.359571605920791626e-01
2.361095994710922241e-01
2.362659275531768799e-01
2.364247143268585205e-01
2.365873008966445923e-01
2.367529124021530151e-01
2.369208335876464844e-01
2.370938658714294434e-01
2.372676432132720947e-01
2.374448776245117188e-01
2.376265227794647217e-01
2.378324270248413086e-01
2.380401939153671265e-01
2.382499128580093384e-01
2.384618669748306274e-01
2.386765033006668091e-01
2.388911843299865723e-01
2.391075938940048218e-01
2.393259257078170776e-01
2.395451366901397705e-01
2.397657483816146851e-01
2.399883866310119629e-01
2.402132749557495117e-01
2.404376715421676636e-01
2.406632155179977417e-01
2.408903241157531738e-01
2.411180883646011353e-01
2.413466572761535645e-01
2.415765672922134399e-01
2.418085485696792603e-01
2.420397102832794189e-01
2.422713637351989746e-01
2.425040751695632935e-01
2.427368760108947754e-01
2.429701685905456543e-01
2.432040274143218994e-01
2.434402704238891602e-01
2.436745762825012207e-01
2.439090460538864136e-01
2.441442310810089111e-01
2.443789243698120117e-01
2.446135729551315308e-01
2.448481470346450806e-01
2.450829297304153442e-01
2.453191578388214111e-01
2.455530613660812378e-01
2.457866072654724121e-01
2.460200786590576172e-01
2.462528347969055176e-01
2.464848607778549194e-01
2.467165589332580566e-01
2.469490319490432739e-01
2.471790760755538940e-01
2.474080920219421387e-01
2.476364225149154663e-01
2.478634715080261230e-01
2.480894327163696289e-01
2.483144551515579224e-01
2.485401183366775513e-01
2.487623989582061768e-01
2.489833682775497437e-01
2.492032647132873535e-01
2.494212538003921509e-01
2.496377080678939819e-01
2.498524785041809082e-01
2.500657141208648682e-01
2.502788901329040527e-01
2.504883408546447754e-01
2.506959736347198486e-01
2.509014606475830078e-01
2.511050403118133545e-01
2.513063251972198486e-01
2.515055537223815918e-01
2.517040967941284180e-01
2.518987059593200684e-01
2.520907819271087646e-01
2.522805035114288330e-01
2.524676024913787842e-01
2.526520788669586182e-01
2.528356909751892090e-01
2.530148029327392578e-01
2.531910836696624756e-01
2.533645331859588623e-01
2.535352110862731934e-01
2.537043094635009766e-01
2.538688182830810547e-01
2.540302574634552002e-01
2.541885375976562500e-01
2.543436586856842041e-01
2.544954419136047363e-01
2.546453773975372314e-01
2.547904551029205322e-01
2.549321055412292480e-01
2.550702691078186035e-01
2.552048563957214355e-01
2.553371787071228027e-01
2.554645836353302002e-01
2.555882334709167480e-01
2.557080984115600586e-01
2.558231949806213379e-01
2.559356689453125000e-01
2.560434341430664062e-01
2.561475336551666260e-01
2.562481462955474854e-01
2.563451230525970459e-01
2.564396262168884277e-01
2.565293014049530029e-01
2.566153407096862793e-01
2.566977739334106445e-01
2.567763924598693848e-01
2.568522691726684570e-01
2.569234073162078857e-01
2.569907605648040771e-01
2.570543587207794189e-01
2.571140527725219727e-01
2.571710348129272461e-01
2.572231888771057129e-01
2.572714388370513916e-01
2.573158442974090576e-01
2.573562860488891602e-01
2.573937773704528809e-01
2.574265301227569580e-01
2.574555575847625732e-01
2.574803531169891357e-01
2.575013935565948486e-01
2.575185000896453857e-01
2.575323879718780518e-01
2.575414478778839111e-01
2.575467824935913086e-01
2.575483620166778564e-01
2.575457990169525146e-01
2.575396597385406494e-01
2.575292289257049561e-01
2.575148344039916992e-01
2.574965059757232666e-01
2.574740648269653320e-01
2.574485242366790771e-01
2.574184238910675049e-01
2.573843896389007568e-01
2.573462426662445068e-01
2.573044002056121826e-01
2.572589516639709473e-01
2.572095394134521484e-01
2.571557462215423584e-01
2.570983767509460449e-01
2.570371925830841064e-01
2.569722831249237061e-01
2.569030523300170898e-01
2.568303346633911133e-01
2.567540407180786133e-01
2.566737234592437744e-01
2.565893530845642090e-01
2.565015256404876709e-01
2.564099133014678955e-01
2.563146054744720459e-01
2.562152147293090820e-01
2.561127245426177979e-01
2.560063302516937256e-01
2.558963298797607422e-01
2.557821869850158691e-01
2.556649446487426758e-01
2.555440962314605713e-01
2.554197907447814941e-01
2.552914023399353027e-01
2.551600039005279541e-01
2.550251185894012451e-01
2.548867464065551758e-01
2.547446191310882568e-01
2.545990049839019775e-01
2.544504404067993164e-01
2.542986869812011719e-01
2.541429996490478516e-01
2.539840042591094971e-01
2.538221478462219238e-01
2.536571025848388672e-01
2.534883320331573486e-01
2.533163726329803467e-01
2.531419396400451660e-01
2.529642283916473389e-01
2.527827918529510498e-01
2.525984048843383789e-01
2.524114847183227539e-01
2.522216141223907471e-01
2.520280480384826660e-01
2.518318593502044678e-01
2.516331970691680908e-01
2.514316141605377197e-01
2.512264549732208252e-01
2.510187327861785889e-01
2.508087158203125000e-01
2.505960464477539062e-01
2.503799498081207275e-01
2.501612901687622070e-01
2.499405890703201294e-01
2.497065365314483643e-01
2.494552135467529297e-01
2.492013126611709595e-01
2.489452362060546875e-01
2.486851215362548828e-01
2.484232634305953979e-01
2.481590360403060913e-01
2.478928416967391968e-01
2.476226687431335449e-01
2.473510205745697021e-01
2.470777928829193115e-01
2.468015700578689575e-01
2.465220689773559570e-01
2.462413609027862549e-01
2.459592819213867188e-01
2.456743419170379639e-01
2.453862279653549194e-01
2.450972050428390503e-01
2.448069304227828979e-01
2.445139735937118530e-01
2.442180067300796509e-01
2.439219653606414795e-01
2.436235398054122925e-01
2.433232963085174561e-01
2.430201172828674316e-01
2.427171319723129272e-01
2.424118965864181519e-01
2.421050518751144409e-01
2.417960017919540405e-01
2.414860725402832031e-01
2.411747127771377563e-01
2.408618628978729248e-01
2.405469864606857300e-01
2.402314096689224243e-01
2.399145364761352539e-01
2.395971119403839111e-01
2.392763048410415649e-01
2.389557361602783203e-01
2.386339753866195679e-01
2.383103668689727783e-01
2.379864603281021118e-01
2.376614660024642944e-01
2.373339682817459106e-01
2.370077520608901978e-01
2.366798222064971924e-01
2.363494932651519775e-01
2.360205501317977905e-01
2.356900870800018311e-01
2.353572249412536621e-01
2.350251525640487671e-01
2.346931099891662598e-01
2.343580722808837891e-01
2.340238988399505615e-01
2.336899042129516602e-01
2.333528995513916016e-01
2.330169826745986938e-01
2.326804697513580322e-01
2.323426902294158936e-01
2.320052087306976318e-01
2.316673249006271362e-01
2.313281446695327759e-01
2.309894710779190063e-01
2.306503653526306152e-01
2.303094267845153809e-01
2.299704551696777344e-01
2.296305596828460693e-01
2.292903363704681396e-01
2.289483249187469482e-01
2.286084443330764771e-01
2.282677441835403442e-01
2.279251515865325928e-01
2.275849878787994385e-01
2.272438108921051025e-01
2.269010692834854126e-01
2.265598028898239136e-01
2.262194603681564331e-01
2.258765101432800293e-01
2.255354225635528564e-01
2.251950353384017944e-01
2.248523682355880737e-01
2.245113849639892578e-01
2.241706699132919312e-01
2.238290011882781982e-01
2.234886139631271362e-01
2.231482118368148804e-01
2.228072881698608398e-01
2.224673330783843994e-01
2.221277952194213867e-01
2.217866033315658569e-01
2.214484065771102905e-01
2.211095392704010010e-01
2.207694649696350098e-01
2.204312533140182495e-01
2.200943827629089355e-01
2.197568714618682861e-01
2.194182425737380981e-01
2.190823554992675781e-01
2.187462598085403442e-01
2.184087038040161133e-01
2.180735468864440918e-01
2.177393883466720581e-01
2.174034565687179565e-01
2.170694917440414429e-01
2.167448997497558594e-01
2.165160477161407471e-01
2.162895649671554565e-01
2.160632312297821045e-01
2.158350944519042969e-01
2.156098484992980957e-01
2.153848111629486084e-01
2.151587456464767456e-01
2.149337679147720337e-01
2.147102952003479004e-01
2.144853174686431885e-01
2.142627388238906860e-01
2.140405923128128052e-01
2.138162106275558472e-01
2.135950326919555664e-01
2.133740186691284180e-01
2.131520956754684448e-01
2.129312753677368164e-01
2.127103060483932495e-01
2.124915122985839844e-01
2.122728973627090454e-01
2.120526283979415894e-01
2.118350118398666382e-01
2.116165310144424438e-01
2.113999128341674805e-01
2.111833095550537109e-01
2.109663635492324829e-01
2.107512652873992920e-01
2.105353325605392456e-01
2.103212773799896240e-01
2.101072520017623901e-01
2.098925709724426270e-01
2.096803784370422363e-01
2.094687223434448242e-01
2.092548757791519165e-01
2.090442627668380737e-01
2.088322639465332031e-01
2.086227387189865112e-01
2.084126621484756470e-01
2.082026153802871704e-01
2.079947143793106079e-01
2.077854275703430176e-01
2.075778692960739136e-01
2.073712795972824097e-01
2.071639746427536011e-01
2.069584876298904419e-01
2.067523151636123657e-01
2.065475285053253174e-01
2.063437253236770630e-01
2.061392366886138916e-01
2.059365361928939819e-01
2.057324349880218506e-01
2.055308818817138672e-01
2.053302228450775146e-01
2.051285505294799805e-01
2.049279361963272095e-01
2.047274559736251831e-01
2.045287191867828369e-01
2.043309062719345093e-01
2.041310667991638184e-01
2.039343863725662231e-01
2.037383019924163818e-01
2.035409212112426758e-01
2.033459991216659546e-01
2.031490057706832886e-01
2.029552608728408813e-01
2.027617096900939941e-01
2.025675624608993530e-01
2.023744434118270874e-01
2.021814882755279541e-01
2.019906193017959595e-01
2.017999738454818726e-01
2.016080468893051147e-01
2.014185488224029541e-01
2.012285143136978149e-01
2.010402083396911621e-01
2.008521109819412231e-01
2.006638497114181519e-01
2.004772722721099854e-01
2.002902030944824219e-01
2.001047879457473755e-01
1.999196261167526245e-01
1.997339278459548950e-01
1.995506584644317627e-01
1.993665099143981934e-01
1.991833299398422241e-01
1.990018188953399658e-01
1.988190412521362305e-01
1.986387223005294800e-01
1.984578520059585571e-01
1.982772499322891235e-01
1.980986595153808594e-01
1.979188472032546997e-01
1.977407187223434448e-01
1.975634843111038208e-01
1.973858326673507690e-01
1.972097605466842651e-01
1.970325559377670288e-01
1.968580782413482666e-01
1.966823488473892212e-01
1.965090185403823853e-01
1.963344514369964600e-01
1.961615979671478271e-01
1.959882080554962158e-01
1.958171874284744263e-01
1.956454068422317505e-01
1.954744458198547363e-01
1.953037977218627930e-01
1.951347142457962036e-01
1.949665844440460205e-01
1.947965919971466064e-01
1.946296393871307373e-01
1.944618970155715942e-01
1.943064928054809570e-01
1.941531002521514893e-01
1.940008401870727539e-01
1.938483417034149170e-01
1.936976164579391479e-01
1.935460269451141357e-01
1.933962106704711914e-01
1.932459175586700439e-01
1.930969953536987305e-01
1.929464936256408691e-01
1.927984356880187988e-01
1.926508098840713501e-01
1.925023347139358521e-01
1.923556029796600342e-01
1.922079920768737793e-01
1.920621693134307861e-01
1.919158846139907837e-01
1.917702555656433105e-01
1.916244477033615112e-01
1.914803534746170044e-01
1.913354098796844482e-01
1.911921948194503784e-01
1.910481452941894531e-01
1.909057945013046265e-01
1.907626241445541382e-01
1.906209588050842285e-01
1.904799193143844604e-01
1.903380900621414185e-01
1.901979297399520874e-01
1.900569647550582886e-01
1.899176687002182007e-01
1.897775828838348389e-01
1.896391510963439941e-01
1.894997358322143555e-01
1.893621832132339478e-01
1.892238259315490723e-01
1.890871375799179077e-01
1.889496594667434692e-01
1.888138204813003540e-01
1.886772215366363525e-01
1.885415911674499512e-01
1.884070634841918945e-01
1.882722079753875732e-01
1.881384998559951782e-01
1.880040764808654785e-01
1.878712475299835205e-01
1.877376288175582886e-01
1.876056492328643799e-01
1.874722838401794434e-01
1.873411536216735840e-01
1.872092634439468384e-01
1.870794445276260376e-01
1.869484037160873413e-01
1.868189573287963867e-01
1.866887956857681274e-01
1.865601986646652222e-01
1.864313781261444092e-01
1.863024532794952393e-01
1.861751228570938110e-01
1.860470473766326904e-01
1.859209984540939331e-01
1.857937723398208618e-01
1.856680959463119507e-01
1.855410784482955933e-01
1.854162365198135376e-01
1.852906644344329834e-01
1.851666420698165894e-01
1.850419193506240845e-01
1.849191784858703613e-01
1.847952753305435181e-01
1.846728920936584473e-01
1.845492124557495117e-01
1.844276487827301025e-01
1.843053847551345825e-01
1.841835528612136841e-01
1.840632110834121704e-01
1.839421838521957397e-01
1.838231235742568970e-01
1.837029308080673218e-01
1.835835874080657959e-01
1.834641695022583008e-01
1.833462566137313843e-01
1.832276731729507446e-01
1.831105351448059082e-01
1.829927712678909302e-01
1.828753799200057983e-01
1.827593445777893066e-01
1.826427727937698364e-01
1.825276464223861694e-01
1.824118494987487793e-01
1.822975128889083862e-01
1.821825206279754639e-01
1.820689588785171509e-01
1.819547414779663086e-01
1.818413883447647095e-01
1.817284673452377319e-01
1.816154420375823975e-01
1.815038621425628662e-01
1.813916116952896118e-01
1.812807917594909668e-01
1.811693459749221802e-01
1.810592710971832275e-01
1.809480041265487671e-01
1.808387041091918945e-01
1.807293146848678589e-01
1.806207746267318726e-01
1.805116385221481323e-01
1.804029047489166260e-01
1.802955120801925659e-01
1.801869571208953857e-01
1.800803244113922119e-01
1.799731105566024780e-01
1.798677146434783936e-01
1.797612607479095459e-01
1.796561330556869507e-01
1.795504242181777954e-01
1.794450879096984863e-01
1.793405264616012573e-01
1.792359501123428345e-01
1.791326701641082764e-01
1.790288537740707397e-01
1.789267957210540771e-01
1.788243353366851807e-01
1.787274479866027832e-01
1.786288172006607056e-01
1.785319149494171143e-01
1.784344464540481567e-01
1.783372163772583008e-01
1.782406866550445557e-01
1.781445890665054321e-01
1.780486106872558594e-01
1.779525279998779297e-01
1.778576821088790894e-01
1.777621805667877197e-01
1.776678413152694702e-01
1.775729507207870483e-01
1.774792075157165527e-01
1.773843169212341309e-01
1.772907823324203491e-01
1.771973520517349243e-01
1.771038323640823364e-01
1.770115196704864502e-01
1.769185662269592285e-01
1.768262684345245361e-01
1.767344325780868530e-01
1.766426563262939453e-01
1.765514016151428223e-01
1.764602065086364746e-01
1.763689219951629639e-01
1.762779653072357178e-01
1.761881262063980103e-01
1.760976910591125488e-01
1.760084182024002075e-01
1.759185642004013062e-01
1.758292764425277710e-01
1.757405102252960205e-01
1.756509691476821899e-01
1.755630224943161011e-01
1.754745692014694214e-01
1.753871738910675049e-01
1.752987354993820190e-01
1.752115935087203979e-01
1.751245111227035522e-01
1.750373989343643188e-01
1.749505847692489624e-01
1.748648285865783691e-01
1.747785210609436035e-01
1.746925115585327148e-01
1.746075600385665894e-01
1.745215803384780884e-01
1.744376718997955322e-01
1.743522137403488159e-01
1.742675453424453735e-01
1.741839498281478882e-01
1.740998029708862305e-01
1.740154176950454712e-01
1.739331334829330444e-01
1.738492697477340698e-01
1.737669855356216431e-01
1.736841946840286255e-01
1.736016571521759033e-01
1.735201627016067505e-01
1.734381467103958130e-01
1.733564287424087524e-01
1.732751876115798950e-01
1.731944829225540161e-01
1.731130331754684448e-01
1.730331033468246460e-01
1.729526519775390625e-01
1.728732436895370483e-01
1.727928221225738525e-01
1.727137118577957153e-01
1.726345419883728027e-01
1.725554317235946655e-01
1.724765598773956299e-01
1.723986715078353882e-01
1.723203510046005249e-01
1.722429841756820679e-01
1.721651256084442139e-01
1.720870733261108398e-01
1.720109730958938599e-01
1.719333976507186890e-01
1.718566119670867920e-01
1.717807501554489136e-01
1.717044413089752197e-01
1.716278940439224243e-01
1.715533286333084106e-01
1.714772731065750122e-01
1.714026778936386108e-01
1.713276505470275879e-01
1.712528765201568604e-01
1.711790263652801514e-01
1.711047738790512085e-01
1.710307449102401733e-01
1.709576398134231567e-01
1.708841323852539062e-01
1.708110123872756958e-01
1.707384735345840454e-01
1.706651896238327026e-01
1.705933362245559692e-01
1.705210357904434204e-01
1.704490035772323608e-01
1.703773736953735352e-01
1.703063249588012695e-01
1.702345162630081177e-01
1.701641529798507690e-01
1.700932979583740234e-01
1.700233966112136841e-01
1.699530780315399170e-01
1.698829978704452515e-01
1.698138117790222168e-01
1.697437018156051636e-01
1.696748733520507812e-01
1.696058809757232666e-01
1.695370227098464966e-01
1.694683730602264404e-01
1.694006174802780151e-01
1.693319827318191528e-01
1.692651957273483276e-01
1.691970080137252808e-01
1.691295951604843140e-01
1.690629869699478149e-01
1.689960658550262451e-01
1.689293682575225830e-01
1.688634455204010010e-01
1.687972396612167358e-01
1.687307357788085938e-01
1.686660498380661011e-01
1.686000227928161621e-01
1.685347259044647217e-01
1.684696227312088013e-01
1.684053987264633179e-01
1.683402955532073975e-01
1.682764440774917603e-01
1.682123690843582153e-01
1.681485027074813843e-01
1.680797487497329712e-01
1.679686009883880615e-01
1.678573042154312134e-01
1.677466779947280884e-01
1.676357984542846680e-01
1.675257235765457153e-01
1.674153655767440796e-01
1.673052161931991577e-01
1.671953499317169189e-01
1.670862585306167603e-01
1.669768989086151123e-01
1.668677330017089844e-01
1.667589098215103149e-01
1.666513234376907349e-01
1.665424406528472900e-01
1.664348244667053223e-01
1.663269698619842529e-01
1.662198305130004883e-01
1.661119461059570312e-01
1.660053133964538574e-01
1.658984422683715820e-01
1.657922863960266113e-01
1.656854301691055298e-01
1.655802875757217407e-01
1.654743999242782593e-01
1.653687208890914917e-01
1.652633547782897949e-01
1.651586592197418213e-01
1.650537848472595215e-01
1.649490743875503540e-01
1.648446768522262573e-01
1.647409498691558838e-01
1.646370738744735718e-01
1.645338684320449829e-01
1.644304096698760986e-01
1.643277108669281006e-01
1.642242521047592163e-01
1.641220301389694214e-01
1.640195548534393311e-01
1.639178097248077393e-01
1.638153195381164551e-01
1.637145280838012695e-01
1.636125594377517700e-01
1.635117679834365845e-01
1.634107828140258789e-01
1.633104383945465088e-01
1.632099300622940063e-01
