8.521583676338195801e-01
8.498363494873046875e-01
8.484886288642883301e-01
8.502549529075622559e-01
8.551976084709167480e-01
8.629866838455200195e-01
8.728673458099365234e-01
8.838729858398437500e-01
8.945878744125366211e-01
9.032078385353088379e-01
9.082728624343872070e-01
9.093287587165832520e-01
9.072594046592712402e-01
9.039128422737121582e-01
9.010189771652221680e-01
8.990099430084228516e-01
8.963764309883117676e-01
8.913624882698059082e-01
8.841465115547180176e-01
8.756420612335205078e-01
8.680133223533630371e-01
8.625449538230895996e-01
8.595489263534545898e-01
8.586779236793518066e-01
8.591343760490417480e-01
8.598057031631469727e-01
8.596163988113403320e-01
8.578389286994934082e-01
8.543208241462707520e-01
8.495631814002990723e-01
8.444581627845764160e-01
8.399828076362609863e-01
8.369506597518920898e-01
8.359977602958679199e-01
8.361865878105163574e-01
8.340592384338378906e-01
8.342224359512329102e-01
8.381350040435791016e-01
8.440093398094177246e-01
8.507867455482482910e-01
8.576433658599853516e-01
8.638148307800292969e-01
8.689521551132202148e-01
8.735051751136779785e-01
8.786351680755615234e-01
8.851569890975952148e-01
8.922640681266784668e-01
8.978113532066345215e-01
9.000273942947387695e-01
8.985679149627685547e-01
8.942814469337463379e-01
8.889747858047485352e-01
8.833807706832885742e-01
8.774844408035278320e-01
8.722654581069946289e-01
8.680800199508666992e-01
8.650134801864624023e-01
8.630024790763854980e-01
8.618150949478149414e-01
8.610474467277526855e-01
8.601971864700317383e-01
8.586696982383728027e-01
8.558750152587890625e-01
8.514150977134704590e-01
8.453465104103088379e-01
8.393353223800659180e-01
8.333103060722351074e-01
8.237330913543701172e-01
8.151175975799560547e-01
8.075686097145080566e-01
8.012688159942626953e-01
7.962693572044372559e-01
7.926034927368164062e-01
7.901116013526916504e-01
7.885379791259765625e-01
7.880077958106994629e-01
7.882355451583862305e-01
7.856655120849609375e-01
7.869246006011962891e-01
7.904679775238037109e-01
7.967772483825683594e-01
8.054505586624145508e-01
8.157413005828857422e-01
8.269131183624267578e-01
8.418508172035217285e-01
8.512519598007202148e-01
8.620229363441467285e-01
8.715903162956237793e-01
8.794709444046020508e-01
8.854185342788696289e-01
8.893517255783081055e-01
8.913057446479797363e-01
8.914829492568969727e-01
8.901877999305725098e-01
8.877608776092529297e-01
8.846684694290161133e-01
8.813111782073974609e-01
8.780231475830078125e-01
8.750244975090026855e-01
8.724380731582641602e-01
8.702622056007385254e-01
8.683792948722839355e-01
8.666151762008666992e-01
8.645894527435302734e-01
8.619708418846130371e-01
8.584473133087158203e-01
8.538308143615722656e-01
8.480808734893798828e-01
8.414127826690673828e-01
8.342092037200927734e-01
8.269468545913696289e-01
8.201233744621276855e-01
8.138535022735595703e-01
8.075338602066040039e-01
8.003498315811157227e-01
7.921198010444641113e-01
7.836604118347167969e-01
7.759187221527099609e-01
7.694973945617675781e-01
7.646747231483459473e-01
7.614238262176513672e-01
7.596490979194641113e-01
7.592541575431823730e-01
7.601328492164611816e-01
7.621857523918151855e-01
7.653319835662841797e-01
7.694863080978393555e-01
7.745745182037353516e-01
7.805379629135131836e-01
7.872163653373718262e-01
7.945253849029541016e-01
8.022946119308471680e-01
8.104151487350463867e-01
8.187199234962463379e-01
8.270660042762756348e-01
8.353030085563659668e-01
8.432219624519348145e-01
8.506510853767395020e-01
8.574530482292175293e-01
8.634567260742187500e-01
8.685745000839233398e-01
8.727709650993347168e-01
8.760616779327392578e-01
8.785767555236816406e-01
8.805305957794189453e-01
8.822075128555297852e-01
8.839580416679382324e-01
8.861448764801025391e-01
8.889582753181457520e-01
8.922694325447082520e-01
8.973563313484191895e-01
8.973741531372070312e-01
8.955256938934326172e-01
8.926809430122375488e-01
8.897602558135986328e-01
8.873150348663330078e-01
8.855044841766357422e-01
8.842818737030029297e-01
8.833484053611755371e-01
8.824002742767333984e-01
8.811134696006774902e-01
8.791859149932861328e-01
8.763765096664428711e-01
8.725300431251525879e-01
8.675851225852966309e-01
8.615823388099670410e-01
8.547067642211914062e-01
8.471913337707519531e-01
8.392985463142395020e-01
8.313243389129638672e-01
8.235002756118774414e-01
8.160352110862731934e-01
8.090690374374389648e-01
8.027422428131103516e-01
7.970994114875793457e-01
7.921667098999023438e-01
7.879362106323242188e-01
7.844134569168090820e-01
7.815744876861572266e-01
7.793760895729064941e-01
7.777707576751708984e-01
7.767196893692016602e-01
7.761656045913696289e-01
7.760494351387023926e-01
7.762752175331115723e-01
7.766999006271362305e-01
7.770979404449462891e-01
7.771649956703186035e-01
7.766687870025634766e-01
7.758854627609252930e-01
7.758061885833740234e-01
7.773899435997009277e-01
7.806115746498107910e-01
7.849048376083374023e-01
7.897544503211975098e-01
7.949114441871643066e-01
8.002538681030273438e-01
8.057545423507690430e-01
8.113952875137329102e-01
8.171625733375549316e-01
8.230366110801696777e-01
8.289908170700073242e-01
8.349526524543762207e-01
8.409106731414794922e-01
8.468090295791625977e-01
8.525813817977905273e-01
8.581662774085998535e-01
8.634556531906127930e-01
8.683819770812988281e-01
8.728678822517395020e-01
8.768483996391296387e-01
8.802793622016906738e-01
8.831388950347900391e-01
8.854554891586303711e-01
8.872530460357666016e-01
8.885996937751770020e-01
8.896436095237731934e-01
8.904969096183776855e-01
8.912744522094726562e-01
8.920906186103820801e-01
8.930402994155883789e-01
8.942078351974487305e-01
8.956584930419921875e-01
8.974551558494567871e-01
8.996348381042480469e-01
9.022076725959777832e-01
9.051544666290283203e-01
9.083167314529418945e-01
9.111950993537902832e-01
9.129586815834045410e-01
9.135190844535827637e-01
9.139251708984375000e-01
9.147039055824279785e-01
9.155700802803039551e-01
9.161171913146972656e-01
9.160696864128112793e-01
9.152815937995910645e-01
9.136860966682434082e-01
9.113106727600097656e-01
9.082102179527282715e-01
9.045292139053344727e-01
9.004170298576354980e-01
8.960899710655212402e-01
8.917167782783508301e-01
8.875711560249328613e-01
8.838987946510314941e-01
8.811139464378356934e-01
8.798072338104248047e-01
8.815115094184875488e-01
9.019015431404113770e-01
8.956225514411926270e-01
8.904857635498046875e-01
8.858361244201660156e-01
8.816367983818054199e-01
8.778366446495056152e-01
8.743860125541687012e-01
8.712522387504577637e-01
8.684020042419433594e-01
8.658033609390258789e-01
8.633600473403930664e-01
8.608676195144653320e-01
8.576341867446899414e-01
8.529294133186340332e-01
8.507075905799865723e-01
8.506327867507934570e-01
8.502795696258544922e-01
8.496252298355102539e-01
8.488574028015136719e-01
8.480744361877441406e-01
8.473188281059265137e-01
8.466180562973022461e-01
8.459873199462890625e-01
8.454352021217346191e-01
8.449661135673522949e-01
8.445864319801330566e-01
8.443038463592529297e-01
8.441259860992431641e-01
8.440614938735961914e-01
8.441254496574401855e-01
8.443383574485778809e-01
8.447423577308654785e-01
8.454021811485290527e-01
8.464028835296630859e-01
8.476042747497558594e-01
8.480916619300842285e-01
8.420436382293701172e-01
8.460952043533325195e-01
8.502174019813537598e-01
8.521286249160766602e-01
8.538212776184082031e-01
8.555619716644287109e-01
8.574175238609313965e-01
8.593849539756774902e-01
8.614719510078430176e-01
8.636610507965087891e-01
8.659328818321228027e-01
8.682868480682373047e-01
8.706962466239929199e-01
8.731636404991149902e-01
8.756737112998962402e-01
8.782140612602233887e-01
8.807993531227111816e-01
8.834202885627746582e-01
8.861098885536193848e-01
8.888776302337646484e-01
8.917272090911865234e-01
8.946979045867919922e-01
8.977979421615600586e-01
9.010602235794067383e-01
9.045057296752929688e-01
9.081512689590454102e-01
9.120069146156311035e-01
9.160619378089904785e-01
9.203315973281860352e-01
9.247845411300659180e-01
9.293905496597290039e-01
9.341068267822265625e-01
9.388812780380249023e-01
9.436388611793518066e-01
9.483383297920227051e-01
9.528929591178894043e-01
9.572659134864807129e-01
9.613523483276367188e-01
9.650790095329284668e-01
9.683795571327209473e-01
9.712292551994323730e-01
9.735854268074035645e-01
9.754306674003601074e-01
9.767582416534423828e-01
9.775841236114501953e-01
9.779298901557922363e-01
9.778248667716979980e-01
9.773085713386535645e-01
9.764234423637390137e-01
9.752146005630493164e-01
9.737268686294555664e-01
9.719964861869812012e-01
9.700767397880554199e-01
9.679977297782897949e-01
9.657960534095764160e-01
9.635126590728759766e-01
9.611525535583496094e-01
9.587335586547851562e-01
9.562599658966064453e-01
9.537617564201354980e-01
9.512371420860290527e-01
9.486925601959228516e-01
9.461322426795959473e-01
9.435591697692871094e-01
9.409762620925903320e-01
9.383856654167175293e-01
9.358008503913879395e-01
9.332033991813659668e-01
9.306176900863647461e-01
9.280271530151367188e-01
9.254462718963623047e-01
9.228909611701965332e-01
9.203460812568664551e-01
9.178391098976135254e-01
9.153882265090942383e-01
9.130176305770874023e-01
9.106870889663696289e-01
9.084231257438659668e-01
9.062132835388183594e-01
9.040827751159667969e-01
9.020195603370666504e-01
9.000464677810668945e-01
8.981507420539855957e-01
8.963453173637390137e-01
8.946405649185180664e-01
8.930230736732482910e-01
8.915089964866638184e-01
8.900907635688781738e-01
8.887676596641540527e-01
8.875376582145690918e-01
8.863990306854248047e-01
8.853482007980346680e-01
8.843811154365539551e-01
8.834932446479797363e-01
8.826795816421508789e-01
8.819315433502197266e-01
8.812439441680908203e-01
8.806127905845642090e-01
8.800312280654907227e-01
8.794941306114196777e-01
8.789946436882019043e-01
8.785280585289001465e-01
8.780879974365234375e-01
8.776704072952270508e-01
8.772696256637573242e-01
8.768825531005859375e-01
8.765043020248413086e-01
8.761327266693115234e-01
8.757641911506652832e-01
8.753975033760070801e-01
8.750324845314025879e-01
8.746637105941772461e-01
8.742945194244384766e-01
8.739206790924072266e-01
8.735461831092834473e-01
8.731676936149597168e-01
8.727895617485046387e-01
8.723996281623840332e-01
8.720057606697082520e-01
8.716108798980712891e-01
8.712210059165954590e-01
8.708368539810180664e-01
8.704578876495361328e-01
8.700905442237854004e-01
8.697345852851867676e-01
8.693947196006774902e-01
8.690715432167053223e-01
8.687709569931030273e-01
8.684926629066467285e-01
8.682421445846557617e-01
8.680215477943420410e-01
8.678339719772338867e-01
8.676825761795043945e-01
8.675710558891296387e-01
8.675014376640319824e-01
8.674775958061218262e-01
8.675017356872558594e-01
8.675770163536071777e-01
8.677070140838623047e-01
8.678931593894958496e-01
8.681133985519409180e-01
8.682154417037963867e-01
8.683833479881286621e-01
8.686153888702392578e-01
8.689162135124206543e-01
8.692882657051086426e-01
8.697341680526733398e-01
8.702561855316162109e-01
8.708565831184387207e-01
8.715376853942871094e-01
8.723015189170837402e-01
8.731504678726196289e-01
8.740863800048828125e-01
8.751116394996643066e-01
8.762279152870178223e-01
8.774373531341552734e-01
8.787412047386169434e-01
8.801425099372863770e-01
8.816422820091247559e-01
8.832341432571411133e-01
8.849353194236755371e-01
8.867392539978027344e-01
8.886381983757019043e-01
8.906507492065429688e-01
8.927686214447021484e-01
8.949818611145019531e-01
8.973094820976257324e-01
8.997449874877929688e-01
9.022759199142456055e-01
9.049233794212341309e-01
9.076741337776184082e-01
9.105129241943359375e-01
9.134606719017028809e-01
9.164876937866210938e-01
9.196143746376037598e-01
9.228214025497436523e-01
9.260880947113037109e-01
9.294321537017822266e-01
9.328311085700988770e-01
9.362588524818420410e-01
9.397323131561279297e-01
9.432223439216613770e-01
9.467009902000427246e-01
9.501803517341613770e-01
9.536154270172119141e-01
9.570025801658630371e-01
9.603229761123657227e-01
9.635707139968872070e-01
9.666996002197265625e-01
9.697040915489196777e-01
9.725762605667114258e-01
9.752733111381530762e-01
9.777862429618835449e-01
9.800985455513000488e-01
9.822074174880981445e-01
9.840817451477050781e-01
9.857192635536193848e-01
9.871166348457336426e-01
9.882546067237854004e-01
9.891355037689208984e-01
9.897602200508117676e-01
9.901228547096252441e-01
9.902304410934448242e-01
9.900883436203002930e-01
9.897039532661437988e-01
9.890875816345214844e-01
9.882512688636779785e-01
9.872050881385803223e-01
9.859692454338073730e-01
9.845566153526306152e-01
9.829836487770080566e-01
9.812670946121215820e-01
9.794231653213500977e-01
9.774682521820068359e-01
9.754187464714050293e-01
9.732897877693176270e-01
9.710954427719116211e-01
9.688491225242614746e-01
9.665635824203491211e-01
9.642493128776550293e-01
9.619236588478088379e-01
9.595484137535095215e-01
9.571639299392700195e-01
9.547781944274902344e-01
9.523959159851074219e-01
9.500212669372558594e-01
9.476570487022399902e-01
9.453053474426269531e-01
9.429673552513122559e-01
9.406435489654541016e-01
9.383339285850524902e-01
9.360378384590148926e-01
9.337543845176696777e-01
9.314812421798706055e-01
9.292178153991699219e-01
9.269619584083557129e-01
9.247115850448608398e-01
9.224709868431091309e-01
9.202253818511962891e-01
9.179797768592834473e-01
9.157378673553466797e-01
9.134861826896667480e-01
9.112286567687988281e-01
9.089711308479309082e-01
9.066990017890930176e-01
9.044181704521179199e-01
9.021275639533996582e-01
8.998329043388366699e-01
8.975217342376708984e-01
8.951999545097351074e-01
8.928743004798889160e-01
8.905351758003234863e-01
8.881917595863342285e-01
8.858464956283569336e-01
8.834877014160156250e-01
8.811232447624206543e-01
8.787612915039062500e-01
8.763902783393859863e-01
8.740181326866149902e-01
8.716547489166259766e-01
8.692882657051086426e-01
8.669278621673583984e-01
8.645766973495483398e-01
8.622441291809082031e-01
8.599255681037902832e-01
8.576192855834960938e-01
8.553401827812194824e-01
8.530799746513366699e-01
8.508543372154235840e-01
8.486545085906982422e-01
8.464968800544738770e-01
8.443789482116699219e-01
8.422977328300476074e-01
8.402692675590515137e-01
8.382851481437683105e-01
8.363595604896545410e-01
8.344841599464416504e-01
8.326695561408996582e-01
8.309090733528137207e-01
8.292102217674255371e-01
8.275670409202575684e-01
8.259747624397277832e-01
8.244354128837585449e-01
8.229386210441589355e-01
8.214244842529296875e-01
8.199038505554199219e-01
8.184084892272949219e-01
8.169279694557189941e-01
8.154500722885131836e-01
8.139708638191223145e-01
8.124785423278808594e-01
8.109711408615112305e-01
8.094404935836791992e-01
8.078809380531311035e-01
8.062965273857116699e-01
8.046840429306030273e-01
8.030446171760559082e-01
8.013824224472045898e-01
7.996972799301147461e-01
7.980004549026489258e-01
7.962954640388488770e-01
7.945871353149414062e-01
7.928813099861145020e-01
7.911790609359741211e-01
7.894950509071350098e-01
7.878298759460449219e-01
7.861874103546142578e-01
7.845734953880310059e-01
7.829879522323608398e-01
7.814410328865051270e-01
7.799313068389892578e-01
7.784632444381713867e-01
7.770382761955261230e-01
7.756550312042236328e-01
7.743220925331115723e-01
7.730373144149780273e-01
7.718020081520080566e-01
7.706163525581359863e-01
7.694813013076782227e-01
7.684231996536254883e-01
7.674709558486938477e-01
7.665719389915466309e-01
7.657283544540405273e-01
7.649394273757934570e-01
7.642055749893188477e-01
7.635269165039062500e-01
7.629027366638183594e-01
7.623349428176879883e-01
7.618226408958435059e-01
7.613661885261535645e-01
7.609654664993286133e-01
7.606198787689208984e-01
7.603310942649841309e-01
7.600984573364257812e-01
7.599219679832458496e-01
7.598019838333129883e-01
7.597374320030212402e-01
7.597305774688720703e-01
7.597802877426147461e-01
7.598872184753417969e-01
7.600511312484741211e-01
7.602717280387878418e-01
7.605507373809814453e-01
7.608877420425415039e-01
7.612827420234680176e-01
7.617363929748535156e-01
7.622477412223815918e-01
7.628191709518432617e-01
7.634496092796325684e-01
7.641400098800659180e-01
7.648900151252746582e-01
7.656997442245483398e-01
7.665703892707824707e-01
7.675020098686218262e-01
7.684942483901977539e-01
7.695393562316894531e-01
7.706532478332519531e-01
7.718052864074707031e-01
7.728993892669677734e-01
7.740579247474670410e-01
7.752817869186401367e-01
7.765599489212036133e-01
7.779103517532348633e-01
7.793238759040832520e-01
7.827488183975219727e-01
7.843381166458129883e-01
7.859749794006347656e-01
7.876787781715393066e-01
7.894365191459655762e-01
7.912473082542419434e-01
7.931069135665893555e-01
7.950138449668884277e-01
7.969532012939453125e-01
7.989454269409179688e-01
8.009761571884155273e-01
8.030419945716857910e-01
8.051391839981079102e-01
8.072651028633117676e-01
8.094035387039184570e-01
8.115758895874023438e-01
8.137661814689636230e-01
8.159708380699157715e-01
8.181867599487304688e-01
8.203970789909362793e-01
8.226240873336791992e-01
8.248513936996459961e-01
8.270615935325622559e-01
8.292776346206665039e-01
8.314809799194335938e-01
8.336558938026428223e-01
8.358227610588073730e-01
8.379639387130737305e-01
8.400631546974182129e-01
8.421391844749450684e-01
8.441753983497619629e-01
8.461548089981079102e-01
8.480954766273498535e-01
8.499802947044372559e-01
8.517938256263732910e-01
8.536071181297302246e-01
8.553568124771118164e-01
8.570175170898437500e-01
8.586050868034362793e-01
8.601064085960388184e-01
8.615105748176574707e-01
8.628324270248413086e-01
8.640613555908203125e-01
8.651894927024841309e-01
8.662301301956176758e-01
8.671756386756896973e-01
8.680207729339599609e-01
8.687774538993835449e-01
8.694407939910888672e-01
8.700079917907714844e-01
8.704892396926879883e-01
8.708788752555847168e-01
8.711858987808227539e-01
8.714067935943603516e-01
8.715495467185974121e-01
8.716125488281250000e-01
8.716028332710266113e-01
8.715218901634216309e-01
8.713732957839965820e-01
8.711621761322021484e-01
8.708927035331726074e-01
8.705705404281616211e-01
8.702018857002258301e-01
8.697932362556457520e-01
8.693535923957824707e-01
8.688914179801940918e-01
8.684193491935729980e-01
8.679494261741638184e-01
8.674992322921752930e-01
8.670867681503295898e-01
8.667358756065368652e-01
8.664737343788146973e-01
8.663321137428283691e-01
8.663509488105773926e-01
8.665705919265747070e-01
8.670463562011718750e-01
8.678250312805175781e-01
8.689757585525512695e-01
8.705409765243530273e-01
8.725916147232055664e-01
8.751570582389831543e-01
8.782334327697753906e-01
8.818337321281433105e-01
8.858509063720703125e-01
8.902111053466796875e-01
8.946982026100158691e-01
8.991298675537109375e-01
9.033072590827941895e-01
9.069728255271911621e-01
9.099926948547363281e-01
9.122152924537658691e-01
9.136054515838623047e-01
9.141722321510314941e-01
9.139584302902221680e-01
9.130511283874511719e-01
9.115543365478515625e-01
9.095697999000549316e-01
9.071825742721557617e-01
9.044992923736572266e-01
9.015703201293945312e-01
8.984812498092651367e-01
8.952680230140686035e-01
8.919540047645568848e-01
8.885975480079650879e-01
8.851907849311828613e-01
8.817796707153320312e-01
8.783612847328186035e-01
8.749298453330993652e-01
8.715195059776306152e-01
8.681058287620544434e-01
8.647199273109436035e-01
8.613480925559997559e-01
8.579770922660827637e-01
8.546349406242370605e-01
8.512942790985107422e-01
8.479806780815124512e-01
8.446806669235229492e-01
8.413795828819274902e-01
8.381035327911376953e-01
8.348392248153686523e-01
8.315702676773071289e-01
8.283257484436035156e-01
8.250890970230102539e-01
8.218609094619750977e-01
8.186279535293579102e-01
8.154154419898986816e-01
8.122114539146423340e-01
8.090001940727233887e-01
8.058106899261474609e-01
8.027205467224121094e-01
7.996492385864257812e-01
7.965755462646484375e-01
7.935257554054260254e-01
7.904872894287109375e-01
7.874464392662048340e-01
7.844315767288208008e-01
7.814280986785888672e-01
7.784253358840942383e-01
7.754486799240112305e-01
7.724875211715698242e-01
7.695407271385192871e-01
7.665974497795104980e-01
7.636842727661132812e-01
7.607898116111755371e-01
7.579014301300048828e-01
7.550470232963562012e-01
7.522139549255371094e-01
7.494056820869445801e-01
7.466086745262145996e-01
7.438523769378662109e-01
7.411235570907592773e-01
7.384143471717834473e-01
7.357495427131652832e-01
7.331204414367675781e-01
7.305290102958679199e-01
7.279655933380126953e-01
7.254576086997985840e-01
7.229949831962585449e-01
7.205820083618164062e-01
7.182204127311706543e-01
7.159054279327392578e-01
7.136590480804443359e-01
7.114765644073486328e-01
7.093594074249267578e-01
7.073132395744323730e-01
7.053312063217163086e-01
7.034359574317932129e-01
7.016200423240661621e-01
6.998879909515380859e-01
6.982405185699462891e-01
6.966813802719116211e-01
6.952043771743774414e-01
6.938242912292480469e-01
6.925324797630310059e-01
6.913296580314636230e-01
6.902124881744384766e-01
6.891758441925048828e-01
6.882215738296508789e-01
6.873424649238586426e-01
6.865305900573730469e-01
6.857814192771911621e-01
6.850836277008056641e-01
6.844430565834045410e-01
6.838662624359130859e-01
6.833183169364929199e-01
6.827908754348754883e-01
6.822732686996459961e-01
6.817624568939208984e-01
6.812488436698913574e-01
6.807255744934082031e-01
6.801869273185729980e-01
6.796268224716186523e-01
6.790405511856079102e-01
6.784279346466064453e-01
6.777842044830322266e-01
6.771076917648315430e-01
6.763963103294372559e-01
6.756510734558105469e-01
6.748718023300170898e-01
6.740588545799255371e-01
6.732137203216552734e-01
6.723346114158630371e-01
6.714302897453308105e-01
6.705031394958496094e-01
6.695569157600402832e-01
6.685993075370788574e-01
6.676411032676696777e-01
6.666981577873229980e-01
6.657984852790832520e-01
6.649837493896484375e-01
6.643192172050476074e-01
6.639149785041809082e-01
6.639183163642883301e-01
6.645110845565795898e-01
6.658121943473815918e-01
6.676817536354064941e-01
6.695708036422729492e-01
6.707593798637390137e-01
6.708805561065673828e-01
6.700809001922607422e-01
6.687378287315368652e-01
6.671659946441650391e-01
6.655535101890563965e-01
6.639905571937561035e-01
6.625137329101562500e-01
6.611311435699462891e-01
6.598390936851501465e-01
6.586297750473022461e-01
6.574886441230773926e-01
6.564198732376098633e-01
6.554100513458251953e-01
6.544532179832458496e-01
6.535441279411315918e-01
6.526777148246765137e-01
6.518520116806030273e-01
6.510635614395141602e-01
6.503098011016845703e-01
6.495885848999023438e-01
6.488981246948242188e-01
6.482361555099487305e-01
6.476026773452758789e-01
6.470060944557189941e-01
6.464748978614807129e-01
6.459689736366271973e-01
6.454870700836181641e-01
6.450289487838745117e-01
6.445938348770141602e-01
6.441807746887207031e-01
6.437898278236389160e-01
6.434201002120971680e-01
6.430707573890686035e-01
6.427425742149353027e-01
6.424340009689331055e-01
6.421459913253784180e-01
6.418779492378234863e-01
6.416288018226623535e-01
6.413989663124084473e-01
6.411874294281005859e-01
6.409946680068969727e-01
6.408197879791259766e-01
6.406622529029846191e-01
6.405229568481445312e-01
6.404014229774475098e-01
6.402967572212219238e-01
6.402094960212707520e-01
6.401390433311462402e-01
6.400848627090454102e-01
6.400104165077209473e-01
6.399490237236022949e-01
6.399027705192565918e-01
6.398722529411315918e-01
6.398581862449645996e-01
6.398586630821228027e-01
6.398743987083435059e-01
6.399060487747192383e-01
6.399518251419067383e-01
6.400123238563537598e-01
6.400874853134155273e-01
6.401779055595397949e-01
6.402818560600280762e-01
6.403999924659729004e-01
6.405329704284667969e-01
6.406789422035217285e-01
6.408388018608093262e-01
6.410130262374877930e-01
6.411998867988586426e-01
6.414002180099487305e-01
6.416144967079162598e-01
6.418411731719970703e-01
6.420807838439941406e-01
6.423340439796447754e-01
6.425992846488952637e-01
6.428771018981933594e-01
6.432198882102966309e-01
6.436182856559753418e-01
6.440286040306091309e-01
6.444509625434875488e-01
6.448859572410583496e-01
6.453317999839782715e-01
6.457893848419189453e-01
6.462550759315490723e-01
6.467354893684387207e-01
6.472281217575073242e-01
6.477310061454772949e-01
6.482451558113098145e-01
6.487703323364257812e-01
6.493073701858520508e-01
6.498544216156005859e-01
6.504122614860534668e-01
6.509808897972106934e-01
6.515602469444274902e-01
6.521509289741516113e-01
6.527513861656188965e-01
6.533621549606323242e-01
6.539834737777709961e-01
6.546158194541931152e-01
6.552578210830688477e-01
6.559100151062011719e-01
6.565722227096557617e-01
6.572399735450744629e-01
6.579224467277526855e-01
6.586027145385742188e-01
6.592928767204284668e-01
6.599937677383422852e-01
6.607037782669067383e-01
6.614240407943725586e-01
6.621537208557128906e-01
6.628932952880859375e-01
6.636433005332946777e-01
6.644024252891540527e-01
6.651714444160461426e-01
6.659501194953918457e-01
6.667394042015075684e-01
6.675376296043395996e-01
6.683404445648193359e-01
6.691583395004272461e-01
6.699867248535156250e-01
6.708243489265441895e-01
6.716717481613159180e-01
6.725291013717651367e-01
6.733971834182739258e-01
6.742743849754333496e-01
6.751621365547180176e-01
6.760593652725219727e-01
6.769676804542541504e-01
6.778852343559265137e-01
6.788129806518554688e-01
6.797511577606201172e-01
6.806934475898742676e-01
6.816703081130981445e-01
6.826857924461364746e-01
6.837118268013000488e-01
6.847467422485351562e-01
6.857927441596984863e-01
6.868480443954467773e-01
6.879134774208068848e-01
6.889897584915161133e-01
6.900680661201477051e-01
6.911643147468566895e-01
6.922703981399536133e-01
6.933868527412414551e-01
6.945142149925231934e-01
6.956513524055480957e-01
6.967988610267639160e-01
6.979567408561706543e-01
6.991249918937683105e-01
7.003039717674255371e-01
7.014842629432678223e-01
7.026831507682800293e-01
7.038927674293518066e-01
7.051115632057189941e-01
7.063413858413696289e-01
7.075803875923156738e-01
7.088294029235839844e-01
7.100883722305297852e-01
7.113564610481262207e-01
7.126249670982360840e-01
7.139111757278442383e-01
7.152065038681030273e-01
7.165014743804931641e-01
7.177931070327758789e-01
7.190925478935241699e-01
7.203998565673828125e-01
7.217142581939697266e-01
7.230352759361267090e-01
7.243531942367553711e-01
7.256866097450256348e-01
7.270255684852600098e-01
7.283696532249450684e-01
7.297185063362121582e-01
7.310711741447448730e-01
7.324271202087402344e-01
7.337861061096191406e-01
7.351367473602294922e-01
7.364988327026367188e-01
7.378612160682678223e-01
7.392239570617675781e-01
7.405857443809509277e-01
7.419461607933044434e-01
7.433044314384460449e-01
7.446489334106445312e-01
7.459997534751892090e-01
7.473459243774414062e-01
7.486860156059265137e-01
7.500197291374206543e-01
7.513455152511596680e-01
7.526633739471435547e-01
7.539621591567993164e-01
7.552611827850341797e-01
7.565490007400512695e-01
7.578278779983520508e-01
7.591117024421691895e-01
7.603830695152282715e-01
7.616407275199890137e-01
7.628756165504455566e-01
7.641049027442932129e-01
7.653185725212097168e-01
7.665163278579711914e-01
7.676976919174194336e-01
7.688623666763305664e-01
7.700088620185852051e-01
7.711291313171386719e-01
7.722392082214355469e-01
7.733303308486938477e-01
7.744029760360717773e-01
7.754549980163574219e-01
7.764874100685119629e-01
7.774335741996765137e-01
7.783495187759399414e-01
7.792544960975646973e-01
7.801398634910583496e-01
7.810052633285522461e-01
7.818514704704284668e-01
7.826774716377258301e-01
7.834833264350891113e-01
7.842624783515930176e-01
7.850280404090881348e-01
7.857725620269775391e-01
7.864969372749328613e-01
7.872009277343750000e-01
7.878841757774353027e-01
7.885404825210571289e-01
7.891824245452880859e-01
7.898114323616027832e-01
7.904356122016906738e-01
7.910413742065429688e-01
7.916290760040283203e-01
7.921938300132751465e-01
7.927452921867370605e-01
7.932783961296081543e-01
7.937938570976257324e-01
7.942915558815002441e-01
7.947712540626525879e-01
7.952295541763305664e-01
7.956740856170654297e-01
7.961006164550781250e-01
7.965101003646850586e-01
7.969023585319519043e-01
7.972771525382995605e-01
7.976319789886474609e-01
7.978513836860656738e-01
7.978755235671997070e-01
7.978795170783996582e-01
7.978621125221252441e-01
7.978242635726928711e-01
7.977628111839294434e-01
7.976828813552856445e-01
7.975817322731018066e-01
7.974585890769958496e-01
7.973147034645080566e-01
7.971487045288085938e-01
7.969605922698974609e-01
7.967522144317626953e-01
7.965216636657714844e-01
7.962699532508850098e-01
7.959958314895629883e-01
7.957006096839904785e-01
7.953732013702392578e-01
7.948341965675354004e-01
7.942703962326049805e-01
7.936808466911315918e-01
7.930651307106018066e-01
7.924246788024902344e-01
7.917585968971252441e-01
7.910674810409545898e-01
7.903506159782409668e-01
7.896092534065246582e-01
7.888428568840026855e-01
7.880522608757019043e-01
7.872363924980163574e-01
7.863951325416564941e-01
7.855303287506103516e-01
7.846402525901794434e-01
7.837287783622741699e-01
7.827913761138916016e-01
7.817975282669067383e-01
7.806922197341918945e-01
7.795643210411071777e-01
7.784121036529541016e-01
7.772402763366699219e-01
7.760431170463562012e-01
7.748229503631591797e-01
7.735813856124877930e-01
7.723169922828674316e-01
7.710353732109069824e-01
7.697294950485229492e-01
7.684017419815063477e-01
7.670542597770690918e-01
7.656864523887634277e-01
7.643017768859863281e-01
7.628943920135498047e-01
7.614666819572448730e-01
7.600209712982177734e-01
7.585647702217102051e-01
7.572697997093200684e-01
7.559651136398315430e-01
7.546419501304626465e-01
7.533065080642700195e-01
7.519568204879760742e-01
7.505937218666076660e-01
7.492228746414184570e-01
7.478348016738891602e-01
7.464342117309570312e-01
7.450218200683593750e-01
7.435970902442932129e-01
7.421613931655883789e-01
7.407191991806030273e-01
7.392606139183044434e-01
7.377914786338806152e-01
7.363125681877136230e-01
7.348219156265258789e-01
7.333267927169799805e-01
7.318159937858581543e-01
7.302955985069274902e-01
7.287656664848327637e-01
7.272260189056396484e-01
7.256832122802734375e-01
7.241256833076477051e-01
7.225590944290161133e-01
7.209842205047607422e-01
7.194005250930786133e-01
7.178151011466979980e-01
7.162166237831115723e-01
7.146089673042297363e-01
7.129940986633300781e-01
7.113718390464782715e-01
7.097479701042175293e-01
7.081114053726196289e-01
7.064679861068725586e-01
7.048172354698181152e-01
7.031605839729309082e-01
7.015513181686401367e-01
7.000736594200134277e-01
6.985924243927001953e-01
6.971052289009094238e-01
6.956156492233276367e-01
6.941278576850891113e-01
6.926298737525939941e-01
6.911277770996093750e-01
6.896225214004516602e-01
6.881138682365417480e-01
6.866084933280944824e-01
6.850935816764831543e-01
6.835757493972778320e-01
6.820556521415710449e-01
6.805312633514404297e-01
6.790129542350769043e-01
6.774847507476806641e-01
6.759542822837829590e-01
6.744211316108703613e-01
6.728864908218383789e-01
6.713499426841735840e-01
6.698182225227355957e-01
6.682783365249633789e-01
6.667369008064270020e-01
6.651947498321533203e-01
6.636497378349304199e-01
6.621121764183044434e-01
6.605660319328308105e-01
6.590188741683959961e-01
6.574705839157104492e-01
6.559221744537353516e-01
6.543799638748168945e-01
6.528310775756835938e-01
6.512802839279174805e-01
6.497300863265991211e-01
6.481806039810180664e-01
6.466363072395324707e-01
6.450868248939514160e-01
6.435368657112121582e-01
6.419871449470520020e-01
6.403936147689819336e-01
6.387437582015991211e-01
6.370927691459655762e-01
6.354413628578186035e-01
6.337901949882507324e-01
6.321452260017395020e-01
6.304935216903686523e-01
6.288411617279052734e-01
6.271888613700866699e-01
6.255372762680053711e-01
6.238923072814941406e-01
6.222413182258605957e-01
6.205906867980957031e-01
6.189397573471069336e-01
6.172900199890136719e-01
6.156471371650695801e-01
6.139988303184509277e-01
6.123502850532531738e-01
6.107027530670166016e-01
6.090567708015441895e-01
6.074181199073791504e-01
6.057743430137634277e-01
6.041306853294372559e-01
6.024883985519409180e-01
6.008481383323669434e-01
5.992152690887451172e-01
5.975778102874755859e-01
5.959408879280090332e-01
5.943055748939514160e-01
5.926735997200012207e-01
5.910483002662658691e-01
5.894187688827514648e-01
5.877900719642639160e-01
5.861641168594360352e-01
5.845390558242797852e-01
5.829226374626159668e-01
5.813024044036865234e-01
5.796833038330078125e-01
5.780671238899230957e-01
5.764522552490234375e-01
5.748459696769714355e-01
5.732364654541015625e-01
5.716291666030883789e-01
5.700262188911437988e-01
5.684251785278320312e-01
5.668336153030395508e-01
5.652396082878112793e-01
5.636474490165710449e-01
5.620594024658203125e-01
5.604736208915710449e-01
5.588982701301574707e-01
5.573186278343200684e-01
5.557432770729064941e-01
5.541701316833496094e-01
5.526012778282165527e-01
5.510408878326416016e-01
5.494787693023681641e-01
5.479187369346618652e-01
5.463630557060241699e-01
5.448099374771118164e-01
5.432661771774291992e-01
5.417208671569824219e-01
5.401778221130371094e-01
5.386393666267395020e-01
5.371034145355224609e-01
5.355780124664306641e-01
5.340487957000732422e-01
5.325244069099426270e-01
5.310024619102478027e-01
5.294851660728454590e-01
5.279761552810668945e-01
5.264658927917480469e-01
5.249581336975097656e-01
5.234551429748535156e-01
5.219545960426330566e-01
5.204643607139587402e-01
5.189709663391113281e-01
5.174812078475952148e-01
5.159962177276611328e-01
5.145136713981628418e-01
5.130414366722106934e-01
5.115661025047302246e-01
5.100955367088317871e-01
5.086274743080139160e-01
5.071641206741333008e-01
5.057078003883361816e-01
5.042501688003540039e-01
5.027964711189270020e-01
5.013455748558044434e-01
4.999001920223236084e-01
4.984635710716247559e-01
4.970252811908721924e-01
4.955924451351165771e-01
4.941624999046325684e-01
4.927370548248291016e-01
4.913166761398315430e-01
4.899042546749114990e-01
4.884912669658660889e-01
4.870818853378295898e-01
4.856777787208557129e-01
4.842778444290161133e-01
4.828848540782928467e-01
4.814929068088531494e-01
4.801049530506134033e-01
4.787198007106781006e-01
4.773390889167785645e-01
4.759666621685028076e-01
4.745946228504180908e-01
4.732264280319213867e-01
4.718601405620574951e-01
4.704997539520263672e-01
4.691467583179473877e-01
4.677940011024475098e-01
4.664444625377655029e-01
4.650981128215789795e-01
4.637568295001983643e-01
4.624225795269012451e-01
4.610880017280578613e-01
4.597579538822174072e-01
4.584302008152008057e-01
4.571074843406677246e-01
4.557921290397644043e-01
4.544753432273864746e-01
4.531634747982025146e-01
4.518538117408752441e-01
4.505483210086822510e-01
4.492470324039459229e-01
4.479522705078125000e-01
4.466579854488372803e-01
4.453651010990142822e-01
4.440777003765106201e-01
4.427936375141143799e-01
4.415197372436523438e-01
4.402962028980255127e-01
4.390757083892822266e-01
4.378608763217926025e-01
4.366477429866790771e-01
4.354443848133087158e-01
4.342392086982727051e-01
4.330382943153381348e-01
4.318401813507080078e-01
4.306450784206390381e-01
4.294593930244445801e-01
4.282719194889068604e-01
4.270884394645690918e-01
4.259077906608581543e-01
4.247312545776367188e-01
4.235573709011077881e-01
4.223900437355041504e-01
4.212240874767303467e-01
4.200600981712341309e-01
4.189001321792602539e-01
4.177426695823669434e-01
4.165914654731750488e-01
4.154416620731353760e-01
4.142937362194061279e-01
4.131496250629425049e-01
4.120078384876251221e-01
4.108699560165405273e-01
4.097379446029663086e-01
4.086053073406219482e-01
4.074763953685760498e-01
4.063497781753540039e-01
4.052267670631408691e-01
4.041095674037933350e-01
4.029930233955383301e-01
4.018773734569549561e-01
4.007652103900909424e-01
3.996565937995910645e-01
3.985500633716583252e-01
3.974510431289672852e-01
3.963494896888732910e-01
3.952511847019195557e-01
3.941563665866851807e-01
3.930635154247283936e-01
3.919773697853088379e-01
3.908898234367370605e-01
3.898062705993652344e-01
3.887232840061187744e-01
3.876435458660125732e-01
3.865671753883361816e-01
3.854957222938537598e-01
3.845492005348205566e-01
3.836262822151184082e-01
3.827053308486938477e-01
3.817860484123229980e-01
3.808737695217132568e-01
3.799608647823333740e-01
3.790489137172698975e-01
3.781404197216033936e-01
3.772347569465637207e-01
3.763301372528076172e-01
3.754322826862335205e-01
3.745338320732116699e-01
3.736357986927032471e-01
3.727419972419738770e-01
3.718490004539489746e-01
3.709599077701568604e-01
3.700759708881378174e-01
3.691893815994262695e-01
3.683069944381713867e-01
3.674268424510955811e-01
3.665475845336914062e-01
3.656719028949737549e-01
3.648007512092590332e-01
3.639279901981353760e-01
3.630588352680206299e-01
3.621919155120849609e-01
3.613252043724060059e-01
3.604624867439270020e-01
3.596033453941345215e-01
3.587448894977569580e-01
3.578885793685913086e-01
3.570324778556823730e-01
3.561803102493286133e-01
3.553302586078643799e-01
3.544835746288299561e-01
3.536376655101776123e-01
3.527932167053222656e-01
3.519499897956848145e-01
3.511102199554443359e-01
3.502723872661590576e-01
3.494378328323364258e-01
3.486035764217376709e-01
3.477704226970672607e-01
3.469407260417938232e-01
3.461129665374755859e-01
3.452858030796051025e-01
3.444640338420867920e-01
3.436421751976013184e-01
3.428209722042083740e-01
3.420031070709228516e-01
3.411871492862701416e-01
3.403713107109069824e-01
3.395765721797943115e-01
3.387846052646636963e-01
3.379940092563629150e-01
3.372072875499725342e-01
3.364205658435821533e-01
3.356361985206604004e-01
3.348561227321624756e-01
3.340764343738555908e-01
3.332977294921875000e-01
3.325204849243164062e-01
3.317455649375915527e-01
3.309740126132965088e-01
3.302047252655029297e-01
3.294354677200317383e-01
3.286691904067993164e-01
3.279037177562713623e-01
3.271402120590209961e-01
3.263780772686004639e-01
3.256197571754455566e-01
3.248641490936279297e-01
3.241077959537506104e-01
3.233551979064941406e-01
3.226026892662048340e-01
3.218525052070617676e-01
3.211042881011962891e-01
3.203589320182800293e-01
3.196166753768920898e-01
3.188737928867340088e-01
3.181347548961639404e-01
3.173961937427520752e-01
3.166591823101043701e-01
3.159245252609252930e-01
3.151928484439849854e-01
3.144642114639282227e-01
3.137354850769042969e-01
3.130097687244415283e-01
3.122850358486175537e-01
3.115619421005249023e-01
3.108412623405456543e-01
3.101240396499633789e-01
3.094089329242706299e-01
3.086943030357360840e-01
3.079813420772552490e-01
3.072723448276519775e-01
3.065639138221740723e-01
3.058572113513946533e-01
3.051544427871704102e-01
3.044542372226715088e-01
3.037537932395935059e-01
3.030559718608856201e-01
3.023613095283508301e-01
3.016677498817443848e-01
3.009763956069946289e-01
3.002882897853851318e-01
2.996030151844024658e-01
2.988944351673126221e-01
2.981679737567901611e-01
2.974438071250915527e-01
2.967204153537750244e-01
2.960004508495330811e-01
2.952831983566284180e-01
2.945699393749237061e-01
2.938559651374816895e-01
2.931457757949829102e-01
2.924376428127288818e-01
2.917308807373046875e-01
2.910279929637908936e-01
2.903275191783905029e-01
2.896296679973602295e-01
2.889341711997985840e-01
2.882408797740936279e-01
2.875504493713378906e-01
2.868611216545104980e-01
2.861759066581726074e-01
2.854932546615600586e-01
2.848128080368041992e-01
2.841354012489318848e-01
2.834606468677520752e-01
2.827872037887573242e-01
2.821179032325744629e-01
2.814513444900512695e-01
2.807871699333190918e-01
2.801247239112854004e-01
2.794665396213531494e-01
2.788124680519104004e-01
2.781585454940795898e-01
2.775085866451263428e-01
2.768619060516357422e-01
2.762182056903839111e-01
2.755759656429290771e-01
2.749382555484771729e-01
2.743035554885864258e-01
2.736701071262359619e-01
2.730426192283630371e-01
2.724171578884124756e-01
2.717933952808380127e-01
2.711742520332336426e-01
2.705579698085784912e-01
2.699452936649322510e-01
2.693344056606292725e-01
2.687282860279083252e-01
2.681263685226440430e-01
2.675254642963409424e-01
2.669290602207183838e-01
2.663364112377166748e-01
2.657457590103149414e-01
2.651601135730743408e-01
2.645778954029083252e-01
2.639989554882049561e-01
2.634224891662597656e-01
2.628517448902130127e-01
2.622839808464050293e-01
2.617184221744537354e-01
2.611581087112426758e-01
2.606312036514282227e-01
2.601158320903778076e-01
2.596042454242706299e-01
2.590964436531066895e-01
2.585924863815307617e-01
2.580928504467010498e-01
2.575966417789459229e-01
2.571044266223907471e-01
2.566161155700683594e-01
2.561318278312683105e-01
2.556513249874114990e-01
2.551751434803009033e-01
2.547031044960021973e-01
2.542353868484497070e-01
2.537716031074523926e-01
2.533120512962341309e-01
2.528567612171173096e-01
2.524057328701019287e-01
2.519590258598327637e-01
2.515166699886322021e-01
2.510783970355987549e-01
2.506448328495025635e-01
2.502156794071197510e-01
2.497910261154174805e-01
2.493708878755569458e-01
2.489553242921829224e-01
2.485443204641342163e-01
2.481379359960556030e-01
2.477362304925918579e-01
2.473392039537429810e-01
2.469469010829925537e-01
2.465591132640838623e-01
2.461763471364974976e-01
2.457984089851379395e-01
2.454248666763305664e-01
2.450566291809082031e-01
2.446933090686798096e-01
2.443349212408065796e-01
2.439815402030944824e-01
2.436331510543823242e-01
2.432884275913238525e-01
2.429499477148056030e-01
2.426167726516723633e-01
2.422887384891510010e-01
2.419658601284027100e-01
2.416481673717498779e-01
2.413348108530044556e-01
2.410275489091873169e-01
2.407255619764328003e-01
2.404288649559020996e-01
2.401375025510787964e-01
2.398512810468673706e-01
2.395706474781036377e-01
2.392954230308532715e-01
2.390256077051162720e-01
2.387612611055374146e-01
2.385023832321166992e-01
2.382490038871765137e-01
2.379997968673706055e-01
2.377574443817138672e-01
2.375206500291824341e-01
2.372894585132598877e-01
2.370700687170028687e-01
2.368712127208709717e-01
2.366778403520584106e-01
2.364903092384338379e-01
2.363084703683853149e-01
2.361323237419128418e-01
2.359618693590164185e-01
2.357971519231796265e-01
2.356361299753189087e-01
2.354827970266342163e-01
2.353352010250091553e-01
2.351933568716049194e-01
2.350572496652603149e-01
2.349268645048141479e-01
2.348021417856216431e-01
2.346832901239395142e-01
2.345702052116394043e-01
2.344629168510437012e-01
2.343613803386688232e-01
2.342656254768371582e-01
2.341731339693069458e-01
2.340889275074005127e-01
2.340105026960372925e-01
2.339378595352172852e-01
2.338710576295852661e-01
2.338100224733352661e-01
2.337546795606613159e-01
2.337053418159484863e-01
2.336618006229400635e-01
2.336241006851196289e-01
2.335923016071319580e-01
2.335663437843322754e-01
2.335461080074310303e-01
2.335319370031356812e-01
2.335225790739059448e-01
2.335202693939208984e-01
2.335239499807357788e-01
2.335336655378341675e-01
2.335492521524429321e-01
2.335677444934844971e-01
2.335956096649169922e-01
2.336295694112777710e-01
2.336697280406951904e-01
2.337160855531692505e-01
2.337686866521835327e-01
2.338277399539947510e-01
2.338931858539581299e-01
2.339652031660079956e-01
2.340437471866607666e-01
2.341289669275283813e-01
2.342208623886108398e-01
2.343197017908096313e-01
2.344255447387695312e-01
2.345385551452636719e-01
2.346587330102920532e-01
2.347862869501113892e-01
2.349214106798171997e-01
2.350641787052154541e-01
2.352148890495300293e-01
2.353737205266952515e-01
2.355363368988037109e-01
2.357119023799896240e-01
2.358962744474411011e-01
2.360896170139312744e-01
2.362923324108123779e-01
2.365047037601470947e-01
2.367270290851593018e-01
2.370007187128067017e-01
2.373049706220626831e-01
2.376199960708618164e-01
2.379451096057891846e-01
2.382827401161193848e-01
2.386326193809509277e-01
2.389950901269912720e-01
2.393708974123001099e-01
2.397603988647460938e-01
2.401646375656127930e-01
2.405841946601867676e-01
2.410196512937545776e-01
2.414721548557281494e-01
2.419353425502777100e-01
2.424230426549911499e-01
2.429315298795700073e-01
2.434608042240142822e-01
2.440119236707687378e-01
2.445859611034393311e-01
2.451845109462738037e-01
2.458088248968124390e-01
2.464601546525955200e-01
2.471404373645782471e-01
2.478510588407516479e-01
2.485927045345306396e-01
2.493692636489868164e-01
2.501819133758544922e-01
2.510325908660888672e-01
2.519232034683227539e-01
2.528569400310516357e-01
2.538354992866516113e-01
2.548615336418151855e-01
2.559387683868408203e-01
2.570689022541046143e-01
2.582548558712005615e-01
2.595015168190002441e-01
2.608117759227752686e-01
2.621890008449554443e-01
2.636366784572601318e-01
2.651596963405609131e-01
2.667610645294189453e-01
2.684457898139953613e-01
2.702183127403259277e-01
2.720828652381896973e-01
2.740432024002075195e-01
2.761061489582061768e-01
2.782762348651885986e-01
2.805570960044860840e-01
2.829540669918060303e-01
2.854724526405334473e-01
2.881153821945190430e-01
2.908875346183776855e-01
2.937930822372436523e-01
2.968343794345855713e-01
3.000131249427795410e-01
3.033333122730255127e-01
3.067932724952697754e-01
3.103928565979003906e-01
3.141288459300994873e-01
3.179986178874969482e-01
3.219937682151794434e-01
3.261059224605560303e-01
3.303247094154357910e-01
3.346340060234069824e-01
3.390170335769653320e-01
3.434548377990722656e-01
3.479200303554534912e-01
3.523874580860137939e-01
3.568243682384490967e-01
3.611992895603179932e-01
3.654736578464508057e-01
3.696082830429077148e-01
3.735579848289489746e-01
3.772796094417572021e-01
3.807359337806701660e-01
3.838903605937957764e-01
3.867079913616180420e-01
3.891591727733612061e-01
3.912194371223449707e-01
3.928682804107666016e-01
3.940930962562561035e-01
3.948878943920135498e-01
3.952529132366180420e-01
3.951944112777709961e-01
3.947254419326782227e-01
3.938636481761932373e-01
3.926331102848052979e-01
3.910601139068603516e-01
3.891737461090087891e-01
3.870064020156860352e-01
3.845902085304260254e-01
3.819581568241119385e-01
3.791422843933105469e-01
3.761741518974304199e-01
3.730834722518920898e-01
3.698977828025817871e-01
3.666428327560424805e-01
3.633419871330261230e-01
3.600154817104339600e-01
3.566832244396209717e-01
3.533608913421630859e-01
3.500624597072601318e-01
3.467992246150970459e-01
3.435820341110229492e-01
3.404189050197601318e-01
3.373163640499114990e-01
3.342814743518829346e-01
3.312932550907135010e-01
3.284026086330413818e-01
3.255881071090698242e-01
3.228513300418853760e-01
3.201927840709686279e-01
3.176119029521942139e-01
3.151088654994964600e-01
3.126826286315917969e-01
3.103318214416503906e-01
3.080566823482513428e-01
3.058532476425170898e-01
3.037207424640655518e-01
3.016574084758758545e-01
2.996612787246704102e-01
2.977307736873626709e-01
2.958626747131347656e-01
2.940551936626434326e-01
2.923064827919006348e-01
2.906146943569183350e-01
2.889785468578338623e-01
2.873939871788024902e-01
2.858599424362182617e-01
2.843758761882781982e-01
2.829377055168151855e-01
2.815455794334411621e-01
2.801959812641143799e-01
2.788880467414855957e-01
2.776200771331787109e-01
2.763828635215759277e-01
2.751920521259307861e-01
2.740357220172882080e-01
2.729135155677795410e-01
2.718243896961212158e-01
2.707668542861938477e-01
2.697408497333526611e-01
2.687430381774902344e-01
2.677734792232513428e-01
2.668309509754180908e-01
2.659146189689636230e-01
2.650246322154998779e-01
2.641605138778686523e-01
2.633569240570068359e-01
2.625757157802581787e-01
2.618147730827331543e-01
2.610755562782287598e-01
2.603550851345062256e-01
2.596550285816192627e-01
2.589734792709350586e-01
2.583087980747222900e-01
2.576626241207122803e-01
2.570289075374603271e-01
2.564159333705902100e-01
2.558187246322631836e-01
2.552356123924255371e-01
2.546684145927429199e-01
2.541144490242004395e-01
2.535755932331085205e-01
2.530502080917358398e-01
2.525368332862854004e-01
2.520373761653900146e-01
2.515491843223571777e-01
2.510742247104644775e-01
2.506088912487030029e-01
2.501572370529174805e-01
2.497168034315109253e-01
2.492860704660415649e-01
2.488671541213989258e-01
2.484574317932128906e-01
2.480590045452117920e-01
2.476705014705657959e-01
2.472905218601226807e-01
2.469211816787719727e-01
2.465599626302719116e-01
2.462090104818344116e-01
2.458650618791580200e-01
2.455318272113800049e-01
2.452071756124496460e-01
2.448897957801818848e-01
2.445818334817886353e-01
2.442808449268341064e-01
2.439890503883361816e-01
2.437050938606262207e-01
2.434283792972564697e-01
2.431598454713821411e-01
2.428976446390151978e-01
2.426440268754959106e-01
2.423966228961944580e-01
2.421576529741287231e-01
2.419257909059524536e-01
2.416998445987701416e-01
2.414820790290832520e-01
2.412700355052947998e-01
2.410659790039062500e-01
2.408687621355056763e-01
2.406770288944244385e-01
2.404931187629699707e-01
2.403146624565124512e-01
2.401439100503921509e-01
2.399803251028060913e-01
2.398213893175125122e-01
2.396701276302337646e-01
2.395239919424057007e-01
2.393853664398193359e-01
2.392525225877761841e-01
2.391264885663986206e-01
2.390067130327224731e-01
2.388920336961746216e-01
2.387847155332565308e-01
2.386823743581771851e-01
2.385885566473007202e-01
2.384998202323913574e-01
2.384160161018371582e-01
2.383394986391067505e-01
2.382679730653762817e-01
2.382036596536636353e-01
2.381443381309509277e-01
2.380923032760620117e-01
2.380463182926177979e-01
2.380052506923675537e-01
2.379731684923171997e-01
2.379443496465682983e-01
2.379228323698043823e-01
2.379119545221328735e-01
2.379625886678695679e-01
2.380190789699554443e-01
2.380810081958770752e-01
2.381505668163299561e-01
2.382267713546752930e-01
2.383069545030593872e-01
2.383926659822463989e-01
2.384858876466751099e-01
2.385839223861694336e-01
2.386879473924636841e-01
2.387986630201339722e-01
2.389169335365295410e-01
2.390389442443847656e-01
2.391670495271682739e-01
2.393022626638412476e-01
2.394419014453887939e-01
2.395881712436676025e-01
2.397415935993194580e-01
2.399025708436965942e-01
2.400667220354080200e-01
2.402373999357223511e-01
2.404153496026992798e-01
2.405983358621597290e-01
2.407875955104827881e-01
2.409826368093490601e-01
2.411883175373077393e-01
2.413963228464126587e-01
2.416104972362518311e-01
2.418317496776580811e-01
2.420586198568344116e-01
2.422917336225509644e-01
2.425311952829360962e-01
2.427781224250793457e-01
2.430333942174911499e-01
2.432920783758163452e-01
2.435571998357772827e-01
2.438299804925918579e-01
2.441076636314392090e-01
2.443921864032745361e-01
2.446844130754470825e-01
2.449855506420135498e-01
2.452894300222396851e-01
2.456002086400985718e-01
2.459186166524887085e-01
2.462424635887145996e-01
2.465729266405105591e-01
2.469098865985870361e-01
2.472587078809738159e-01
2.476091235876083374e-01
2.479663789272308350e-01
2.483310699462890625e-01
2.487015873193740845e-01
2.490788996219635010e-01
2.494628727436065674e-01
2.498545944690704346e-01
2.502561807632446289e-01
2.506605684757232666e-01
2.510726153850555420e-01
2.514903843402862549e-01
2.519147694110870361e-01
2.523461282253265381e-01
2.527853250503540039e-01
2.532350420951843262e-01
2.536865472793579102e-01
2.541451454162597656e-01
2.546115517616271973e-01
2.550837397575378418e-01
2.555626332759857178e-01
2.560541629791259766e-01
2.565467953681945801e-01
2.570460736751556396e-01
2.575521469116210938e-01
2.580659389495849609e-01
2.585907876491546631e-01
2.591171860694885254e-01
2.596503794193267822e-01
2.601911723613739014e-01
2.607375681400299072e-01
2.612907588481903076e-01
2.618572115898132324e-01
2.624237537384033203e-01
2.629967033863067627e-01
2.635766267776489258e-01
2.641638815402984619e-01
2.647624313831329346e-01
2.653619945049285889e-01
2.659678161144256592e-01
2.665810286998748779e-01
2.672206163406372070e-01
2.678780555725097656e-01
2.685341238975524902e-01
2.691963613033294678e-01
2.698642313480377197e-01
2.705372571945190430e-01
2.712219655513763428e-01
2.719057202339172363e-01
2.725946009159088135e-01
2.732877731323242188e-01
2.739869952201843262e-01
2.746976613998413086e-01
2.754068374633789062e-01
2.761210203170776367e-01
2.768402099609375000e-01
2.775640785694122314e-01
2.782985270023345947e-01
2.790321111679077148e-01
2.797700762748718262e-01
2.805126011371612549e-01
2.812598645687103271e-01
2.820183336734771729e-01
2.827742695808410645e-01
2.835339307785034180e-01
2.842983901500701904e-01
2.850670516490936279e-01
2.858396768569946289e-01
2.866237759590148926e-01
2.874045073986053467e-01
2.881890833377838135e-01
2.889768183231353760e-01
2.897688150405883789e-01
2.905718386173248291e-01
2.913711965084075928e-01
2.921737432479858398e-01
2.929797172546386719e-01
2.937891185283660889e-01
2.946086227893829346e-01
2.954242229461669922e-01
2.962427735328674316e-01
2.970645725727081299e-01
2.978887856006622314e-01
2.987235486507415771e-01
2.995528578758239746e-01
3.003852963447570801e-01
3.012200295925140381e-01
3.020573258399963379e-01
3.029044270515441895e-01
3.037460744380950928e-01
3.045897781848907471e-01
3.054349422454833984e-01
3.062823712825775146e-01
3.071397542953491211e-01
3.079907894134521484e-01
3.088432252407073975e-01
3.096972107887268066e-01
3.105608522891998291e-01
3.114170134067535400e-01
3.122747838497161865e-01
3.131335675716400146e-01
3.140017986297607422e-01
3.148624002933502197e-01
3.157237172126770020e-01
3.165859878063201904e-01
3.174564540386199951e-01
3.183194696903228760e-01
3.191830515861511230e-01
3.200465142726898193e-01
3.209185004234313965e-01
3.217825591564178467e-01
3.226463198661804199e-01
3.235093355178833008e-01
3.243808746337890625e-01
3.252440094947814941e-01
3.261063098907470703e-01
3.269680738449096680e-01
3.278376162052154541e-01
3.286980390548706055e-01
3.295570611953735352e-01
3.304155766963958740e-01
3.312812447547912598e-01
3.321374654769897461e-01
3.329921960830688477e-01
3.338457047939300537e-01
3.347060084342956543e-01
3.355562090873718262e-01
3.364050090312957764e-01
3.372518420219421387e-01
3.381052017211914062e-01
3.389485776424407959e-01
3.397894203662872314e-01
3.406282961368560791e-01
3.414733111858367920e-01
3.423075973987579346e-01
3.431393802165985107e-01
3.439806401729583740e-01
3.448158204555511475e-01
3.456473946571350098e-01
3.464755713939666748e-01
3.473087549209594727e-01
3.481298387050628662e-01
3.489471673965454102e-01
3.497607707977294922e-01
3.505788743495941162e-01
3.513845801353454590e-01
3.521861433982849121e-01
3.529839217662811279e-01
3.537856936454772949e-01
3.545748591423034668e-01
3.553597927093505859e-01
3.561403453350067139e-01
3.569247424602508545e-01
3.576964139938354492e-01
3.584631979465484619e-01
3.592254519462585449e-01
3.599916696548461914e-01
3.607443571090698242e-01
3.614923059940338135e-01
3.622355759143829346e-01
3.629822432994842529e-01
3.637153804302215576e-01
3.644435703754425049e-01
3.651669621467590332e-01
3.658931255340576172e-01
3.666060268878936768e-01
3.673138022422790527e-01
3.680161833763122559e-01
3.687215447425842285e-01
3.694133460521697998e-01
3.700999021530151367e-01
3.707810640335083008e-01
3.714648485183715820e-01
3.721351027488708496e-01
3.727997541427612305e-01
3.734669089317321777e-01
3.741208016872406006e-01
3.747687935829162598e-01
3.754193186759948730e-01
3.760563433170318604e-01
3.766875267028808594e-01
3.773209154605865479e-01
3.779409229755401611e-01
3.785552978515625000e-01
3.791717588901519775e-01
3.797743618488311768e-01
3.803718090057373047e-01
3.809707760810852051e-01
3.815565407276153564e-01
3.821365237236022949e-01
3.827183842658996582e-01
3.832866251468658447e-01
3.838492631912231445e-01
3.844139277935028076e-01
3.849650621414184570e-01
3.855101466178894043e-01
3.860576748847961426e-01
3.865912258625030518e-01
3.871192336082458496e-01
3.876490592956542969e-01
3.881657719612121582e-01
3.886763751506805420e-01
3.891815543174743652e-01
3.896881043910980225e-01
3.901819288730621338e-01
3.906696438789367676e-01
3.911593556404113770e-01
3.916359245777130127e-01
3.921067118644714355e-01
3.925791084766387939e-01
3.930386900901794434e-01
3.934927284717559814e-01
3.939482867717742920e-01
3.943908214569091797e-01
3.948283195495605469e-01
3.952667415142059326e-01
3.956929445266723633e-01
3.961133360862731934e-01
3.965356349945068359e-01
3.969451487064361572e-01
3.973493278026580811e-01
3.977551162242889404e-01
3.981485366821289062e-01
3.985362648963928223e-01
3.989255726337432861e-01
3.993029296398162842e-01
3.996749520301818848e-01
4.000481665134429932e-01
4.004096388816833496e-01
4.007660150527954102e-01
4.011169373989105225e-01
4.014691412448883057e-01
4.018102884292602539e-01
4.021455347537994385e-01
4.024825990200042725e-01
4.028078615665435791e-01
4.031284451484680176e-01
4.034500718116760254e-01
4.037603735923767090e-01
4.040701091289520264e-01
4.044334888458251953e-01
4.047865271568298340e-01
4.051360487937927246e-01
4.054875969886779785e-01
4.058293700218200684e-01
4.061678647994995117e-01
4.065086841583251953e-01
4.068393111228942871e-01
4.071666300296783447e-01
4.074967801570892334e-01
4.078168570995330811e-01
4.081332385540008545e-01
4.084521830081939697e-01
4.087616503238677979e-01
4.090676903724670410e-01
4.093761742115020752e-01
4.096747934818267822e-01
4.099762141704559326e-01
4.102682471275329590e-01
4.105569124221801758e-01
4.108473956584930420e-01
4.111292958259582520e-01
4.114135801792144775e-01
4.116886854171752930e-01
4.119597077369689941e-01
4.122338593006134033e-01
4.124989807605743408e-01
4.127663373947143555e-01
4.130249023437500000e-01
4.132793843746185303e-01
4.135370552539825439e-01
4.137856066226959229e-01
4.140309989452362061e-01
4.142784178256988525e-01
4.145172834396362305e-01
4.147588610649108887e-01
4.149914979934692383e-01
4.152205586433410645e-01
4.154524505138397217e-01
4.156756401062011719e-01
4.159014225006103516e-01
4.161179363727569580e-01
4.163320660591125488e-01
4.165484011173248291e-01
4.167563915252685547e-01
4.169666469097137451e-01
4.171679019927978516e-01
4.173670113086700439e-01
4.175682067871093750e-01
4.177612960338592529e-01
4.179559051990509033e-01
4.181432127952575684e-01
4.183273315429687500e-01
4.185135960578918457e-01
4.186915159225463867e-01
4.188721776008605957e-01
4.190448522567749023e-01
4.192146062850952148e-01
4.193862080574035645e-01
4.195502102375030518e-01
4.197115004062652588e-01
4.198751747608184814e-01
4.200308620929718018e-01
4.201881885528564453e-01
4.203384518623352051e-01
4.204860329627990723e-01
4.206354618072509766e-01
4.207769930362701416e-01
4.209210276603698730e-01
4.210576117038726807e-01
4.211916327476501465e-01
4.213269054889678955e-01
4.214556217193603516e-01
4.215860664844512939e-01
4.217095673084259033e-01
4.218295514583587646e-01
4.219520986080169678e-01
4.220676422119140625e-01
4.221850335597991943e-01
4.222953915596008301e-01
4.224023818969726562e-01
4.225121140480041504e-01
4.226146042346954346e-01
4.227189719676971436e-01
4.228159785270690918e-01
4.229109585285186768e-01
4.230077564716339111e-01
4.230977892875671387e-01
4.231846928596496582e-01
4.232738912105560303e-01
4.233563542366027832e-01
4.234407544136047363e-01
4.235176444053649902e-01
4.235928952693939209e-01
4.236697256565093994e-01
4.237400889396667480e-01
4.238112866878509521e-01
4.238767921924591064e-01
4.239438772201538086e-01
4.240044951438903809e-01
4.240667223930358887e-01
4.241219758987426758e-01
4.241794049739837646e-01
4.242305159568786621e-01
4.242832064628601074e-01
4.243290126323699951e-01
4.243768155574798584e-01
4.244187474250793457e-01
4.244580864906311035e-01
4.244983792304992676e-01
4.245331883430480957e-01
4.245692789554595947e-01
4.246209263801574707e-01
4.246798753738403320e-01
4.247322678565979004e-01
4.247866272926330566e-01
4.248350858688354492e-01
4.248849153518676758e-01
4.249289035797119141e-01
4.249740242958068848e-01
4.250136017799377441e-01
4.250535964965820312e-01
4.250885844230651855e-01
4.251214265823364258e-01
4.251554310321807861e-01
4.251837730407714844e-01
4.252132177352905273e-01
4.252372682094573975e-01
4.252621531486511230e-01
4.252810180187225342e-01
4.253016710281372070e-01
4.253168106079101562e-01
4.253329336643218994e-01
4.253437519073486328e-01
4.253554940223693848e-01
4.253618717193603516e-01
4.253692030906677246e-01
4.253706037998199463e-01
4.253704845905303955e-01
4.253713190555572510e-01
4.253669381141662598e-01
4.253633916378021240e-01
4.253546893596649170e-01
4.253468215465545654e-01
4.253337979316711426e-01
4.253208339214324951e-01
4.253035783767700195e-01
4.252870380878448486e-01
4.252655208110809326e-01
4.252446591854095459e-01
4.252188801765441895e-01
4.251937568187713623e-01
4.251630306243896484e-01
4.251309633255004883e-01
4.250993728637695312e-01
4.250629842281341553e-01
4.250272810459136963e-01
4.249867200851440430e-01
4.249466359615325928e-01
4.249019324779510498e-01
4.248569905757904053e-01
4.248080551624298096e-01
4.247595369815826416e-01
4.247063994407653809e-01
4.246536791324615479e-01
4.245963990688323975e-01
4.245395362377166748e-01
4.244781136512756348e-01
4.244139194488525391e-01
4.243507087230682373e-01
4.242831468582153320e-01
4.242157936096191406e-01
4.241439998149871826e-01
4.240725040435791016e-01
4.239966273307800293e-01
4.239202141761779785e-01
4.238402843475341797e-01
4.237604141235351562e-01
4.236763715744018555e-01
4.235924184322357178e-01
4.235042035579681396e-01
4.234161078929901123e-01
4.233238697052001953e-01
4.232309460639953613e-01
4.231346547603607178e-01
4.230383038520812988e-01
4.229399263858795166e-01
4.228375256061553955e-01
4.227350354194641113e-01
4.226285219192504883e-01
4.225219488143920898e-01
4.224107265472412109e-01
4.223000407218933105e-01
4.221855401992797852e-01
4.220708012580871582e-01
4.219522476196289062e-01
4.218334853649139404e-01
4.217126071453094482e-01
4.215872883796691895e-01
4.214624166488647461e-01
4.213338494300842285e-01
4.212048947811126709e-01
4.210723340511322021e-01
4.209393858909606934e-01
4.208028018474578857e-01
4.206657707691192627e-01
4.205245673656463623e-01
4.203835427761077881e-01
4.202404916286468506e-01
4.200940430164337158e-01
4.199469983577728271e-01
4.197965562343597412e-01
4.196455478668212891e-01
4.194911420345306396e-01
4.193353950977325439e-01
4.191770553588867188e-01
4.190180897712707520e-01
4.188558161258697510e-01
4.186928570270538330e-01
4.185279607772827148e-01
4.183598160743713379e-01
4.181902110576629639e-01
4.180181324481964111e-01
4.178453087806701660e-01
4.176693558692932129e-01
4.174925982952117920e-01
4.173127412796020508e-01
4.171320796012878418e-01
4.169493913650512695e-01
4.167630374431610107e-01
4.165764749050140381e-01
4.163869321346282959e-01
4.161964952945709229e-01
4.160031080245971680e-01
4.158153235912322998e-01
4.156442880630493164e-01
4.154714643955230713e-01
4.152958095073699951e-01
4.151197969913482666e-01
4.149411320686340332e-01
4.147596955299377441e-01
4.145778119564056396e-01
4.143925309181213379e-01
4.142060279846191406e-01
4.140176177024841309e-01
4.138272702693939209e-01
4.136342704296112061e-01
4.134407937526702881e-01
4.132439792156219482e-01
4.130458831787109375e-01
4.128465950489044189e-01
4.126440584659576416e-01
4.124402105808258057e-01
4.122346043586730957e-01
4.120269417762756348e-01
4.118168354034423828e-01
4.116060435771942139e-01
4.113921523094177246e-01
4.111776053905487061e-01
4.109599590301513672e-01
4.107408523559570312e-01
4.105205833911895752e-01
4.102973341941833496e-01
4.100725650787353516e-01
4.098463058471679688e-01
4.096177816390991211e-01
4.093870520591735840e-01
4.091555178165435791e-01
4.089213609695434570e-01
4.086851179599761963e-01
4.084479510784149170e-01
4.082080423831939697e-01
4.079664349555969238e-01
4.077237248420715332e-01
4.074782729148864746e-01
4.072311520576477051e-01
4.069828987121582031e-01
4.067319929599761963e-01
4.064793288707733154e-01
4.062255620956420898e-01
4.059692323207855225e-01
4.057111144065856934e-01
4.054519236087799072e-01
4.051901400089263916e-01
4.049265682697296143e-01
4.046619832515716553e-01
4.043948352336883545e-01
4.041258394718170166e-01
4.038559198379516602e-01
4.035833477973937988e-01
4.033091962337493896e-01
4.030337929725646973e-01
4.027559161186218262e-01
4.024764895439147949e-01
4.021957814693450928e-01
4.019125699996948242e-01
4.016278982162475586e-01
4.013419449329376221e-01
4.010534584522247314e-01
4.007636010646820068e-01
4.004724025726318359e-01
4.001791179180145264e-01
3.998837172985076904e-01
3.995873332023620605e-01
3.992888927459716797e-01
3.989883661270141602e-01
3.986868262290954590e-01
3.983833491802215576e-01
3.980776965618133545e-01
3.977715969085693359e-01
3.974625766277313232e-01
3.971518278121948242e-01
3.968407511711120605e-01
3.965266644954681396e-01
3.962109386920928955e-01
3.958948552608489990e-01
3.955758512020111084e-01
3.952551186084747314e-01
3.949341773986816406e-01
3.946101665496826172e-01
3.942852914333343506e-01
3.939587473869323730e-01
3.936299085617065430e-01
3.933008909225463867e-01
3.929688036441802979e-01
3.926351368427276611e-01
3.923013508319854736e-01
3.919644951820373535e-01
3.916268646717071533e-01
3.912875652313232422e-01
3.909459114074707031e-01
3.906036615371704102e-01
3.902596235275268555e-01
3.899133205413818359e-01
3.895663917064666748e-01
3.892177641391754150e-01
3.888668119907379150e-01
3.885153234004974365e-01
3.881620764732360840e-01
3.878076374530792236e-01
3.874506652355194092e-01
3.870928287506103516e-01
3.867339193820953369e-01
3.863724172115325928e-01
3.860101699829101562e-01
3.856467902660369873e-01
3.852809071540832520e-01
3.849142193794250488e-01
3.845465779304504395e-01
3.841762542724609375e-01
3.838064670562744141e-01
3.834332823753356934e-01
3.830587267875671387e-01
3.826846480369567871e-01
3.823072314262390137e-01
3.819284141063690186e-01
3.815502226352691650e-01
3.811686038970947266e-01
3.807855546474456787e-01
3.804032504558563232e-01
3.800174593925476074e-01
3.796303868293762207e-01
3.792425990104675293e-01
3.788541853427886963e-01
3.784630000591278076e-01
3.780712187290191650e-01
3.776788413524627686e-01
3.772836923599243164e-01
3.768846392631530762e-01
3.764588832855224609e-01
3.760324120521545410e-01
3.756038546562194824e-01
3.751732707023620605e-01
3.747434020042419434e-01
3.743101060390472412e-01
3.738760054111480713e-01
3.734399974346160889e-01
3.730048239231109619e-01
3.725661337375640869e-01
3.721267580986022949e-01
3.716854155063629150e-01
3.712451159954071045e-01
3.708011209964752197e-01
3.703565895557403564e-01
3.699117004871368408e-01
3.694646954536437988e-01
3.690156042575836182e-01
3.685660362243652344e-01
3.681161701679229736e-01
3.676641583442687988e-01
3.672100603580474854e-01
3.667573630809783936e-01
3.663010001182556152e-01
3.658440113067626953e-01
3.653852045536041260e-01
3.649276793003082275e-01
3.644665181636810303e-01
3.640048205852508545e-01
3.635413646697998047e-01
3.630792498588562012e-01
3.626134693622589111e-01
3.621472716331481934e-01
3.616811037063598633e-01
3.612126410007476807e-01
3.607423305511474609e-01
3.602717220783233643e-01
3.598011136054992676e-01
3.593283593654632568e-01
3.588536977767944336e-01
3.583808243274688721e-01
3.579039871692657471e-01
3.574270308017730713e-01
3.569483160972595215e-01
3.564711213111877441e-01
3.559903800487518311e-01
