6.877291202545166016e-01
6.873008608818054199e-01
6.868719458580017090e-01
6.864429116249084473e-01
6.860149502754211426e-01
6.856607794761657715e-01
6.853266358375549316e-01
6.849899888038635254e-01
6.846510767936706543e-01
6.843092441558837891e-01
6.843332648277282715e-01
6.845614910125732422e-01
6.847844123840332031e-01
6.850010156631469727e-01
6.852127313613891602e-01
6.855438351631164551e-01
6.861016750335693359e-01
6.866587400436401367e-01
6.872135996818542480e-01
6.877667903900146484e-01
6.883189082145690918e-01
6.888105273246765137e-01
6.892986297607421875e-01
6.897878646850585938e-01
6.902784109115600586e-01
6.907696723937988281e-01
6.913195252418518066e-01
6.920018196105957031e-01
6.926874518394470215e-01
6.933763623237609863e-01
6.940683722496032715e-01
6.947633624076843262e-01
6.953710913658142090e-01
6.959004402160644531e-01
6.964331269264221191e-01
6.969686150550842285e-01
6.975073814392089844e-01
6.980485320091247559e-01
6.984525918960571289e-01
6.987484693527221680e-01
6.990455389022827148e-01
6.993445754051208496e-01
6.996434926986694336e-01
6.999430656433105469e-01
7.002393007278442383e-01
7.005299925804138184e-01
7.008209228515625000e-01
7.011119723320007324e-01
7.014030814170837402e-01
7.016937732696533203e-01
7.019621729850769043e-01
7.019056081771850586e-01
7.018461227416992188e-01
7.017850875854492188e-01
7.017208337783813477e-01
7.016548514366149902e-01
7.015854716300964355e-01
7.015705108642578125e-01
7.016081213951110840e-01
7.016434669494628906e-01
7.016768455505371094e-01
7.017075419425964355e-01
7.017356157302856445e-01
7.017612457275390625e-01
7.017025351524353027e-01
7.016121149063110352e-01
7.015174627304077148e-01
7.014198899269104004e-01
7.013191580772399902e-01
7.012149095535278320e-01
7.011083960533142090e-01
7.008950114250183105e-01
7.006401419639587402e-01
7.003817558288574219e-01
7.001198530197143555e-01
6.998543143272399902e-01
6.995852589607238770e-01
6.993126869201660156e-01
6.990389227867126465e-01
6.987661719322204590e-01
6.984888315200805664e-01
6.982080340385437012e-01
6.979246735572814941e-01
6.976367831230163574e-01
6.973453164100646973e-01
6.970513463020324707e-01
6.967588067054748535e-01
6.964638233184814453e-01
6.961643695831298828e-01
6.958621740341186523e-01
6.955553889274597168e-01
6.952461004257202148e-01
6.949324011802673340e-01
6.945622563362121582e-01
6.939907073974609375e-01
6.934157609939575195e-01
6.928372979164123535e-01
6.922553777694702148e-01
6.916697621345520020e-01
6.910809278488159180e-01
6.904885768890380859e-01
6.899321675300598145e-01
6.895692348480224609e-01
6.892037987709045410e-01
6.888342499732971191e-01
6.884622573852539062e-01
6.880860924720764160e-01
6.877067089080810547e-01
6.873248219490051270e-01
6.869388222694396973e-01
6.863815784454345703e-01
6.857819557189941406e-01
6.851787567138671875e-01
6.845731735229492188e-01
6.839631199836730957e-01
6.833499073982238770e-01
6.827339529991149902e-01
6.821140646934509277e-01
6.815040707588195801e-01
6.809629797935485840e-01
6.804198026657104492e-01
6.798728704452514648e-01
6.793237924575805664e-01
6.787712574005126953e-01
6.782167553901672363e-01
6.776593923568725586e-01
6.770985722541809082e-01
6.765544414520263672e-01
6.761106252670288086e-01
6.756643056869506836e-01
6.752153635025024414e-01
6.747640371322631836e-01
6.743111014366149902e-01
6.738550066947937012e-01
6.733966469764709473e-01
6.729359626770019531e-01
6.724731326103210449e-01
6.718439459800720215e-01
6.711731553077697754e-01
6.705005764961242676e-01
6.698250174522399902e-01
6.691485643386840820e-01
6.684700846672058105e-01
6.677892208099365234e-01
6.671072840690612793e-01
6.664230227470397949e-01
6.657442450523376465e-01
6.651391983032226562e-01
6.645319461822509766e-01
6.639242768287658691e-01
6.630281209945678711e-01
6.624159216880798340e-01
6.618037223815917969e-01
6.611897349357604980e-01
6.605757474899291992e-01
6.599607467651367188e-01
6.593443155288696289e-01
6.589104533195495605e-01
6.584836244583129883e-01
6.580562591552734375e-01
6.576284766197204590e-01
6.572014093399047852e-01
6.567730903625488281e-01
6.563448905944824219e-01
6.559164524078369141e-01
6.554878354072570801e-01
6.550594568252563477e-01
6.546658873558044434e-01
6.543203592300415039e-01
6.539751291275024414e-01
6.536302566528320312e-01
6.532858610153198242e-01
6.529419422149658203e-01
6.525985002517700195e-01
6.522556543350219727e-01
6.519134044647216797e-01
6.515718102455139160e-01
6.512310504913330078e-01
6.508992314338684082e-01
6.505792140960693359e-01
6.502600908279418945e-01
6.499422788619995117e-01
6.496253609657287598e-01
6.493098735809326172e-01
6.489955782890319824e-01
6.486824750900268555e-01
6.483708620071411133e-01
6.480605006217956543e-01
6.477516889572143555e-01
6.474444270133972168e-01
6.471027731895446777e-01
6.467615365982055664e-01
6.464211344718933105e-01
6.460831761360168457e-01
6.457460522651672363e-01
6.454115509986877441e-01
6.450780034065246582e-01
6.447471380233764648e-01
6.444172263145446777e-01
6.440901756286621094e-01
6.437642574310302734e-01
6.434412002563476562e-01
6.430701613426208496e-01
6.426997184753417969e-01
6.423313021659851074e-01
6.419657468795776367e-01
6.416013836860656738e-01
6.412390470504760742e-01
6.408800482749938965e-01
6.405224204063415527e-01
6.401672363281250000e-01
6.398145556449890137e-01
6.394653320312500000e-01
6.391176581382751465e-01
6.386334300041198730e-01
6.379830837249755859e-01
6.373353004455566406e-01
6.366904377937316895e-01
6.360481977462768555e-01
6.354100108146667480e-01
6.347738504409790039e-01
6.341410875320434570e-01
6.335120201110839844e-01
6.328865289688110352e-01
6.322661638259887695e-01
6.316490769386291504e-01
6.310366988182067871e-01
6.305007338523864746e-01
6.301016807556152344e-01
6.297101378440856934e-01
6.293246746063232422e-01
6.289482116699218750e-01
6.285794973373413086e-01
6.282218098640441895e-01
6.278741955757141113e-01
6.275405883789062500e-01
6.272208094596862793e-01
6.269195079803466797e-01
6.266377568244934082e-01
6.263819336891174316e-01
6.261553168296813965e-01
6.260132193565368652e-01
6.259474158287048340e-01
6.259449124336242676e-01
6.260289549827575684e-01
6.262366771697998047e-01
6.266351342201232910e-01
6.273614168167114258e-01
6.287990212440490723e-01
6.354503035545349121e-01
6.291117668151855469e-01
6.269663572311401367e-01
6.255350112915039062e-01
6.244726181030273438e-01
6.236416697502136230e-01
6.229590177536010742e-01
6.223480105400085449e-01
6.218249797821044922e-01
6.213676929473876953e-01
6.209636330604553223e-01
6.205995678901672363e-01
6.202692985534667969e-01
6.199650168418884277e-01
6.196804642677307129e-01
6.194136142730712891e-01
6.191589236259460449e-01
6.189158558845520020e-01
6.186801195144653320e-01
6.184520125389099121e-01
6.182289719581604004e-01
6.180081963539123535e-01
6.177837252616882324e-01
6.175626516342163086e-01
6.173425316810607910e-01
6.171236038208007812e-01
6.169056892395019531e-01
6.166890859603881836e-01
6.164721250534057617e-01
6.162551045417785645e-01
6.160382032394409180e-01
6.158223152160644531e-01
6.156053543090820312e-01
6.153883934020996094e-01
6.151722073554992676e-01
6.149551868438720703e-01
6.147380471229553223e-01
6.145339012145996094e-01
6.143808960914611816e-01
6.142269968986511230e-01
6.140740513801574707e-01
6.139202713966369629e-01
6.137678027153015137e-01
6.136146187782287598e-01
6.134627461433410645e-01
6.133105158805847168e-01
6.131597161293029785e-01
6.130087971687316895e-01
6.128594875335693359e-01
6.127103567123413086e-01
6.125621199607849121e-01
6.124156713485717773e-01
6.122695803642272949e-01
6.121255159378051758e-01
6.120050549507141113e-01
6.119111776351928711e-01
6.118191480636596680e-01
6.117277741432189941e-01
6.116376519203186035e-01
6.115497946739196777e-01
6.114624142646789551e-01
6.113767027854919434e-01
6.112934350967407227e-01
6.112108230590820312e-01
6.111300587654113770e-01
6.110509037971496582e-01
6.109744906425476074e-01
6.108990907669067383e-01
6.108255386352539062e-01
6.107546687126159668e-01
6.106849312782287598e-01
6.106173396110534668e-01
6.107432246208190918e-01
6.109074950218200684e-01
6.110730767250061035e-01
6.112400889396667480e-01
6.114087104797363281e-01
6.115779876708984375e-01
6.117497682571411133e-01
6.119229793548583984e-01
6.120976805686950684e-01
6.122744679450988770e-01
6.124527454376220703e-01
6.126328110694885254e-01
6.128136515617370605e-01
6.129972934722900391e-01
6.131827831268310547e-01
6.133702397346496582e-01
6.135594844818115234e-01
6.137507557868957520e-01
6.139564514160156250e-01
6.142110824584960938e-01
6.144686937332153320e-01
6.147279143333435059e-01
6.149895787239074707e-01
6.152535080909729004e-01
6.155195832252502441e-01
6.157882213592529297e-01
6.160592436790466309e-01
6.163325309753417969e-01
6.166083812713623047e-01
6.168864965438842773e-01
6.171669363975524902e-01
6.174498796463012695e-01
6.177352070808410645e-01
6.180238723754882812e-01
6.183143854141235352e-01
6.186071038246154785e-01
6.189023852348327637e-01
6.191999912261962891e-01
6.195754408836364746e-01
6.200174689292907715e-01
6.204624772071838379e-01
6.209098100662231445e-01
6.213601231575012207e-01
6.218128204345703125e-01
6.222683787345886230e-01
6.227262616157531738e-01
6.231871247291564941e-01
6.236505508422851562e-01
6.241161823272705078e-01
6.245847344398498535e-01
6.250554323196411133e-01
6.255286335945129395e-01
6.260043382644653320e-01
6.264817118644714355e-01
6.269623041152954102e-01
6.274453401565551758e-01
6.279307603836059570e-01
6.284185647964477539e-01
6.289086937904357910e-01
6.293700933456420898e-01
6.298199892044067383e-01
6.302732825279235840e-01
6.307279467582702637e-01
6.311859488487243652e-01
6.316453218460083008e-01
6.321079134941101074e-01
6.325718164443969727e-01
6.330388784408569336e-01
6.335071325302124023e-01
6.339784860610961914e-01
6.344509720802307129e-01
6.349265575408935547e-01
6.354030966758728027e-01
6.358826160430908203e-01
6.363626122474670410e-01
6.368460059165954590e-01
6.373297572135925293e-01
6.378168463706970215e-01
6.383041739463806152e-01
6.387947201728820801e-01
6.392854452133178711e-01
6.397535204887390137e-01
6.402065753936767578e-01
6.406609416007995605e-01
6.411157846450805664e-01
6.415728926658630371e-01
6.420306563377380371e-01
6.424892544746398926e-01
6.429500579833984375e-01
6.434107422828674316e-01
6.438727378845214844e-01
6.443361639976501465e-01
6.448000073432922363e-01
6.452641487121582031e-01
6.457306146621704102e-01
6.461963057518005371e-01
6.466634273529052734e-01
6.471312642097473145e-01
6.475991010665893555e-01
6.480681300163269043e-01
6.485370397567749023e-01
6.490062475204467773e-01
6.494768261909484863e-01
6.499468088150024414e-01
6.503793597221374512e-01
6.505454778671264648e-01
6.507120132446289062e-01
6.508778929710388184e-01
6.510435342788696289e-01
6.512089371681213379e-01
6.513740420341491699e-01
6.515390276908874512e-01
6.517035365104675293e-01
6.518676280975341797e-01
6.520313620567321777e-01
6.521946191787719727e-01
6.523573994636535645e-01
6.525197029113769531e-01
6.526814103126525879e-01
6.528425812721252441e-01
6.530023217201232910e-01
6.531623005867004395e-01
6.533215641975402832e-01
6.534795165061950684e-01
6.536373496055603027e-01
6.537944078445434570e-01
6.539502143859863281e-01
6.541056632995605469e-01
6.542602181434631348e-01
6.544085144996643066e-01
6.545224785804748535e-01
6.546359658241271973e-01
6.547483801841735840e-01
6.548608541488647461e-01
6.549727916717529297e-01
6.550835967063903809e-01
6.551943421363830566e-01
6.553038954734802246e-01
6.554133296012878418e-01
6.555221080780029297e-01
6.556295752525329590e-01
6.557360291481018066e-01
6.558425426483154297e-01
6.559476852416992188e-01
6.560525298118591309e-01
6.561566591262817383e-01
6.562591791152954102e-01
6.563613414764404297e-01
6.564620137214660645e-01
6.565617322921752930e-01
6.566604375839233398e-01
6.567586660385131836e-01
6.568552851676940918e-01
6.569508314132690430e-01
6.570458412170410156e-01
6.571391820907592773e-01
6.572391390800476074e-01
6.573459506034851074e-01
6.574527621269226074e-01
6.575567126274108887e-01
6.576601862907409668e-01
6.577618718147277832e-01
6.578624248504638672e-01
6.579606533050537109e-01
6.580587029457092285e-01
6.581538915634155273e-01
6.582475304603576660e-01
6.583403348922729492e-01
6.584313511848449707e-01
6.585209965705871582e-01
6.586081981658935547e-01
6.586951017379760742e-01
6.587789654731750488e-01
6.588619947433471680e-01
6.589424014091491699e-01
6.590219140052795410e-01
6.590989232063293457e-01
6.591749787330627441e-01
6.592483520507812500e-01
6.593207716941833496e-01
6.593905687332153320e-01
6.594592928886413574e-01
6.595253944396972656e-01
6.595904231071472168e-01
6.596522331237792969e-01
6.595934033393859863e-01
6.595286726951599121e-01
6.594623327255249023e-01
6.593934893608093262e-01
6.593237519264221191e-01
6.592522263526916504e-01
6.591790318489074707e-01
6.591032743453979492e-01
6.590265035629272461e-01
6.589480042457580566e-01
6.588677167892456055e-01
6.587855815887451172e-01
6.587007641792297363e-01
6.586149930953979492e-01
6.585273742675781250e-01
6.584378480911254883e-01
6.583459973335266113e-01
6.582519412040710449e-01
6.581566929817199707e-01
6.580592393875122070e-01
6.579601764678955078e-01
6.578583717346191406e-01
6.577550172805786133e-01
6.576501131057739258e-01
6.575431823730468750e-01
6.574343442916870117e-01
6.573222875595092773e-01
6.572093367576599121e-01
6.570944190025329590e-01
6.569771170616149902e-01
6.568660736083984375e-01
6.567650437355041504e-01
6.566608548164367676e-01
6.565557122230529785e-01
6.564485430717468262e-01
6.563382148742675781e-01
6.562269330024719238e-01
6.561127305030822754e-01
6.559969782829284668e-01
6.558793783187866211e-01
6.557589173316955566e-01
6.556370854377746582e-01
6.555129289627075195e-01
6.553857922554016113e-01
6.552576422691345215e-01
6.551262140274047852e-01
6.549937725067138672e-01
6.548588871955871582e-01
6.547212600708007812e-01
6.545820832252502441e-01
6.544407010078430176e-01
6.542965769767761230e-01
6.541508436203002930e-01
6.540023088455200195e-01
6.538522243499755859e-01
6.537000536918640137e-01
6.535447835922241211e-01
6.533882021903991699e-01
6.532292962074279785e-01
6.530673503875732422e-01
6.529041528701782227e-01
6.527377963066101074e-01
6.525701284408569336e-01
6.523287296295166016e-01
6.520435810089111328e-01
6.517554521560668945e-01
6.514661312103271484e-01
6.511748433113098145e-01
6.508806943893432617e-01
6.505852341651916504e-01
6.502877473831176758e-01
6.499873399734497070e-01
6.496858000755310059e-01
6.493820548057556152e-01
6.490762829780578613e-01
6.487675905227661133e-01
6.484577059745788574e-01
6.481456160545349121e-01
6.478307843208312988e-01
6.475145816802978516e-01
6.471962332725524902e-01
6.468758583068847656e-01
6.465525031089782715e-01
6.462278962135314941e-01
6.459011435508728027e-01
6.455715298652648926e-01
6.452405452728271484e-01
6.449074149131774902e-01
6.445721983909606934e-01
6.442341208457946777e-01
6.438946723937988281e-01
6.435531377792358398e-01
6.432085037231445312e-01
6.428627371788024902e-01
6.425147652626037598e-01
6.421647071838378906e-01
6.418117284774780273e-01
6.414572596549987793e-01
6.411227583885192871e-01
6.408358216285705566e-01
6.405459642410278320e-01
6.402548551559448242e-01
6.399616003036499023e-01
6.396663188934326172e-01
6.393690109252929688e-01
6.390687227249145508e-01
6.387672424316406250e-01
6.384635567665100098e-01
6.381579041481018066e-01
6.378501653671264648e-01
6.375396251678466797e-01
6.372277140617370605e-01
6.369138956069946289e-01
6.365978717803955078e-01
6.362799406051635742e-01
6.359591484069824219e-01
6.356371641159057617e-01
6.353130340576171875e-01
6.349869966506958008e-01
6.346588730812072754e-01
6.343280673027038574e-01
6.339959502220153809e-01
6.336619853973388672e-01
6.333258748054504395e-01
6.329879164695739746e-01
6.326470971107482910e-01
6.323052644729614258e-01
6.319612860679626465e-01
6.316155195236206055e-01
6.312677264213562012e-01
6.309173107147216797e-01
6.305657029151916504e-01
6.302122473716735840e-01
6.298567652702331543e-01
6.294991970062255859e-01
6.291400194168090820e-01
6.287537217140197754e-01
6.282333135604858398e-01
6.277111768722534180e-01
6.271880269050598145e-01
6.266628503799438477e-01
6.261355280876159668e-01
6.256064772605895996e-01
6.250250339508056641e-01
6.244907975196838379e-01
6.239554286003112793e-01
6.234178543090820312e-01
6.228785514831542969e-01
6.223383545875549316e-01
6.217957139015197754e-01
6.212514042854309082e-01
6.207059621810913086e-01
6.201583147048950195e-01
6.196089982986450195e-01
6.190580725669860840e-01
6.185054779052734375e-01
6.179512739181518555e-01
6.173967719078063965e-01
6.168393492698669434e-01
6.162802577018737793e-01
6.157195568084716797e-01
6.151572465896606445e-01
6.145940423011779785e-01
6.140285730361938477e-01
6.134614944458007812e-01
6.128935813903808594e-01
6.123241782188415527e-01
6.117524504661560059e-01
6.111798882484436035e-01
6.106051206588745117e-01
6.100288033485412598e-01
6.094516515731811523e-01
6.088723540306091309e-01
6.082915067672729492e-01
6.077099442481994629e-01
6.071270704269409180e-01
6.065418124198913574e-01
6.059558391571044922e-01
6.055030226707458496e-01
6.050766110420227051e-01
6.046499013900756836e-01
6.042212843894958496e-01
6.037912368774414062e-01
6.033610105514526367e-01
6.029286980628967285e-01
6.024954319000244141e-01
6.020616888999938965e-01
6.016261577606201172e-01
6.011894941329956055e-01
6.007527112960815430e-01
6.003139615058898926e-01
5.998743176460266113e-01
5.994344353675842285e-01
5.989928245544433594e-01
5.985510349273681641e-01
5.981076359748840332e-01
5.976640582084655762e-01
5.972188711166381836e-01
5.967735648155212402e-01
5.963267087936401367e-01
5.958788990974426270e-01
5.954321026802062988e-01
5.949828624725341797e-01
5.945337414741516113e-01
5.940830707550048828e-01
5.936324596405029297e-01
5.931804776191711426e-01
5.927285552024841309e-01
5.922753214836120605e-01
5.918222069740295410e-01
5.913677215576171875e-01
5.909135341644287109e-01
5.904579758644104004e-01
5.900027751922607422e-01
5.895462632179260254e-01
5.890900492668151855e-01
5.886327028274536133e-01
5.881756544113159180e-01
5.877174735069274902e-01
5.872597098350524902e-01
5.868008136749267578e-01
5.863424539566040039e-01
5.858829617500305176e-01
5.854214429855346680e-01
5.849599838256835938e-01
5.844981670379638672e-01
5.840363502502441406e-01
5.835743546485900879e-01
5.831122398376464844e-01
5.826507806777954102e-01
5.821874737739562988e-01
5.817252993583679199e-01
5.812627077102661133e-01
5.808002352714538574e-01
5.803386569023132324e-01
5.798752903938293457e-01
5.794139504432678223e-01
5.789507627487182617e-01
5.784886479377746582e-01
5.780274868011474609e-01
5.775647759437561035e-01
5.771039724349975586e-01
5.766415596008300781e-01
5.761811733245849609e-01
5.757202506065368652e-01
5.752587318420410156e-01
5.747991800308227539e-01
5.743381977081298828e-01
5.738793015480041504e-01
5.734201669692993164e-01
5.729610919952392578e-01
5.725026726722717285e-01
5.720436573028564453e-01
5.715869069099426270e-01
5.711300373077392578e-01
5.706732869148254395e-01
5.702173113822937012e-01
5.697616934776306152e-01
5.693070292472839355e-01
5.688528418540954590e-01
5.683990716934204102e-01
5.679461359977722168e-01
5.674947500228881836e-01
5.670424103736877441e-01
5.665923953056335449e-01
5.661423206329345703e-01
5.656930804252624512e-01
5.652445554733276367e-01
5.647969245910644531e-01
5.643509030342102051e-01
5.639039278030395508e-01
5.634596943855285645e-01
5.631349682807922363e-01
5.628228187561035156e-01
5.625115036964416504e-01
5.622017383575439453e-01
5.618940591812133789e-01
5.615858435630798340e-01
5.612805485725402832e-01
5.609758496284484863e-01
5.606724023818969727e-01
5.603703856468200684e-01
5.600706338882446289e-01
5.597711801528930664e-01
5.594732165336608887e-01
5.591768026351928711e-01
5.588826537132263184e-01
5.585882067680358887e-01
5.582967400550842285e-01
5.580061674118041992e-01
5.577179193496704102e-01
5.574294924736022949e-01
5.571442842483520508e-01
5.568596720695495605e-01
5.565766692161560059e-01
5.562953948974609375e-01
5.560165643692016602e-01
5.557393431663513184e-01
5.554618239402770996e-01
5.551878809928894043e-01
5.549147725105285645e-01
5.546441674232482910e-01
5.543743968009948730e-01
5.541061758995056152e-01
5.538398623466491699e-01
5.535761117935180664e-01
5.533133149147033691e-01
5.530530810356140137e-01
5.527927875518798828e-01
5.525361895561218262e-01
5.522804856300354004e-01
5.520274639129638672e-01
5.517754554748535156e-01
5.515258908271789551e-01
5.512768030166625977e-01
5.510311722755432129e-01
5.507866144180297852e-01
5.505445003509521484e-01
5.503037571907043457e-01
5.500649213790893555e-01
5.498279929161071777e-01
5.495938658714294434e-01
5.493605732917785645e-01
5.491303205490112305e-01
5.489004254341125488e-01
5.486826300621032715e-01
5.484944581985473633e-01
5.483081340789794922e-01
5.481237769126892090e-01
5.479395389556884766e-01
5.477589964866638184e-01
5.475804209709167480e-01
5.474037528038024902e-01
5.472290515899658203e-01
5.470554232597351074e-01
5.468837022781372070e-01
5.467148423194885254e-01
5.465479493141174316e-01
5.463830232620239258e-01
5.462192893028259277e-01
5.460580587387084961e-01
5.458991527557373047e-01
5.457421541213989258e-01
5.455871820449829102e-01
5.454336404800415039e-01
5.452815890312194824e-01
5.451326966285705566e-01
5.449857711791992188e-01
5.448408722877502441e-01
5.446979999542236328e-01
5.445563197135925293e-01
5.444173216819763184e-01
5.442805290222167969e-01
5.441452860832214355e-01
5.440126657485961914e-01
5.438811779022216797e-01
5.437523722648620605e-01
5.436258912086486816e-01
5.435014963150024414e-01
5.433791279792785645e-01
5.432588458061218262e-01
5.431395173072814941e-01
5.430229306221008301e-01
5.429088473320007324e-01
5.427968502044677734e-01
5.426869988441467285e-01
5.425783395767211914e-01
5.424723625183105469e-01
5.423687100410461426e-01
5.422671437263488770e-01
5.421677231788635254e-01
5.420691370964050293e-01
5.419736504554748535e-01
5.418804883956909180e-01
5.417894721031188965e-01
5.417005419731140137e-01
5.416128635406494141e-01
5.415278673171997070e-01
5.414452552795410156e-01
5.413647890090942383e-01
5.412864089012145996e-01
5.412101149559020996e-01
5.411351323127746582e-01
5.410628318786621094e-01
5.410024523735046387e-01
5.409834384918212891e-01
5.409667491912841797e-01
5.409518480300903320e-01
5.409392714500427246e-01
5.409287810325622559e-01
5.409200787544250488e-01
5.409137010574340820e-01
5.409090518951416016e-01
5.409059524536132812e-01
5.409054756164550781e-01
5.409070849418640137e-01
5.409107208251953125e-01
5.409166216850280762e-01
5.409243106842041016e-01
5.409343242645263672e-01
5.409460663795471191e-01
5.409601926803588867e-01
5.409759879112243652e-01
5.409933328628540039e-01
5.410132408142089844e-01
5.410354137420654297e-01
5.410593748092651367e-01
5.410856604576110840e-01
5.411139726638793945e-01
5.411439538002014160e-01
5.411406159400939941e-01
5.411363244056701660e-01
5.411331057548522949e-01
5.411317944526672363e-01
5.411333441734313965e-01
5.411359071731567383e-01
5.411404371261596680e-01
5.411477684974670410e-01
5.411561727523803711e-01
5.411664843559265137e-01
5.411787629127502441e-01
5.411937832832336426e-01
5.412098765373229980e-01
5.412279367446899414e-01
5.412487387657165527e-01
5.412705540657043457e-01
5.412943363189697266e-01
5.413209199905395508e-01
5.413484573364257812e-01
5.413780212402343750e-01
5.414102077484130859e-01
5.414435267448425293e-01
5.414787530899047852e-01
5.415166616439819336e-01
5.415557026863098145e-01
5.415965914726257324e-01
5.416918992996215820e-01
5.418325066566467285e-01
5.419747829437255859e-01
5.421189069747924805e-01
5.422654747962951660e-01
5.424129366874694824e-01
5.425621867179870605e-01
5.427128672599792480e-01
5.428654551506042480e-01
5.430206060409545898e-01
5.431765317916870117e-01
5.433341860771179199e-01
5.434935092926025391e-01
5.436553359031677246e-01
5.438179969787597656e-01
5.439822673797607422e-01
5.441482067108154297e-01
5.443157553672790527e-01
5.444857478141784668e-01
5.446565747261047363e-01
5.448290109634399414e-01
5.450030565261840820e-01
5.451794862747192383e-01
5.453567504882812500e-01
5.455355644226074219e-01
5.457159280776977539e-01
5.458974838256835938e-01
5.460810661315917969e-01
5.462552309036254883e-01
5.464308261871337891e-01
5.466086864471435547e-01
5.467872023582458496e-01
5.469675660133361816e-01
5.471489429473876953e-01
5.473318099975585938e-01
5.475168228149414062e-01
5.477024912834167480e-01
5.478895902633666992e-01
5.480780601501464844e-01
5.482687354087829590e-01
5.484599471092224121e-01
5.486524701118469238e-01
5.488464832305908203e-01
5.490425825119018555e-01
5.492392778396606445e-01
5.494372844696044922e-01
5.496366620063781738e-01
5.498381853103637695e-01
5.500401854515075684e-01
5.502439141273498535e-01
5.504484772682189941e-01
5.506552457809448242e-01
5.508624315261840820e-01
5.510708689689636230e-01
5.512806773185729980e-01
5.514917969703674316e-01
5.517249107360839844e-01
5.519917011260986328e-01
5.522601604461669922e-01
5.525283217430114746e-01
5.527985692024230957e-01
5.530689358711242676e-01
5.533401966094970703e-01
5.536130666732788086e-01
5.538853406906127930e-01
5.541595220565795898e-01
5.544341206550598145e-01
5.547095537185668945e-01
5.549865365028381348e-01
5.552636384963989258e-01
5.555414557456970215e-01
5.558204054832458496e-01
5.560997724533081055e-01
5.563806891441345215e-01
5.566607713699340820e-01
5.569424033164978027e-01
5.572254657745361328e-01
5.575080513954162598e-01
5.577925443649291992e-01
5.580769181251525879e-01
5.583620667457580566e-01
5.586485266685485840e-01
5.589349269866943359e-01
5.592215061187744141e-01
5.595091581344604492e-01
5.597974658012390137e-01
5.600791573524475098e-01
5.603510737419128418e-01
5.606233477592468262e-01
5.608963370323181152e-01
5.611692667007446289e-01
5.614424347877502441e-01
5.617150068283081055e-01
5.619884729385375977e-01
5.622624158859252930e-01
5.625366568565368652e-01
5.628115534782409668e-01
5.630862712860107422e-01
5.633611679077148438e-01
5.636367201805114746e-01
5.639111399650573730e-01
5.641866326332092285e-01
5.644619464874267578e-01
5.647377967834472656e-01
5.650137066841125488e-01
5.652898550033569336e-01
5.655665397644042969e-01
5.658419132232666016e-01
5.661184191703796387e-01
5.663954019546508789e-01
5.666719675064086914e-01
5.669487118721008301e-01
5.672251582145690918e-01
5.675019621849060059e-01
5.677778720855712891e-01
5.680552124977111816e-01
5.683321356773376465e-01
5.686136484146118164e-01
5.689219236373901367e-01
5.692301988601684570e-01
5.695375204086303711e-01
5.698440074920654297e-01
5.701507329940795898e-01
5.704563856124877930e-01
5.707614421844482422e-01
5.710663795471191406e-01
5.713710784912109375e-01
5.716743469238281250e-01
5.719765424728393555e-01
5.722786188125610352e-01
5.725800395011901855e-01
5.728820562362670898e-01
5.731821656227111816e-01
5.734821557998657227e-01
5.736549496650695801e-01
5.738183259963989258e-01
5.739821195602416992e-01
5.741440653800964355e-01
5.743041634559631348e-01
5.744637846946716309e-01
5.746220946311950684e-01
5.747790336608886719e-01
5.749338269233703613e-01
5.750884413719177246e-01
5.752410888671875000e-01
5.753931403160095215e-01
5.755444765090942383e-01
5.756939649581909180e-01
5.758404135704040527e-01
5.759872794151306152e-01
5.761178731918334961e-01
5.762221813201904297e-01
5.763233900070190430e-01
5.764225721359252930e-01
5.765177011489868164e-01
5.766112208366394043e-01
5.767021179199218750e-01
5.767905712127685547e-01
5.768769383430480957e-01
5.769602060317993164e-01
5.770403146743774414e-01
5.771183371543884277e-01
5.771936178207397461e-01
5.772663354873657227e-01
5.773370265960693359e-01
5.774044394493103027e-01
5.774681568145751953e-01
5.773181319236755371e-01
5.768564939498901367e-01
5.763907432556152344e-01
5.759194493293762207e-01
5.754439830780029297e-01
5.749624371528625488e-01
5.744771361351013184e-01
5.739870071411132812e-01
5.734912157058715820e-01
5.729911923408508301e-01
5.724855661392211914e-01
5.719745755195617676e-01
5.714597702026367188e-01
5.709399580955505371e-01
5.704151391983032227e-01
5.698847174644470215e-01
5.693499445915222168e-01
5.688042044639587402e-01
5.681627988815307617e-01
5.675206780433654785e-01
5.668759942054748535e-01
5.662285685539245605e-01
5.655806064605712891e-01
5.649282336235046387e-01
5.642757415771484375e-01
5.636214613914489746e-01
5.629651546478271484e-01
5.623071193695068359e-01
5.616461038589477539e-01
5.609844326972961426e-01
5.603203177452087402e-01
5.596558451652526855e-01
5.589882135391235352e-01
5.583191514015197754e-01
5.576487779617309570e-01
5.569902658462524414e-01
5.563682913780212402e-01
5.557493567466735840e-01
5.551308393478393555e-01
5.545135140419006348e-01
5.538993477821350098e-01
5.532872676849365234e-01
5.526768565177917480e-01
5.520679950714111328e-01
5.514602661132812500e-01
5.508568882942199707e-01
5.502541065216064453e-01
5.496541261672973633e-01
5.490563511848449707e-01
5.484595894813537598e-01
5.478663444519042969e-01
5.472748279571533203e-01
5.466870665550231934e-01
5.461135506629943848e-01
5.458017587661743164e-01
5.454913377761840820e-01
5.451845526695251465e-01
5.448819994926452637e-01
5.445818305015563965e-01
5.442838668823242188e-01
5.439881682395935059e-01
5.436970591545104980e-01
5.434080362319946289e-01
5.431229472160339355e-01
5.428401827812194824e-01
5.425612926483154297e-01
5.422840118408203125e-01
5.420105457305908203e-01
5.417411327362060547e-01
5.414754748344421387e-01
5.412115454673767090e-01
5.409501791000366211e-01
5.406927466392517090e-01
5.404395461082458496e-01
5.401896238327026367e-01
5.399421453475952148e-01
5.396972298622131348e-01
5.394573807716369629e-01
5.392199158668518066e-01
5.389868617057800293e-01
5.387563109397888184e-01
5.385283827781677246e-01
5.383061170578002930e-01
5.380859971046447754e-01
5.378702282905578613e-01
5.376580953598022461e-01
5.374467968940734863e-01
5.372416973114013672e-01
5.370402336120605469e-01
5.368415117263793945e-01
5.366472601890563965e-01
5.364952683448791504e-01
5.364710688591003418e-01
5.364505052566528320e-01
5.364315509796142578e-01
5.364167094230651855e-01
5.364020466804504395e-01
5.363920331001281738e-01
5.363854169845581055e-01
5.363811850547790527e-01
5.363798141479492188e-01
5.363798737525939941e-01
5.363842844963073730e-01
5.363915562629699707e-01
5.364026427268981934e-01
5.364153385162353516e-01
5.364301800727844238e-01
5.364490151405334473e-01
5.364707708358764648e-01
5.364960432052612305e-01
5.365235805511474609e-01
5.365540385246276855e-01
5.365859866142272949e-01
5.366222858428955078e-01
5.366615056991577148e-01
5.367045402526855469e-01
5.367492437362670898e-01
5.367960333824157715e-01
5.368468761444091797e-01
5.369006991386413574e-01
5.369580388069152832e-01
5.370175838470458984e-01
5.370780825614929199e-01
5.371444821357727051e-01
5.372124910354614258e-01
5.372837781906127930e-01
5.373588204383850098e-01
5.374335646629333496e-01
5.375144481658935547e-01
5.375973582267761230e-01
5.376831293106079102e-01
5.377176403999328613e-01
5.377075076103210449e-01
5.376995205879211426e-01
5.376946330070495605e-01
5.376938581466674805e-01
5.376931428909301758e-01
5.376987457275390625e-01
5.377066135406494141e-01
5.377175807952880859e-01
5.377327203750610352e-01
5.377478599548339844e-01
5.377693176269531250e-01
5.377933979034423828e-01
5.378202795982360840e-01
5.378513932228088379e-01
5.378825664520263672e-01
5.379200577735900879e-01
5.379598736763000488e-01
5.380029082298278809e-01
5.380501151084899902e-01
5.380972623825073242e-01
5.381508469581604004e-01
5.382068753242492676e-01
5.382660031318664551e-01
5.383293032646179199e-01
5.383926630020141602e-01
5.384623408317565918e-01
5.385344624519348145e-01
5.386096835136413574e-01
5.386892557144165039e-01
5.387685894966125488e-01
5.388544201850891113e-01
5.389425754547119141e-01
5.390347838401794434e-01
5.391294360160827637e-01
5.392248034477233887e-01
5.393266677856445312e-01
5.394307971000671387e-01
5.395390987396240234e-01
5.396496057510375977e-01
5.397609472274780273e-01
5.398786067962646484e-01
5.400207638740539551e-01
5.401774644851684570e-01
5.403365492820739746e-01
5.404965877532958984e-01
5.406631231307983398e-01
5.408322811126708984e-01
5.410054922103881836e-01
5.411809682846069336e-01
5.413581728935241699e-01
5.415402054786682129e-01
5.417262315750122070e-01
5.419146418571472168e-01
5.421069860458374023e-01
5.422990918159484863e-01
5.424975752830505371e-01
5.426983833312988281e-01
5.429030656814575195e-01
5.431098341941833496e-01
5.433171987533569336e-01
5.435307025909423828e-01
5.437464118003845215e-01
5.439658164978027344e-01
5.441871881484985352e-01
5.444096922874450684e-01
5.446368455886840820e-01
5.448673963546752930e-01
5.450999140739440918e-01
5.453358292579650879e-01
5.455711483955383301e-01
5.458124279975891113e-01
5.460554361343383789e-01
5.463016629219055176e-01
5.465496778488159180e-01
5.467984080314636230e-01
5.470512509346008301e-01
5.473064184188842773e-01
5.475646257400512695e-01
5.478243827819824219e-01
5.480845570564270020e-01
5.483486652374267578e-01
5.486155748367309570e-01
5.488837957382202148e-01
5.491547584533691406e-01
5.494245886802673340e-01
5.497184991836547852e-01
5.500280857086181641e-01
5.503388047218322754e-01
5.506518483161926270e-01
5.509640574455261230e-01
5.512796044349670410e-01
5.515972375869750977e-01
5.519156455993652344e-01
5.522361397743225098e-01
5.525577068328857422e-01
5.528773069381713867e-01
5.532011985778808594e-01
5.535252690315246582e-01
5.538509488105773926e-01
5.541773438453674316e-01
5.545014739036560059e-01
5.548292398452758789e-01
5.551574826240539551e-01
5.554854869842529297e-01
5.558145642280578613e-01
5.561407804489135742e-01
5.564700961112976074e-01
5.567994713783264160e-01
5.571282505989074707e-01
5.574573278427124023e-01
5.577831864356994629e-01
5.581116080284118652e-01
5.584396123886108398e-01
5.587663054466247559e-01
5.590928196907043457e-01
5.594156980514526367e-01
5.597406625747680664e-01
5.600642561912536621e-01
5.603862404823303223e-01
5.607073903083801270e-01
5.610251426696777344e-01
5.613427758216857910e-01
5.616592764854431152e-01
5.619734525680541992e-01
5.622864365577697754e-01
5.625972151756286621e-01
5.629032254219055176e-01
5.632094740867614746e-01
5.635129809379577637e-01
5.638142824172973633e-01
5.641128420829772949e-01
5.644084215164184570e-01
5.647321939468383789e-01
5.650523304939270020e-01
5.653687715530395508e-01
5.656807422637939453e-01
5.659868717193603516e-01
5.662899613380432129e-01
5.665890574455261230e-01
5.668828487396240234e-01
5.671718120574951172e-01
5.674543976783752441e-01
5.677329897880554199e-01
5.680068731307983398e-01
5.682746767997741699e-01
5.685372948646545410e-01
5.687935352325439453e-01
5.690425038337707520e-01
5.692871212959289551e-01
5.695250630378723145e-01
5.697570443153381348e-01
5.699819326400756836e-01
5.701988935470581055e-01
5.704106092453002930e-01
5.706148147583007812e-01
5.708122849464416504e-01
5.710019469261169434e-01
5.711845159530639648e-01
5.713579058647155762e-01
5.715245604515075684e-01
5.716837048530578613e-01
5.718342661857604980e-01
5.719769001007080078e-01
5.721098780632019043e-01
5.722354650497436523e-01
5.723521113395690918e-01
5.724597573280334473e-01
5.725587606430053711e-01
5.726482272148132324e-01
5.727280974388122559e-01
5.727988481521606445e-01
5.728599429130554199e-01
5.729116201400756836e-01
5.729531049728393555e-01
5.729844570159912109e-01
5.730057954788208008e-01
5.730170607566833496e-01
5.730176568031311035e-01
5.730077028274536133e-01
5.729872584342956543e-01
5.729557275772094727e-01
5.729320049285888672e-01
5.729001760482788086e-01
5.728567838668823242e-01
5.728017687797546387e-01
5.727355480194091797e-01
5.726575255393981934e-01
5.725675225257873535e-01
5.724658370018005371e-01
5.723522901535034180e-01
5.722265839576721191e-01
5.720896124839782715e-01
5.719400048255920410e-01
5.717779994010925293e-01
5.716040134429931641e-01
5.714175701141357422e-01
5.712190270423889160e-01
5.710089802742004395e-01
5.707853436470031738e-01
5.705495476722717285e-01
5.703012943267822266e-01
5.700403451919555664e-01
5.697669386863708496e-01
5.694819688796997070e-01
5.691832304000854492e-01
5.688719749450683594e-01
5.685481429100036621e-01
5.682111978530883789e-01
5.678618550300598145e-01
5.675012469291687012e-01
5.671265125274658203e-01
5.667390823364257812e-01
5.663385391235351562e-01
5.659255981445312500e-01
5.655000209808349609e-01
5.650633573532104492e-01
5.646123886108398438e-01
5.641483068466186523e-01
5.636718273162841797e-01
5.631827712059020996e-01
5.626810193061828613e-01
5.621688365936279297e-01
5.616416335105895996e-01
5.611020922660827637e-01
5.605502128601074219e-01
5.599858164787292480e-01
5.594089031219482422e-01
5.588218569755554199e-01
5.582203269004821777e-01
5.576063990592956543e-01
5.569803714752197266e-01
5.563421249389648438e-01
5.556912422180175781e-01
5.550382137298583984e-01
5.543724298477172852e-01
5.536945462226867676e-01
5.530056357383728027e-01
5.523046255111694336e-01
5.515926480293273926e-01
5.508724451065063477e-01
5.501374006271362305e-01
5.493915081024169922e-01
5.486340522766113281e-01
5.478659868240356445e-01
5.470871329307556152e-01
5.463002324104309082e-01
5.454995632171630859e-01
5.446879863739013672e-01
5.438660979270935059e-01
5.430337190628051758e-01
5.421902537345886230e-01
5.413373112678527832e-01
5.404778718948364258e-01
5.396040081977844238e-01
5.387208461761474609e-01
5.378270745277404785e-01
5.369241237640380859e-01
5.360115766525268555e-01
5.350889563560485840e-01
5.341614484786987305e-01
5.332199335098266602e-01
5.322700738906860352e-01
5.313109159469604492e-01
5.303421616554260254e-01
5.293650627136230469e-01
5.283788442611694336e-01
5.273888707160949707e-01
5.263860225677490234e-01
5.253743529319763184e-01
5.243548154830932617e-01
5.233265757560729980e-01
5.222909450531005859e-01
5.212476849555969238e-01
5.202003121376037598e-01
5.191413760185241699e-01
5.180742144584655762e-01
5.170007348060607910e-01
5.159195065498352051e-01
5.148306488990783691e-01
5.137356519699096680e-01
5.126385688781738281e-01
5.115287899971008301e-01
5.104134082794189453e-01
5.092909336090087891e-01
5.081624388694763184e-01
5.070278644561767578e-01
5.058866739273071289e-01
5.047448873519897461e-01
5.035809278488159180e-01
5.024017095565795898e-01
5.012165307998657227e-01
5.000249743461608887e-01
4.988273978233337402e-01
4.976249337196350098e-01
4.964222609996795654e-01
4.952086210250854492e-01
4.939899444580078125e-01
4.927655160427093506e-01
4.915364980697631836e-01
4.903029799461364746e-01
4.890645742416381836e-01
4.878266751766204834e-01
4.865791797637939453e-01
4.853266477584838867e-01
4.840704798698425293e-01
4.828097522258758545e-01
4.815455973148345947e-01
4.802773594856262207e-01
4.790096879005432129e-01
4.777340292930603027e-01
4.764546453952789307e-01
4.751715660095214844e-01
4.738855957984924316e-01
4.725962579250335693e-01
4.713030457496643066e-01
4.700071811676025391e-01
4.687089025974273682e-01
4.674135148525238037e-01
4.661093354225158691e-01
4.648021459579467773e-01
4.634933471679687500e-01
4.621821939945220947e-01
4.608681499958038330e-01
4.595526456832885742e-01
4.582349658012390137e-01
4.569140374660491943e-01
4.555983245372772217e-01
4.542752206325531006e-01
4.529497623443603516e-01
4.516233503818511963e-01
4.502945244312286377e-01
4.489653706550598145e-01
4.476342499256134033e-01
4.463025629520416260e-01
4.449755847454071045e-01
4.436411559581756592e-01
4.423056542873382568e-01
4.409700036048889160e-01
4.396331012248992920e-01
4.382963776588439941e-01
4.369587898254394531e-01
4.356200098991394043e-01
4.342810809612274170e-01
4.329481124877929688e-01
4.316093921661376953e-01
4.302696287631988525e-01
4.289306700229644775e-01
4.276070296764373779e-01
4.262884855270385742e-01
4.249706268310546875e-01
4.236530065536499023e-01
4.223360717296600342e-01
4.210255444049835205e-01
4.197099804878234863e-01
4.183954596519470215e-01
4.170815944671630859e-01
4.157687425613403320e-01
4.144561886787414551e-01
4.131454825401306152e-01
4.118360280990600586e-01
4.105333685874938965e-01
4.092262983322143555e-01
4.079207181930541992e-01
4.066166579723358154e-01
4.053140282630920410e-01
4.040130972862243652e-01
4.027137458324432373e-01
4.014152288436889648e-01
4.001193940639495850e-01
3.988310396671295166e-01
3.975389897823333740e-01
3.962488472461700439e-01
3.949608504772186279e-01
3.936749100685119629e-01
3.923910558223724365e-01
3.911095559597015381e-01
3.898304402828216553e-01
3.885536193847656250e-01
3.872783482074737549e-01
3.860062956809997559e-01
3.847368955612182617e-01
3.834753334522247314e-01
3.822112381458282471e-01
3.809497654438018799e-01
3.796910345554351807e-01
3.784352242946624756e-01
3.771822750568389893e-01
3.759315013885498047e-01
3.746836185455322266e-01
3.734396696090698242e-01
3.721989393234252930e-01
3.709612190723419189e-01
3.697268068790435791e-01
3.685007095336914062e-01
3.672729730606079102e-01
3.660485744476318359e-01
3.648275732994079590e-01
3.636100292205810547e-01
3.623953759670257568e-01
3.611849248409271240e-01
3.599784076213836670e-01
3.587753772735595703e-01
3.575760722160339355e-01
3.563807010650634766e-01
3.551891744136810303e-01
3.540062904357910156e-01
3.528226613998413086e-01
3.516428768634796143e-01
3.504672646522521973e-01
3.492898046970367432e-01
3.481059074401855469e-01
3.469261527061462402e-01
3.457519412040710449e-01
3.445824086666107178e-01
3.434179127216339111e-01
3.422583043575286865e-01
3.411036431789398193e-01
3.399578928947448730e-01
3.388134837150573730e-01
3.376741707324981689e-01
3.365399539470672607e-01
3.354111313819885254e-01
3.342876434326171875e-01
3.331685662269592285e-01
3.320558071136474609e-01
3.309484422206878662e-01
3.298464119434356689e-01
3.287500441074371338e-01
3.276592195034027100e-01
3.265775442123413086e-01
3.254978656768798828e-01
3.244239687919616699e-01
3.233558833599090576e-01
3.222934305667877197e-01
3.212369084358215332e-01
3.201856017112731934e-01
3.191407024860382080e-01
3.181018531322479248e-01
3.170689940452575684e-01
3.160420060157775879e-01
3.150211572647094727e-01
3.140058517456054688e-01
3.129971921443939209e-01
3.119934499263763428e-01
3.109970986843109131e-01
3.100069761276245117e-01
3.090229332447052002e-01
3.080446422100067139e-01
3.070768415927886963e-01
3.061116635799407959e-01
3.051528930664062500e-01
3.042005002498626709e-01
3.032545745372772217e-01
3.023143112659454346e-01
3.013811409473419189e-01
3.004544973373413086e-01
2.995342314243316650e-01
2.986205518245697021e-01
2.977133989334106445e-01
2.968121767044067383e-01
2.959181368350982666e-01
2.950306534767150879e-01
2.941496968269348145e-01
2.932754456996917725e-01
2.924078702926635742e-01
2.915468811988830566e-01
2.906919717788696289e-01
2.898443341255187988e-01
2.890033721923828125e-01
2.881718873977661133e-01
2.873443067073822021e-01
2.865234315395355225e-01
2.857087254524230957e-01
2.849013507366180420e-01
2.841006815433502197e-01
2.833067774772644043e-01
2.825663983821868896e-01
2.818564772605895996e-01
2.811541855335235596e-01
2.804572880268096924e-01
2.797688841819763184e-01
2.790880501270294189e-01
2.784138917922973633e-01
2.777473926544189453e-01
2.770876288414001465e-01
2.764349281787872314e-01
2.757898569107055664e-01
2.751515209674835205e-01
2.745206654071807861e-01
2.738987207412719727e-01
2.732804417610168457e-01
2.726708650588989258e-01
2.720679044723510742e-01
2.714724540710449219e-01
2.708837389945983887e-01
2.703020274639129639e-01
2.697277367115020752e-01
2.691601216793060303e-01
2.685998380184173584e-01
2.680462002754211426e-01
2.674987018108367920e-01
2.669591009616851807e-01
2.664263844490051270e-01
2.659009695053100586e-01
2.653822600841522217e-01
2.648706436157226562e-01
2.643657326698303223e-01
2.638677656650543213e-01
2.633768022060394287e-01
2.628925740718841553e-01
2.624141871929168701e-01
2.619436383247375488e-01
2.614798843860626221e-01
2.610231637954711914e-01
2.605730593204498291e-01
2.601298689842224121e-01
2.596932947635650635e-01
2.592636644840240479e-01
2.588405311107635498e-01
2.584241628646850586e-01
2.580134570598602295e-01
2.576105296611785889e-01
2.572143077850341797e-01
2.568247020244598389e-01
2.564417123794555664e-01
2.560654282569885254e-01
2.556957006454467773e-01
2.553326785564422607e-01
2.549760639667510986e-01
2.546260952949523926e-01
2.542815208435058594e-01
2.539445757865905762e-01
2.536142766475677490e-01
2.532904148101806641e-01
2.529730796813964844e-01
2.526621818542480469e-01
2.523577511310577393e-01
2.520598173141479492e-01
2.517682611942291260e-01
2.514831721782684326e-01
2.512032389640808105e-01
2.509308755397796631e-01
2.506649494171142578e-01
2.504053711891174316e-01
2.501521706581115723e-01
2.499052733182907104e-01
2.496647238731384277e-01
2.494643330574035645e-01
2.493182569742202759e-01
2.491780370473861694e-01
2.490436732769012451e-01
2.489162683486938477e-01
2.487934678792953491e-01
2.486764341592788696e-01
2.485650926828384399e-01
2.484595477581024170e-01
2.483608871698379517e-01
2.482667416334152222e-01
2.481782138347625732e-01
2.480953931808471680e-01
2.480182051658630371e-01
2.479477822780609131e-01
2.478818297386169434e-01
2.478214800357818604e-01
2.477666586637496948e-01
2.477174401283264160e-01
2.476749420166015625e-01
2.476367950439453125e-01
2.476041316986083984e-01
2.475769817829132080e-01
2.475553303956985474e-01
2.475402951240539551e-01
2.475295662879943848e-01
2.475242763757705688e-01
2.475243806838989258e-01
2.475299388170242310e-01
2.475420385599136353e-01
2.475581169128417969e-01
2.475798130035400391e-01
2.476068586111068726e-01
2.476392537355422974e-01
2.476769387722015381e-01
2.477211058139801025e-01
2.477697134017944336e-01
2.478233426809310913e-01
2.478822469711303711e-01
2.479464560747146606e-01
2.480169832706451416e-01
2.480916529893875122e-01
2.481715530157089233e-01
2.482566684484481812e-01
2.483469545841217041e-01
2.484435588121414185e-01
2.485442310571670532e-01
2.486500591039657593e-01
2.487610578536987305e-01
2.488771975040435791e-01
2.489995062351226807e-01
2.491258829832077026e-01
2.492573410272598267e-01
2.493938952684402466e-01
2.495355606079101562e-01
2.496833354234695435e-01
2.498351037502288818e-01
2.499918937683105469e-01
2.501533627510070801e-01
2.503202259540557861e-01
2.504931092262268066e-01
2.506699860095977783e-01
2.508518397808074951e-01
2.510386407375335693e-01
2.512313127517700195e-01
2.514290809631347656e-01
2.516307830810546875e-01
2.518373727798461914e-01
2.520488798618316650e-01
2.522653043270111084e-01
2.524875998497009277e-01
2.527137994766235352e-01
2.529448270797729492e-01
2.531807124614715576e-01
2.534214258193969727e-01
2.536679804325103760e-01
2.539183199405670166e-01
2.541666328907012939e-01
2.544206976890563965e-01
2.546781003475189209e-01
2.549407482147216797e-01
2.552067041397094727e-01
2.554778754711151123e-01
2.557532787322998047e-01
2.560319602489471436e-01
2.563157975673675537e-01
2.566042244434356689e-01
2.568964660167694092e-01
2.571928501129150391e-01
2.574924826622009277e-01
2.577971220016479492e-01
2.581050097942352295e-01
2.584179043769836426e-01
2.587348520755767822e-01
2.590549886226654053e-01
2.593800723552703857e-01
2.597082853317260742e-01
2.600413858890533447e-01
2.603785693645477295e-01
2.607196569442749023e-01
2.610647082328796387e-01
2.614128589630126953e-01
2.617657482624053955e-01
2.621217072010040283e-01
2.624823749065399170e-01
2.628469169139862061e-01
2.632144391536712646e-01
2.635866403579711914e-01
2.639617919921875000e-01
2.643415331840515137e-01
2.647259831428527832e-01
2.651132345199584961e-01
2.655041813850402832e-01
2.658979892730712891e-01
2.662962675094604492e-01
2.666974067687988281e-01
2.671029269695281982e-01
2.675120234489440918e-01
2.679232358932495117e-01
2.683393955230712891e-01
2.687583565711975098e-01
2.691815197467803955e-01
2.696093320846557617e-01
2.700393795967102051e-01
2.704728245735168457e-01
2.709089219570159912e-01
2.713490426540374756e-01
2.717917859554290771e-01
2.722384929656982422e-01
2.726884186267852783e-01
2.731409072875976562e-01
2.735972404479980469e-01
2.740560770034790039e-01
2.745186686515808105e-01
2.749864459037780762e-01
2.754545211791992188e-01
2.759262323379516602e-01
2.764003276824951172e-01
2.768779397010803223e-01
2.773570716381072998e-01
2.778404355049133301e-01
2.783266305923461914e-01
2.788150310516357422e-01
2.793067395687103271e-01
2.798005938529968262e-01
2.802999317646026611e-01
2.807996273040771484e-01
2.813013494014739990e-01
2.818061709403991699e-01
2.823129296302795410e-01
2.828226685523986816e-01
2.833342850208282471e-01
2.838487625122070312e-01
2.843655645847320557e-01
2.848841249942779541e-01
2.854077219963073730e-01
2.859306633472442627e-01
2.864561975002288818e-01
2.869833707809448242e-01
2.875120639801025391e-01
2.880418598651885986e-01
2.885735630989074707e-01
2.891057431697845459e-01
2.896409034729003906e-01
2.901744842529296875e-01
2.907097339630126953e-01
2.912452518939971924e-01
2.917810678482055664e-01
2.923175394535064697e-01
2.928557693958282471e-01
2.933957576751708984e-01
2.939337790012359619e-01
2.944721579551696777e-01
2.950111627578735352e-01
2.955510318279266357e-01
2.960902154445648193e-01
2.966298162937164307e-01
2.971716821193695068e-01
2.977119684219360352e-01
2.982513308525085449e-01
2.987908124923706055e-01
2.993298470973968506e-01
2.998686730861663818e-01
3.004080355167388916e-01
3.009487986564636230e-01
3.014864325523376465e-01
3.020235598087310791e-01
3.025611639022827148e-01
3.030970394611358643e-01
3.036321699619293213e-01
3.041665256023406982e-01
3.047001063823699951e-01
3.052359819412231445e-01
3.057674765586853027e-01
3.062979280948638916e-01
3.068272769451141357e-01
3.073562085628509521e-01
3.078829348087310791e-01
3.084083497524261475e-01
3.089346885681152344e-01
3.094579279422760010e-01
3.099787235260009766e-01
3.104978501796722412e-01
3.110152184963226318e-01
3.115307688713073730e-01
3.120452761650085449e-01
3.125592768192291260e-01
3.130688965320587158e-01
3.135763704776763916e-01
3.140824735164642334e-01
3.145854771137237549e-01
3.150861561298370361e-01
3.155843913555145264e-01
3.160800337791442871e-01
3.165762722492218018e-01
3.170667588710784912e-01
3.175543844699859619e-01
3.180392980575561523e-01
3.185221850872039795e-01
3.190012574195861816e-01
3.194771409034729004e-01
3.199522495269775391e-01
3.204227685928344727e-01
3.208892345428466797e-01
3.213521242141723633e-01
3.218118250370025635e-01
3.222680389881134033e-01
3.227232694625854492e-01
3.231722414493560791e-01
3.236174881458282471e-01
3.240589499473571777e-01
3.244970142841339111e-01
3.249326050281524658e-01
3.253622353076934814e-01
3.257877528667449951e-01
3.262088000774383545e-01
3.266266286373138428e-01
3.270394504070281982e-01
3.274493813514709473e-01
3.278533518314361572e-01
3.282535076141357422e-01
3.286483585834503174e-01
3.290382027626037598e-01
3.294254243373870850e-01
3.298060894012451172e-01
3.301825523376464844e-01
3.305529952049255371e-01
3.308832645416259766e-01
3.311994671821594238e-01
3.315097987651824951e-01
3.318155407905578613e-01
3.321159183979034424e-01
3.324114382266998291e-01
3.327035903930664062e-01
3.329899311065673828e-01
3.332706987857818604e-01
3.335470259189605713e-01
3.338178396224975586e-01
3.340855240821838379e-01
3.343461453914642334e-01
3.346017003059387207e-01
3.348520696163177490e-01
3.350977897644042969e-01
3.353395462036132812e-01
3.355742692947387695e-01
3.358036875724792480e-01
3.360278308391571045e-01
3.362471461296081543e-01
3.364616632461547852e-01
3.366696834564208984e-01
3.368729054927825928e-01
3.370705544948577881e-01
3.372623026371002197e-01
3.374485671520233154e-01
3.376302421092987061e-01
3.378058671951293945e-01
3.379755318164825439e-01
3.381402790546417236e-01
3.382988274097442627e-01
3.384529054164886475e-01
3.386002182960510254e-01
3.387418985366821289e-01
3.388779461383819580e-01
3.390086889266967773e-01
3.391346931457519531e-01
3.392537236213684082e-01
3.393670916557312012e-01
3.394750654697418213e-01
3.395770490169525146e-01
3.396737575531005859e-01
3.397649526596069336e-01
3.398500382900238037e-01
3.399291336536407471e-01
3.400025069713592529e-01
3.400704264640808105e-01
3.401325345039367676e-01
3.401887118816375732e-01
3.402398526668548584e-01
3.402845859527587891e-01
3.403238952159881592e-01
3.403571546077728271e-01
3.403847217559814453e-01
3.404065668582916260e-01
3.404228389263153076e-01
3.404339849948883057e-01
3.404387533664703369e-01
3.404378294944763184e-01
3.404312133789062500e-01
3.404189646244049072e-01
3.404010832309722900e-01
3.403775691986083984e-01
3.403489589691162109e-01
3.403142094612121582e-01
3.402738869190216064e-01
3.402279913425445557e-01
3.401761651039123535e-01
3.401192128658294678e-01
3.400567173957824707e-01
3.399894833564758301e-01
3.399155139923095703e-01
3.398365974426269531e-01
3.397522866725921631e-01
3.396625518798828125e-01
3.395668268203735352e-01
3.394663035869598389e-01
3.393612504005432129e-01
3.392501771450042725e-01
3.391330540180206299e-01
3.390113413333892822e-01
3.388845324516296387e-01
3.387525379657745361e-01
3.386144936084747314e-01
3.384727835655212402e-01
3.383254110813140869e-01
3.381729722023010254e-01
3.380144834518432617e-01
3.378518521785736084e-01
3.376844227313995361e-01
3.375121057033538818e-01
3.373344242572784424e-01
3.371521234512329102e-01
3.369652032852172852e-01
3.367604911327362061e-01
3.365333080291748047e-01
3.363015949726104736e-01
3.360643088817596436e-01
3.358209729194641113e-01
3.355732560157775879e-01
3.353212177753448486e-01
3.350638747215270996e-01
3.348005414009094238e-01
3.345331549644470215e-01
3.342620134353637695e-01
3.339851796627044678e-01
3.337027430534362793e-01
3.334166109561920166e-01
3.331269919872283936e-01
3.328318595886230469e-01
3.325312435626983643e-01
3.322273194789886475e-01
3.319201171398162842e-01
3.316076099872589111e-01
3.312897682189941406e-01
3.309693932533264160e-01
3.306451141834259033e-01
3.303162157535552979e-01
3.299821019172668457e-01
3.296457827091217041e-01
3.293058276176452637e-01
3.289614915847778320e-01
3.286125063896179199e-01
3.282607793807983398e-01
3.279060423374176025e-01
3.275472223758697510e-01
3.271839022636413574e-01
3.268181681632995605e-01
3.264496326446533203e-01
3.260777890682220459e-01
3.257005810737609863e-01
3.253217935562133789e-01
3.249404132366180420e-01
3.245537877082824707e-01
3.241663575172424316e-01
3.237754702568054199e-01
3.233799338340759277e-01
3.229838907718658447e-01
3.225850462913513184e-01
3.221806287765502930e-01
3.217770159244537354e-01
3.213697075843811035e-01
3.209579885005950928e-01
3.205456733703613281e-01
3.201320469379425049e-01
3.197125196456909180e-01
3.192935883998870850e-01
3.188726007938385010e-01
3.184467256069183350e-01
3.180207610130310059e-01
3.175931572914123535e-01
3.171612322330474854e-01
3.167296350002288818e-01
3.162956833839416504e-01
3.158583939075469971e-01
3.154207766056060791e-01
3.149817883968353271e-01
3.145381212234497070e-01
3.140964806079864502e-01
3.136521577835083008e-01
3.132066726684570312e-01
3.127566576004028320e-01
3.123089075088500977e-01
3.118587136268615723e-01
3.114048540592193604e-01
3.109527528285980225e-01
3.104990124702453613e-01
3.100410103797912598e-01
3.095849454402923584e-01
3.091281652450561523e-01
3.086671531200408936e-01
3.082076013088226318e-01
3.077481091022491455e-01
3.072839081287384033e-01
3.068218827247619629e-01
3.063587546348571777e-01
3.058931231498718262e-01
3.054284751415252686e-01
3.049634397029876709e-01
3.044954240322113037e-01
3.040291070938110352e-01
3.035619854927062988e-01
3.030917644500732422e-01
3.026244044303894043e-01
3.021560907363891602e-01
3.016842901706695557e-01
3.012152314186096191e-01
3.007464110851287842e-01
3.002767264842987061e-01
2.998037338256835938e-01
2.993344068527221680e-01
2.988639473915100098e-01
2.983906269073486328e-01
2.979199588298797607e-01
2.974501848220825195e-01
2.969765365123748779e-01
2.965059876441955566e-01
2.960441708564758301e-01
2.956809699535369873e-01
2.953209280967712402e-01
2.949614822864532471e-01
2.945986092090606689e-01
2.942398786544799805e-01
2.938818037509918213e-01
2.935211658477783203e-01
2.931632101535797119e-01
2.928065061569213867e-01
2.924475073814392090e-01
2.920918464660644531e-01
2.917367517948150635e-01
2.913785874843597412e-01
2.910246253013610840e-01
2.906713485717773438e-01
2.903156876564025879e-01
2.899627983570098877e-01
2.896083891391754150e-01
2.892574965953826904e-01
2.889073193073272705e-01
2.885540425777435303e-01
2.882052063941955566e-01
2.878540754318237305e-01
2.875066101551055908e-01
2.871589660644531250e-01
2.868099808692932129e-01
2.864646315574645996e-01
2.861171066761016846e-01
2.857732474803924561e-01
2.854292690753936768e-01
2.850840389728546143e-01
2.847424149513244629e-01
2.844015955924987793e-01
2.840579152107238770e-01
2.837186753749847412e-01
2.833773791790008545e-01
2.830397784709930420e-01
2.827021777629852295e-01
2.823634147644042969e-01
2.820283174514770508e-01
2.816912233829498291e-01
2.813570201396942139e-01
2.810244858264923096e-01
2.806900143623352051e-01
2.803592383861541748e-01
2.800265550613403320e-01
2.796967625617980957e-01
2.793686687946319580e-01
2.790387272834777832e-01
2.787124514579772949e-01
2.783835232257843018e-01
2.780591249465942383e-01
2.777356803417205811e-01
2.774104177951812744e-01
2.770880162715911865e-01
2.767646610736846924e-01
2.764449715614318848e-01
2.761263549327850342e-01
2.758050560951232910e-01
2.754883766174316406e-01
2.751726806163787842e-01
2.748551368713378906e-01
2.745414674282073975e-01
2.742251157760620117e-01
2.739134430885314941e-01
2.736026644706726074e-01
2.732902765274047852e-01
2.729807496070861816e-01
2.726704478263854980e-01
2.723638713359832764e-01
2.720582187175750732e-01
2.717502415180206299e-01
2.714466750621795654e-01
2.711415886878967285e-01
2.708401381969451904e-01
2.705390751361846924e-01
2.702371776103973389e-01
2.699388861656188965e-01
2.696391642093658447e-01
2.693430185317993164e-01
2.690472900867462158e-01
2.687506675720214844e-01
2.684578895568847656e-01
2.681635916233062744e-01
2.678720653057098389e-01
2.675825953483581543e-01
2.672913968563079834e-01
2.670041322708129883e-01
2.667169868946075439e-01
2.664293050765991211e-01
2.661453187465667725e-01
2.658596932888031006e-01
2.655771672725677490e-01
2.652963399887084961e-01
2.650142610073089600e-01
2.647356688976287842e-01
2.644550502300262451e-01
2.641789317131042480e-01
2.639011442661285400e-01
2.636272609233856201e-01
2.633517682552337646e-01
2.630794048309326172e-01
2.628061473369598389e-01
2.625368237495422363e-01
2.622660994529724121e-01
2.619980573654174805e-01
2.617296278476715088e-01
2.614646255970001221e-01
2.612009942531585693e-01
2.609350383281707764e-01
2.606737017631530762e-01
2.604110240936279297e-01
2.601684927940368652e-01
2.599290013313293457e-01
2.596921622753143311e-01
2.594545483589172363e-01
2.592203021049499512e-01
2.589845657348632812e-01
2.587521970272064209e-01
2.585185766220092773e-01
2.582880854606628418e-01
2.580553591251373291e-01
2.578267157077789307e-01
2.575989961624145508e-01
2.573698461055755615e-01
2.571440339088439941e-01
2.569167613983154297e-01
2.566928565502166748e-01
2.564677596092224121e-01
2.562449872493743896e-01
2.560215294361114502e-01
2.558013796806335449e-01
2.555798292160034180e-01
2.553615570068359375e-01
2.551419436931610107e-01
2.549255788326263428e-01
2.547078430652618408e-01
2.544929683208465576e-01
2.542794346809387207e-01
2.540645897388458252e-01
2.538529932498931885e-01
2.536400556564331055e-01
2.534303665161132812e-01
2.532193660736083984e-01
2.530115544795989990e-01
2.528020739555358887e-01
2.525961995124816895e-01
2.523890435695648193e-01
2.521850764751434326e-01
2.519798576831817627e-01
2.517777979373931885e-01
2.515744864940643311e-01
2.513736486434936523e-01
2.511744797229766846e-01
2.509744167327880859e-01
2.507771253585815430e-01
2.505786716938018799e-01
2.503833174705505371e-01
2.501867711544036865e-01
2.499933391809463501e-01
2.497980445623397827e-01
2.496065199375152588e-01
2.494138479232788086e-01
2.492246031761169434e-01
2.490338534116744995e-01
2.488461732864379883e-01
2.486573755741119385e-01
2.484716176986694336e-01
2.482861280441284180e-01
2.481002062559127808e-01
2.479173392057418823e-01
2.477333396673202515e-01
2.475527524948120117e-01
2.473707050085067749e-01
2.471916526556015015e-01
2.470108419656753540e-01
2.468337267637252808e-01
2.466555237770080566e-01
2.464803159236907959e-01
2.463040500879287720e-01
2.461311221122741699e-01
2.459567785263061523e-01
2.457854002714157104e-01
2.456123232841491699e-01
2.454428523778915405e-01
2.452723532915115356e-01
2.451028376817703247e-01
2.449362277984619141e-01
2.447686195373535156e-01
2.446043193340301514e-01
2.444386333227157593e-01
2.442751824855804443e-01
2.441114187240600586e-01
2.439505308866500854e-01
2.437886893749237061e-01
2.436296939849853516e-01
2.434697747230529785e-01
2.433107942342758179e-01
2.431544363498687744e-01
2.429973781108856201e-01
2.428431510925292969e-01
2.426880002021789551e-01
2.425356656312942505e-01
2.423824220895767212e-01
2.422319650650024414e-01
2.420806139707565308e-01
2.419314384460449219e-01
2.417824268341064453e-01
2.416339367628097534e-01
2.414882332086563110e-01
2.413416504859924316e-01
2.411978095769882202e-01
2.410531342029571533e-01
2.409111708402633667e-01
2.407677620649337769e-01
2.406276613473892212e-01
2.404872179031372070e-01
2.403490096330642700e-01
2.402099967002868652e-01
2.400719523429870605e-01
2.399365603923797607e-01
2.397997677326202393e-01
2.396662533283233643e-01
2.395319491624832153e-01
2.394007444381713867e-01
2.392683327198028564e-01
2.391385287046432495e-01
2.390079945325851440e-01
2.388783842325210571e-01
2.387508004903793335e-01
2.386230826377868652e-01
2.384979128837585449e-01
2.383720725774765015e-01
2.382492274045944214e-01
2.381264418363571167e-01
2.380120307207107544e-01
2.378956824541091919e-01
2.377821654081344604e-01
2.376679331064224243e-01
2.375543713569641113e-01
2.374426722526550293e-01
2.373311966657638550e-01
2.372210025787353516e-01
2.371104657649993896e-01
2.370023578405380249e-01
2.368933558464050293e-01
2.367866486310958862e-01
2.366792559623718262e-01
2.365740686655044556e-01
2.364676147699356079e-01
2.363629788160324097e-01
2.362595498561859131e-01
2.361558824777603149e-01
2.360545247793197632e-01
2.359523624181747437e-01
2.358519583940505981e-01
2.357518821954727173e-01
2.356529533863067627e-01
2.355543971061706543e-01
2.354569882154464722e-01
2.353593558073043823e-01
2.352625578641891479e-01
2.351679056882858276e-01
2.350725382566452026e-01
2.349794507026672363e-01
2.348856180906295776e-01
2.347934544086456299e-01
2.347016781568527222e-01
2.346096187829971313e-01
2.345201969146728516e-01
2.344301789999008179e-01
2.343422472476959229e-01
2.342532128095626831e-01
2.341659516096115112e-01
2.340797781944274902e-01
2.339934855699539185e-01
2.339079976081848145e-01
2.338245511054992676e-01
2.337405234575271606e-01
2.336572706699371338e-01
2.335760742425918579e-01
2.334938049316406250e-01
2.334146201610565186e-01
2.333338260650634766e-01
2.332543134689331055e-01
2.331768572330474854e-01
2.330988347530364990e-01
2.330210357904434204e-01
2.329463362693786621e-01
2.328700423240661621e-01
2.327962666749954224e-01
2.327220141887664795e-01
2.326484769582748413e-01
2.325769364833831787e-01
2.325048893690109253e-01
2.324336320161819458e-01
2.323637902736663818e-01
2.322944998741149902e-01
2.322249412536621094e-01
2.321578413248062134e-01
2.320902645587921143e-01
2.320246547460556030e-01
2.319580465555191040e-01
2.318932563066482544e-01
2.318293154239654541e-01
2.317654788494110107e-01
2.317023575305938721e-01
2.316411584615707397e-01
2.315795868635177612e-01
2.315198183059692383e-01
2.314596772193908691e-01
2.313998043537139893e-01
2.313427627086639404e-01
2.312843352556228638e-01
2.312272042036056519e-01
2.311718314886093140e-01
2.311161458492279053e-01
2.310606837272644043e-01
2.310080826282501221e-01
2.309540808200836182e-01
2.309024035930633545e-01
2.308503985404968262e-01
2.307991534471511841e-01
2.307496219873428345e-01
2.306998968124389648e-01
2.306508570909500122e-01
2.306035310029983521e-01
2.305559962987899780e-01
2.305096536874771118e-01
2.304640114307403564e-01
2.304181456565856934e-01
2.303745299577713013e-01
2.303305715322494507e-01
2.302874326705932617e-01
2.302454560995101929e-01
2.302042692899703979e-01
2.301627695560455322e-01
2.301235646009445190e-01
2.300839871168136597e-01
2.300461828708648682e-01
2.300081700086593628e-01
2.299708425998687744e-01
2.299352139234542847e-01
2.298988401889801025e-01
2.298642694950103760e-01
2.298302650451660156e-01
2.297966480255126953e-01
2.297636568546295166e-01
2.297323942184448242e-01
2.297004312276840210e-01
2.296710610389709473e-01
2.296405285596847534e-01
2.296112924814224243e-01
2.295835316181182861e-01
2.295557707548141479e-01
2.295287549495697021e-01
2.295031100511550903e-01
2.294775545597076416e-01
2.294521331787109375e-01
2.294292598962783813e-01
2.294052988290786743e-01
2.293826043605804443e-01
2.293605208396911621e-01
2.293401062488555908e-01
2.293190360069274902e-01
2.292997241020202637e-01
2.292808592319488525e-01
2.292625755071640015e-01
2.292396575212478638e-01
2.291735410690307617e-01
2.291078865528106689e-01
2.290431857109069824e-01
2.289787530899047852e-01
2.289156466722488403e-01
2.288526296615600586e-01
2.287902235984802246e-01
2.287286520004272461e-01
2.286683619022369385e-01
2.286082208156585693e-01
2.285486459732055664e-01
2.284899801015853882e-01
2.284330874681472778e-01
2.283752411603927612e-01
2.283191531896591187e-01
2.282633930444717407e-01
2.282086759805679321e-01
2.281537055969238281e-01
2.281004637479782104e-01
2.280475497245788574e-01
2.279957234859466553e-01
2.279436588287353516e-01
2.278938591480255127e-01
2.278437763452529907e-01
2.277942597866058350e-01
2.277456521987915039e-01
2.276981174945831299e-01
2.276509553194046021e-01
2.276042848825454712e-01
2.275585383176803589e-01
2.275138646364212036e-01
2.274695932865142822e-01
2.274264246225357056e-01
2.273834794759750366e-01
2.273417860269546509e-01
2.272997647523880005e-01
2.272594869136810303e-01
2.272194623947143555e-01
2.271806150674819946e-01
2.271414995193481445e-01
2.271045744419097900e-01
2.270669639110565186e-01
2.270309925079345703e-01
2.269953936338424683e-01
2.269607782363891602e-01
2.269266247749328613e-01
