6.916834712028503418e-01
6.870812177658081055e-01
6.845205426216125488e-01
6.839756965637207031e-01
6.853647828102111816e-01
6.887009143829345703e-01
6.936588883399963379e-01
6.999780535697937012e-01
7.074572443962097168e-01
7.159423232078552246e-01
7.255686521530151367e-01
7.362650036811828613e-01
7.480876445770263672e-01
7.611524462699890137e-01
7.756459116935729980e-01
7.914874553680419922e-01
8.079559206962585449e-01
8.237701058387756348e-01
8.386848568916320801e-01
8.533319234848022461e-01
8.680525422096252441e-01
8.831351399421691895e-01
8.988257646560668945e-01
9.147784709930419922e-01
9.303132891654968262e-01
9.443761110305786133e-01
9.563245773315429688e-01
9.654447436332702637e-01
9.711971879005432129e-01
9.732676148414611816e-01
9.715658426284790039e-01
9.662452340126037598e-01
9.577057361602783203e-01
9.464698433876037598e-01
9.330810308456420898e-01
9.181935787200927734e-01
9.023621082305908203e-01
8.862547874450683594e-01
8.700546622276306152e-01
8.541175723075866699e-01
8.388085961341857910e-01
8.242788910865783691e-01
8.100068569183349609e-01
7.946549057960510254e-01
7.802218794822692871e-01
7.683902382850646973e-01
7.582930326461791992e-01
7.494483590126037598e-01
7.417080998420715332e-01
7.350879311561584473e-01
7.294709682464599609e-01
7.245583534240722656e-01
7.205626368522644043e-01
7.174314856529235840e-01
7.150952219963073730e-01
7.134878039360046387e-01
7.125571370124816895e-01
7.123284339904785156e-01
7.128459811210632324e-01
7.141894102096557617e-01
7.165290713310241699e-01
7.200105786323547363e-01
7.246354818344116211e-01
7.302598953247070312e-01
7.364586591720581055e-01
7.428437471389770508e-01
7.498752474784851074e-01
7.560431361198425293e-01
7.614738345146179199e-01
7.664703130722045898e-01
7.712281346321105957e-01
7.759741544723510742e-01
7.809619307518005371e-01
7.864256501197814941e-01
7.925009131431579590e-01
7.993031144142150879e-01
8.069130778312683105e-01
8.153762221336364746e-01
8.246931433677673340e-01
8.348608613014221191e-01
8.458456993103027344e-01
8.539513349533081055e-01
8.680959343910217285e-01
8.805782198905944824e-01
8.928027749061584473e-01
9.047817587852478027e-01
9.163187742233276367e-01
9.271999597549438477e-01
9.371080398559570312e-01
9.458551406860351562e-01
9.532964229583740234e-01
9.592421054840087891e-01
9.635524153709411621e-01
9.661583900451660156e-01
9.669927358627319336e-01
9.660416841506958008e-01
9.633539915084838867e-01
9.590375423431396484e-01
9.532143473625183105e-01
9.460602402687072754e-01
9.377843141555786133e-01
9.285756349563598633e-01
9.187999367713928223e-01
9.085298180580139160e-01
8.979701995849609375e-01
8.872438669204711914e-01
8.765303492546081543e-01
8.658910393714904785e-01
8.554303646087646484e-01
8.451177477836608887e-01
8.348395824432373047e-01
8.245638608932495117e-01
8.142871260643005371e-01
8.039799928665161133e-01
7.938320040702819824e-01
7.840794920921325684e-01
7.750789523124694824e-01
7.670199871063232422e-01
7.599818706512451172e-01
7.539886832237243652e-01
7.489465475082397461e-01
7.447509765625000000e-01
7.413325905799865723e-01
7.386187911033630371e-01
7.365505695343017578e-01
7.350638508796691895e-01
7.341102957725524902e-01
7.336499094963073730e-01
7.336731553077697754e-01
7.340568304061889648e-01
7.347404956817626953e-01
7.356494665145874023e-01
7.367130517959594727e-01
7.378489375114440918e-01
7.389785051345825195e-01
7.400233149528503418e-01
7.409004569053649902e-01
7.414857149124145508e-01
7.417703866958618164e-01
7.417286038398742676e-01
7.413481473922729492e-01
7.406415939331054688e-01
7.396476268768310547e-01
7.384268641471862793e-01
7.370564937591552734e-01
7.356307506561279297e-01
7.342494726181030273e-01
7.330413460731506348e-01
7.320677638053894043e-01
7.314099073410034180e-01
7.314097285270690918e-01
7.320446968078613281e-01
7.332083582878112793e-01
7.349159717559814453e-01
7.371854186058044434e-01
7.400205731391906738e-01
7.434164285659790039e-01
7.474332451820373535e-01
7.519844174385070801e-01
7.570164799690246582e-01
7.625036239624023438e-01
7.684024572372436523e-01
7.746435403823852539e-01
7.811641693115234375e-01
7.879121303558349609e-01
7.948349714279174805e-01
8.018394708633422852e-01
8.089327812194824219e-01
8.161966204643249512e-01
8.237705826759338379e-01
8.319997191429138184e-01
8.412134051322937012e-01
8.515241146087646484e-01
8.625817894935607910e-01
8.738710880279541016e-01
8.848929405212402344e-01
8.953515291213989258e-01
9.050462245941162109e-01
9.139127135276794434e-01
9.219597578048706055e-01
9.292035102844238281e-01
9.356265664100646973e-01
9.412552118301391602e-01
9.460556507110595703e-01
9.500474333763122559e-01
9.532099366188049316e-01
9.555640220642089844e-01
9.571095108985900879e-01
9.578727483749389648e-01
9.578748941421508789e-01
9.571598172187805176e-01
9.557653665542602539e-01
9.537416696548461914e-01
9.511265754699707031e-01
9.479854702949523926e-01
9.443667531013488770e-01
9.403374195098876953e-01
9.359458684921264648e-01
9.312483668327331543e-01
9.263017773628234863e-01
9.211595058441162109e-01
9.158734679222106934e-01
9.104958772659301758e-01
9.050651192665100098e-01
8.996197581291198730e-01
8.941942453384399414e-01
8.888030052185058594e-01
8.834996819496154785e-01
8.782927989959716797e-01
8.731990456581115723e-01
8.682342767715454102e-01
8.634114265441894531e-01
8.587548136711120605e-01
8.542600870132446289e-01
8.498476147651672363e-01
8.455184102058410645e-01
8.413633108139038086e-01
8.373982310295104980e-01
8.336321711540222168e-01
8.300436735153198242e-01
8.266336917877197266e-01
8.233888745307922363e-01
8.202953934669494629e-01
8.173011541366577148e-01
8.143615722656250000e-01
8.114023804664611816e-01
8.082904219627380371e-01
8.049047589302062988e-01
8.011552095413208008e-01
7.971050143241882324e-01
7.934194803237915039e-01
7.909576892852783203e-01
7.898397445678710938e-01
7.893670797348022461e-01
7.888841629028320312e-01
7.880918979644775391e-01
7.869315743446350098e-01
7.854152917861938477e-01
7.835924625396728516e-01
7.814926505088806152e-01
7.791720628738403320e-01
7.766750454902648926e-01
7.740707397460937500e-01
7.714024782180786133e-01
7.687860727310180664e-01
7.663305401802062988e-01
7.642596960067749023e-01
7.629049420356750488e-01
7.631477117538452148e-01
7.736133933067321777e-01
7.655583620071411133e-01
7.599000334739685059e-01
7.547005414962768555e-01
7.498415708541870117e-01
7.452760338783264160e-01
7.409822344779968262e-01
7.369674444198608398e-01
7.332375645637512207e-01
7.298148870468139648e-01
7.266853451728820801e-01
7.238631248474121094e-01
7.213379144668579102e-01
7.190981507301330566e-01
7.171472907066345215e-01
7.154667377471923828e-01
7.140525579452514648e-01
7.128851413726806641e-01
7.119532823562622070e-01
7.112376093864440918e-01
7.107117772102355957e-01
7.103506922721862793e-01
7.101277112960815430e-01
7.099620699882507324e-01
7.097239494323730469e-01
7.091566324234008789e-01
7.082155346870422363e-01
7.115061283111572266e-01
7.168646454811096191e-01
7.187181711196899414e-01
7.199895977973937988e-01
7.213628292083740234e-01
7.229102849960327148e-01
7.246413230895996094e-01
7.265354990959167480e-01
7.285938262939453125e-01
7.307966351509094238e-01
7.331587076187133789e-01
7.356736063957214355e-01
7.383321523666381836e-01
7.411249279975891113e-01
7.440392374992370605e-01
7.470922470092773438e-01
7.502623796463012695e-01
7.535694241523742676e-01
7.570005655288696289e-01
7.605441212654113770e-01
7.642196416854858398e-01
7.680032253265380859e-01
7.719159126281738281e-01
7.759447097778320312e-01
7.800739407539367676e-01
7.843263149261474609e-01
7.886731028556823730e-01
7.931577563285827637e-01
7.977656722068786621e-01
8.024553060531616211e-01
8.072500824928283691e-01
8.121157884597778320e-01
8.170625567436218262e-01
8.220835328102111816e-01
8.271721601486206055e-01
8.323215246200561523e-01
8.375067114830017090e-01
8.427531123161315918e-01
8.480346202850341797e-01
8.533416986465454102e-01
8.586629033088684082e-01
8.639878630638122559e-01
8.692882657051086426e-01
8.745848536491394043e-01
8.798476457595825195e-01
8.851130604743957520e-01
8.903217315673828125e-01
8.954499363899230957e-01
9.004675149917602539e-01
9.053936004638671875e-01
9.101988673210144043e-01
9.148706793785095215e-01
9.193824529647827148e-01
9.237378239631652832e-01
9.279385805130004883e-01
9.319487810134887695e-01
9.357728958129882812e-01
9.394023418426513672e-01
9.428309202194213867e-01
9.460525512695312500e-01
9.490723013877868652e-01
9.518668651580810547e-01
9.544444680213928223e-01
9.568036794662475586e-01
9.589481353759765625e-01
9.608814716339111328e-01
9.626052379608154297e-01
9.641269445419311523e-01
9.654406905174255371e-01
9.665560126304626465e-01
9.674777984619140625e-01
9.682115316390991211e-01
9.687631726264953613e-01
9.691393375396728516e-01
9.693464636802673340e-01
9.693921804428100586e-01
9.692827463150024414e-01
9.690271615982055664e-01
9.686297178268432617e-01
9.680985212326049805e-01
9.674433469772338867e-01
9.666653871536254883e-01
9.657775163650512695e-01
9.648131728172302246e-01
9.637827277183532715e-01
9.626541137695312500e-01
9.614404439926147461e-01
9.601359963417053223e-01
9.587540030479431152e-01
9.572868943214416504e-01
9.557474851608276367e-01
9.541255831718444824e-01
9.524276256561279297e-01
9.506602287292480469e-01
9.488096237182617188e-01
9.468880295753479004e-01
9.448864459991455078e-01
9.428019523620605469e-01
9.406309723854064941e-01
9.383698701858520508e-01
9.360136985778808594e-01
9.335573911666870117e-01
9.309954643249511719e-01
9.283229112625122070e-01
9.255554676055908203e-01
9.226751327514648438e-01
9.196687936782836914e-01
9.165319204330444336e-01
9.132616519927978516e-01
9.098551869392395020e-01
9.063127636909484863e-01
9.026336669921875000e-01
8.988220691680908203e-01
8.948813080787658691e-01
8.908184170722961426e-01
8.866407871246337891e-01
8.823593854904174805e-01
8.779857754707336426e-01
8.735342621803283691e-01
8.690348267555236816e-01
8.644717335700988770e-01
8.598932623863220215e-01
8.552842736244201660e-01
8.506934046745300293e-01
8.461043834686279297e-01
8.415641188621520996e-01
8.370594382286071777e-01
8.326309919357299805e-01
8.282545804977416992e-01
8.239724040031433105e-01
8.197782039642333984e-01
8.156632184982299805e-01
8.116639256477355957e-01
8.077557682991027832e-01
8.039695024490356445e-01
8.002800941467285156e-01
7.967155575752258301e-01
7.932482361793518066e-01
7.899039387702941895e-01
7.866562604904174805e-01
7.835261225700378418e-01
7.804885506629943848e-01
7.775629162788391113e-01
7.747339010238647461e-01
7.719990611076354980e-01
7.693537473678588867e-01
7.667949795722961426e-01
7.643200755119323730e-01
7.619236111640930176e-01
7.595750689506530762e-01
7.570970654487609863e-01
7.546767592430114746e-01
7.523273825645446777e-01
7.500380277633666992e-01
7.478060722351074219e-01
7.456289529800415039e-01
7.435044050216674805e-01
7.414300441741943359e-01
7.394038438796997070e-01
7.374241948127746582e-01
7.354890108108520508e-01
7.335968017578125000e-01
7.317457795143127441e-01
7.299348711967468262e-01
7.281625866889953613e-01
7.264270186424255371e-01
7.247284054756164551e-01
7.230650186538696289e-01
7.214409708976745605e-01
7.198449969291687012e-01
7.182815074920654297e-01
7.167540788650512695e-01
7.152526378631591797e-01
7.137812972068786621e-01
7.123419046401977539e-01
7.109181284904479980e-01
7.095237970352172852e-01
7.081621289253234863e-01
7.068244814872741699e-01
7.055139541625976562e-01
7.042332291603088379e-01
7.029744386672973633e-01
7.017436027526855469e-01
7.005332708358764648e-01
6.993460059165954590e-01
6.981836557388305664e-01
6.970390081405639648e-01
6.959156990051269531e-01
6.948148608207702637e-01
6.937304735183715820e-01
6.926646828651428223e-01
6.916193366050720215e-01
6.905892491340637207e-01
6.895785331726074219e-01
6.885846257209777832e-01
6.876074075698852539e-01
6.866449117660522461e-01
6.857009530067443848e-01
6.847737431526184082e-01
6.838616728782653809e-01
6.829686760902404785e-01
6.820933222770690918e-01
6.812349557876586914e-01
6.803941130638122559e-01
6.795728206634521484e-01
6.787712574005126953e-01
6.779878139495849609e-01
6.772268414497375488e-01
6.764864325523376465e-01
6.757680177688598633e-01
6.750726103782653809e-01
6.744006872177124023e-01
6.737540960311889648e-01
6.731314063072204590e-01
6.725357770919799805e-01
6.719661355018615723e-01
6.714247465133666992e-01
6.709108948707580566e-01
6.704268455505371094e-01
6.699721813201904297e-01
6.695485115051269531e-01
6.691553592681884766e-01
6.687950491905212402e-01
6.684667468070983887e-01
6.681727766990661621e-01
6.679122447967529297e-01
6.676878333091735840e-01
6.674980521202087402e-01
6.673454046249389648e-01
6.672271490097045898e-01
6.670557260513305664e-01
6.669201850891113281e-01
6.668236255645751953e-01
6.667663455009460449e-01
6.667506098747253418e-01
6.667767167091369629e-01
6.668446660041809082e-01
6.669545769691467285e-01
6.671092510223388672e-01
6.673077344894409180e-01
6.675511598587036133e-01
6.678400039672851562e-01
6.681747436523437500e-01
6.685568094253540039e-01
6.689863204956054688e-01
6.694639921188354492e-01
6.699857711791992188e-01
6.705605983734130859e-01
6.711862087249755859e-01
6.718572974205017090e-01
6.725845336914062500e-01
6.733626723289489746e-01
6.741875410079956055e-01
6.750718951225280762e-01
6.760090589523315430e-01
6.770001649856567383e-01
6.780374050140380859e-01
6.791375279426574707e-01
6.802926063537597656e-01
6.814951896667480469e-01
6.827734708786010742e-01
6.841254830360412598e-01
6.855242252349853516e-01
6.869897246360778809e-01
6.885122060775756836e-01
6.900809407234191895e-01
6.917175054550170898e-01
6.934103369712829590e-01
6.951515674591064453e-01
6.969602108001708984e-01
6.988247036933898926e-01
7.007477283477783203e-01
7.027162313461303711e-01
7.047408223152160645e-01
7.068335413932800293e-01
7.089695930480957031e-01
7.111742496490478516e-01
7.134221792221069336e-01
7.157353758811950684e-01
7.180916070938110352e-01
7.205004096031188965e-01
7.229748368263244629e-01
7.254891395568847656e-01
7.280666232109069824e-01
7.306821942329406738e-01
7.333610057830810547e-01
7.360746264457702637e-01
7.388508319854736328e-01
7.416595220565795898e-01
7.445136308670043945e-01
7.474282979965209961e-01
7.503721714019775391e-01
7.533753514289855957e-01
7.563601732254028320e-01
7.593775987625122070e-01
7.624209523200988770e-01
7.655074000358581543e-01
7.686510086059570312e-01
7.718199491500854492e-01
7.750462293624877930e-01
7.782984375953674316e-01
7.815905809402465820e-01
7.849430441856384277e-01
7.883208990097045898e-01
7.917436957359313965e-01
7.952105402946472168e-01
7.987254858016967773e-01
8.023064732551574707e-01
8.059208989143371582e-01
8.095890283584594727e-01
8.133123517036437988e-01
8.170939087867736816e-01
8.209534287452697754e-01
8.248573541641235352e-01
8.288239240646362305e-01
8.328539133071899414e-01
8.369479179382324219e-01
8.411244153976440430e-01
8.453395366668701172e-01
8.496103286743164062e-01
8.539302349090576172e-01
8.582926392555236816e-01
8.627077341079711914e-01
8.671255111694335938e-01
8.715529441833496094e-01
8.759782314300537109e-01
8.803865313529968262e-01
8.847866058349609375e-01
8.891392350196838379e-01
8.934731483459472656e-01
8.977316021919250488e-01
9.019036889076232910e-01
9.059779047966003418e-01
9.099453091621398926e-01
9.137970805168151855e-01
9.175252318382263184e-01
9.211267232894897461e-01
9.245962500572204590e-01
9.279308915138244629e-01
9.311287403106689453e-01
9.341890215873718262e-01
9.371115565299987793e-01
9.398969411849975586e-01
9.425457715988159180e-01
9.450596570968627930e-01
9.474397897720336914e-01
9.496889710426330566e-01
9.518081545829772949e-01
9.538005590438842773e-01
9.556671977043151855e-01
9.574109315872192383e-01
9.590338468551635742e-01
9.605380892753601074e-01
9.619254469871520996e-01
9.631985425949096680e-01
9.643586277961730957e-01
9.654083847999572754e-01
9.663491845130920410e-01
9.671832323074340820e-01
9.679120182991027832e-01
9.685373902320861816e-01
9.690611958503723145e-01
9.694851636886596680e-01
9.698107838630676270e-01
9.700388312339782715e-01
9.701731801033020020e-01
9.702052474021911621e-01
9.700967073440551758e-01
9.698932170867919922e-01
9.695965647697448730e-01
9.692096710205078125e-01
9.687307476997375488e-01
9.681628346443176270e-01
9.669823646545410156e-01
9.661632180213928223e-01
9.652656912803649902e-01
9.642831087112426758e-01
9.632211923599243164e-01
9.620817303657531738e-01
9.608657360076904297e-01
9.595749974250793457e-01
9.582175612449645996e-01
9.567829370498657227e-01
9.552784562110900879e-01
9.537058472633361816e-01
9.520670771598815918e-01
9.503633975982666016e-01
9.486054182052612305e-01
9.467775225639343262e-01
9.448900818824768066e-01
9.429447054862976074e-01
9.409428238868713379e-01
9.388957619667053223e-01
9.367865920066833496e-01
9.346259832382202148e-01
9.324261546134948730e-01
9.301688671112060547e-01
9.278652667999267578e-01
9.255273342132568359e-01
9.231363534927368164e-01
9.207045435905456543e-01
9.182441830635070801e-01
9.157355427742004395e-01
9.131906628608703613e-01
9.106230139732360840e-01
9.080125093460083008e-01
9.053702950477600098e-01
9.027107357978820801e-01
9.001076221466064453e-01
8.975014686584472656e-01
8.948871493339538574e-01
8.922421336174011230e-01
8.895802497863769531e-01
8.869155645370483398e-01
8.842246532440185547e-01
8.815219402313232422e-01
8.788207173347473145e-01
8.760980963706970215e-01
8.733681440353393555e-01
8.706440925598144531e-01
8.679030537605285645e-01
8.651583194732666016e-01
8.624233007431030273e-01
8.596749305725097656e-01
8.569383025169372559e-01
8.541904091835021973e-01
8.514559268951416016e-01
8.487113714218139648e-01
8.459821343421936035e-01
8.432438373565673828e-01
8.405094742774963379e-01
8.377917408943176270e-01
8.350653052330017090e-01
8.323556780815124512e-01
8.296381235122680664e-01
8.269365429878234863e-01
8.242277503013610840e-01
8.215345144271850586e-01
8.188332915306091309e-01
8.161470890045166016e-01
8.134523034095764160e-01
8.107722997665405273e-01
8.080826997756958008e-01
8.054074645042419434e-01
8.027222752571105957e-01
8.000501394271850586e-01
7.973682880401611328e-01
7.946989536285400391e-01
7.920195460319519043e-01
7.893521785736083984e-01
7.866744399070739746e-01
7.840093970298767090e-01
7.813338041305541992e-01
7.786579132080078125e-01
7.759942412376403809e-01
7.733212113380432129e-01
7.706611156463623047e-01
7.679920792579650879e-01
7.653360962867736816e-01
7.626839280128479004e-01
7.600222229957580566e-01
7.573759555816650391e-01
7.547225952148437500e-01
7.520840167999267578e-01
7.494512200355529785e-01
7.468112707138061523e-01
7.441894412040710449e-01
7.415612339973449707e-01
7.389509081840515137e-01
7.363486289978027344e-01
7.337417602539062500e-01
7.311549782752990723e-01
7.285645008087158203e-01
7.259948849678039551e-01
7.234339714050292969e-01
7.208721041679382324e-01
7.183321714401245117e-01
7.157914042472839355e-01
7.132732272148132324e-01
7.107665538787841797e-01
7.082617878913879395e-01
7.057795524597167969e-01
7.033002972602844238e-01
7.008455991744995117e-01
6.984046697616577148e-01
6.959682703018188477e-01
6.935565471649169922e-01
6.911514401435852051e-01
6.887717843055725098e-01
6.864086985588073730e-01
6.840536594390869141e-01
6.817255020141601562e-01
6.794165968894958496e-01
6.771167516708374023e-01
6.748468279838562012e-01
6.725963354110717773e-01
6.703670620918273926e-01
6.681520342826843262e-01
6.659677624702453613e-01
6.638081669807434082e-01
6.616638302803039551e-01
6.595548987388610840e-01
6.575866341590881348e-01
6.556570529937744141e-01
6.537492871284484863e-01
6.518802642822265625e-01
6.500440239906311035e-01
6.482338309288024902e-01
6.464673876762390137e-01
6.447381377220153809e-01
6.430429816246032715e-01
6.413962244987487793e-01
6.397952437400817871e-01
6.382406949996948242e-01
6.367317438125610352e-01
6.352820992469787598e-01
6.338899731636047363e-01
6.325529813766479492e-01
6.312851309776306152e-01
6.300843358039855957e-01
6.289547085762023926e-01
6.278936266899108887e-01
6.269111037254333496e-01
6.260008811950683594e-01
6.251595020294189453e-01
6.243823170661926270e-01
6.236535906791687012e-01
6.229497790336608887e-01
6.222324371337890625e-01
6.214542388916015625e-01
6.205388903617858887e-01
6.193894147872924805e-01
6.178818941116333008e-01
6.158646941184997559e-01
6.132065653800964355e-01
6.097782850265502930e-01
6.055140495300292969e-01
6.004466414451599121e-01
5.946871638298034668e-01
5.885345339775085449e-01
5.822498202323913574e-01
5.761114358901977539e-01
5.703366994857788086e-01
5.650621652603149414e-01
5.603193640708923340e-01
5.561509132385253906e-01
5.524848103523254395e-01
5.492585301399230957e-01
5.464034676551818848e-01
5.438438653945922852e-01
5.415443181991577148e-01
5.394450426101684570e-01
5.375034809112548828e-01
5.356897115707397461e-01
5.339682698249816895e-01
5.323394536972045898e-01
5.307898521423339844e-01
5.292906165122985840e-01
5.278323292732238770e-01
5.263996720314025879e-01
5.250008106231689453e-01
5.236238837242126465e-01
5.222650170326232910e-01
5.209214687347412109e-01
5.195901393890380859e-01
5.182650089263916016e-01
5.169556736946105957e-01
5.156549811363220215e-01
5.143625736236572266e-01
5.130767226219177246e-01
5.117983818054199219e-01
5.105272531509399414e-01
5.092625617980957031e-01
5.080043673515319824e-01
5.067473649978637695e-01
5.055006146430969238e-01
5.042614936828613281e-01
5.030285120010375977e-01
5.018020272254943848e-01
5.005820989608764648e-01
4.993678927421569824e-01
4.981607794761657715e-01
4.969606995582580566e-01
4.957626760005950928e-01
4.945765435695648193e-01
4.933966994285583496e-01
4.922244250774383545e-01
4.910596609115600586e-01
4.899022877216339111e-01
4.887525141239166260e-01
4.876101315021514893e-01
4.864744544029235840e-01
4.853430092334747314e-01
4.842239618301391602e-01
4.831129014492034912e-01
4.820097982883453369e-01
4.809141457080841064e-01
4.798268377780914307e-01
4.787482321262359619e-01
4.776780307292938232e-01
4.766161143779754639e-01
4.755577445030212402e-01
4.745125770568847656e-01
4.734762310981750488e-01
4.724486172199249268e-01
4.714296460151672363e-01
4.704187512397766113e-01
4.694170355796813965e-01
4.684245586395263672e-01
4.674410223960876465e-01
4.664664268493652344e-01
4.655008912086486816e-01
4.645438492298126221e-01
4.635960757732391357e-01
4.626654684543609619e-01
4.617742896080017090e-01
4.608926773071289062e-01
4.600199759006500244e-01
4.591569602489471436e-01
4.583033025264739990e-01
4.574584960937500000e-01
4.566235244274139404e-01
4.557976722717285156e-01
4.549809396266937256e-01
4.541740119457244873e-01
4.533742368221282959e-01
4.525865912437438965e-01
4.518091678619384766e-01
4.510408639907836914e-01
4.502827227115631104e-01
4.495340883731842041e-01
4.487955868244171143e-01
4.480666220188140869e-01
4.473472535610198975e-01
4.466380774974822998e-01
4.459394514560699463e-01
4.452502727508544922e-01
4.445717334747314453e-01
4.439032971858978271e-01
4.432445466518402100e-01
4.425597786903381348e-01
4.418819248676300049e-01
4.412136375904083252e-01
4.405556321144104004e-01
4.399085938930511475e-01
4.392713606357574463e-01
4.386444687843322754e-01
4.380287230014801025e-01
4.374228119850158691e-01
4.368274211883544922e-01
4.362427294254302979e-01
4.356693029403686523e-01
4.351058304309844971e-01
4.345532059669494629e-01
4.340119659900665283e-01
4.334809482097625732e-01
4.329607486724853516e-01
4.324521422386169434e-01
4.319539368152618408e-01
4.314666688442230225e-01
4.309912323951721191e-01
4.305261671543121338e-01
4.300723373889923096e-01
4.296304285526275635e-01
4.291990995407104492e-01
4.287791252136230469e-01
4.284135997295379639e-01
4.280951321125030518e-01
4.277881681919097900e-01
4.274926483631134033e-01
4.272093176841735840e-01
4.269369542598724365e-01
4.266762137413024902e-01
4.264273345470428467e-01
4.261899888515472412e-01
4.259651303291320801e-01
4.257515072822570801e-01
4.255498051643371582e-01
4.253601133823394775e-01
4.251831471920013428e-01
4.250175952911376953e-01
4.248642623424530029e-01
4.247231185436248779e-01
4.245942831039428711e-01
4.244784712791442871e-01
4.243744015693664551e-01
4.242828190326690674e-01
4.242037832736968994e-01
4.241380095481872559e-01
4.240842163562774658e-01
4.240431487560272217e-01
4.240148663520812988e-01
4.239982068538665771e-01
4.239952266216278076e-01
4.239891469478607178e-01
4.239960312843322754e-01
4.240166246891021729e-01
4.240496158599853516e-01
4.240962862968444824e-01
4.241556227207183838e-01
4.242282509803771973e-01
4.243148565292358398e-01
4.244142472743988037e-01
4.245270788669586182e-01
4.246534407138824463e-01
4.247940778732299805e-01
4.249476790428161621e-01
4.251130819320678711e-01
4.252941608428955078e-01
4.254897236824035645e-01
4.256985485553741455e-01
4.259213805198669434e-01
4.261582493782043457e-01
4.264099299907684326e-01
4.266750514507293701e-01
4.269550442695617676e-01
4.272487163543701172e-01
4.275574982166290283e-01
4.278800189495086670e-01
4.282170534133911133e-01
4.285686910152435303e-01
4.289318323135375977e-01
4.293247759342193604e-01
4.297510385513305664e-01
4.301924705505371094e-01
4.306472539901733398e-01
4.311178624629974365e-01
4.316024780273437500e-01
4.321018457412719727e-01
4.326165914535522461e-01
4.331410229206085205e-01
4.336848855018615723e-01
4.342435598373413086e-01
4.348172545433044434e-01
4.354065954685211182e-01
4.360104203224182129e-01
4.366294443607330322e-01
4.372635483741760254e-01
4.379129707813262939e-01
4.385782182216644287e-01
4.392524957656860352e-01
4.399477243423461914e-01
4.406589567661285400e-01
4.413844347000122070e-01
4.421265721321105957e-01
4.428836107254028320e-01
4.436562657356262207e-01
4.444449841976165771e-01
4.452488422393798828e-01
4.460618793964385986e-01
4.468968808650970459e-01
4.477478265762329102e-01
4.485982358455657959e-01
4.494426548480987549e-01
4.503023922443389893e-01
4.511780142784118652e-01
4.520685374736785889e-01
4.529743492603302002e-01
4.538881182670593262e-01
4.548248052597045898e-01
4.557767808437347412e-01
4.567442834377288818e-01
4.577278494834899902e-01
4.587264060974121094e-01
4.597404301166534424e-01
4.607705175876617432e-01
4.618071019649505615e-01
4.628675580024719238e-01
4.639433324337005615e-01
4.650347232818603516e-01
4.661415517330169678e-01
4.672640562057495117e-01
4.684026241302490234e-01
4.695467054843902588e-01
4.707154929637908936e-01
4.719003140926361084e-01
4.730999469757080078e-01
4.743151664733886719e-01
4.755456149578094482e-01
4.767915308475494385e-01
4.780428707599639893e-01
4.793201386928558350e-01
4.806120097637176514e-01
4.819179773330688477e-01
4.832299053668975830e-01
4.845567047595977783e-01
4.858968853950500488e-01
4.872411191463470459e-01
4.886099100112915039e-01
4.899920821189880371e-01
4.913881123065948486e-01
4.927984774112701416e-01
4.942228198051452637e-01
4.956600666046142578e-01
4.971002936363220215e-01
4.985647499561309814e-01
5.000426769256591797e-01
5.015356540679931641e-01
5.030402541160583496e-01
5.045592188835144043e-01
5.059323906898498535e-01
5.072962045669555664e-01
5.086854100227355957e-01
5.100857615470886230e-01
5.114977359771728516e-01
5.129225850105285645e-01
5.143588781356811523e-01
5.158078074455261230e-01
5.172549486160278320e-01
5.187270045280456543e-01
5.202100276947021484e-01
5.217049121856689453e-01
5.232124328613281250e-01
5.247305631637573242e-01
5.262454748153686523e-01
5.277859568595886230e-01
5.292918682098388672e-01
5.307312011718750000e-01
5.321782827377319336e-01
5.336344242095947266e-01
5.350838303565979004e-01
5.365555882453918457e-01
5.380359888076782227e-01
5.395237803459167480e-01
5.410203337669372559e-01
5.425238013267517090e-01
5.440211296081542969e-01
5.455399155616760254e-01
5.470665693283081055e-01
5.485998988151550293e-01
5.501415133476257324e-01
5.516890883445739746e-01
5.532286167144775391e-01
5.545809864997863770e-01
5.556360483169555664e-01
5.566985607147216797e-01
5.577676296234130859e-01
5.588434934616088867e-01
5.599108338356018066e-01
5.609996318817138672e-01
5.620954632759094238e-01
5.631971359252929688e-01
5.643055438995361328e-01
5.654199719429016113e-01
5.665246844291687012e-01
5.676519274711608887e-01
5.687856674194335938e-01
5.699248313903808594e-01
5.710699558258056641e-01
5.722209215164184570e-01
5.733643770217895508e-01
5.745882391929626465e-01
5.758245587348937988e-01
5.770713686943054199e-01
5.783284902572631836e-01
5.795983672142028809e-01
5.808604955673217773e-01
5.821510553359985352e-01
5.834531784057617188e-01
5.847651362419128418e-01
5.860881805419921875e-01
5.874043107032775879e-01
5.887481570243835449e-01
5.901021361351013184e-01
5.914678573608398438e-01
5.928421616554260254e-01
5.942099690437316895e-01
5.956046581268310547e-01
5.970626473426818848e-01
5.986758470535278320e-01
6.003039479255676270e-01
6.019443273544311523e-01
6.035796999931335449e-01
6.052475571632385254e-01
6.069293022155761719e-01
6.086229085922241211e-01
6.103297472000122070e-01
6.120294332504272461e-01
6.137623786926269531e-01
6.155058145523071289e-01
6.172614097595214844e-01
6.190289855003356934e-01
6.207892894744873047e-01
6.225794553756713867e-01
6.243806481361389160e-01
6.261937618255615234e-01
6.280294656753540039e-01
6.301456093788146973e-01
6.322501897811889648e-01
6.343826651573181152e-01
6.365242004394531250e-01
6.386736035346984863e-01
6.408296823501586914e-01
6.429734826087951660e-01
6.451447010040283203e-01
6.473208069801330566e-01
6.495043039321899414e-01
6.516929268836975098e-01
6.538871526718139648e-01
6.560668945312500000e-01
6.582698225975036621e-01
6.604781150817871094e-01
6.626904010772705078e-01
6.649045944213867188e-01
6.671025753021240234e-01
6.693220138549804688e-01
6.715450882911682129e-01
6.737694144248962402e-01
6.759935617446899414e-01
6.781996488571166992e-01
6.804262995719909668e-01
6.826509833335876465e-01
6.848764419555664062e-01
6.870996356010437012e-01
6.893017888069152832e-01
6.915223598480224609e-01
6.937388181686401367e-01
6.959531903266906738e-01
6.981638669967651367e-01
7.003493309020996094e-01
7.025511264801025391e-01
7.047473192214965820e-01
7.069370150566101074e-01
7.091211080551147461e-01
7.113112807273864746e-01
7.136121988296508789e-01
7.159045338630676270e-01
7.181867361068725586e-01
7.204596996307373047e-01
7.227027416229248047e-01
7.249537706375122070e-01
7.271943688392639160e-01
7.294223308563232422e-01
7.316378355026245117e-01
7.338224053382873535e-01
7.360116243362426758e-01
7.381868362426757812e-01
7.403489947319030762e-01
7.424951195716857910e-01
7.446084022521972656e-01
7.467232942581176758e-01
7.488217353820800781e-01
7.509048581123352051e-01
7.529692649841308594e-01
7.550157904624938965e-01
7.570279836654663086e-01
7.590377330780029297e-01
7.610285282135009766e-01
7.630004882812500000e-01
7.649511694908142090e-01
7.668660283088684082e-01
7.687754034996032715e-01
7.706634998321533203e-01
7.725307941436767578e-01
7.743743658065795898e-01
7.761800885200500488e-01
7.779792547225952148e-01
7.797536253929138184e-01
7.815043330192565918e-01
7.832313776016235352e-01
7.849183678627014160e-01
7.865960597991943359e-01
7.882470488548278809e-01
7.898723483085632324e-01
7.914053797721862793e-01
7.928761839866638184e-01
7.943191528320312500e-01
7.957350015640258789e-01
7.971247434616088867e-01
7.984727621078491211e-01
7.998071312904357910e-01
8.011120557785034180e-01
8.023880720138549805e-01
8.036363720893859863e-01
8.048423528671264648e-01
8.060318231582641602e-01
8.071910142898559570e-01
8.083193898200988770e-01
8.094185590744018555e-01
8.104754686355590820e-01
8.115131258964538574e-01
8.125190138816833496e-01
8.134933114051818848e-01
8.144371509552001953e-01
8.153384923934936523e-01
8.162186145782470703e-01
8.170658946037292480e-01
8.178806304931640625e-01
8.186639547348022461e-01
8.194051980972290039e-01
8.201230764389038086e-01
8.208072781562805176e-01
8.214582204818725586e-01
8.220773935317993164e-01
8.226547241210937500e-01
8.232071399688720703e-01
8.237251639366149902e-01
8.242105245590209961e-01
8.246615529060363770e-01
8.250727057456970215e-01
8.254575133323669434e-01
8.258075714111328125e-01
8.261249661445617676e-01
8.264075517654418945e-01
8.266515731811523438e-01
8.268676996231079102e-01
8.270631432533264160e-01
8.272315859794616699e-01
8.273647427558898926e-01
8.274598717689514160e-01
8.275256156921386719e-01
8.275564312934875488e-01
8.275541067123413086e-01
8.275167942047119141e-01
8.274440169334411621e-01
8.273393511772155762e-01
8.272020220756530762e-01
8.270302414894104004e-01
8.268260359764099121e-01
8.265861272811889648e-01
8.263157606124877930e-01
8.260115981101989746e-01
8.256756067276000977e-01
8.253060579299926758e-01
8.249037265777587891e-01
8.244706988334655762e-01
8.240047097206115723e-01
8.235079050064086914e-01
8.229784369468688965e-01
8.224191665649414062e-01
8.218273520469665527e-01
8.212054967880249023e-01
8.205519318580627441e-01
8.198688626289367676e-01
8.191561102867126465e-01
8.184129595756530762e-01
8.176389932632446289e-01
8.168364763259887695e-01
8.160037398338317871e-01
8.151454925537109375e-01
8.142551183700561523e-01
8.133362531661987305e-01
8.123902678489685059e-01
8.114151954650878906e-01
8.104170560836791992e-01
8.093871474266052246e-01
8.083311915397644043e-01
8.072473406791687012e-01
8.061380982398986816e-01
8.050048351287841797e-01
8.038390874862670898e-01
8.026449680328369141e-01
8.014237284660339355e-01
8.001779913902282715e-01
7.989113330841064453e-01
7.976144552230834961e-01
7.962941527366638184e-01
7.949483394622802734e-01
7.935786843299865723e-01
7.921863794326782227e-01
7.907754778861999512e-01
7.893359661102294922e-01
7.878733873367309570e-01
7.863895893096923828e-01
7.848838567733764648e-01
7.833607196807861328e-01
7.818117737770080566e-01
7.802416682243347168e-01
7.786495685577392578e-01
7.770371437072753906e-01
7.754114866256713867e-01
7.737601399421691895e-01
7.720890641212463379e-01
7.703965306282043457e-01
7.686872482299804688e-01
7.669659852981567383e-01
7.652197480201721191e-01
7.634544968605041504e-01
7.616712450981140137e-01
7.598717808723449707e-01
7.580621838569641113e-01
7.562276721000671387e-01
7.543777823448181152e-01
7.525100708007812500e-01
7.506278753280639648e-01
7.487376332283020020e-01
7.468229532241821289e-01
7.448945045471191406e-01
7.429497838020324707e-01
7.409906983375549316e-01
7.390183210372924805e-01
7.370400428771972656e-01
7.350400090217590332e-01
7.330239415168762207e-01
7.309971451759338379e-01
7.289572954177856445e-01
7.269163131713867188e-01
7.248949408531188965e-01
7.228605151176452637e-01
7.208169102668762207e-01
7.187595367431640625e-01
7.167037725448608398e-01
7.146256566047668457e-01
7.125372886657714844e-01
7.104380726814270020e-01
7.083278894424438477e-01
7.062207460403442383e-01
7.040922641754150391e-01
7.019543647766113281e-01
6.998071670532226562e-01
6.976513862609863281e-01
6.954866051673889160e-01
6.933229565620422363e-01
6.911427378654479980e-01
6.889531612396240234e-01
6.867561340332031250e-01
6.845511794090270996e-01
6.823484897613525391e-01
6.801303029060363770e-01
6.779037714004516602e-01
6.756706833839416504e-01
6.734307408332824707e-01
6.711847782135009766e-01
6.689435243606567383e-01
6.666850447654724121e-01
6.644210815429687500e-01
6.621513962745666504e-01
6.598762869834899902e-01
6.576074361801147461e-01
6.553234457969665527e-01
6.530319452285766602e-01
6.507371664047241211e-01
6.484379172325134277e-01
6.461343169212341309e-01
6.438394784927368164e-01
6.415267586708068848e-01
6.392112374305725098e-01
6.368924379348754883e-01
6.345700621604919434e-01
6.322560310363769531e-01
6.299273371696472168e-01
6.275972127914428711e-01
6.252613663673400879e-01
6.229243278503417969e-01
6.205851435661315918e-01
6.182550191879272461e-01
6.160668730735778809e-01
6.139030456542968750e-01
6.117365956306457520e-01
6.095684170722961426e-01
6.074122190475463867e-01
6.052433252334594727e-01
6.030716896057128906e-01
6.009000539779663086e-01
5.987285375595092773e-01
5.965551137924194336e-01
5.943943262100219727e-01
5.922217369079589844e-01
5.900462865829467773e-01
5.878733396530151367e-01
5.856986641883850098e-01
5.835262537002563477e-01
5.813655853271484375e-01
5.791909694671630859e-01
5.770194530487060547e-01
5.748485922813415527e-01
5.726772546768188477e-01
5.705081820487976074e-01
5.683506131172180176e-01
5.661818981170654297e-01
5.640160441398620605e-01
5.618517398834228516e-01
5.596860051155090332e-01
5.575243830680847168e-01
5.553746819496154785e-01
5.532165169715881348e-01
5.510603189468383789e-01
5.489033460617065430e-01
5.467510223388671875e-01
5.446009039878845215e-01
5.424630641937255859e-01
5.403176546096801758e-01
5.381731390953063965e-01
5.360310673713684082e-01
5.338932871818542480e-01
5.317578315734863281e-01
5.296353101730346680e-01
5.275046229362487793e-01
5.253764986991882324e-01
5.232531428337097168e-01
5.211328268051147461e-01
5.190142393112182617e-01
5.169106125831604004e-01
5.148001313209533691e-01
5.126918554306030273e-01
5.105885863304138184e-01
5.084888339042663574e-01
5.063902735710144043e-01
5.043333172798156738e-01
5.022748112678527832e-01
5.002189874649047852e-01
4.981698989868164062e-01
4.961222410202026367e-01
4.940796494483947754e-01
4.920523166656494141e-01
4.900182783603668213e-01
4.879882037639617920e-01
4.859614968299865723e-01
4.839401841163635254e-01
4.819250404834747314e-01
4.799225032329559326e-01
4.779146909713745117e-01
4.759123921394348145e-01
4.739139974117279053e-01
4.719204902648925781e-01
4.699304401874542236e-01
4.679480493068695068e-01
4.659798145294189453e-01
4.640047550201416016e-01
4.620372951030731201e-01
4.600724577903747559e-01
4.581137299537658691e-01
4.561603665351867676e-01
4.542124867439270020e-01
4.522799253463745117e-01
4.503411650657653809e-01
4.484105408191680908e-01
4.464837014675140381e-01
4.445612728595733643e-01
4.426453411579132080e-01
4.407354295253753662e-01
4.388408958911895752e-01
4.369417726993560791e-01
4.350488185882568359e-01
4.331609606742858887e-01
4.312780499458312988e-01
4.294018745422363281e-01
4.275330305099487305e-01
4.256773889064788818e-01
4.238186180591583252e-01
4.219647347927093506e-01
4.201195240020751953e-01
4.182785153388977051e-01
4.164427220821380615e-01
4.146154522895812988e-01
4.128025472164154053e-01
4.109846651554107666e-01
4.091742336750030518e-01
4.073702991008758545e-01
4.055719375610351562e-01
4.037799537181854248e-01
4.019947648048400879e-01
4.002243876457214355e-01
3.984214067459106445e-01
3.966000676155090332e-01
3.947852253913879395e-01
3.929751515388488770e-01
3.911724090576171875e-01
3.893771469593048096e-01
3.875975310802459717e-01
3.858138620853424072e-01
3.840380907058715820e-01
3.822682499885559082e-01
3.805044293403625488e-01
3.787487447261810303e-01
3.769995570182800293e-01
3.752645552158355713e-01
3.735286891460418701e-01
3.717988431453704834e-01
3.700764179229736328e-01
3.683591783046722412e-01
3.666504025459289551e-01
3.649481534957885742e-01
3.632588982582092285e-01
3.615701198577880859e-01
3.598879575729370117e-01
3.582112491130828857e-01
3.565428256988525391e-01
3.548810184001922607e-01
3.532251417636871338e-01
3.515754342079162598e-01
3.499340116977691650e-01
3.483075797557830811e-01
3.466782569885253906e-01
3.450562059879302979e-01
3.434417843818664551e-01
3.418341875076293945e-01
3.402317464351654053e-01
3.386377394199371338e-01
3.370503783226013184e-01
3.354675769805908203e-01
3.339016735553741455e-01
3.323346972465515137e-01
3.307728767395019531e-01
3.292193114757537842e-01
3.276715874671936035e-01
3.261316120624542236e-01
3.245967626571655273e-01
3.230701684951782227e-01
3.215578496456146240e-01
3.200431168079376221e-01
3.185358345508575439e-01
3.170358836650848389e-01
3.155412077903747559e-01
3.140549063682556152e-01
3.125749528408050537e-01
3.111009895801544189e-01
3.096330463886260986e-01
3.081802129745483398e-01
3.067270517349243164e-01
3.052787482738494873e-01
3.038387298583984375e-01
3.024356365203857422e-01
3.010474145412445068e-01
2.996658086776733398e-01
2.982903122901916504e-01
2.969212830066680908e-01
2.955655157566070557e-01
2.942091226577758789e-01
2.928592860698699951e-01
2.915155291557312012e-01
2.901781201362609863e-01
2.888464033603668213e-01
2.875215411186218262e-01
2.862030267715454102e-01
2.848971784114837646e-01
2.835908830165863037e-01
2.822908461093902588e-01
2.809970676898956299e-01
2.797093987464904785e-01
2.784279286861419678e-01
2.771525084972381592e-01
2.758824527263641357e-01
2.746192514896392822e-01
2.733683884143829346e-01
2.721172571182250977e-01
2.708720862865447998e-01
2.696329951286315918e-01
2.683998346328735352e-01
2.671725451946258545e-01
2.659513056278228760e-01
2.647360861301422119e-01
2.635267078876495361e-01
2.623225450515747070e-01
2.611247897148132324e-01
2.599329650402069092e-01
2.587527334690093994e-01
2.575725317001342773e-01
2.563980817794799805e-01
2.552292943000793457e-01
2.540663480758666992e-01
2.529090642929077148e-01
2.517562210559844971e-01
2.506096363067626953e-01
2.494693547487258911e-01
2.483347952365875244e-01
2.472056448459625244e-01
2.460821717977523804e-01
2.449696660041809082e-01
2.438573092222213745e-01
2.427504211664199829e-01
2.416489869356155396e-01
2.405529618263244629e-01
2.394619584083557129e-01
2.383767366409301758e-01
2.372971475124359131e-01
2.362227737903594971e-01
2.351537048816680908e-01
2.340900748968124390e-01
2.330317050218582153e-01
2.319836914539337158e-01
2.309359014034271240e-01
2.298932075500488281e-01
2.288558185100555420e-01
2.278238236904144287e-01
2.267992794513702393e-01
2.257796525955200195e-01
2.247658371925354004e-01
2.237571328878402710e-01
2.227537781000137329e-01
2.217555940151214600e-01
2.207625061273574829e-01
2.197789400815963745e-01
2.187962681055068970e-01
2.178186178207397461e-01
2.168459594249725342e-01
2.158784866333007812e-01
2.149160653352737427e-01
2.139579951763153076e-01
2.130055427551269531e-01
2.120580375194549561e-01
2.111153304576873779e-01
2.101776301860809326e-01
2.092448025941848755e-01
2.083208560943603516e-01
2.073976099491119385e-01
2.064792364835739136e-01
2.055656760931015015e-01
2.046567648649215698e-01
2.037526965141296387e-01
2.028528898954391479e-01
2.019580900669097900e-01
2.010680586099624634e-01
2.001826614141464233e-01
1.993017643690109253e-01
1.984255760908126831e-01
1.975535601377487183e-01
1.966864615678787231e-01
1.958226114511489868e-01
1.949645280838012695e-01
1.941109150648117065e-01
1.932616382837295532e-01
1.924164295196533203e-01
1.915800571441650391e-01
1.907439678907394409e-01
1.899122893810272217e-01
1.890849471092224121e-01
1.882619559764862061e-01
1.874427050352096558e-01
1.866281777620315552e-01
1.858179420232772827e-01
1.850118339061737061e-01
1.842099726200103760e-01
1.834122836589813232e-01
1.826182603836059570e-01
1.818288564682006836e-01
1.810435205698013306e-01
1.802621781826019287e-01
1.794849932193756104e-01
1.787118613719940186e-01
1.779427081346511841e-01
1.771770864725112915e-01
1.764159053564071655e-01
1.756586581468582153e-01
1.749087423086166382e-01
1.741593182086944580e-01
1.734137386083602905e-01
1.726716011762619019e-01
1.719337552785873413e-01
1.711997091770172119e-01
1.704694777727127075e-01
1.697850823402404785e-01
1.691252291202545166e-01
1.684692054986953735e-01
1.678150743246078491e-01
1.671654880046844482e-01
1.665196567773818970e-01
1.658768057823181152e-01
1.652376949787139893e-01
1.646016091108322144e-01
1.639687269926071167e-01
1.633395850658416748e-01
1.627133637666702271e-01
1.620907634496688843e-01
1.614740937948226929e-01
1.608565151691436768e-01
1.602435410022735596e-01
1.596333086490631104e-01
1.590266823768615723e-01
1.584228575229644775e-01
1.578221172094345093e-01
1.572248637676239014e-01
1.566303670406341553e-01
1.560392379760742188e-01
1.554508060216903687e-01
1.548648178577423096e-01
1.542824953794479370e-01
1.537031233310699463e-01
1.531271189451217651e-01
1.525538116693496704e-01
1.519836634397506714e-01
1.514161676168441772e-01
1.508516669273376465e-01
1.502902358770370483e-01
1.497315019369125366e-01
1.491749286651611328e-01
1.486219018697738647e-01
1.480716466903686523e-01
1.475245505571365356e-01
1.469799876213073730e-01
1.464384049177169800e-01
1.458993852138519287e-01
1.453634053468704224e-01
1.448298245668411255e-01
1.442990005016326904e-01
1.437702327966690063e-01
1.432448476552963257e-01
1.427223235368728638e-01
1.422022581100463867e-01
1.416848450899124146e-01
1.411702483892440796e-01
1.406580656766891479e-01
1.401487439870834351e-01
1.396417170763015747e-01
1.391372829675674438e-01
1.386347264051437378e-01
1.381353586912155151e-01
1.376388072967529297e-01
1.371445208787918091e-01
1.366527676582336426e-01
1.361636370420455933e-01
1.356768012046813965e-01
1.351926773786544800e-01
1.347106993198394775e-01
1.342314481735229492e-01
1.337534487247467041e-01
1.332786828279495239e-01
1.328066438436508179e-01
1.323366910219192505e-01
1.318693906068801880e-01
1.314041167497634888e-01
1.309412270784378052e-01
1.305077821016311646e-01
1.301149725914001465e-01
1.297243982553482056e-01
1.293355226516723633e-01
1.289493888616561890e-01
1.285642981529235840e-01
1.281811147928237915e-01
1.277997344732284546e-01
1.274203062057495117e-01
1.270435899496078491e-01
1.266678869724273682e-01
1.262939274311065674e-01
1.259218603372573853e-01
1.255515962839126587e-01
1.251839399337768555e-01
1.248172894120216370e-01
1.244524344801902771e-01
1.240892633795738220e-01
1.237279325723648071e-01
1.233692318201065063e-01
1.230113878846168518e-01
1.226552650332450867e-01
1.223008781671524048e-01
1.219482198357582092e-01
1.215980947017669678e-01
1.212488263845443726e-01
1.209012642502784729e-01
1.205553263425827026e-01
1.202111318707466125e-01
1.198694184422492981e-01
1.195286437869071960e-01
1.191893741488456726e-01
1.188517585396766663e-01
1.185157448053359985e-01
1.181812956929206848e-01
1.178493201732635498e-01
1.175161749124526978e-01
1.171865388751029968e-01
1.168584972620010376e-01
1.165320649743080139e-01
1.162079423666000366e-01
1.158845946192741394e-01
1.155628114938735962e-01
1.152425482869148254e-01
1.149237751960754395e-01
1.146073639392852783e-01
1.142916455864906311e-01
1.139774248003959656e-01
1.136647090315818787e-01
1.133534982800483704e-01
1.130444854497909546e-01
1.127362251281738281e-01
1.124293878674507141e-01
1.121239885687828064e-01
1.118200868368148804e-01
1.115183979272842407e-01
1.112173348665237427e-01
1.109176650643348694e-01
1.106196343898773193e-01
1.103228181600570679e-01
1.100281327962875366e-01
1.097341179847717285e-01
1.094414815306663513e-01
1.091501861810684204e-01
1.088585630059242249e-01
1.085707992315292358e-01
1.082836240530014038e-01
1.079977601766586304e-01
1.077132821083068848e-01
1.074301302433013916e-01
1.071490198373794556e-01
1.068684905767440796e-01
1.065893024206161499e-01
1.063113510608673096e-01
1.060347408056259155e-01
1.057601645588874817e-01
1.054871454834938049e-01
1.052271798253059387e-01
1.049689278006553650e-01
1.047111302614212036e-01
1.044551953673362732e-01
1.041997000575065613e-01
1.039460897445678711e-01
1.036935821175575256e-01
1.034415289759635925e-01
1.031913086771965027e-01
1.029398515820503235e-01
1.026918962597846985e-01
1.024450361728668213e-01
1.021985635161399841e-01
1.019538491964340210e-01
1.017095670104026794e-01
1.014671027660369873e-01
1.012256368994712830e-01
1.009845808148384094e-01
1.007453054189682007e-01
1.005063578486442566e-01
1.002691909670829773e-01
1.000309884548187256e-01
9.979589283466339111e-02
9.956185519695281982e-02
9.932816028594970703e-02
9.909617900848388672e-02
9.886449575424194336e-02
9.863454848527908325e-02
9.840560704469680786e-02
9.817693382501602173e-02
9.794998168945312500e-02
9.772332757711410522e-02
9.749830514192581177e-02
9.727218002080917358e-02
9.704914689064025879e-02
9.682709723711013794e-02
9.660527110099792480e-02
9.638512134552001953e-02
9.616526216268539429e-02
9.594696015119552612e-02
9.572964906692504883e-02
9.551271796226501465e-02
9.529721736907958984e-02
9.508201479911804199e-02
9.486838430166244507e-02
9.465356171131134033e-02
9.444173425436019897e-02
9.423083811998367310e-02
9.402015805244445801e-02
9.381096810102462769e-02
9.360204637050628662e-02
9.339467436075210571e-02
9.318810701370239258e-02
9.298181533813476562e-02
9.277702122926712036e-02
9.257241338491439819e-02
9.236931055784225464e-02
9.216570109128952026e-02
9.196365624666213989e-02
9.176302701234817505e-02
9.156263619661331177e-02
9.136370569467544556e-02
9.116501361131668091e-02
9.096769988536834717e-02
9.077119082212448120e-02
9.057481586933135986e-02
9.037987142801284790e-02
9.018512070178985596e-02
8.999045938253402710e-02
8.979783952236175537e-02
8.960540592670440674e-02
8.941435068845748901e-02
8.922342211008071899e-02
8.903390169143676758e-02
8.884448558092117310e-02
8.865641057491302490e-02
8.846910297870635986e-02
8.828192949295043945e-02
8.809478580951690674e-02
8.790906518697738647e-02
8.772465586662292480e-02
8.754292875528335571e-02
8.738713711500167847e-02
8.723191171884536743e-02
8.707710355520248413e-02
8.692349493503570557e-02
8.676864206790924072e-02
8.661554753780364990e-02
8.646282553672790527e-02
8.631134033203125000e-02
8.615977317094802856e-02
8.600870519876480103e-02
8.585859835147857666e-02
8.570732921361923218e-02
8.555776625871658325e-02
8.540865778923034668e-02
8.526062965393066406e-02
8.511242270469665527e-02
8.496474474668502808e-02
8.481812477111816406e-02
8.467023819684982300e-02
8.452387154102325439e-02
8.437807112932205200e-02
8.423329144716262817e-02
8.408840000629425049e-02
8.394391834735870361e-02
8.379978686571121216e-02
8.365561813116073608e-02
8.351244032382965088e-02
8.336972445249557495e-02
8.322787284851074219e-02
8.308596163988113403e-02
8.294449746608734131e-02
8.280343562364578247e-02
8.266333490610122681e-02
8.252184092998504639e-02
8.238198608160018921e-02
8.224251866340637207e-02
8.210395276546478271e-02
8.196517825126647949e-02
8.182686567306518555e-02
8.168944716453552246e-02
8.155080676078796387e-02
8.141351491212844849e-02
8.127667754888534546e-02
8.114074170589447021e-02
8.100464940071105957e-02
8.086891472339630127e-02
8.073338866233825684e-02
8.059779554605484009e-02
8.046310395002365112e-02
8.032871782779693604e-02
8.019510656595230103e-02
8.006141334772109985e-02
7.992803305387496948e-02
7.979499548673629761e-02
7.966280728578567505e-02
7.952927052974700928e-02
7.939716428518295288e-02
7.926591485738754272e-02
7.913447171449661255e-02
7.900321483612060547e-02
7.887237519025802612e-02
7.874233275651931763e-02
7.861104607582092285e-02
7.848101854324340820e-02
7.835135608911514282e-02
7.822248339653015137e-02
7.809339463710784912e-02
7.796460390090942383e-02
7.783549278974533081e-02
7.770724594593048096e-02
7.757929712533950806e-02
7.745161652565002441e-02
7.732458412647247314e-02
7.719645649194717407e-02
7.706958055496215820e-02
7.694295793771743774e-02
7.681709527969360352e-02
7.669091224670410156e-02
7.656507939100265503e-02
7.643900066614151001e-02
7.631368190050125122e-02
7.618854194879531860e-02
7.606369256973266602e-02
7.593959569931030273e-02
7.581434398889541626e-02
7.569023966789245605e-02
7.556632161140441895e-02
7.544320076704025269e-02
7.533309608697891235e-02
7.522627711296081543e-02
7.512010633945465088e-02
7.501451671123504639e-02
7.490916550159454346e-02
7.480404525995254517e-02
7.469817250967025757e-02
7.459329813718795776e-02
7.448872178792953491e-02
7.438387721776962280e-02
7.427966594696044922e-02
7.417465001344680786e-02
7.407083362340927124e-02
7.396718859672546387e-02
7.386371493339538574e-02
7.376035302877426147e-02
7.365594804286956787e-02
7.355303317308425903e-02
7.345033437013626099e-02
7.334783673286437988e-02
7.324539870023727417e-02
7.314237952232360840e-02
7.304044067859649658e-02
7.293821871280670166e-02
7.283657044172286987e-02
7.273519784212112427e-02
7.263403385877609253e-02
7.253216207027435303e-02
7.243128120899200439e-02
7.233068346977233887e-02
7.222983241081237793e-02
7.212962955236434937e-02
7.202868908643722534e-02
7.192886620759963989e-02
7.182927429676055908e-02
7.172986865043640137e-02
7.163055986166000366e-02
7.153027504682540894e-02
7.143148034811019897e-02
7.133289426565170288e-02
7.123439013957977295e-02
7.113622128963470459e-02
7.103744149208068848e-02
7.093923538923263550e-02
7.084158807992935181e-02
7.074425369501113892e-02
7.064710557460784912e-02
7.054941356182098389e-02
7.045262306928634644e-02
7.035614550113677979e-02
7.025945931673049927e-02
7.016342878341674805e-02
7.006672769784927368e-02
6.997112929821014404e-02
6.987577676773071289e-02
6.978064030408859253e-02
6.968484818935394287e-02
6.958975642919540405e-02
6.949531286954879761e-02
6.940110772848129272e-02
6.930625438690185547e-02
6.921252608299255371e-02
6.911903619766235352e-02
6.902574747800827026e-02
6.893148273229598999e-02
6.883870810270309448e-02
6.874615699052810669e-02
6.865389645099639893e-02
6.856112927198410034e-02
6.846923381090164185e-02
6.837769597768783569e-02
6.828602403402328491e-02
6.819428503513336182e-02
6.810341030359268188e-02
6.801290810108184814e-02
6.792266666889190674e-02
6.783196330070495605e-02
6.774214655160903931e-02
6.765230745077133179e-02
6.756310909986495972e-02
6.747350841760635376e-02
6.738477200269699097e-02
6.729642301797866821e-02
6.720831990242004395e-02
6.711982935667037964e-02
6.703180819749832153e-02
6.694453954696655273e-02
6.685757637023925781e-02
6.677023321390151978e-02
6.668372452259063721e-02
6.659763306379318237e-02
6.651180982589721680e-02
6.642521917819976807e-02
6.633990257978439331e-02
6.625497341156005859e-02
6.617301702499389648e-02
6.609726697206497192e-02
6.602140516042709351e-02
6.594629585742950439e-02
6.587032973766326904e-02
6.579567492008209229e-02
6.572090834379196167e-02
6.564690172672271729e-02
6.557206809520721436e-02
6.549855321645736694e-02
6.542503088712692261e-02
6.535206735134124756e-02
6.527841091156005859e-02
6.520605087280273438e-02
6.513369083404541016e-02
6.506191194057464600e-02
6.498946249485015869e-02
6.491828709840774536e-02
6.484714895486831665e-02
6.477659940719604492e-02
6.470536440610885620e-02
6.463553756475448608e-02
6.456553936004638672e-02
6.449622660875320435e-02
6.442627310752868652e-02
6.435770541429519653e-02
6.428898870944976807e-02
6.422093510627746582e-02
6.415240466594696045e-02
6.408502906560897827e-02
6.401760131120681763e-02
6.395088881254196167e-02
6.388367712497711182e-02
6.381762772798538208e-02
6.375153362751007080e-02
6.368625164031982422e-02
6.362030655145645142e-02
6.355559825897216797e-02
6.349088251590728760e-02
6.342645734548568726e-02
6.336240470409393311e-02
6.329909712076187134e-02
6.323525309562683105e-02
6.317272782325744629e-02
6.311010569334030151e-02
6.304770708084106445e-02
6.298588961362838745e-02
6.292468309402465820e-02
6.286299228668212891e-02
6.280253827571868896e-02
6.274214386940002441e-02
6.268192827701568604e-02
6.262218207120895386e-02
6.256326287984848022e-02
6.250379234552383423e-02
6.244552507996559143e-02
6.238725781440734863e-02
6.232935935258865356e-02
6.227184087038040161e-02
6.221507117152214050e-02
6.215794384479522705e-02
6.210193037986755371e-02
6.204592809081077576e-02
6.199021637439727783e-02
6.193507462739944458e-02
6.188058108091354370e-02
6.182609871029853821e-02
6.177195906639099121e-02
6.171835586428642273e-02
6.166540831327438354e-02
6.161206960678100586e-02
6.155999749898910522e-02
6.150786951184272766e-02
6.145608425140380859e-02
6.140473857522010803e-02
6.135424226522445679e-02
6.130330637097358704e-02
6.125351041555404663e-02
6.120385229587554932e-02
6.115449219942092896e-02
6.110553815960884094e-02
6.105734780430793762e-02
6.100894883275032043e-02
6.096156314015388489e-02
6.091423705220222473e-02
6.086741760373115540e-02
6.082090362906455994e-02
6.077516078948974609e-02
6.072914972901344299e-02
6.068432331085205078e-02
6.063945963978767395e-02
6.059504672884941101e-02
6.055101752281188965e-02
6.050784513354301453e-02
6.046465784311294556e-02
6.042193248867988586e-02
6.037966161966323853e-02
6.033809110522270203e-02
6.029628589749336243e-02
6.025554984807968140e-02
6.021498888731002808e-02
6.017482653260231018e-02
6.013502925634384155e-02
6.009697541594505310e-02
6.006914749741554260e-02
6.004232168197631836e-02
6.001553684473037720e-02
5.998915433883666992e-02
5.996351689100265503e-02
5.993791669607162476e-02
5.991282314062118530e-02
5.988793820142745972e-02
5.986388400197029114e-02
5.983965098857879639e-02
5.981639772653579712e-02
5.979355424642562866e-02
5.977044999599456787e-02
5.974840745329856873e-02
5.972642824053764343e-02
5.970499292016029358e-02
5.968374013900756836e-02
5.966313555836677551e-02
5.964313074946403503e-02
5.962320044636726379e-02
5.960375815629959106e-02
5.958465114235877991e-02
5.956612899899482727e-02
5.954785645008087158e-02
5.953026190400123596e-02
5.951300263404846191e-02
5.949598550796508789e-02
5.947958678007125854e-02
5.946341529488563538e-02
5.944792553782463074e-02
5.943246930837631226e-02
5.941791832447052002e-02
5.940378457307815552e-02
5.938954278826713562e-02
5.937627702951431274e-02
5.936298891901969910e-02
5.935058742761611938e-02
5.933819711208343506e-02
5.932656675577163696e-02
5.931547284126281738e-02
5.930439010262489319e-02
5.929408967494964600e-02
5.928397923707962036e-02
5.927457287907600403e-02
5.926535278558731079e-02
5.925684422254562378e-02
5.924877151846885681e-02
5.924088880419731140e-02
5.923373997211456299e-02
5.922676250338554382e-02
5.922045186161994934e-02
5.921437963843345642e-02
5.920910090208053589e-02
5.920425802469253540e-02
5.919948220252990723e-02
5.919556692242622375e-02
5.919179692864418030e-02
5.918882042169570923e-02
5.918589606881141663e-02
5.918385460972785950e-02
5.918228253722190857e-02
5.918086320161819458e-02
5.918022990226745605e-02
5.917969346046447754e-02
5.918001011013984680e-02
5.918047577142715454e-02
5.918179824948310852e-02
5.918314307928085327e-02
5.918543785810470581e-02
5.918816104531288147e-02
5.919103696942329407e-02
5.919472873210906982e-02
5.919858440756797791e-02
5.920334905385971069e-02
5.920819193124771118e-02
5.921377614140510559e-02
5.922004207968711853e-02
5.922637507319450378e-02
5.923365429043769836e-02
5.924098938703536987e-02
5.924907699227333069e-02
5.925755947828292847e-02
5.926674231886863708e-02
5.927658453583717346e-02
5.928638577461242676e-02
5.929710343480110168e-02
5.930817872285842896e-02
5.931993201375007629e-02
5.933180078864097595e-02
5.934478342533111572e-02
5.935810133814811707e-02
5.937182158231735229e-02
5.938612297177314758e-02
5.940070003271102905e-02
5.941635742783546448e-02
5.943200737237930298e-02
5.944867059588432312e-02
5.946572497487068176e-02
5.948323756456375122e-02
5.950137600302696228e-02
5.951999127864837646e-02
5.953915417194366455e-02
5.955888330936431885e-02
5.957922339439392090e-02
5.960040539503097534e-02
5.962145701050758362e-02
5.964376777410507202e-02
5.966602265834808350e-02
5.968916043639183044e-02
5.971278622746467590e-02
5.973706766963005066e-02
5.976224690675735474e-02
5.978265404701232910e-02
5.980262160301208496e-02
5.982274562120437622e-02
5.984387546777725220e-02
5.986522510647773743e-02
5.988752841949462891e-02
5.991004034876823425e-02
5.993384495377540588e-02
5.995753034949302673e-02
5.998213216662406921e-02
6.000699102878570557e-02
6.003244593739509583e-02
6.005892530083656311e-02
6.008557230234146118e-02
6.011325865983963013e-02
6.014112010598182678e-02
6.017035245895385742e-02
6.019935384392738342e-02
6.022950634360313416e-02
6.025980412960052490e-02
6.029119342565536499e-02
6.032272800803184509e-02
6.035538017749786377e-02
6.038815155625343323e-02
6.042206659913063049e-02
6.045635789632797241e-02
6.049101427197456360e-02
6.052685156464576721e-02
6.056278198957443237e-02
6.059991195797920227e-02
6.063712388277053833e-02
6.067556142807006836e-02
6.071406230330467224e-02
6.075406819581985474e-02
6.079388037323951721e-02
6.083495542407035828e-02
6.087608635425567627e-02
6.091849505901336670e-02
6.096094846725463867e-02
6.100471317768096924e-02
6.104843690991401672e-02
6.109290570020675659e-02
6.113903596997261047e-02
6.118484959006309509e-02
6.123204529285430908e-02
6.127923354506492615e-02
6.132780387997627258e-02
6.137637421488761902e-02
6.142629310488700867e-02
6.147625297307968140e-02
6.152765080332756042e-02
6.157934293150901794e-02
6.163216382265090942e-02
6.168494746088981628e-02
6.173922494053840637e-02
6.179343909025192261e-02
6.184829771518707275e-02
6.190474703907966614e-02
6.196113303303718567e-02
6.201905757188796997e-02
6.207722797989845276e-02
6.213664636015892029e-02
6.219596043229103088e-02
6.225680932402610779e-02
6.231762841343879700e-02
6.238004937767982483e-02
6.244236230850219727e-02
6.250633299350738525e-02
6.257047504186630249e-02
6.263598054647445679e-02
6.270133703947067261e-02
6.276834011077880859e-02
6.283524632453918457e-02
6.290387362241744995e-02
6.297331303358078003e-02
6.304255872964859009e-02
6.311358511447906494e-02
6.318474560976028442e-02
6.325738131999969482e-02
6.332974135875701904e-02
6.340398639440536499e-02
6.347803771495819092e-02
6.355392932891845703e-02
6.362958997488021851e-02
6.370715796947479248e-02
6.378553062677383423e-02
6.386394053697586060e-02
6.394401192665100098e-02
6.402381509542465210e-02
6.410557031631469727e-02
6.418706476688385010e-02
6.427052617073059082e-02
6.435369700193405151e-02
6.443887948989868164e-02
6.452372670173645020e-02
6.461099535226821899e-02
6.469880789518356323e-02
6.478631496429443359e-02
6.487589329481124878e-02
6.496514379978179932e-02
6.505653262138366699e-02
6.514753401279449463e-02
6.524064391851425171e-02
6.533344089984893799e-02
6.542877852916717529e-02
6.552337855100631714e-02
6.562020629644393921e-02
6.571798026561737061e-02
6.581532955169677734e-02
6.591489911079406738e-02
6.601408869028091431e-02
6.611559540033340454e-02
6.621699035167694092e-02
6.632039695978164673e-02
6.642334163188934326e-02
6.652866303920745850e-02
6.663494557142257690e-02
6.674072146415710449e-02
6.684896349906921387e-02
6.695668399333953857e-02
6.706691533327102661e-02
6.717691570520401001e-02
6.728653609752655029e-02
6.738957762718200684e-02
6.749469041824340820e-02
6.759957224130630493e-02
6.770668178796768188e-02
6.781511008739471436e-02
6.792256236076354980e-02
6.803298741579055786e-02
6.814239174127578735e-02
6.825476139783859253e-02
6.836618483066558838e-02
6.848058849573135376e-02
6.859429180622100830e-02
6.871040165424346924e-02
6.882613897323608398e-02
6.894424557685852051e-02
6.906377524137496948e-02
6.918220221996307373e-02
6.930378079414367676e-02
6.942430138587951660e-02
6.954798102378845215e-02
6.967055052518844604e-02
6.979638338088989258e-02
6.992101669311523438e-02
7.004900276660919189e-02
7.017577439546585083e-02
7.030580937862396240e-02
7.043665647506713867e-02
7.056701183319091797e-02
7.070033997297286987e-02
7.083255052566528320e-02
7.096810638904571533e-02
7.110241800546646118e-02
7.124023884534835815e-02
7.137878239154815674e-02
7.151678204536437988e-02
7.165762782096862793e-02
7.179785519838333130e-02
7.194095104932785034e-02
7.208555936813354492e-02
7.222884893417358398e-02
7.237574458122253418e-02
7.252349704504013062e-02
7.267057895660400391e-02
7.282097637653350830e-02
7.297223806381225586e-02
7.312282919883728027e-02
7.327645272016525269e-02
7.342939078807830811e-02
7.358539104461669922e-02
7.374296337366104126e-02
7.389917224645614624e-02
7.405915856361389160e-02
7.422001659870147705e-02
7.438022643327713013e-02
7.454353570938110352e-02
7.470609992742538452e-02
7.487198710441589355e-02
7.503941655158996582e-02
7.520571351051330566e-02
7.537531852722167969e-02
7.554659992456436157e-02
7.571627944707870483e-02
7.589010149240493774e-02
7.606484740972518921e-02
7.623872160911560059e-02
7.641603797674179077e-02
7.659250497817993164e-02
7.677242904901504517e-02
7.695411145687103271e-02
7.713408768177032471e-02
7.731837779283523560e-02
7.750366628170013428e-02
7.768794894218444824e-02
7.787632942199707031e-02
7.806295901536941528e-02
7.825395464897155762e-02
7.844606786966323853e-02
7.863709330558776855e-02
7.883189618587493896e-02
7.902850955724716187e-02
7.922327518463134766e-02
7.942261546850204468e-02
7.962302863597869873e-02
7.982239872217178345e-02
8.002562075853347778e-02
8.022770285606384277e-02
8.043386787176132202e-02
8.064178377389907837e-02
8.084778487682342529e-02
8.105866611003875732e-02
8.127091825008392334e-02
8.148129284381866455e-02
8.169654756784439087e-02
8.190979063510894775e-02
8.212795853614807129e-02
8.234730362892150879e-02
8.256536722183227539e-02
8.278771489858627319e-02
8.301194012165069580e-02
8.323410153388977051e-02
8.346141874790191650e-02
8.368985354900360107e-02
8.391701430082321167e-02
8.414852619171142578e-02
8.437866717576980591e-02
8.461369574069976807e-02
8.485002070665359497e-02
8.508481830358505249e-02
8.532420545816421509e-02
8.556568622589111328e-02
8.580481261014938354e-02
8.604940772056579590e-02
8.629526942968368530e-02
8.653958886861801147e-02
8.678870648145675659e-02
8.703627437353134155e-02
8.728864043951034546e-02
8.754305541515350342e-02
8.779510855674743652e-02
8.805292099714279175e-02
8.831240236759185791e-02
8.856935799121856689e-02
8.883222937583923340e-02
8.909638226032257080e-02
8.935882896184921265e-02
8.962640911340713501e-02
8.989606052637100220e-02
9.016708284616470337e-02
9.043637663125991821e-02
9.071088582277297974e-02
9.098761528730392456e-02
9.126161783933639526e-02
9.154189378023147583e-02
9.182092547416687012e-02
9.207905083894729614e-02
9.233441948890686035e-02
9.259600192308425903e-02
9.285923093557357788e-02
9.311977773904800415e-02
9.338650107383728027e-02
9.365466982126235962e-02
9.392494708299636841e-02
9.419240057468414307e-02
9.446623176336288452e-02
9.474146366119384766e-02
9.501897543668746948e-02
9.529387205839157104e-02
9.557449817657470703e-02
9.585749357938766479e-02
9.613732248544692993e-02
9.642383456230163574e-02
9.671180695295333862e-02
9.700210392475128174e-02
9.728923439979553223e-02
9.758318960666656494e-02
9.787870943546295166e-02
9.817177802324295044e-02
9.847136586904525757e-02
9.877251088619232178e-02
9.907600283622741699e-02
9.937614947557449341e-02
9.968347102403640747e-02
9.999223798513412476e-02
1.003033816814422607e-01
1.006111651659011841e-01
1.009262800216674805e-01
1.012433171272277832e-01
1.015568897128105164e-01
1.018779501318931580e-01
1.022004559636116028e-01
1.025254502892494202e-01
1.028469577431678772e-01
1.031759604811668396e-01
1.035065203905105591e-01
1.038343235850334167e-01
1.041691005229949951e-01
1.045061722397804260e-01
1.048453748226165771e-01
1.051809713244438171e-01
1.055243015289306641e-01
