6.896273493766784668e-01
6.892866492271423340e-01
6.889449954032897949e-01
6.886019110679626465e-01
6.882586479187011719e-01
6.879944801330566406e-01
6.877510547637939453e-01
6.875039935111999512e-01
6.872537732124328613e-01
6.870002150535583496e-01
6.871191859245300293e-01
6.874451637268066406e-01
6.877643465995788574e-01
6.880754232406616211e-01
6.883798241615295410e-01
6.887988448143005371e-01
6.894357204437255859e-01
6.900677680969238281e-01
6.906930804252624512e-01
6.913119554519653320e-01
6.919246912002563477e-01
6.924600005149841309e-01
6.929848790168762207e-01
6.935047507286071777e-01
6.940196156501770020e-01
6.945283412933349609e-01
6.950857043266296387e-01
6.957605481147766113e-01
6.964309811592102051e-01
6.970968246459960938e-01
6.977578997611999512e-01
6.984140276908874512e-01
6.989696025848388672e-01
6.994342803955078125e-01
6.998948454856872559e-01
7.003510594367980957e-01
7.008032202720642090e-01
7.012507915496826172e-01
7.015560269355773926e-01
7.017479538917541504e-01
7.019348740577697754e-01
7.021177411079406738e-01
7.022947072982788086e-01
7.024667859077453613e-01
7.026301622390747070e-01
7.027830481529235840e-01
7.029311656951904297e-01
7.030746340751647949e-01
7.032135128974914551e-01
7.033479809761047363e-01
7.034565210342407227e-01
7.032427787780761719e-01
7.030227780342102051e-01
7.027981281280517578e-01
7.025675177574157715e-01
7.023324966430664062e-01
7.020917534828186035e-01
7.019020915031433105e-01
7.017619609832763672e-01
7.016177177429199219e-01
7.014698982238769531e-01
7.013181447982788086e-01
7.011629343032836914e-01
7.010043859481811523e-01
7.007626295089721680e-01
7.004892826080322266e-01
7.002115845680236816e-01
6.999308466911315918e-01
6.996470689773559570e-01
6.993600726127624512e-01
6.990712881088256836e-01
6.986798644065856934e-01
6.982488632202148438e-01
6.978151202201843262e-01
6.973788738250732422e-01
6.969402432441711426e-01
6.964994668960571289e-01
6.960565447807312012e-01
6.956140995025634766e-01
6.951742768287658691e-01
6.947318315505981445e-01
6.942878961563110352e-01
6.938436627388000488e-01
6.933971643447875977e-01
6.929496526718139648e-01
6.925022006034851074e-01
6.920589208602905273e-01
6.916159391403198242e-01
6.911717653274536133e-01
6.907280683517456055e-01
6.902830004692077637e-01
6.898388266563415527e-01
6.893938779830932617e-01
6.888965368270874023e-01
6.882033944129943848e-01
6.875100731849670410e-01
6.868167519569396973e-01
6.861236095428466797e-01
6.854304671287536621e-01
6.847378611564636230e-01
6.840457320213317871e-01
6.833933591842651367e-01
6.829382777214050293e-01
6.824852228164672852e-01
6.820328235626220703e-01
6.815825700759887695e-01
6.811330914497375488e-01
6.806852221488952637e-01
6.802397966384887695e-01
6.797952651977539062e-01
6.791841983795166016e-01
6.785354614257812500e-01
6.778880357742309570e-01
6.772432923316955566e-01
6.765991449356079102e-01
6.759569048881530762e-01
6.753171086311340332e-01
6.746785640716552734e-01
6.740550994873046875e-01
6.735053062438964844e-01
6.729587316513061523e-01
6.724137067794799805e-01
6.718718409538269043e-01
6.713318228721618652e-01
6.707951426506042480e-01
6.702609062194824219e-01
6.697285771369934082e-01
6.692185401916503906e-01
6.688156723976135254e-01
6.684155464172363281e-01
6.680182218551635742e-01
6.676236987113952637e-01
6.672328114509582520e-01
6.668439507484436035e-01
6.664578318595886230e-01
6.660745739936828613e-01
6.656941175460815430e-01
6.651493310928344727e-01
6.645670533180236816e-01
6.639877557754516602e-01
6.634101271629333496e-01
6.628363132476806641e-01
6.622649431228637695e-01
6.616956591606140137e-01
6.611297130584716797e-01
6.605657935142517090e-01
6.600114107131958008e-01
6.595344543457031250e-01
6.590592861175537109e-01
6.585876345634460449e-01
6.579797863960266113e-01
6.575145125389099121e-01
6.570526957511901855e-01
6.565924882888793945e-01
6.561354398727416992e-01
6.556805372238159180e-01
6.552271842956542969e-01
6.549612879753112793e-01
6.547052264213562012e-01
6.544510722160339355e-01
6.541988253593444824e-01
6.539495587348937988e-01
6.537010669708251953e-01
6.534545421600341797e-01
6.532095670700073242e-01
6.529662013053894043e-01
6.527245640754699707e-01
6.525192260742187500e-01
6.523633003234863281e-01
6.522087454795837402e-01
6.520554423332214355e-01
6.519033312797546387e-01
6.517525911331176758e-01
6.516026854515075684e-01
6.514537930488586426e-01
6.513057947158813477e-01
6.511586904525756836e-01
6.510123014450073242e-01
6.508752107620239258e-01
6.507504582405090332e-01
6.506261825561523438e-01
6.505026817321777344e-01
6.503796577453613281e-01
6.502572298049926758e-01
6.501352787017822266e-01
6.500135064125061035e-01
6.498923301696777344e-01
6.497711539268493652e-01
6.496504545211791992e-01
6.495299339294433594e-01
6.493765711784362793e-01
6.492224931716918945e-01
6.490676403045654297e-01
6.489136815071105957e-01
6.487588882446289062e-01
6.486049294471740723e-01
6.484500765800476074e-01
6.482959985733032227e-01
6.481410264968872070e-01
6.479868888854980469e-01
6.478317975997924805e-01
6.476774811744689941e-01
6.474752426147460938e-01
6.472715139389038086e-01
6.470676064491271973e-01
6.468644738197326660e-01
6.466603875160217285e-01
6.464560031890869141e-01
6.462526917457580566e-01
6.460486650466918945e-01
6.458447575569152832e-01
6.456411480903625488e-01
6.454387903213500977e-01
6.452358365058898926e-01
6.448940038681030273e-01
6.443836092948913574e-01
6.438737511634826660e-01
6.433647871017456055e-01
6.428564786911010742e-01
6.423504948616027832e-01
6.418449282646179199e-01
6.413410902023315430e-01
6.408396363258361816e-01
6.403406262397766113e-01
6.398458480834960938e-01
6.393536329269409180e-01
6.388657689094543457e-01
6.384529471397399902e-01
6.381748318672180176e-01
6.379053592681884766e-01
6.376436352729797363e-01
6.373932361602783203e-01
6.371537446975708008e-01
6.369294524192810059e-01
6.367205977439880371e-01
6.365324854850769043e-01
6.363666057586669922e-01
6.362297534942626953e-01
6.361255645751953125e-01
6.360636949539184570e-01
6.360516548156738281e-01
6.361500620841979980e-01
6.363584995269775391e-01
6.366745829582214355e-01
6.371374130249023438e-01
6.378084421157836914e-01
6.387972235679626465e-01
6.403248310089111328e-01
6.429967880249023438e-01
6.537023782730102539e-01
6.456328034400939941e-01
6.429370641708374023e-01
6.411595940589904785e-01
6.398628950119018555e-01
6.388742327690124512e-01
6.380928754806518555e-01
6.374316811561584473e-01
6.369003653526306152e-01
6.364719271659851074e-01
6.361303925514221191e-01
6.358597874641418457e-01
6.356515288352966309e-01
6.354959607124328613e-01
6.353849768638610840e-01
6.353151202201843262e-01
6.352792382240295410e-01
6.352756023406982422e-01
6.352984309196472168e-01
6.353469491004943848e-01
6.354174613952636719e-01
6.355059742927551270e-01
6.356059312820434570e-01
6.357231736183166504e-01
6.358543634414672852e-01
6.359987854957580566e-01
6.361553668975830078e-01
6.363235712051391602e-01
6.365006566047668457e-01
6.366864442825317383e-01
6.368800401687622070e-01
6.370816826820373535e-01
6.372885107994079590e-01
6.375009417533874512e-01
6.377189755439758301e-01
6.379404664039611816e-01
6.381654143333435059e-01
6.384062170982360840e-01
6.386998891830444336e-01
6.389943361282348633e-01
6.392907500267028809e-01
6.395869851112365723e-01
6.398844718933105469e-01
6.401807665824890137e-01
6.404774785041809082e-01
6.407724022865295410e-01
6.410669684410095215e-01
6.413590908050537109e-01
6.416501998901367188e-01
6.419383287429809570e-01
6.422239542007446289e-01
6.425075531005859375e-01
6.427872776985168457e-01
6.430644989013671875e-01
6.433603763580322266e-01
6.436774730682373047e-01
6.439909934997558594e-01
6.442990899085998535e-01
6.446023583412170410e-01
6.449014544486999512e-01
6.451944112777709961e-01
6.454820036888122559e-01
6.457647681236267090e-01
6.460409760475158691e-01
6.463111639022827148e-01
6.465750336647033691e-01
6.468335390090942383e-01
6.470847129821777344e-01
6.473292708396911621e-01
6.475679874420166016e-01
6.477987766265869141e-01
6.480225920677185059e-01
6.484182476997375488e-01
6.488398313522338867e-01
6.492525339126586914e-01
6.496564745903015137e-01
6.500513553619384766e-01
6.504362821578979492e-01
6.508129239082336426e-01
6.511805057525634766e-01
6.515387296676635742e-01
6.518875956535339355e-01
6.522272825241088867e-01
6.525576114654541016e-01
6.528776288032531738e-01
6.531891226768493652e-01
6.534911394119262695e-01
6.537833809852600098e-01
6.540664434432983398e-01
6.543400287628173828e-01
6.546140909194946289e-01
6.549158692359924316e-01
6.552090644836425781e-01
6.554923653602600098e-01
6.557661294937133789e-01
6.560311317443847656e-01
6.562870144844055176e-01
6.565339565277099609e-01
6.567719578742980957e-01
6.570010185241699219e-01
6.572214365005493164e-01
6.574330329895019531e-01
6.576364040374755859e-01
6.578309535980224609e-01
6.580175161361694336e-01
6.581960916519165039e-01
6.583659052848815918e-01
6.585279703140258789e-01
6.586816906929016113e-01
6.588280200958251953e-01
6.590296030044555664e-01
6.592782139778137207e-01
6.595193743705749512e-01
6.597539186477661133e-01
6.599813103675842285e-01
6.602024435997009277e-01
6.604167819023132324e-01
6.606251597404479980e-01
6.608271002769470215e-01
6.610231399536132812e-01
6.612137556076049805e-01
6.613984107971191406e-01
6.615781188011169434e-01
6.617525815963745117e-01
6.619220376014709473e-01
6.620859503746032715e-01
6.622459292411804199e-01
6.624014377593994141e-01
6.625526547431945801e-01
6.626997590065002441e-01
6.628429889678955078e-01
6.629525423049926758e-01
6.630455851554870605e-01
6.631365418434143066e-01
6.632240414619445801e-01
6.633098125457763672e-01
6.633923053741455078e-01
6.634735465049743652e-01
6.635518074035644531e-01
6.636291146278381348e-01
6.637037992477416992e-01
6.637778282165527344e-01
6.638495922088623047e-01
6.639209389686584473e-01
6.639903187751770020e-01
6.640595793724060059e-01
6.641275882720947266e-01
6.641954183578491211e-01
6.642621755599975586e-01
6.643290519714355469e-01
6.643951535224914551e-01
6.644616723060607910e-01
6.645275950431823730e-01
6.645712256431579590e-01
6.646013855934143066e-01
6.646309494972229004e-01
6.646611690521240234e-01
6.646927595138549805e-01
6.647238135337829590e-01
6.647560596466064453e-01
6.647893190383911133e-01
6.648232936859130859e-01
6.648578047752380371e-01
6.648945808410644531e-01
6.649312973022460938e-01
6.649695634841918945e-01
6.650096774101257324e-01
6.650506258010864258e-01
6.650928854942321777e-01
6.651375293731689453e-01
6.651831865310668945e-01
6.652309894561767578e-01
6.652799844741821289e-01
6.653304696083068848e-01
6.653837561607360840e-01
6.654378771781921387e-01
6.654589772224426270e-01
6.652340888977050781e-01
6.650097370147705078e-01
6.647863388061523438e-01
6.645637154579162598e-01
6.643419861793518066e-01
6.641210317611694336e-01
6.639011502265930176e-01
6.636819839477539062e-01
6.634637713432312012e-01
6.632465124130249023e-01
6.630302667617797852e-01
6.628149747848510742e-01
6.626006960868835449e-01
6.623874902725219727e-01
6.621753573417663574e-01
6.619635224342346191e-01
6.617535352706909180e-01
6.615446805953979492e-01
6.613371372222900391e-01
6.611304879188537598e-01
6.609250307083129883e-01
6.607210040092468262e-01
6.605178713798522949e-01
6.603159308433532715e-01
6.601101160049438477e-01
6.598693132400512695e-01
6.596299409866333008e-01
6.593922376632690430e-01
6.591558456420898438e-01
6.589209437370300293e-01
6.586877107620239258e-01
6.584558486938476562e-01
6.582255363464355469e-01
6.579967141151428223e-01
6.577693819999694824e-01
6.575436592102050781e-01
6.573185920715332031e-01
6.570958495140075684e-01
6.568747162818908691e-01
6.566550731658935547e-01
6.564370989799499512e-01
6.562204957008361816e-01
6.560054421424865723e-01
6.557919383049011230e-01
6.555799841880798340e-01
6.553695201873779297e-01
6.551606059074401855e-01
6.549531817436218262e-01
6.547472476959228516e-01
6.545428633689880371e-01
6.543399095535278320e-01
6.541471481323242188e-01
6.539647579193115234e-01
6.537845134735107422e-01
6.536047458648681641e-01
6.534272432327270508e-01
6.532502770423889160e-01
6.530753970146179199e-01
6.529010534286499023e-01
6.527288556098937988e-01
6.525570750236511230e-01
6.523865461349487305e-01
6.522181034088134766e-01
6.520501971244812012e-01
6.518843173980712891e-01
6.517187952995300293e-01
6.515554785728454590e-01
6.513924002647399902e-01
6.512314081192016602e-01
6.510705947875976562e-01
6.509119868278503418e-01
6.507536172866821289e-01
6.505972146987915039e-01
6.504411101341247559e-01
6.502869725227355957e-01
6.501330733299255371e-01
6.499810814857482910e-01
6.498293280601501465e-01
6.496794819831848145e-01
6.495296955108642578e-01
6.492536067962646484e-01
6.489739418029785156e-01
6.486953496932983398e-01
6.484168171882629395e-01
6.481400728225708008e-01
6.478641629219055176e-01
6.475893259048461914e-01
6.473144292831420898e-01
6.470413208007812500e-01
6.467691659927368164e-01
6.464978456497192383e-01
6.462274193763732910e-01
6.459569334983825684e-01
6.456881761550903320e-01
6.454203128814697266e-01
6.451532840728759766e-01
6.448867917060852051e-01
6.446205377578735352e-01
6.443558931350708008e-01
6.440918445587158203e-01
6.438288092613220215e-01
6.435656547546386719e-01
6.433039307594299316e-01
6.430431604385375977e-01
6.427831053733825684e-01
6.425238251686096191e-01
6.422641277313232422e-01
6.420062780380249023e-01
6.417491436004638672e-01
6.414923667907714844e-01
6.412453055381774902e-01
6.410120129585266113e-01
6.407783627510070801e-01
6.405466198921203613e-01
6.403155922889709473e-01
6.400841474533081055e-01
6.398545503616333008e-01
6.396248340606689453e-01
6.393963098526000977e-01
6.391687989234924316e-01
6.389410495758056641e-01
6.387149095535278320e-01
6.384890079498291016e-01
6.382628679275512695e-01
6.380385756492614746e-01
6.378136277198791504e-01
6.375905871391296387e-01
6.373677253723144531e-01
6.371448636054992676e-01
6.369231343269348145e-01
6.367018818855285645e-01
6.364807486534118652e-01
6.362606287002563477e-01
6.360404491424560547e-01
6.358212828636169434e-01
6.356029510498046875e-01
6.353839039802551270e-01
6.351665854454040527e-01
6.349492669105529785e-01
6.347315311431884766e-01
6.345154643058776855e-01
6.342986226081848145e-01
6.340833902359008789e-01
6.337890028953552246e-01
6.334491968154907227e-01
6.331086754798889160e-01
6.327697634696960449e-01
6.324317455291748047e-01
6.320931911468505859e-01
6.317564249038696289e-01
6.314199566841125488e-01
6.310830712318420410e-01
6.307481527328491211e-01
6.304133534431457520e-01
6.300791501998901367e-01
6.297445893287658691e-01
6.294115185737609863e-01
6.290794014930725098e-01
6.287465691566467285e-01
6.284151077270507812e-01
6.280841231346130371e-01
6.277537345886230469e-01
6.274233460426330566e-01
6.270940303802490234e-01
6.267650723457336426e-01
6.264358162879943848e-01
6.261078119277954102e-01
6.257808804512023926e-01
6.254538297653198242e-01
6.251264810562133789e-01
6.248003244400024414e-01
6.244747638702392578e-01
6.241491436958312988e-01
6.238244175910949707e-01
6.234999895095825195e-01
6.231761574745178223e-01
6.228516697883605957e-01
6.225291490554809570e-01
6.222314238548278809e-01
6.219911575317382812e-01
6.217502355575561523e-01
6.215107440948486328e-01
6.212714910507202148e-01
6.210327744483947754e-01
6.207943558692932129e-01
6.205552816390991211e-01
6.203175783157348633e-01
6.200800538063049316e-01
6.198430061340332031e-01
6.196060776710510254e-01
6.193687319755554199e-01
6.191323399543762207e-01
6.188964247703552246e-01
6.186605691909790039e-01
6.184250712394714355e-01
6.181887984275817871e-01
6.179538369178771973e-01
6.177188158035278320e-01
6.174842119216918945e-01
6.172495484352111816e-01
6.170144081115722656e-01
6.167801022529602051e-01
6.165460944175720215e-01
6.163120269775390625e-01
6.160783171653747559e-01
6.158435940742492676e-01
6.156100630760192871e-01
6.153763532638549805e-01
6.151429414749145508e-01
6.149093508720397949e-01
6.146752238273620605e-01
6.144416928291320801e-01
6.142084002494812012e-01
6.139749288558959961e-01
6.137402653694152832e-01
6.135067343711853027e-01
6.132473349571228027e-01
6.128518581390380859e-01
6.124570369720458984e-01
6.120637655258178711e-01
6.116698384284973145e-01
6.112771630287170410e-01
6.108850836753845215e-01
6.106197237968444824e-01
6.102287769317626953e-01
6.098380088806152344e-01
6.094483137130737305e-01
6.090592741966247559e-01
6.086716055870056152e-01
6.082836389541625977e-01
6.078963279724121094e-01
6.075090169906616211e-01
6.071227192878723145e-01
6.067370176315307617e-01
6.063518524169921875e-01
6.059671640396118164e-01
6.055829524993896484e-01
6.051995158195495605e-01
6.048162579536437988e-01
6.044334769248962402e-01
6.040511131286621094e-01
6.036692261695861816e-01
6.032872200012207031e-01
6.029061079025268555e-01
6.025254726409912109e-01
6.021445989608764648e-01
6.017654538154602051e-01
6.013858318328857422e-01
6.010060906410217285e-01
6.006271839141845703e-01
6.002485752105712891e-01
5.998697280883789062e-01
5.994917154312133789e-01
5.991139411926269531e-01
5.987359285354614258e-01
5.983596444129943848e-01
5.979826450347900391e-01
5.976052880287170410e-01
5.973783135414123535e-01
5.971817970275878906e-01
5.969846844673156738e-01
5.967877507209777832e-01
5.965901017189025879e-01
5.963918566703796387e-01
5.961934328079223633e-01
5.959947705268859863e-01
5.957948565483093262e-01
5.955951809883117676e-01
5.953947305679321289e-01
5.951935052871704102e-01
5.949918627738952637e-01
5.947899222373962402e-01
5.945865511894226074e-01
5.943832993507385254e-01
5.941786170005798340e-01
5.939739346504211426e-01
5.937677621841430664e-01
5.935615897178649902e-01
5.933539271354675293e-01
5.931460857391357422e-01
5.929371714591979980e-01
5.927279591560363770e-01
5.925174951553344727e-01
5.923054814338684082e-01
5.920932292938232422e-01
5.918793082237243652e-01
5.916650295257568359e-01
5.914491415023803711e-01
5.912327766418457031e-01
5.910147428512573242e-01
5.907962918281555176e-01
5.905760526657104492e-01
5.903552770614624023e-01
5.901327133178710938e-01
5.899096131324768066e-01
5.896846652030944824e-01
5.894591212272644043e-01
5.892316699028015137e-01
5.890035629272460938e-01
5.887735486030578613e-01
5.885427594184875488e-01
5.883100032806396484e-01
5.880764722824096680e-01
5.878419876098632812e-01
5.876053571701049805e-01
5.873681902885437012e-01
5.871285796165466309e-01
5.868887305259704590e-01
5.866461396217346191e-01
5.864026546478271484e-01
5.861572027206420898e-01
5.859102010726928711e-01
5.856621861457824707e-01
5.854116678237915039e-01
5.851601362228393555e-01
5.849065184593200684e-01
5.846518278121948242e-01
5.843948125839233398e-01
5.841357707977294922e-01
5.838756561279296875e-01
5.836135745048522949e-01
5.833498835563659668e-01
5.830839276313781738e-01
5.828165411949157715e-01
5.825467109680175781e-01
5.822753906250000000e-01
5.820024609565734863e-01
5.817270874977111816e-01
5.814502835273742676e-01
5.811711549758911133e-01
5.808905363082885742e-01
5.806072354316711426e-01
5.803220272064208984e-01
5.800353288650512695e-01
5.797462463378906250e-01
5.794555544853210449e-01
5.791621208190917969e-01
5.788673162460327148e-01
5.785699486732482910e-01
5.782703161239624023e-01
5.779691338539123535e-01
5.776652693748474121e-01
5.773599147796630859e-01
5.770519375801086426e-01
5.767422318458557129e-01
5.764297842979431152e-01
5.761151313781738281e-01
5.757991075515747070e-01
5.754801034927368164e-01
5.751594901084899902e-01
5.748359560966491699e-01
5.745109319686889648e-01
5.742772817611694336e-01
5.740500688552856445e-01
5.738207101821899414e-01
5.735885500907897949e-01
5.733546018600463867e-01
5.731174349784851074e-01
5.728784203529357910e-01
5.726365447044372559e-01
5.723926424980163574e-01
5.721459388732910156e-01
5.718974471092224121e-01
5.716457962989807129e-01
5.713922977447509766e-01
5.711360573768615723e-01
5.708780288696289062e-01
5.706168413162231445e-01
5.703539848327636719e-01
5.700883269309997559e-01
5.698210597038269043e-01
5.695505738258361816e-01
5.692787170410156250e-01
5.690037608146667480e-01
5.687270164489746094e-01
5.684477686882019043e-01
5.681669116020202637e-01
5.678839087486267090e-01
5.675975084304809570e-01
5.673100948333740234e-01
5.670199990272521973e-01
5.667282938957214355e-01
5.664339065551757812e-01
5.661374926567077637e-01
5.658389329910278320e-01
5.655389428138732910e-01
5.652363300323486328e-01
5.649322867393493652e-01
5.646250247955322266e-01
5.643170475959777832e-01
5.640065670013427734e-01
5.636947154998779297e-01
5.633803606033325195e-01
5.630646347999572754e-01
5.627460479736328125e-01
5.624267458915710449e-01
5.621050596237182617e-01
5.617820620536804199e-01
5.614568591117858887e-01
5.611299872398376465e-01
5.608013272285461426e-01
5.604715943336486816e-01
5.601394772529602051e-01
5.598065257072448730e-01
5.594707727432250977e-01
5.591413378715515137e-01
5.588323473930358887e-01
5.585220456123352051e-01
5.582104921340942383e-01
5.578962564468383789e-01
5.575821995735168457e-01
5.572668910026550293e-01
5.569504499435424805e-01
5.566328167915344238e-01
5.563134551048278809e-01
5.559927821159362793e-01
5.556718707084655762e-01
5.553498864173889160e-01
5.550269484519958496e-01
5.547023415565490723e-01
5.543772578239440918e-01
5.540513992309570312e-01
5.537246465682983398e-01
5.533969998359680176e-01
5.530678629875183105e-01
5.527377128601074219e-01
5.524076819419860840e-01
5.520768165588378906e-01
5.517452359199523926e-01
5.514129400253295898e-01
5.510793328285217285e-01
5.507455468177795410e-01
5.504113435745239258e-01
5.500757098197937012e-01
5.497403740882873535e-01
5.494037270545959473e-01
5.490671992301940918e-01
5.487302541732788086e-01
5.483928918838500977e-01
5.480550527572631836e-01
5.477168560028076172e-01
5.473775267601013184e-01
5.470377802848815918e-01
5.466985106468200684e-01
5.463590025901794434e-01
5.460192561149597168e-01
5.456785559654235840e-01
5.453382134437561035e-01
5.449978113174438477e-01
5.446572303771972656e-01
5.443165302276611328e-01
5.439742207527160645e-01
5.436332821846008301e-01
5.432923436164855957e-01
5.429514646530151367e-01
5.426105260848999023e-01
5.422689318656921387e-01
5.419279336929321289e-01
5.415871739387512207e-01
5.412465333938598633e-01
5.409060120582580566e-01
5.405656695365905762e-01
5.402247905731201172e-01
5.398846864700317383e-01
5.395531654357910156e-01
5.392559766769409180e-01
5.389593243598937988e-01
5.386629700660705566e-01
5.383672714233398438e-01
5.380720496177673340e-01
5.377771854400634766e-01
5.374829769134521484e-01
5.371892452239990234e-01
5.368955135345458984e-01
5.366029143333435059e-01
5.363102555274963379e-01
5.360189676284790039e-01
5.357285141944885254e-01
5.354385375976562500e-01
5.351494550704956055e-01
5.348609685897827148e-01
5.345733165740966797e-01
5.342863202095031738e-01
5.339995026588439941e-01
5.337141156196594238e-01
5.334296822547912598e-01
5.331459045410156250e-01
5.328631997108459473e-01
5.325813293457031250e-01
5.323001742362976074e-01
5.319933295249938965e-01
5.316852331161499023e-01
5.313772559165954590e-01
5.310700535774230957e-01
5.307644605636596680e-01
5.304590463638305664e-01
5.301545262336730957e-01
5.298516154289245605e-01
5.295488834381103516e-01
5.292470455169677734e-01
5.289462208747863770e-01
5.286471247673034668e-01
5.283482074737548828e-01
5.280503034591674805e-01
5.277541279792785645e-01
5.274582505226135254e-01
5.271634459495544434e-01
5.268703699111938477e-01
5.265776515007019043e-01
5.262860059738159180e-01
5.259962081909179688e-01
5.257067084312438965e-01
5.254184007644653320e-01
5.251319408416748047e-01
5.248458385467529297e-01
5.245609283447265625e-01
5.243261456489562988e-01
5.241333246231079102e-01
5.239419341087341309e-01
5.237519145011901855e-01
5.235641002655029297e-01
5.233770012855529785e-01
5.231913328170776367e-01
5.230078697204589844e-01
5.228250622749328613e-01
5.226445794105529785e-01
5.224647521972656250e-01
5.222863554954528809e-01
5.221095085144042969e-01
5.219349265098571777e-01
5.217610597610473633e-01
5.215886831283569336e-01
5.214178562164306641e-01
5.212485194206237793e-01
5.210814476013183594e-01
5.209152102470397949e-01
5.207504630088806152e-01
5.205872058868408203e-01
5.204263329505920410e-01
5.202662348747253418e-01
5.201076269149780273e-01
5.199506282806396484e-01
5.197958946228027344e-01
5.196423530578613281e-01
5.194856524467468262e-01
5.193303823471069336e-01
5.191774368286132812e-01
5.190252661705017090e-01
5.188747644424438477e-01
5.187255740165710449e-01
5.185779333114624023e-01
5.184326171875000000e-01
5.182880163192749023e-01
5.181449651718139648e-01
5.180034637451171875e-01
5.178642868995666504e-01
5.177258849143981934e-01
5.175897479057312012e-01
5.174543857574462891e-01
5.173214077949523926e-01
5.171891450881958008e-01
5.170583724975585938e-01
5.169292092323303223e-01
5.168023705482482910e-01
5.166763067245483398e-01
5.165520310401916504e-01
5.164290666580200195e-01
5.163084268569946289e-01
5.161886215209960938e-01
5.160703063011169434e-01
5.159535408020019531e-01
5.158396959304809570e-01
5.157529115676879883e-01
5.157098174095153809e-01
5.156690478324890137e-01
5.156288146972656250e-01
5.155911445617675781e-01
5.155542492866516113e-01
5.155188441276550293e-01
5.154858231544494629e-01
5.154539942741394043e-01
5.154237747192382812e-01
5.153945088386535645e-01
5.153667926788330078e-01
5.153414011001586914e-01
5.153166651725769043e-01
5.152935385704040527e-01
5.152724385261535645e-01
5.152522921562194824e-01
5.152344703674316406e-01
5.152177214622497559e-01
5.152021050453186035e-01
5.151887536048889160e-01
5.151758193969726562e-01
5.151655077934265137e-01
5.151557922363281250e-01
5.151475667953491211e-01
5.151416659355163574e-01
5.151364207267761230e-01
5.151335597038269043e-01
5.151312351226806641e-01
5.151303410530090332e-01
5.151323080062866211e-01
5.151363015174865723e-01
5.151415467262268066e-01
5.151483416557312012e-01
5.151561498641967773e-01
5.151652097702026367e-01
5.151757597923278809e-01
5.151867270469665527e-01
5.151994824409484863e-01
5.152134299278259277e-01
5.152289271354675293e-01
5.152453184127807617e-01
5.152629613876342773e-01
5.152820348739624023e-01
5.153023600578308105e-01
5.153235793113708496e-01
5.153454542160034180e-01
5.153690576553344727e-01
5.153938531875610352e-01
5.154197812080383301e-01
5.154471993446350098e-01
5.154757499694824219e-01
5.155051946640014648e-01
5.155361294746398926e-01
5.155678391456604004e-01
5.156008005142211914e-01
5.156342387199401855e-01
5.156694054603576660e-01
5.157059431076049805e-01
5.157436132431030273e-01
5.157821774482727051e-01
5.158314704895019531e-01
5.159400105476379395e-01
5.160498023033142090e-01
5.161602497100830078e-01
5.162726044654846191e-01
5.163851380348205566e-01
5.164982676506042480e-01
5.166122913360595703e-01
5.167275071144104004e-01
5.168441534042358398e-01
5.169607996940612793e-01
5.170787572860717773e-01
5.171971321105957031e-01
5.173163414001464844e-01
5.174375772476196289e-01
5.175584554672241211e-01
5.176804661750793457e-01
5.176970362663269043e-01
5.177079439163208008e-01
5.177191495895385742e-01
5.177299976348876953e-01
5.177399516105651855e-01
5.177508592605590820e-01
5.177617073059082031e-01
5.177720189094543457e-01
5.177829265594482422e-01
5.177937150001525879e-01
5.178035497665405273e-01
5.178142786026000977e-01
5.178252458572387695e-01
5.178357958793640137e-01
5.178453922271728516e-01
5.178557634353637695e-01
5.178729891777038574e-01
5.179029107093811035e-01
5.179314613342285156e-01
5.179593563079833984e-01
5.179858803749084473e-01
5.180112719535827637e-01
5.180351138114929199e-01
5.180583596229553223e-01
5.180808901786804199e-01
5.181019306182861328e-01
5.181221961975097656e-01
5.181409120559692383e-01
5.181578993797302246e-01
5.181742310523986816e-01
5.181897282600402832e-01
5.182036161422729492e-01
5.182162523269653320e-01
5.179997682571411133e-01
5.174494981765747070e-01
5.168948173522949219e-01
5.163339972496032715e-01
5.157687664031982422e-01
5.151976943016052246e-01
5.146217346191406250e-01
5.140403509140014648e-01
5.134526491165161133e-01
5.128604173660278320e-01
5.122617483139038086e-01
5.116584300994873047e-01
5.110496282577514648e-01
5.104348063468933105e-01
5.098147392272949219e-01
5.091881752014160156e-01
5.085568428039550781e-01
5.079090595245361328e-01
5.070558786392211914e-01
5.061999559402465820e-01
5.053394436836242676e-01
5.044738650321960449e-01
5.036056637763977051e-01
5.027318000793457031e-01
5.018547773361206055e-01
5.009732842445373535e-01
5.000880360603332520e-01
4.991987049579620361e-01
4.983047842979431152e-01
4.974071383476257324e-01
4.965044558048248291e-01
4.955991506576538086e-01
4.946882128715515137e-01
4.937745630741119385e-01
4.928562641143798828e-01
4.919208586215972900e-01
4.909479022026062012e-01
4.899750053882598877e-01
4.889992177486419678e-01
4.880228638648986816e-01
4.870452582836151123e-01
4.860660135746002197e-01
4.850857555866241455e-01
4.841033220291137695e-01
4.831203818321228027e-01
4.821369946002960205e-01
4.811508357524871826e-01
4.801643490791320801e-01
4.791767299175262451e-01
4.781875610351562500e-01
4.771976470947265625e-01
4.762057363986968994e-01
4.752143323421478271e-01
4.742342233657836914e-01
4.735224246978759766e-01
4.728111624717712402e-01
4.721000790596008301e-01
4.713913202285766602e-01
4.706824123859405518e-01
4.699735641479492188e-01
4.692659676074981689e-01
4.685594439506530762e-01
4.678529798984527588e-01
4.671480655670166016e-01
4.664433300495147705e-01
4.657401740550994873e-01
4.650377035140991211e-01
4.643356502056121826e-01
4.636352658271789551e-01
4.629367589950561523e-01
4.622375667095184326e-01
4.615398645401000977e-01
4.608426690101623535e-01
4.601473212242126465e-01
4.594530165195465088e-01
4.587590098381042480e-01
4.580666124820709229e-01
4.573756158351898193e-01
4.566849768161773682e-01
4.559963047504425049e-01
4.553080499172210693e-01
4.546214044094085693e-01
4.539372324943542480e-01
4.532526135444641113e-01
4.525700807571411133e-01
4.518888592720031738e-01
4.512077271938323975e-01
4.505291283130645752e-01
4.498518705368041992e-01
4.491752088069915771e-01
4.485007524490356445e-01
4.478791356086730957e-01
4.474167823791503906e-01
4.469569325447082520e-01
4.464971423149108887e-01
4.460407793521881104e-01
4.455848634243011475e-01
4.451311528682708740e-01
4.446792304515838623e-01
4.442290961742401123e-01
4.437807798385620117e-01
4.433337152004241943e-01
4.428890049457550049e-01
4.424461126327514648e-01
4.420059621334075928e-01
4.415659904479980469e-01
4.411289691925048828e-01
4.406935572624206543e-01
4.402600228786468506e-01
4.398285150527954102e-01
4.393988251686096191e-01
4.389710724353790283e-01
4.385447502136230469e-01
4.381209015846252441e-01
4.376990497112274170e-01
4.372800588607788086e-01
4.368613660335540771e-01
4.364457428455352783e-01
4.360318779945373535e-01
4.356200397014617920e-01
4.352104365825653076e-01
4.348026812076568604e-01
4.343963563442230225e-01
4.339937269687652588e-01
4.335914552211761475e-01
4.331921041011810303e-01
4.327957928180694580e-01
4.323991835117340088e-01
4.320071637630462646e-01
4.316163659095764160e-01
4.312277138233184814e-01
4.307807981967926025e-01
4.302794635295867920e-01
4.297788739204406738e-01
4.292799830436706543e-01
4.287838041782379150e-01
4.282875657081604004e-01
4.277949333190917969e-01
4.273031353950500488e-01
4.268130660057067871e-01
4.263258576393127441e-01
4.258385896682739258e-01
4.253550469875335693e-01
4.248731434345245361e-01
4.243923425674438477e-01
4.239144623279571533e-01
4.234365820884704590e-01
4.229625165462493896e-01
4.224894642829895020e-01
4.220183193683624268e-01
4.215502142906188965e-01
4.210820794105529785e-01
4.206179380416870117e-01
4.201548695564270020e-01
4.196937978267669678e-01
4.192358553409576416e-01
4.187779128551483154e-01
4.183240830898284912e-01
4.178714156150817871e-01
4.174208045005798340e-01
4.169740974903106689e-01
4.165267348289489746e-01
4.160836637020111084e-01
4.156417548656463623e-01
4.152030646800994873e-01
4.147656261920928955e-01
4.143292605876922607e-01
4.138973653316497803e-01
4.134666621685028076e-01
4.130393564701080322e-01
4.126132428646087646e-01
4.121883511543273926e-01
4.117679297924041748e-01
4.113607704639434814e-01
4.109629392623901367e-01
4.105668962001800537e-01
4.101725220680236816e-01
4.097833335399627686e-01
4.093960821628570557e-01
4.090128540992736816e-01
4.086314439773559570e-01
4.082528352737426758e-01
4.078774452209472656e-01
4.075061380863189697e-01
4.071367979049682617e-01
4.067716002464294434e-01
4.064069986343383789e-01
4.060479104518890381e-01
4.056908786296844482e-01
4.053381383419036865e-01
4.049873054027557373e-01
4.046382904052734375e-01
4.042948782444000244e-01
4.039536714553833008e-01
4.036167263984680176e-01
4.032818675041198730e-01
4.029498398303985596e-01
4.026215672492980957e-01
4.022976160049438477e-01
4.019758403301239014e-01
4.016584753990173340e-01
4.013417959213256836e-01
4.010311365127563477e-01
4.007227122783660889e-01
4.004187881946563721e-01
4.001171290874481201e-01
3.998184204101562500e-01
3.995236456394195557e-01
3.992322385311126709e-01
3.989454805850982666e-01
3.986610770225524902e-01
3.983795940876007080e-01
3.981022238731384277e-01
3.978295028209686279e-01
3.975591957569122314e-01
3.972935974597930908e-01
3.970282375812530518e-01
3.967795670032501221e-01
3.965424299240112305e-01
3.963084816932678223e-01
3.960798978805541992e-01
3.958531618118286133e-01
3.956319391727447510e-01
3.954161405563354492e-01
3.952035307884216309e-01
3.949959874153137207e-01
3.947931826114654541e-01
3.945916891098022461e-01
3.943971693515777588e-01
3.942064046859741211e-01
3.940212428569793701e-01
3.938404321670532227e-01
3.936605155467987061e-01
3.934887051582336426e-01
3.933213651180267334e-01
3.931573331356048584e-01
3.929986357688903809e-01
3.928416371345520020e-01
3.926924169063568115e-01
3.925478160381317139e-01
3.924062550067901611e-01
3.922708630561828613e-01
3.921367228031158447e-01
3.920106589794158936e-01
3.918887972831726074e-01
3.917708694934844971e-01
3.916588425636291504e-01
3.915480971336364746e-01
3.914451897144317627e-01
3.913473188877105713e-01
3.912531435489654541e-01
3.911648690700531006e-01
3.910787701606750488e-01
3.909989297389984131e-01
3.909251391887664795e-01
3.908550739288330078e-01
3.907907307147979736e-01
3.907316923141479492e-01
3.906738758087158203e-01
3.906245827674865723e-01
3.905788064002990723e-01
3.905394971370697021e-01
3.905051946640014648e-01
3.904764354228973389e-01
3.905114531517028809e-01
3.905515968799591064e-01
3.905985951423645020e-01
3.906494677066802979e-01
3.907045125961303711e-01
3.907663822174072266e-01
3.908345699310302734e-01
3.909073472023010254e-01
3.909851908683776855e-01
3.910672366619110107e-01
3.911561965942382812e-01
3.912517428398132324e-01
3.913516998291015625e-01
3.914581239223480225e-01
3.915691077709197998e-01
3.916825056076049805e-01
3.918057978153228760e-01
3.919333517551422119e-01
3.920674324035644531e-01
3.922061026096343994e-01
3.923472762107849121e-01
3.924983739852905273e-01
3.926537930965423584e-01
3.928158879280090332e-01
3.929826021194458008e-01
3.931559622287750244e-01
3.933308720588684082e-01
3.935145139694213867e-01
3.937048912048339844e-01
3.938998281955718994e-01
3.941016197204589844e-01
3.943047523498535156e-01
3.945180177688598633e-01
3.947356939315795898e-01
3.949591517448425293e-01
3.951895236968994141e-01
3.954244852066040039e-01
3.956631720066070557e-01
3.959094285964965820e-01
3.961616754531860352e-01
3.964208364486694336e-01
3.966845273971557617e-01
3.969519436359405518e-01
3.972272276878356934e-01
3.975095450878143311e-01
3.977964818477630615e-01
3.980892002582550049e-01
3.983888626098632812e-01
3.986897766590118408e-01
3.990930914878845215e-01
3.995173871517181396e-01
3.999468386173248291e-01
4.003803730010986328e-01
4.008167386054992676e-01
4.012618064880371094e-01
4.017110168933868408e-01
4.021663069725036621e-01
4.026270210742950439e-01
4.030915796756744385e-01
4.035589396953582764e-01
4.040349125862121582e-01
4.045148491859436035e-01
4.050011932849884033e-01
4.054915904998779297e-01
4.059879779815673828e-01
4.064857959747314453e-01
4.069912731647491455e-01
4.075030386447906494e-01
4.080198407173156738e-01
4.085403680801391602e-01
4.090671539306640625e-01
4.095950722694396973e-01
4.101307690143585205e-01
4.106725156307220459e-01
4.112190604209899902e-01
4.117695689201354980e-01
4.123261272907257080e-01
4.128823280334472656e-01
4.134485721588134766e-01
4.140196442604064941e-01
4.145944416522979736e-01
4.151751995086669922e-01
4.157606661319732666e-01
4.163456857204437256e-01
4.169405400753021240e-01
4.175404310226440430e-01
4.181436300277709961e-01
4.187525212764739990e-01
4.193663001060485840e-01
4.199791848659515381e-01
4.206020832061767578e-01
4.212282896041870117e-01
4.218600392341613770e-01
4.224963486194610596e-01
4.231359958648681641e-01
4.237770140171051025e-01
4.244266748428344727e-01
4.250793755054473877e-01
4.257375597953796387e-01
4.264000952243804932e-01
4.270659089088439941e-01
4.277366995811462402e-01
4.284164011478424072e-01
4.291002750396728516e-01
4.297889173030853271e-01
4.304804801940917969e-01
4.311757981777191162e-01
4.318703711032867432e-01
4.325745999813079834e-01
4.332812428474426270e-01
4.339916706085205078e-01
4.347056150436401367e-01
4.354240894317626953e-01
4.361407756805419922e-01
4.368653595447540283e-01
4.375943839550018311e-01
4.383257925510406494e-01
4.390604794025421143e-01
4.397988617420196533e-01
4.405412077903747559e-01
4.412809908390045166e-01
4.420288503170013428e-01
4.427806138992309570e-01
4.435345530509948730e-01
4.442913234233856201e-01
4.450508952140808105e-01
4.458147585391998291e-01
4.465754032135009766e-01
4.473437964916229248e-01
4.481155276298522949e-01
4.488889873027801514e-01
4.496652781963348389e-01
4.504439234733581543e-01
4.512262344360351562e-01
4.520048797130584717e-01
4.527906775474548340e-01
4.535799324512481689e-01
4.543702602386474609e-01
4.551628828048706055e-01
4.559573531150817871e-01
4.567547440528869629e-01
4.575486481189727783e-01
4.583490192890167236e-01
4.591514766216278076e-01
4.599561691284179688e-01
4.607618153095245361e-01
4.615692198276519775e-01
4.623787403106689453e-01
4.631838202476501465e-01
4.639957547187805176e-01
4.648084342479705811e-01
4.656236469745635986e-01
4.664388895034790039e-01
4.672550857067108154e-01
4.680733680725097656e-01
4.688867628574371338e-01
4.696967005729675293e-01
4.704997241497039795e-01
4.713037312030792236e-01
4.721079468727111816e-01
4.729139208793640137e-01
4.737203419208526611e-01
4.745224714279174805e-01
4.753292500972747803e-01
4.761374890804290771e-01
4.769462347030639648e-01
4.777541756629943848e-01
4.785631299018859863e-01
4.793723225593566895e-01
4.801757633686065674e-01
4.809849262237548828e-01
4.817940890789031982e-01
4.826028645038604736e-01
4.834105670452117920e-01
4.842184185981750488e-01
4.850259125232696533e-01
4.858275055885314941e-01
4.866336584091186523e-01
4.874391853809356689e-01
4.882429242134094238e-01
4.890463948249816895e-01
4.898489415645599365e-01
4.906505644321441650e-01
4.914499223232269287e-01
4.922485947608947754e-01
4.930409789085388184e-01
4.938358962535858154e-01
4.946302473545074463e-01
4.954225420951843262e-01
4.962129294872283936e-01
4.970008134841918945e-01
4.977871179580688477e-01
4.985713660717010498e-01
4.993529617786407471e-01
5.001278519630432129e-01
5.009049177169799805e-01
5.016788244247436523e-01
5.024507045745849609e-01
5.032201409339904785e-01
5.039862394332885742e-01
5.047488212585449219e-01
5.055088400840759277e-01
5.062610507011413574e-01
5.070139765739440918e-01
5.077643394470214844e-01
5.085108876228332520e-01
5.092531442642211914e-01
5.099920630455017090e-01
5.107272863388061523e-01
5.114587545394897461e-01
5.121851563453674316e-01
5.129036903381347656e-01
5.136219859123229980e-01
5.143355131149291992e-01
5.150447487831115723e-01
5.157594680786132812e-01
5.164713263511657715e-01
5.171778202056884766e-01
5.178791880607604980e-01
5.185750722885131836e-01
5.192613005638122559e-01
5.199459791183471680e-01
5.206246376037597656e-01
5.212975740432739258e-01
5.219643712043762207e-01
5.226252079010009766e-01
5.232794284820556641e-01
5.239272117614746094e-01
5.245647430419921875e-01
5.251993536949157715e-01
5.258270502090454102e-01
5.264476537704467773e-01
5.270612239837646484e-01
5.276675224304199219e-01
5.282664299011230469e-01
5.288580656051635742e-01
5.294417738914489746e-01
5.300142765045166016e-01
5.305821895599365234e-01
5.311421155929565430e-01
5.316936969757080078e-01
5.322369933128356934e-01
5.327717661857604980e-01
5.332978367805480957e-01
5.338150262832641602e-01
5.343232750892639160e-01
5.348227024078369141e-01
5.353126525878906250e-01
5.357931852340698242e-01
5.362614393234252930e-01
5.367227196693420410e-01
5.371742248535156250e-01
5.376157164573669434e-01
5.380470156669616699e-01
5.384680032730102539e-01
5.388782024383544922e-01
5.392783880233764648e-01
5.396675467491149902e-01
5.400457978248596191e-01
5.404130816459655762e-01
5.407691001892089844e-01
5.411117672920227051e-01
5.414449572563171387e-01
5.417664647102355957e-01
5.420761704444885254e-01
5.423738956451416016e-01
5.426596403121948242e-01
5.429329872131347656e-01
5.431938767433166504e-01
5.434422492980957031e-01
5.436778664588928223e-01
5.439006090164184570e-01
5.441103577613830566e-01
5.443058013916015625e-01
5.444891452789306641e-01
5.446590185165405273e-01
5.448153614997863770e-01
5.449603199958801270e-01
5.450960993766784668e-01
5.452169179916381836e-01
5.453225970268249512e-01
5.454130172729492188e-01
5.454880595207214355e-01
5.455475449562072754e-01
5.455912947654724121e-01
5.456190705299377441e-01
5.456311106681823730e-01
5.456271171569824219e-01
5.456069111824035645e-01
5.455703735351562500e-01
5.455173850059509277e-01
5.454477667808532715e-01
5.453615188598632812e-01
5.452585220336914062e-01
5.451385974884033203e-01
5.450017452239990234e-01
5.448478460311889648e-01
5.446774363517761230e-01
5.444892048835754395e-01
5.442836284637451172e-01
5.440606474876403809e-01
5.438202619552612305e-01
5.435622930526733398e-01
5.432866215705871582e-01
5.429934263229370117e-01
5.426826477050781250e-01
5.423541069030761719e-01
5.420078039169311523e-01
5.416437983512878418e-01
5.412617325782775879e-01
5.408620834350585938e-01
5.404444336891174316e-01
5.400091409683227539e-01
5.395560860633850098e-01
5.390851497650146484e-01
5.385961532592773438e-01
5.380921959877014160e-01
5.375680923461914062e-01
5.370262861251831055e-01
5.364668965339660645e-01
5.358899831771850586e-01
5.352950096130371094e-01
5.346829891204833984e-01
5.340536236763000488e-01
5.334068536758422852e-01
5.327429771423339844e-01
5.320619344711303711e-01
5.313633084297180176e-01
5.306483507156372070e-01
5.299165248870849609e-01
5.291679501533508301e-01
5.284029245376586914e-01
5.276214480400085449e-01
5.268236994743347168e-01
5.260092020034790039e-01
5.251793265342712402e-01
5.243335962295532227e-01
5.234762430191040039e-01
5.225995182991027832e-01
5.217074155807495117e-01
5.207995176315307617e-01
5.198774337768554688e-01
5.189405679702758789e-01
5.179892182350158691e-01
5.170317292213439941e-01
5.160647034645080566e-01
5.150852203369140625e-01
5.140917897224426270e-01
5.130861997604370117e-01
5.120689868927001953e-01
5.110389590263366699e-01
5.099979639053344727e-01
5.089448690414428711e-01
5.078803896903991699e-01
5.068058967590332031e-01
5.057200193405151367e-01
5.046245455741882324e-01
5.035233497619628906e-01
5.024068951606750488e-01
5.012822151184082031e-01
5.001474618911743164e-01
4.990047812461853027e-01
4.978527724742889404e-01
4.966924190521240234e-01
4.955249726772308350e-01
4.943490922451019287e-01
4.931665956974029541e-01
4.919762015342712402e-01
4.907794892787933350e-01
4.895760118961334229e-01
4.883662760257720947e-01
4.871516227722167969e-01
4.859307706356048584e-01
4.847052097320556641e-01
4.834740459918975830e-01
4.822384119033813477e-01
4.809989035129547119e-01
4.797548651695251465e-01
4.785071611404418945e-01
4.772558510303497314e-01
4.760012924671173096e-01
4.747447073459625244e-01
4.734848439693450928e-01
4.722232520580291748e-01
4.709590375423431396e-01
4.696938395500183105e-01
4.684262871742248535e-01
4.671576321125030518e-01
4.658881723880767822e-01
4.646180272102355957e-01
4.633480608463287354e-01
4.620773792266845703e-01
4.608068168163299561e-01
4.595372378826141357e-01
4.582676887512207031e-01
4.569998085498809814e-01
4.557321667671203613e-01
4.544660151004791260e-01
4.532013833522796631e-01
4.519385993480682373e-01
4.506787061691284180e-01
4.494203925132751465e-01
4.481647014617919922e-01
4.469121992588043213e-01
4.456621110439300537e-01
4.444159567356109619e-01
4.431723356246948242e-01
4.419331252574920654e-01
4.406960010528564453e-01
4.394636452198028564e-01
4.382363557815551758e-01
4.370126426219940186e-01
4.357942640781402588e-01
4.345797300338745117e-01
4.333701729774475098e-01
4.321993887424468994e-01
4.310819804668426514e-01
4.299716353416442871e-01
4.288669526576995850e-01
4.277695417404174805e-01
4.266777932643890381e-01
4.255927205085754395e-01
4.245142936706542969e-01
4.234429895877838135e-01
4.223796725273132324e-01
4.213225245475769043e-01
4.202723801136016846e-01
4.192297160625457764e-01
4.181944429874420166e-01
4.171676039695739746e-01
4.161474704742431641e-01
4.151350557804107666e-01
4.141301512718200684e-01
4.131332933902740479e-01
4.121454954147338867e-01
4.111645221710205078e-01
4.101915359497070312e-01
4.092267453670501709e-01
4.082701504230499268e-01
4.073228836059570312e-01
4.063828587532043457e-01
4.054512083530426025e-01
4.045278429985046387e-01
4.036131501197814941e-01
4.027081131935119629e-01
4.018107056617736816e-01
4.009216427803039551e-01
4.000412523746490479e-01
3.991695344448089600e-01
3.983063995838165283e-01
3.974533379077911377e-01
3.966034650802612305e-01
3.957667648792266846e-01
3.949389755725860596e-01
3.941201865673065186e-01
3.933112919330596924e-01
3.925102651119232178e-01
3.917182087898254395e-01
3.909350633621215820e-01
3.901607990264892578e-01
3.893968462944030762e-01
3.886407017707824707e-01
3.878934979438781738e-01
3.871554136276245117e-01
3.864263892173767090e-01
3.857074379920959473e-01
3.849965631961822510e-01
3.842945992946624756e-01
3.836016952991485596e-01
3.829180002212524414e-01
3.822445273399353027e-01
3.815788924694061279e-01
3.809222280979156494e-01
3.802749514579772949e-01
3.796364963054656982e-01
3.790082037448883057e-01
3.783878982067108154e-01
3.777765631675720215e-01
3.771741986274719238e-01
3.765776157379150391e-01
3.759946525096893311e-01
3.754194378852844238e-01
3.748531341552734375e-01
3.742959499359130859e-01
3.737476766109466553e-01
3.732095360755920410e-01
3.726791143417358398e-01
3.721576929092407227e-01
3.716450333595275879e-01
3.711413741111755371e-01
3.706477880477905273e-01
3.701631128787994385e-01
3.696999549865722656e-01
3.692461252212524414e-01
3.687992990016937256e-01
3.683618307113647461e-01
3.679313361644744873e-01
3.675101697444915771e-01
3.670970499515533447e-01
3.666909039020538330e-01
3.662939667701721191e-01
3.659012913703918457e-01
3.655205070972442627e-01
3.651476800441741943e-01
3.647815883159637451e-01
3.644245266914367676e-01
3.640742897987365723e-01
3.637332022190093994e-01
3.633997738361358643e-01
3.630730807781219482e-01
3.627553880214691162e-01
3.624442219734191895e-01
3.621420562267303467e-01
3.618442118167877197e-01
3.615574240684509277e-01
3.612783253192901611e-01
3.610056936740875244e-01
3.607418537139892578e-01
3.604843318462371826e-01
3.602356016635894775e-01
3.599943816661834717e-01
3.597593605518341064e-01
3.595330715179443359e-01
3.593130111694335938e-01
3.591014444828033447e-01
3.588945567607879639e-01
3.586977720260620117e-01
3.585083484649658203e-01
3.583248853683471680e-01
3.581499457359313965e-01
3.579810559749603271e-01
3.578203916549682617e-01
3.576669692993164062e-01
3.575192093849182129e-01
3.573798835277557373e-01
3.572465479373931885e-01
3.571213781833648682e-01
3.570007085800170898e-01
3.568894267082214355e-01
3.567851483821868896e-01
3.566865921020507812e-01
3.565959036350250244e-01
3.565109968185424805e-01
3.564340472221374512e-01
3.563636839389801025e-01
3.562990725040435791e-01
3.562422096729278564e-01
3.561908602714538574e-01
3.561472594738006592e-01
3.561093211174011230e-01
3.560778498649597168e-01
3.560537695884704590e-01
3.560352623462677002e-01
3.560242652893066406e-01
3.560180366039276123e-01
3.560197651386260986e-01
3.560278415679931641e-01
3.560411036014556885e-01
3.560616672039031982e-01
3.560874760150909424e-01
3.561199605464935303e-01
3.561590611934661865e-01
3.562033474445343018e-01
3.562547266483306885e-01
3.563110530376434326e-01
3.563745021820068359e-01
3.564428687095642090e-01
3.565180897712707520e-01
3.565992712974548340e-01
3.566853702068328857e-01
3.567778468132019043e-01
3.568755388259887695e-01
3.569798767566680908e-01
3.570915460586547852e-01
3.572332859039306641e-01
3.573798835277557373e-01
3.575317859649658203e-01
3.576886653900146484e-01
3.578492999076843262e-01
3.580146431922912598e-01
3.581851422786712646e-01
3.583604693412780762e-01
3.585393726825714111e-01
3.587226867675781250e-01
3.589118421077728271e-01
3.591039776802062988e-01
3.593003451824188232e-01
3.595008850097656250e-01
3.597065210342407227e-01
3.599161207675933838e-01
3.601290881633758545e-01
3.603469431400299072e-01
3.605682551860809326e-01
3.607939183712005615e-01
3.610228002071380615e-01
3.612563610076904297e-01
3.614929020404815674e-01
3.617331385612487793e-01
3.619777858257293701e-01
3.622265160083770752e-01
3.624776899814605713e-01
3.627324402332305908e-01
3.629921078681945801e-01
3.632536828517913818e-01
3.635186851024627686e-01
3.637870252132415771e-01
3.640593290328979492e-01
3.643353283405303955e-01
3.646132946014404297e-01
3.648943305015563965e-01
3.651790320873260498e-01
3.654668629169464111e-01
3.657568693161010742e-01
3.660503327846527100e-01
3.663466572761535645e-01
3.666458427906036377e-01
3.669469356536865234e-01
3.672512769699096680e-01
3.675576448440551758e-01
3.678664863109588623e-01
3.681785464286804199e-01
3.684935271739959717e-01
3.688096106052398682e-01
3.691278696060180664e-01
3.694497048854827881e-01
3.697723746299743652e-01
3.700970709323883057e-01
3.704238235950469971e-01
3.707530796527862549e-01
3.710853457450866699e-01
3.714177310466766357e-01
3.717524111270904541e-01
3.720883429050445557e-01
3.724266588687896729e-01
3.727657794952392578e-01
3.731068074703216553e-01
3.734496831893920898e-01
3.737939596176147461e-01
3.741386532783508301e-01
3.744849562644958496e-01
3.748320043087005615e-01
3.751801848411560059e-01
3.755315840244293213e-01
3.758817017078399658e-01
3.762327134609222412e-01
3.765845596790313721e-01
3.769383132457733154e-01
3.772925436496734619e-01
3.776463866233825684e-01
3.780007064342498779e-01
3.783558309078216553e-01
3.787118792533874512e-01
3.790673911571502686e-01
3.794243633747100830e-01
3.797802627086639404e-01
3.801371455192565918e-01
3.804930746555328369e-01
3.808492124080657959e-01
3.812060356140136719e-01
3.815615475177764893e-01
3.819176852703094482e-01
3.822728097438812256e-01
3.825944364070892334e-01
3.829060792922973633e-01
3.832155466079711914e-01
3.835249841213226318e-01
3.838323950767517090e-01
3.841387033462524414e-01
3.844447135925292969e-01
3.847492933273315430e-01
3.850516676902770996e-01
3.853525817394256592e-01
3.856520652770996094e-01
3.859518468379974365e-01
3.862482309341430664e-01
3.865429162979125977e-01
3.868358731269836426e-01
3.871279358863830566e-01
3.874182403087615967e-01
3.877056837081909180e-01
3.879912197589874268e-01
3.882747292518615723e-01
3.885569572448730469e-01
3.888371288776397705e-01
3.891142308712005615e-01
3.893890678882598877e-01
3.896624147891998291e-01
3.899325728416442871e-01
3.902003169059753418e-01
3.904663324356079102e-01
3.907298147678375244e-01
3.909898996353149414e-01
3.912473917007446289e-01
3.915021121501922607e-01
3.917556107044219971e-01
3.920046389102935791e-01
3.922508656978607178e-01
3.924941420555114746e-01
3.927351534366607666e-01
3.929731845855712891e-01
3.932072818279266357e-01
3.934381902217864990e-01
3.936666250228881836e-01
3.938910663127899170e-01
3.941127955913543701e-01
3.943306803703308105e-01
3.945457041263580322e-01
3.947564959526062012e-01
3.949637115001678467e-01
3.951679468154907227e-01
3.953686952590942383e-01
3.955650031566619873e-01
3.957578539848327637e-01
3.959466814994812012e-01
3.961327672004699707e-01
3.963138163089752197e-01
3.964909613132476807e-01
3.966641128063201904e-01
3.968342244625091553e-01
3.969996273517608643e-01
3.971605598926544189e-01
3.973173201084136963e-01
3.974707722663879395e-01
3.976190686225891113e-01
3.977630734443664551e-01
3.979026973247528076e-01
3.980391621589660645e-01
3.981700241565704346e-01
3.982963562011718750e-01
3.984182775020599365e-01
3.985357284545898438e-01
3.986490368843078613e-01
3.987571597099304199e-01
3.988611400127410889e-01
3.989599347114562988e-01
3.990545272827148438e-01
3.991438448429107666e-01
3.992283642292022705e-01
3.993079364299774170e-01
3.993832468986511230e-01
3.994536995887756348e-01
3.995186984539031982e-01
3.995785713195800781e-01
3.996341228485107422e-01
3.996842205524444580e-01
3.997292220592498779e-01
3.997688889503479004e-01
3.998047709465026855e-01
3.998345136642456055e-01
3.998591601848602295e-01
3.998782336711883545e-01
3.998928666114807129e-01
3.999019861221313477e-01
3.999058604240417480e-01
3.999044597148895264e-01
3.998982310295104980e-01
3.998863101005554199e-01
3.998663127422332764e-01
3.998376131057739258e-01
3.998032212257385254e-01
3.997616469860076904e-01
3.997139036655426025e-01
3.996600806713104248e-01
3.996005356311798096e-01
3.995338082313537598e-01
3.994607627391815186e-01
3.993817269802093506e-01
3.992967307567596436e-01
3.992050588130950928e-01
3.991066813468933105e-01
3.990024030208587646e-01
3.988922238349914551e-01
3.987753689289093018e-01
3.986516892910003662e-01
3.985222280025482178e-01
3.983870446681976318e-01
3.982450962066650391e-01
3.980961740016937256e-01
3.979416191577911377e-01
3.977816402912139893e-01
3.976147770881652832e-01
3.974408805370330811e-01
3.972615599632263184e-01
3.970768451690673828e-01
3.968852758407592773e-01
3.966866731643676758e-01
3.964829146862030029e-01
3.962737619876861572e-01
3.960578739643096924e-01
3.958348929882049561e-01
3.956069648265838623e-01
3.953737616539001465e-01
3.951338827610015869e-01
3.948869705200195312e-01
3.946352601051330566e-01
3.943784236907958984e-01
3.941131532192230225e-01
3.938446044921875000e-01
3.935696780681610107e-01
3.932875990867614746e-01
3.930012285709381104e-01
3.927098810672760010e-01
3.924100100994110107e-01
3.921074867248535156e-01
3.917985856533050537e-01
3.914826214313507080e-01
3.911627531051635742e-01
3.908382356166839600e-01
3.905051946640014648e-01
3.901697397232055664e-01
3.898285031318664551e-01
3.894800543785095215e-01
3.891281485557556152e-01
3.887717127799987793e-01
3.884070813655853271e-01
3.880403935909271240e-01
3.876679837703704834e-01
3.872888088226318359e-01
3.869064450263977051e-01
3.865198194980621338e-01
3.861248791217803955e-01
3.857288360595703125e-01
3.853271007537841797e-01
3.849212825298309326e-01
3.845073282718658447e-01
3.840925097465515137e-01
3.836722075939178467e-01
3.832450807094573975e-01
3.828161060810089111e-01
3.823830783367156982e-01
3.819420039653778076e-01
3.815002441406250000e-01
3.810539841651916504e-01
3.806007206439971924e-01
3.801457285881042480e-01
3.796876966953277588e-01
3.792214691638946533e-01
3.787549734115600586e-01
3.782839775085449219e-01
3.778069317340850830e-01
3.773282170295715332e-01
3.768463432788848877e-01
3.763573467731475830e-01
3.758681118488311768e-01
3.753747045993804932e-01
3.748750090599060059e-01
3.743750751018524170e-01
3.738718032836914062e-01
3.733611702919006348e-01
3.728511929512023926e-01
3.723379075527191162e-01
3.718215227127075195e-01
3.712979257106781006e-01
3.707757592201232910e-01
3.702495694160461426e-01
3.697173297405242920e-01
3.691852092742919922e-01
3.686513602733612061e-01
3.681099414825439453e-01
3.675699532032012939e-01
3.670330047607421875e-01
3.665630519390106201e-01
3.660950958728790283e-01
3.656265139579772949e-01
3.651520013809204102e-01
3.646807670593261719e-01
3.642089366912841797e-01
3.637318015098571777e-01
3.632573783397674561e-01
3.627820611000061035e-01
3.623024821281433105e-01
3.618253171443939209e-01
3.613473474979400635e-01
3.608644306659698486e-01
3.603847026824951172e-01
3.599046766757965088e-01
3.594195246696472168e-01
3.589373230934143066e-01
3.584506809711456299e-01
3.579672574996948242e-01
3.574836254119873047e-01
3.569943606853485107e-01
3.565094470977783203e-01
3.560195863246917725e-01
3.555335402488708496e-01
3.550459146499633789e-01
3.545544445514678955e-01
3.540668785572052002e-01
3.535744547843933105e-01
3.530859947204589844e-01
3.525961041450500488e-01
3.521028459072113037e-01
3.516128659248352051e-01
3.511225581169128418e-01
3.506276011466979980e-01
3.501367568969726562e-01
3.496418893337249756e-01
3.491505384445190430e-01
3.486586213111877441e-01
3.481627702713012695e-01
3.476708829402923584e-01
3.471750617027282715e-01
3.466821908950805664e-01
3.461902737617492676e-01
3.456938564777374268e-01
3.452018201351165771e-01
3.447052836418151855e-01
3.442121744155883789e-01
3.437201082706451416e-01
3.432236313819885254e-01
3.427316546440124512e-01
3.422346115112304688e-01
3.417427837848663330e-01
3.412508368492126465e-01
3.407548964023590088e-01
3.402628004550933838e-01
3.397671580314636230e-01
3.392761945724487305e-01
3.387851715087890625e-01
3.382897078990936279e-01
3.377991914749145508e-01
3.373089730739593506e-01
3.368150889873504639e-01
3.363254964351654053e-01
3.358315527439117432e-01
3.353426158428192139e-01
3.348543047904968262e-01
3.343620300292968750e-01
3.338737487792968750e-01
3.333822786808013916e-01
3.328954279422760010e-01
3.324092626571655273e-01
3.319184184074401855e-01
3.314332067966461182e-01
3.309441804885864258e-01
3.304599821567535400e-01
3.299753963947296143e-01
3.294879794120788574e-01
3.290055096149444580e-01
3.285192549228668213e-01
3.280379772186279297e-01
3.275563716888427734e-01
3.270721435546875000e-01
3.265926241874694824e-01
3.261096179485321045e-01
3.256307840347290039e-01
3.251533210277557373e-01
3.246725499629974365e-01
3.241964876651763916e-01
3.237205445766448975e-01
3.232418596744537354e-01
3.227681219577789307e-01
3.222910761833190918e-01
3.218181133270263672e-01
3.213468194007873535e-01
3.208720982074737549e-01
3.204025030136108398e-01
3.199286758899688721e-01
3.194606602191925049e-01
3.189894556999206543e-01
3.185231983661651611e-01
3.180537819862365723e-01
3.175885081291198730e-01
3.171209096908569336e-01
3.166582882404327393e-01
3.161924779415130615e-01
3.157310187816619873e-01
3.152671456336975098e-01
3.148083686828613281e-01
3.143505752086639404e-01
3.138888776302337646e-01
3.134330511093139648e-01
3.129741549491882324e-01
3.125440776348114014e-01
3.121172785758972168e-01
3.116945922374725342e-01
3.112694919109344482e-01
3.108493387699127197e-01
3.104259371757507324e-01
3.100074827671051025e-01
3.095858395099639893e-01
3.091691434383392334e-01
3.087485134601593018e-01
3.083336353302001953e-01
3.079196512699127197e-01
3.075025081634521484e-01
3.070903718471527100e-01
3.066751062870025635e-01
3.062647879123687744e-01
3.058514297008514404e-01
3.054422140121459961e-01
3.050307035446166992e-01
3.046241998672485352e-01
3.042146563529968262e-01
3.038100898265838623e-01
3.034024834632873535e-01
3.029998838901519775e-01
3.025942444801330566e-01
3.021928668022155762e-01
3.017932474613189697e-01
3.013906180858612061e-01
3.009929955005645752e-01
3.005923926830291748e-01
3.001968264579772949e-01
2.997982800006866455e-01
2.994047403335571289e-01
2.990075945854187012e-01
2.986161112785339355e-01
2.982217669486999512e-01
2.978323996067047119e-01
2.974401712417602539e-01
2.970528900623321533e-01
2.966628074645996094e-01
2.962768971920013428e-01
2.958928048610687256e-01
2.955060303211212158e-01
2.951241433620452881e-01
2.947394251823425293e-01
2.943596839904785156e-01
2.939772009849548340e-01
2.935996353626251221e-01
2.932185530662536621e-01
2.928431928157806396e-01
2.924651205539703369e-01
2.920921146869659424e-01
2.917162775993347168e-01
2.913453578948974609e-01
2.909717559814453125e-01
2.906031012535095215e-01
2.902347743511199951e-01
2.898645699024200439e-01
2.894992828369140625e-01
2.891313731670379639e-01
2.887685000896453857e-01
2.884028851985931396e-01
2.880421578884124756e-01
2.876780629158020020e-01
2.873196005821228027e-01
2.869586050510406494e-01
2.866024672985076904e-01
2.862437665462493896e-01
2.858901321887969971e-01
2.855337858200073242e-01
2.851822972297668457e-01
2.848275005817413330e-01
2.844783365726470947e-01
2.841266989707946777e-01
2.837761938571929932e-01
2.834305465221405029e-01
2.830824255943298340e-01
2.827393412590026855e-01
2.823935747146606445e-01
2.820518910884857178e-01
2.817085385322570801e-01
2.813699543476104736e-01
2.810289561748504639e-01
2.806927561759948730e-01
2.803541421890258789e-01
2.800167500972747803e-01
2.796835899353027344e-01
2.793485820293426514e-01
2.790183424949645996e-01
2.786857485771179199e-01
2.783578932285308838e-01
2.780276834964752197e-01
2.777022123336791992e-01
2.773744463920593262e-01
2.770506441593170166e-01
2.767255008220672607e-01
2.764013707637786865e-01
2.760818898677825928e-01
2.757601737976074219e-01
2.754431068897247314e-01
2.751238048076629639e-01
2.748091518878936768e-01
2.744915485382080078e-01
2.741793096065521240e-01
2.738651335239410400e-01
2.735553085803985596e-01
2.732432782649993896e-01
2.729324698448181152e-01
2.726262807846069336e-01
2.723172008991241455e-01
2.720134258270263672e-01
2.717074751853942871e-01
2.714064121246337891e-01
2.711029052734375000e-01
2.708039879798889160e-01
2.705029249191284180e-01
2.702030837535858154e-01
2.699070572853088379e-01
2.696096599102020264e-01
2.693167924880981445e-01
2.690218091011047363e-01
2.687316536903381348e-01
2.684426307678222656e-01
2.681700289249420166e-01
2.678941488265991211e-01
2.676228582859039307e-01
2.673496901988983154e-01
2.670771777629852295e-01
2.668085694313049316e-01
2.665387392044067383e-01
2.662721574306488037e-01
2.660036683082580566e-01
2.657397389411926270e-01
2.654732763767242432e-01
2.652110159397125244e-01
2.649469375610351562e-01
2.646866440773010254e-01
2.644239068031311035e-01
2.641631960868835449e-01
2.639056146144866943e-01
2.636462450027465820e-01
2.633913159370422363e-01
2.631339728832244873e-01
2.628803849220275879e-01
2.626257240772247314e-01
2.623741626739501953e-01
2.621215283870697021e-01
2.618719637393951416e-01
2.616206705570220947e-01
2.613707184791564941e-01
2.611244916915893555e-01
2.608762681484222412e-01
2.606323659420013428e-01
2.603861391544342041e-01
2.601435780525207520e-01
2.599000036716461182e-01
2.596564590930938721e-01
2.594172656536102295e-01
2.591763734817504883e-01
2.589391767978668213e-01
2.586996555328369141e-01
2.584621608257293701e-01
2.582275867462158203e-01
2.579914629459381104e-01
2.577565908432006836e-01
2.575254142284393311e-01
2.572923004627227783e-01
2.570604681968688965e-01
2.568322718143463135e-01
2.566018104553222656e-01
2.563762366771697998e-01
2.561477720737457275e-01
2.559206783771514893e-01
2.556977272033691406e-01
2.554726600646972656e-01
2.552481889724731445e-01
2.550286054611206055e-01
2.548061311244964600e-01
2.545878887176513672e-01
2.543680667877197266e-01
2.541489899158477783e-01
2.539337277412414551e-01
2.537168860435485840e-01
2.535008192062377930e-01
2.532881200313568115e-01
2.530746757984161377e-01
2.528611719608306885e-01
2.526518404483795166e-01
2.524409592151641846e-01
2.522336244583129883e-01
2.520240843296051025e-01
2.518166005611419678e-01
2.516117691993713379e-01
2.514056563377380371e-01
2.512007057666778564e-01
2.509992420673370361e-01
2.507961094379425049e-01
2.505967915058135986e-01
2.503955960273742676e-01
2.501949965953826904e-01
2.499990314245223999e-01
2.498003840446472168e-01
2.496031522750854492e-01
2.494096755981445312e-01
2.492144107818603516e-01
2.490196973085403442e-01
2.488295882940292358e-01
2.486368268728256226e-01
2.484480589628219604e-01
2.482578456401824951e-01
2.480684518814086914e-01
2.478827387094497681e-01
2.476953119039535522e-01
2.475088536739349365e-01
2.473260462284088135e-01
2.471415251493453979e-01
2.469600737094879150e-01
2.467780709266662598e-01
2.465960383415222168e-01
2.464179098606109619e-01
2.462383806705474854e-01
2.460596859455108643e-01
2.458840012550354004e-01
2.457078099250793457e-01
2.455315738916397095e-01
2.453592121601104736e-01
2.451854497194290161e-01
2.450149953365325928e-01
2.448430657386779785e-01
2.446721941232681274e-01
2.445046007633209229e-01
2.443350851535797119e-01
2.441675513982772827e-01
2.440023422241210938e-01
2.438361644744873047e-01
2.436710447072982788e-01
2.435091286897659302e-01
2.433453649282455444e-01
2.431858927011489868e-01
2.430240213871002197e-01
2.428635656833648682e-01
2.427064478397369385e-01
2.425478994846343994e-01
2.423903048038482666e-01
2.422360032796859741e-01
2.420802861452102661e-01
2.419250607490539551e-01
2.417740374803543091e-01
2.416206896305084229e-01
2.414687573909759521e-01
2.413178235292434692e-01
2.411700189113616943e-01
2.410204261541366577e-01
2.408728003501892090e-01
2.407272905111312866e-01
2.405810058116912842e-01
2.404307126998901367e-01
2.402397096157073975e-01
2.400507926940917969e-01
2.398615777492523193e-01
2.396727651357650757e-01
2.394870221614837646e-01
2.392999827861785889e-01
2.391138821840286255e-01
2.389286607503890991e-01
2.387464642524719238e-01
2.385630458593368530e-01
2.383805215358734131e-01
2.381989061832427979e-01
2.380207628011703491e-01
2.378404438495635986e-01
2.376620173454284668e-01
2.374855577945709229e-01
2.373089045286178589e-01
2.371321767568588257e-01
2.369573414325714111e-01
2.367844432592391968e-01
2.366113960742950439e-01
2.364382594823837280e-01
2.362690269947052002e-01
2.360981851816177368e-01
2.359282225370407104e-01
2.357591986656188965e-01
2.355930060148239136e-01
2.354257702827453613e-01
2.352593839168548584e-01
2.350939363241195679e-01
2.349313050508499146e-01
2.347676604986190796e-01
2.346053868532180786e-01
2.344449460506439209e-01
2.342844605445861816e-01
2.341238856315612793e-01
2.339652031660079956e-01
2.338083088397979736e-01
2.336514145135879517e-01
2.334944158792495728e-01
2.333411723375320435e-01
2.331859916448593140e-01
2.330326586961746216e-01
2.328797727823257446e-01
2.327295690774917603e-01
2.325784713029861450e-01
