4.553163647651672363e-01
4.549713134765625000e-01
4.546235203742980957e-01
4.542722105979919434e-01
4.539193212985992432e-01
4.536875784397125244e-01
4.534862637519836426e-01
4.532777965068817139e-01
4.530625641345977783e-01
4.528403878211975098e-01
4.531153142452239990e-01
4.536651372909545898e-01
4.542035758495330811e-01
4.547293186187744141e-01
4.552448093891143799e-01
4.559054970741271973e-01
4.568443894386291504e-01
4.577776789665222168e-01
4.587033987045288086e-01
4.596225023269653320e-01
4.605358541011810303e-01
4.613301157951354980e-01
4.621120095252990723e-01
4.628913104534149170e-01
4.636682569980621338e-01
4.644420742988586426e-01
4.652827084064483643e-01
4.662779271602630615e-01
4.672734439373016357e-01
4.682692587375640869e-01
4.692653119564056396e-01
4.702615737915039062e-01
4.711183905601501465e-01
4.718495607376098633e-01
4.725823104381561279e-01
4.733163714408874512e-01
4.740522801876068115e-01
4.747895002365112305e-01
4.753386676311492920e-01
4.757398068904876709e-01
4.761415421962738037e-01
4.765451550483703613e-01
4.769481420516967773e-01
4.773517251014709473e-01
4.777509868144989014e-01
4.781433045864105225e-01
4.785362482070922852e-01
4.789297580718994141e-01
4.793238639831542969e-01
4.797185659408569336e-01
4.800842702388763428e-01
4.800161123275756836e-01
4.799463748931884766e-01
4.798770248889923096e-01
4.798061251640319824e-01
4.797355830669403076e-01
4.796634912490844727e-01
4.796670675277709961e-01
4.797436594963073730e-01
4.798200428485870361e-01
4.798964560031890869e-01
4.799724221229553223e-01
4.800481796264648438e-01
4.801237285137176514e-01
4.800918698310852051e-01
4.800218343734741211e-01
4.799500405788421631e-01
4.798779785633087158e-01
4.798053503036499023e-01
4.797319471836090088e-01
4.796592593193054199e-01
4.794597327709197998e-01
4.792133271694183350e-01
4.789665937423706055e-01
4.787194728851318359e-01
4.784720242023468018e-01
4.782242178916931152e-01
4.779760539531707764e-01
4.777308702468872070e-01
4.774911999702453613e-01
4.772499501705169678e-01
4.770083725452423096e-01
4.767677187919616699e-01
4.765254557132720947e-01
4.762828946113586426e-01
4.760412573814392090e-01
4.758060574531555176e-01
4.755718111991882324e-01
4.753362238407135010e-01
4.751013815402984619e-01
4.748649597167968750e-01
4.746294915676116943e-01
4.743926823139190674e-01
4.740923941135406494e-01
4.735557138919830322e-01
4.730195999145507812e-01
4.724840223789215088e-01
4.719489812850952148e-01
4.714142978191375732e-01
4.708803892135620117e-01
4.703470468521118164e-01
4.698620438575744629e-01
4.696160256862640381e-01
4.693710505962371826e-01
4.691250622272491455e-01
4.688800871372222900e-01
4.686341285705566406e-01
4.683881402015686035e-01
4.681432247161865234e-01
4.678972661495208740e-01
4.674502313137054443e-01
4.669568538665771484e-01
4.664637744426727295e-01
4.659723937511444092e-01
4.654802978038787842e-01
4.649888575077056885e-01
4.644987285137176514e-01
4.640082418918609619e-01
4.635352492332458496e-01
4.631548821926116943e-01
4.627759754657745361e-01
4.623965620994567871e-01
4.620184600353240967e-01
4.616400003433227539e-01
4.612630307674407959e-01
4.608863890171051025e-01
4.605093896389007568e-01
4.601550400257110596e-01
4.599192738533020020e-01
4.596836268901824951e-01
4.594481289386749268e-01
4.592127799987792969e-01
4.589785337448120117e-01
4.587434530258178711e-01
4.585085213184356689e-01
4.582737088203430176e-01
4.580390453338623047e-01
4.576184749603271484e-01
4.571539461612701416e-01
4.566903412342071533e-01
4.562263488769531250e-01
4.557643234729766846e-01
4.553028643131256104e-01
4.548413753509521484e-01
4.543814659118652344e-01
4.539214968681335449e-01
4.534707367420196533e-01
4.531112015247344971e-01
4.527511298656463623e-01
4.523925483226776123e-01
4.520305395126342773e-01
4.516716897487640381e-01
4.513144195079803467e-01
4.509566724300384521e-01
4.506003558635711670e-01
4.502443075180053711e-01
4.498879611492156982e-01
4.497363269329071045e-01
4.495931863784790039e-01
4.494498074054718018e-01
4.493063986301422119e-01
4.491640329360961914e-01
4.490204751491546631e-01
4.488770365715026855e-01
4.487333595752716064e-01
4.485896229743957520e-01
4.484459757804870605e-01
4.483410120010375977e-01
4.482893943786621094e-01
4.482375085353851318e-01
4.481853544712066650e-01
4.481329619884490967e-01
4.480804800987243652e-01
4.480275809764862061e-01
4.479744136333465576e-01
4.479209780693054199e-01
4.478672742843627930e-01
4.478133022785186768e-01
4.477665126323699951e-01
4.477296173572540283e-01
4.476923942565917969e-01
4.476551413536071777e-01
4.476175606250762939e-01
4.475799500942230225e-01
4.475421607494354248e-01
4.475039839744567871e-01
4.474658071994781494e-01
4.474272429943084717e-01
4.473886489868164062e-01
4.473498165607452393e-01
4.472662210464477539e-01
4.471810758113861084e-01
4.470948576927185059e-01
4.470094144344329834e-01
4.469228684902191162e-01
4.468370676040649414e-01
4.467501640319824219e-01
4.466639757156372070e-01
4.465766847133636475e-01
4.464901089668273926e-01
4.464024007320404053e-01
4.463153779506683350e-01
4.461719095706939697e-01
4.460265934467315674e-01
4.458809494972229004e-01
4.457358717918395996e-01
4.455894827842712402e-01
4.454425573348999023e-01
4.452963173389434814e-01
4.451487660408020020e-01
4.450007677078247070e-01
4.448523521423339844e-01
4.447043836116790771e-01
4.445548653602600098e-01
4.442609250545501709e-01
4.437927901744842529e-01
4.433247447013854980e-01
4.428569376468658447e-01
4.423890411853790283e-01
4.419222176074981689e-01
4.414543211460113525e-01
4.409863650798797607e-01
4.405184984207153320e-01
4.400503337383270264e-01
4.395830929279327393e-01
4.391145408153533936e-01
4.386457204818725586e-01
4.382509291172027588e-01
4.379923045635223389e-01
4.377339482307434082e-01
4.374736547470092773e-01
4.372134506702423096e-01
4.369511306285858154e-01
4.366886913776397705e-01
4.364238679409027100e-01
4.361586570739746094e-01
4.358907341957092285e-01
4.356220066547393799e-01
4.353501796722412109e-01
4.350770413875579834e-01
4.348001778125762939e-01
4.345670640468597412e-01
4.343583881855010986e-01
4.341455101966857910e-01
4.339281320571899414e-01
4.337055981159210205e-01
4.334783852100372314e-01
4.332460761070251465e-01
4.330177605152130127e-01
4.330120086669921875e-01
4.332923591136932373e-01
4.337182641029357910e-01
4.341733455657958984e-01
4.346122443675994873e-01
4.350085556507110596e-01
4.353385865688323975e-01
4.355665445327758789e-01
4.357360601425170898e-01
4.358490109443664551e-01
4.359128773212432861e-01
4.359316229820251465e-01
4.359131753444671631e-01
4.358620047569274902e-01
4.357819259166717529e-01
4.356793165206909180e-01
4.355557560920715332e-01
4.354164898395538330e-01
4.352620840072631836e-01
4.350968897342681885e-01
4.349217116832733154e-01
4.347362220287322998e-01
4.345344603061676025e-01
4.343276619911193848e-01
4.341152012348175049e-01
4.338984191417694092e-01
4.336783587932586670e-01
4.334561228752136230e-01
4.332307577133178711e-01
4.330032765865325928e-01
4.327741563320159912e-01
4.325447678565979004e-01
4.323132336139678955e-01
4.320810437202453613e-01
4.318488538265228271e-01
4.316154718399047852e-01
4.313815534114837646e-01
4.311602115631103516e-01
4.309894144535064697e-01
4.308175444602966309e-01
4.306464791297912598e-01
4.304744601249694824e-01
4.303034842014312744e-01
4.301315546035766602e-01
4.299605488777160645e-01
4.297887980937957764e-01
4.296180605888366699e-01
4.294466376304626465e-01
4.292762577533721924e-01
4.291054010391235352e-01
4.289345741271972656e-01
4.287648499011993408e-01
4.285944998264312744e-01
4.284252524375915527e-01
4.282779991626739502e-01
4.281555712223052979e-01
4.280339479446411133e-01
4.279117882251739502e-01
4.277897477149963379e-01
4.276686906814575195e-01
4.275467395782470703e-01
4.274251163005828857e-01
4.273044764995574951e-01
4.271830916404724121e-01
4.270618557929992676e-01
4.269405603408813477e-01
4.268204271793365479e-01
4.266995787620544434e-01
4.265788197517395020e-01
4.264590442180633545e-01
4.263383448123931885e-01
4.262179434299468994e-01
4.262920916080474854e-01
4.264034330844879150e-01
4.265142977237701416e-01
4.266249835491180420e-01
4.267353117465972900e-01
4.268442690372467041e-01
4.269539117813110352e-01
4.270631968975067139e-01
4.271719157695770264e-01
4.272804856300354004e-01
4.273886382579803467e-01
4.274964630603790283e-01
4.276028573513031006e-01
4.277099370956420898e-01
4.278165996074676514e-01
4.279226958751678467e-01
4.280285835266113281e-01
4.281340837478637695e-01
4.282529652118682861e-01
4.284230172634124756e-01
4.285935759544372559e-01
4.287634491920471191e-01
4.289329946041107178e-01
4.291026294231414795e-01
4.292719364166259766e-01
4.294413626194000244e-01
4.296106398105621338e-01
4.297796189785003662e-01
4.299486875534057617e-01
4.301173985004425049e-01
4.302861988544464111e-01
4.304546713829040527e-01
4.306232333183288574e-01
4.307922422885894775e-01
4.309605062007904053e-01
4.311286509037017822e-01
4.312964379787445068e-01
4.314642846584320068e-01
4.317123591899871826e-01
4.320293962955474854e-01
4.323466420173645020e-01
4.326641261577606201e-01
4.329818487167358398e-01
4.332998096942901611e-01
4.336179792881011963e-01
4.339363574981689453e-01
4.342549741268157959e-01
4.345737993717193604e-01
4.348928332328796387e-01
4.352121055126190186e-01
4.355315864086151123e-01
4.358512759208679199e-01
4.361711740493774414e-01
4.364904463291168213e-01
4.368107616901397705e-01
4.371312558650970459e-01
4.374519884586334229e-01
4.377728998661041260e-01
4.380940198898315430e-01
4.383869767189025879e-01
4.386673867702484131e-01
4.389492273330688477e-01
4.392304122447967529e-01
4.395130574703216553e-01
4.397950470447540283e-01
4.400784671306610107e-01
4.403612017631530762e-01
4.406454265117645264e-01
4.409289658069610596e-01
4.412139654159545898e-01
4.414982795715332031e-01
4.417840540409088135e-01
4.420691430568695068e-01
4.423557221889495850e-01
4.426415860652923584e-01
4.429289400577545166e-01
4.432155787944793701e-01
4.435037374496459961e-01
4.437911510467529297e-01
4.440800845623016357e-01
4.443683028221130371e-01
4.446342885494232178e-01
4.448861181735992432e-01
4.451375007629394531e-01
4.453888535499572754e-01
4.456414282321929932e-01
4.458931386470794678e-01
4.461452364921569824e-01
4.463981091976165771e-01
4.466505646705627441e-01
4.469029605388641357e-01
4.471566081047058105e-01
4.474093317985534668e-01
4.476622343063354492e-01
4.479164183139801025e-01
4.481696486473083496e-01
4.484233260154724121e-01
4.486777484416961670e-01
4.489317536354064941e-01
4.491865336894989014e-01
4.494408667087554932e-01
4.496951103210449219e-01
4.499506354331970215e-01
4.502052068710327148e-01
4.504185914993286133e-01
4.503393769264221191e-01
4.502592682838439941e-01
4.501782357692718506e-01
4.500962495803833008e-01
4.500133693218231201e-01
4.499295353889465332e-01
4.498450160026550293e-01
4.497593045234680176e-01
4.496726989746093750e-01
4.495851099491119385e-01
4.494965970516204834e-01
4.494071304798126221e-01
4.493167400360107422e-01
4.492253661155700684e-01
4.491330683231353760e-01
4.490388929843902588e-01
4.489446580410003662e-01
4.488494694232940674e-01
4.487533271312713623e-01
4.486562311649322510e-01
4.485581219196319580e-01
4.484592974185943604e-01
4.483592510223388672e-01
4.482582509517669678e-01
4.481499493122100830e-01
4.479965865612030029e-01
4.478425979614257812e-01
4.476879835128784180e-01
4.475327432155609131e-01
4.473769068717956543e-01
4.472204446792602539e-01
4.470633566379547119e-01
4.469056725502014160e-01
4.467473328113555908e-01
4.465883970260620117e-01
4.464288353919982910e-01
4.462677240371704102e-01
4.461069405078887939e-01
4.459455013275146484e-01
4.457834661006927490e-01
4.456209838390350342e-01
4.454576671123504639e-01
4.452937543392181396e-01
4.451292157173156738e-01
4.449640512466430664e-01
4.447982609272003174e-01
4.446318745613098145e-01
4.444648325443267822e-01
4.442971646785736084e-01
4.441288709640502930e-01
4.439599514007568359e-01
4.438008069992065430e-01
4.436518251895904541e-01
4.435030221939086914e-01
4.433523416519165039e-01
4.432020485401153564e-01
4.430500268936157227e-01
4.428981840610504150e-01
4.427446424961090088e-01
4.425912797451019287e-01
4.424362182617187500e-01
4.422803819179534912e-01
4.421245753765106201e-01
4.419672191143035889e-01
4.418100416660308838e-01
4.416511356830596924e-01
4.414924085140228271e-01
4.413319826126098633e-01
4.411717355251312256e-01
4.410096108913421631e-01
4.408478140830993652e-01
4.406842589378356934e-01
4.405209124088287354e-01
4.403558373451232910e-01
4.401909410953521729e-01
4.400242865085601807e-01
4.398577213287353516e-01
4.396895170211791992e-01
4.395215213298797607e-01
4.393517673015594482e-01
4.390351772308349609e-01
4.387125968933105469e-01
4.383893013000488281e-01
4.380642175674438477e-01
4.377392828464508057e-01
4.374134540557861328e-01
4.370868802070617676e-01
4.367585480213165283e-01
4.364302754402160645e-01
4.361013174057006836e-01
4.357715249061584473e-01
4.354409277439117432e-01
4.351084530353546143e-01
4.347762763500213623e-01
4.344432651996612549e-01
4.341094791889190674e-01
4.337747991085052490e-01
4.334384202957153320e-01
4.331022500991821289e-01
4.327651858329772949e-01
4.324274063110351562e-01
4.320878684520721436e-01
4.317485094070434570e-01
4.314082860946655273e-01
4.310673475265502930e-01
4.307256340980529785e-01
4.303821623325347900e-01
4.300388097763061523e-01
4.296947717666625977e-01
4.293499290943145752e-01
4.290137290954589844e-01
4.286910891532897949e-01
4.283668398857116699e-01
4.280428886413574219e-01
4.277182519435882568e-01
4.273919761180877686e-01
4.270660281181335449e-01
4.267384409904479980e-01
4.264111220836639404e-01
4.260831773281097412e-01
4.257535934448242188e-01
4.254243373870849609e-01
4.250944256782531738e-01
4.247628450393676758e-01
4.244316220283508301e-01
4.240987598896026611e-01
4.237662255764007568e-01
4.234330356121063232e-01
4.230982065200805664e-01
4.227637350559234619e-01
4.224286079406738281e-01
4.220918416976928711e-01
4.217554330825805664e-01
4.214173853397369385e-01
4.210796654224395752e-01
4.207413494586944580e-01
4.204013645648956299e-01
4.200617671012878418e-01
4.197215139865875244e-01
4.193796217441558838e-01
4.190381169319152832e-01
4.186949729919433594e-01
4.183521866798400879e-01
4.179171025753021240e-01
4.174277186393737793e-01
4.169368445873260498e-01
4.164465665817260742e-01
4.159558117389678955e-01
4.154636561870574951e-01
4.149720370769500732e-01
4.144800007343292236e-01
4.139865040779113770e-01
4.134936034679412842e-01
4.130002856254577637e-01
4.125065505504608154e-01
4.120113849639892578e-01
4.115168452262878418e-01
4.110218584537506104e-01
4.105255007743835449e-01
4.100297689437866211e-01
4.095335900783538818e-01
4.090370833873748779e-01
4.085391163825988770e-01
4.080418348312377930e-01
4.075441062450408936e-01
4.070450663566589355e-01
4.065465927124023438e-01
4.060478210449218750e-01
4.055486023426055908e-01
4.050481319427490234e-01
4.045481979846954346e-01
4.040479958057403564e-01
4.035463929176330566e-01
4.030455052852630615e-01
4.025441706180572510e-01
4.020426273345947266e-01
4.015396535396575928e-01
4.010374248027801514e-01
4.005628228187561035e-01
4.001514315605163574e-01
3.997387290000915527e-01
3.993269503116607666e-01
3.989148437976837158e-01
3.985026478767395020e-01
3.980902731418609619e-01
3.976765871047973633e-01
3.972638249397277832e-01
3.968507349491119385e-01
3.964375853538513184e-01
3.960241675376892090e-01
3.956096470355987549e-01
3.951958417892456055e-01
3.947819769382476807e-01
3.943677842617034912e-01
3.939535617828369141e-01
3.935380578041076660e-01
3.931234776973724365e-01
3.927086293697357178e-01
3.922937214374542236e-01
3.918785154819488525e-01
3.914622962474822998e-01
3.910467922687530518e-01
3.906312286853790283e-01
3.902153968811035156e-01
3.897995054721832275e-01
3.893823623657226562e-01
3.889662027359008789e-01
3.885497450828552246e-01
3.881332874298095703e-01
3.877165317535400391e-01
3.872987926006317139e-01
3.868817687034606934e-01
3.864647150039672852e-01
3.860473930835723877e-01
3.856291174888610840e-01
3.852115273475646973e-01
3.847621679306030273e-01
3.841464519500732422e-01
3.835311532020568848e-01
3.829172253608703613e-01
3.823027312755584717e-01
3.816886544227600098e-01
3.810750246047973633e-01
3.804582655429840088e-01
3.798454701900482178e-01
3.792330920696258545e-01
3.786211609840393066e-01
3.780096471309661865e-01
3.773995637893676758e-01
3.767889440059661865e-01
3.761787712574005127e-01
3.755690455436706543e-01
3.749597668647766113e-01
3.743509650230407715e-01
3.737426102161407471e-01
3.731347024440765381e-01
3.725272715091705322e-01
3.719212710857391357e-01
3.713147938251495361e-01
3.707087934017181396e-01
3.701032400131225586e-01
3.694981932640075684e-01
3.688936531543731689e-01
3.682895600795745850e-01
3.676859736442565918e-01
3.670828938484191895e-01
3.664812445640563965e-01
3.658791780471801758e-01
3.652775883674621582e-01
3.646765053272247314e-01
3.640759289264678955e-01
3.634758889675140381e-01
3.628763556480407715e-01
3.622773289680480957e-01
3.616788387298583984e-01
3.610820174217224121e-01
3.604846000671386719e-01
3.598876893520355225e-01
3.594638109207153320e-01
3.590758442878723145e-01
3.586885929107666016e-01
3.583018481731414795e-01
3.579153418540954590e-01
3.575295805931091309e-01
3.571440875530242920e-01
3.567593097686767578e-01
3.563748002052307129e-01
3.559910058975219727e-01
3.556074798107147217e-01
3.552246689796447754e-01
3.548421263694763184e-01
3.544603288173675537e-01
3.540787696838378906e-01
3.536979258060455322e-01
3.533173501491546631e-01
3.529374897480010986e-01
3.525578975677490234e-01
3.521790206432342529e-01
3.518003821372985840e-01
3.514225184917449951e-01
3.510448634624481201e-01
3.506688475608825684e-01
3.502924144268035889e-01
3.499162495136260986e-01
3.495407700538635254e-01
3.491655588150024414e-01
3.487910926342010498e-01
3.484168350696563721e-01
3.480433225631713867e-01
3.476700484752655029e-01
3.472975194454193115e-01
3.469251990318298340e-01
3.465536236763000488e-01
3.461822867393493652e-01
3.458116948604583740e-01
3.454413115978240967e-01
3.450716733932495117e-01
3.447022438049316406e-01
3.443335592746734619e-01
3.439651131629943848e-01
3.435973823070526123e-01
3.432298898696899414e-01
3.428631424903869629e-01
3.424962460994720459e-01
3.421292304992675781e-01
3.417636156082153320e-01
3.413976430892944336e-01
3.410332798957824707e-01
3.406682908535003662e-01
3.403047025203704834e-01
3.399407267570495605e-01
3.395775258541107178e-01
3.392154276371002197e-01
3.388529419898986816e-01
3.384918570518493652e-01
3.381303846836090088e-01
3.377705514430999756e-01
3.374100923538208008e-01
3.370501399040222168e-01
3.366915285587310791e-01
3.363328278064727783e-01
3.359752297401428223e-01
3.356172442436218262e-01
3.352606296539306641e-01
3.349036276340484619e-01
3.345474004745483398e-01
3.341922760009765625e-01
3.338367640972137451e-01
3.334826231002807617e-01
3.331283628940582275e-01
3.327752053737640381e-01
3.324216604232788086e-01
3.320686221122741699e-01
3.317169249057769775e-01
3.313651382923126221e-01
3.310144245624542236e-01
3.306633234024047852e-01
3.303135633468627930e-01
3.299637436866760254e-01
3.296141028404235840e-01
3.292658329010009766e-01
3.289171755313873291e-01
3.285698592662811279e-01
3.282224237918853760e-01
3.278760612010955811e-01
3.275293707847595215e-01
3.271831274032592773e-01
3.268384933471679688e-01
3.264932036399841309e-01
3.261492550373077393e-01
3.258049488067626953e-01
3.254619538784027100e-01
3.252449035644531250e-01
3.250400125980377197e-01
3.248358964920043945e-01
3.246314525604248047e-01
3.244280517101287842e-01
3.242240548133850098e-01
3.240208327770233154e-01
3.238172829151153564e-01
3.236147761344909668e-01
3.234116435050964355e-01
3.232095837593078613e-01
3.230066299438476562e-01
3.228049874305725098e-01
3.226027786731719971e-01
3.224015831947326660e-01
3.221997618675231934e-01
3.219987452030181885e-01
3.217973709106445312e-01
3.215970695018768311e-01
3.213961422443389893e-01
3.211962282657623291e-01
3.209954798221588135e-01
3.207960128784179688e-01
3.205959498882293701e-01
3.203969299793243408e-01
3.201981186866760254e-01
3.199984133243560791e-01
3.198000490665435791e-01
3.196010589599609375e-01
3.194030821323394775e-01
3.192045390605926514e-01
3.190067410469055176e-01
3.188086152076721191e-01
3.186115026473999023e-01
3.184137940406799316e-01
3.182171285152435303e-01
3.180195689201354980e-01
3.178233206272125244e-01
3.176264464855194092e-01
3.174306154251098633e-01
3.172341883182525635e-01
3.170384764671325684e-01
3.168424665927886963e-01
3.166474699974060059e-01
3.164518773555755615e-01
3.162570297718048096e-01
3.160618543624877930e-01
3.158676922321319580e-01
3.156729340553283691e-01
3.154791891574859619e-01
3.152845799922943115e-01
3.150912523269653320e-01
3.148973286151885986e-01
3.147113919258117676e-01
3.145487010478973389e-01
3.143861591815948486e-01
3.142237365245819092e-01
3.140603601932525635e-01
3.138981759548187256e-01
3.137361407279968262e-01
3.135741949081420898e-01
3.134123980998992920e-01
3.132499456405639648e-01
3.130881190299987793e-01
3.129267096519470215e-01
3.127654194831848145e-01
3.126042485237121582e-01
3.124424219131469727e-01
3.122812211513519287e-01
3.121204078197479248e-01
3.119597434997558594e-01
3.117991983890533447e-01
3.116388022899627686e-01
3.114774227142333984e-01
3.113172650337219238e-01
3.111572265625000000e-01
3.109973073005676270e-01
3.108375072479248047e-01
3.106770515441894531e-01
3.105172216892242432e-01
3.103578090667724609e-01
3.101984858512878418e-01
3.100393116474151611e-01
3.098794817924499512e-01
3.097202777862548828e-01
3.095614910125732422e-01
3.094027936458587646e-01
3.092442452907562256e-01
3.090857863426208496e-01
3.089264333248138428e-01
3.087682425975799561e-01
3.086101710796356201e-01
3.084522187709808350e-01
3.082943856716156006e-01
3.081359267234802246e-01
3.079780638217926025e-01
3.078206181526184082e-01
3.076632618904113770e-01
3.075060546398162842e-01
3.073481917381286621e-01
3.071909546852111816e-01
3.070341050624847412e-01
3.068773746490478516e-01
3.067207634449005127e-01
3.065635263919830322e-01
3.064068853855133057e-01
3.062506318092346191e-01
3.060944974422454834e-01
3.059385120868682861e-01
3.057826161384582520e-01
3.056260943412780762e-01
3.054701685905456543e-01
3.053232431411743164e-01
3.052117526531219482e-01
3.051005899906158447e-01
3.049892187118530273e-01
3.048781752586364746e-01
3.047671914100646973e-01
3.046559989452362061e-01
3.045451641082763672e-01
3.044340908527374268e-01
3.043226301670074463e-01
3.042117059230804443e-01
3.041011095046997070e-01
3.039903044700622559e-01
3.038798272609710693e-01
3.037691414356231689e-01
3.036588132381439209e-01
3.035482466220855713e-01
3.034380376338958740e-01
3.033276200294494629e-01
3.032167851924896240e-01
3.031064569950103760e-01
3.029965162277221680e-01
3.028863370418548584e-01
3.027764856815338135e-01
3.026667237281799316e-01
3.025567233562469482e-01
3.024151623249053955e-01
3.022710382938385010e-01
3.021262288093566895e-01
3.019815087318420410e-01
3.018375933170318604e-01
3.016930222511291504e-01
3.015485405921936035e-01
3.014048635959625244e-01
3.012605309486389160e-01
3.011162579059600830e-01
3.009720742702484131e-01
3.008287250995635986e-01
3.006846904754638672e-01
3.005407452583312988e-01
3.003976047039031982e-01
3.002538084983825684e-01
3.001101016998291016e-01
2.999671995639801025e-01
2.998236417770385742e-01
2.996801435947418213e-01
2.995374798774719238e-01
2.993941307067871094e-01
2.992509007453918457e-01
2.991084456443786621e-01
2.989653646945953369e-01
2.988223135471343994e-01
2.987269163131713867e-01
2.986709177494049072e-01
2.986148893833160400e-01
2.985589206218719482e-01
2.985036969184875488e-01
2.984477281570434570e-01
2.983917891979217529e-01
2.983358502388000488e-01
2.982799112796783447e-01
2.982247471809387207e-01
2.981688678264617920e-01
2.981129884719848633e-01
2.980571091175079346e-01
2.980020046234130859e-01
2.979461550712585449e-01
2.978903353214263916e-01
2.978345155715942383e-01
2.977787256240844727e-01
2.977236807346343994e-01
2.976678907871246338e-01
2.976121306419372559e-01
2.975563704967498779e-01
2.975013852119445801e-01
2.974456548690795898e-01
2.973899543285369873e-01
2.973342537879943848e-01
2.972785830497741699e-01
2.972230911254882812e-01
2.971595823764801025e-01
2.970961034297943115e-01
2.970333397388458252e-01
2.969698607921600342e-01
2.969066798686981201e-01
2.968432009220123291e-01
2.967797517776489258e-01
2.967170178890228271e-01
2.966535687446594238e-01
2.965900897979736328e-01
2.965266406536102295e-01
2.964639365673065186e-01
2.964004874229431152e-01
2.963373363018035889e-01
2.962739169597625732e-01
2.962112128734588623e-01
2.961477935314178467e-01
2.960843741893768311e-01
2.960209548473358154e-01
2.959582805633544922e-01
2.958948612213134766e-01
2.958317697048187256e-01
2.957683503627777100e-01
2.957057058811187744e-01
2.956423163414001465e-01
2.955789268016815186e-01
2.955155372619628906e-01
2.954528927803039551e-01
2.954116463661193848e-01
2.954050302505493164e-01
2.953991293907165527e-01
2.953921854496002197e-01
2.953862547874450684e-01
2.953795492649078369e-01
2.953728437423706055e-01
2.953668534755706787e-01
2.953601181507110596e-01
2.953537702560424805e-01
2.953469753265380859e-01
2.953401803970336914e-01
2.953340709209442139e-01
2.953272163867950439e-01
2.953203618526458740e-01
2.953138947486877441e-01
2.953069806098937988e-01
2.953007817268371582e-01
2.952938377857208252e-01
2.952868640422821045e-01
2.952806055545806885e-01
2.952733039855957031e-01
2.952670156955718994e-01
2.952599525451660156e-01
2.952528893947601318e-01
2.952465116977691650e-01
2.952394187450408936e-01
2.952327132225036621e-01
2.952255606651306152e-01
2.952183783054351807e-01
2.952095568180084229e-01
2.951976358890533447e-01
2.951856255531311035e-01
2.951738536357879639e-01
2.951616942882537842e-01
2.951494753360748291e-01
2.951371669769287109e-01
2.951243221759796143e-01
2.951118648052215576e-01
2.950993180274963379e-01
2.950869798660278320e-01
2.950742840766906738e-01
2.950614690780639648e-01
2.950489223003387451e-01
2.950359582901000977e-01
2.950229346752166748e-01
2.950093746185302734e-01
2.949962019920349121e-01
2.949829101562500000e-01
2.949695587158203125e-01
2.949564158916473389e-01
2.949429154396057129e-01
2.949292957782745361e-01
2.949159443378448486e-01
2.949021756649017334e-01
2.948883175849914551e-01
2.948739528656005859e-01
2.948599457740783691e-01
2.948458492755889893e-01
2.948319911956787109e-01
2.948177456855773926e-01
2.948110699653625488e-01
2.948502898216247559e-01
2.948896586894989014e-01
2.949286103248596191e-01
2.949681878089904785e-01
2.950072288513183594e-01
2.950457930564880371e-01
2.950842380523681641e-01
2.951228618621826172e-01
2.951618134975433350e-01
2.951998710632324219e-01
2.952381372451782227e-01
2.952759265899658203e-01
2.953135967254638672e-01
2.953522205352783203e-01
2.953896224498748779e-01
2.954272329807281494e-01
2.953637838363647461e-01
2.952941358089447021e-01
2.952242493629455566e-01
2.951533794403076172e-01
2.950811088085174561e-01
2.950090169906616211e-01
2.949362695217132568e-01
2.948624789714813232e-01
2.947885096073150635e-01
2.947138845920562744e-01
2.946378588676452637e-01
2.945619523525238037e-01
2.944857478141784668e-01
2.944085896015167236e-01
2.943300008773803711e-01
2.942515313625335693e-01
2.941753864288330078e-01
2.941044270992279053e-01
2.940318584442138672e-01
2.939583361148834229e-01
2.938831746578216553e-01
2.938066720962524414e-01
2.937284708023071289e-01
2.936493456363677979e-01
2.935692369937896729e-01
2.934874296188354492e-01
2.934046387672424316e-01
2.933201193809509277e-01
2.932338118553161621e-01
2.931465506553649902e-01
2.930582761764526367e-01
2.929682433605194092e-01
2.928767800331115723e-01
2.925804555416107178e-01
2.919863164424896240e-01
2.913889586925506592e-01
2.907867133617401123e-01
2.901812493801116943e-01
2.895713448524475098e-01
2.889577448368072510e-01
2.883400619029998779e-01
2.877174913883209229e-01
2.870916724205017090e-01
2.864609360694885254e-01
2.858268916606903076e-01
2.851887345314025879e-01
2.845461070537567139e-01
2.838997244834899902e-01
2.832484245300292969e-01
2.825937867164611816e-01
2.819261848926544189e-01
2.810904979705810547e-01
2.802538275718688965e-01
2.794144451618194580e-01
2.785720527172088623e-01
2.777287065982818604e-01
2.768819034099578857e-01
2.760337293148040771e-01
2.751830816268920898e-01
2.743305861949920654e-01
2.734759747982025146e-01
2.726189494132995605e-01
2.717601060867309570e-01
2.708984017372131348e-01
2.700359225273132324e-01
2.691701054573059082e-01
2.683035433292388916e-01
2.674344480037689209e-01
2.665543854236602783e-01
2.656493782997131348e-01
2.647457718849182129e-01
2.638410329818725586e-01
2.629371881484985352e-01
2.620335221290588379e-01
2.611298263072967529e-01
2.602265477180480957e-01
2.593227326869964600e-01
2.584199309349060059e-01
2.575178742408752441e-01
2.566148340702056885e-01
2.557127773761749268e-01
2.548110485076904297e-01
2.539094090461730957e-01
2.530083060264587402e-01
2.521068155765533447e-01
2.512069642543792725e-01
2.503174543380737305e-01
2.496463358402252197e-01
2.489758729934692383e-01
2.483055144548416138e-01
2.476371079683303833e-01
2.469686567783355713e-01
2.463003098964691162e-01
2.456332296133041382e-01
2.449668347835540771e-01
2.443005442619323730e-01
2.436355352401733398e-01
2.429706603288650513e-01
2.423070520162582397e-01
2.416441589593887329e-01
2.409814000129699707e-01
2.403199374675750732e-01
2.396599054336547852e-01
2.389993071556091309e-01
2.383400201797485352e-01
2.376808822154998779e-01
2.370230704545974731e-01
2.363660037517547607e-01
2.357090860605239868e-01
2.350535094738006592e-01
2.343986928462982178e-01
2.337440252304077148e-01
2.330907285213470459e-01
2.324375957250595093e-01
2.317858189344406128e-01
2.311354875564575195e-01
2.304846644401550293e-01
2.298352271318435669e-01
2.291865646839141846e-01
2.285380810499191284e-01
2.278909832239151001e-01
2.272446900606155396e-01
2.265985906124114990e-01
2.259538918733596802e-01
2.253492772579193115e-01
2.248644083738327026e-01
2.243807017803192139e-01
2.238963097333908081e-01
2.234137356281280518e-01
2.229311317205429077e-01
2.224490940570831299e-01
2.219675779342651367e-01
2.214866727590560913e-01
2.210063487291336060e-01
2.205265462398529053e-01
2.200473695993423462e-01
2.195687592029571533e-01
2.190913408994674683e-01
2.186132371425628662e-01
2.181369662284851074e-01
2.176606655120849609e-01
2.171849459409713745e-01
2.167097777128219604e-01
2.162352055311203003e-01
2.157612293958663940e-01
2.152878046035766602e-01
2.148149907588958740e-01
2.143427580595016479e-01
2.138717174530029297e-01
2.134000211954116821e-01
2.129301577806472778e-01
2.124602645635604858e-01
2.119909524917602539e-01
2.115222364664077759e-01
2.110541015863418579e-01
2.105865627527236938e-01
2.101202309131622314e-01
2.096532583236694336e-01
2.091874778270721436e-01
2.087229341268539429e-01
2.082577347755432129e-01
2.077943682670593262e-01
2.073309719562530518e-01
2.068681716918945312e-01
2.063649594783782959e-01
2.058231830596923828e-01
2.052813172340393066e-01
2.047399878501892090e-01
2.041998207569122314e-01
2.036595940589904785e-01
2.031205296516418457e-01
2.025813907384872437e-01
2.020428031682968140e-01
2.015054076910018921e-01
2.009679377079010010e-01
2.004316598176956177e-01
1.998958885669708252e-01
1.993601024150848389e-01
1.988255232572555542e-01
1.982908546924591064e-01
1.977574080228805542e-01
1.972239017486572266e-01
1.966909617185592651e-01
1.961592286825180054e-01
1.956274360418319702e-01
1.950968652963638306e-01
1.945662349462509155e-01
1.940362006425857544e-01
1.935073733329772949e-01
1.929785013198852539e-01
1.924508661031723022e-01
1.919231712818145752e-01
1.913960725069046021e-01
1.908707767724990845e-01
1.903448551893234253e-01
1.898201853036880493e-01
1.892954856157302856e-01
1.887720078229904175e-01
1.882485002279281616e-01
1.877256035804748535e-01
1.872039586305618286e-01
1.866822689771652222e-01
1.861618310213088989e-01
1.856413632631301880e-01
1.851215213537216187e-01
1.846029311418533325e-01
1.840874552726745605e-01
1.835748553276062012e-01
1.830623894929885864e-01
1.825506985187530518e-01
1.820404380559921265e-01
1.815303117036819458e-01
1.810216307640075684e-01
1.805130690336227417e-01
1.800059527158737183e-01
1.794989705085754395e-01
1.789934188127517700e-01
1.784880012273788452e-01
1.779840290546417236e-01
1.774801909923553467e-01
1.769777983427047729e-01
1.764755398035049438e-01
1.759747266769409180e-01
1.754740476608276367e-01
1.749741584062576294e-01
1.744757145643234253e-01
1.739774048328399658e-01
1.734805554151535034e-01
1.729838401079177856e-01
1.724885702133178711e-01
1.719934344291687012e-01
1.714997589588165283e-01
1.710062175989151001e-01
1.705141365528106689e-01
1.700221896171569824e-01
1.695317029953002930e-01
1.690413504838943481e-01
1.685524433851242065e-01
1.680636852979660034e-01
1.675763875246047974e-01
1.670892238616943359e-01
1.666028648614883423e-01
1.661179661750793457e-01
1.656332015991210938e-01
1.651498973369598389e-01
1.646667271852493286e-01
1.641850322484970093e-01
1.637034714221954346e-01
1.632233709096908569e-01
1.627429425716400146e-01
1.622634232044219971e-01
1.617845892906188965e-01
1.613060683012008667e-01
1.608291864395141602e-01
1.603528112173080444e-01
1.598771959543228149e-01
1.594032347202301025e-01
1.589295715093612671e-01
1.584570705890655518e-01
1.579860150814056396e-01
1.575152575969696045e-01
1.570456773042678833e-01
1.565768569707870483e-01
1.561096608638763428e-01
1.556434333324432373e-01
1.551770567893981934e-01
1.547127515077590942e-01
1.542494148015975952e-01
1.537863761186599731e-01
1.533245146274566650e-01
1.528633981943130493e-01
1.524038910865783691e-01
1.519453525543212891e-01
1.514866650104522705e-01
1.510300487279891968e-01
1.505737155675888062e-01
1.501189917325973511e-01
1.496648043394088745e-01
1.492113322019577026e-01
1.487594693899154663e-01
1.483079046010971069e-01
1.478575170040130615e-01
1.474085152149200439e-01
1.469597965478897095e-01
1.465126723051071167e-01
1.460660845041275024e-01
1.456202119588851929e-01
1.451759338378906250e-01
1.447319388389587402e-01
1.442891210317611694e-01
1.438476741313934326e-01
1.434064954519271851e-01
1.429669260978698730e-01
1.425272226333618164e-01
1.420895159244537354e-01
1.416527628898620605e-01
1.412180811166763306e-01
1.408083438873291016e-01
1.403991878032684326e-01
1.399920582771301270e-01
1.395848393440246582e-01
1.391796320676803589e-01
1.387747526168823242e-01
1.383710950613021851e-01
1.379681378602981567e-01
1.375657469034194946e-01
1.371653676033020020e-01
1.367652863264083862e-01
1.363664269447326660e-01
1.359682530164718628e-01
1.355713009834289551e-01
1.351750344038009644e-01
1.347793340682983398e-01
1.343856006860733032e-01
1.339921802282333374e-01
1.335999667644500732e-01
1.332084089517593384e-01
1.328174322843551636e-01
1.324284076690673828e-01
1.320396810770034790e-01
1.316521465778350830e-01
1.312652826309204102e-01
1.308796107769012451e-01
1.304946094751358032e-01
1.301105171442031860e-01
1.297276318073272705e-01
1.293454021215438843e-01
1.289643645286560059e-01
1.285839676856994629e-01
1.282051205635070801e-01
1.278261989355087280e-01
1.274485439062118530e-01
1.270720809698104858e-01
1.266962438821792603e-01
1.263219565153121948e-01
1.259475946426391602e-01
1.255744695663452148e-01
1.252025514841079712e-01
1.248312368988990784e-01
1.244611144065856934e-01
1.240915954113006592e-01
1.237236112356185913e-01
1.233555376529693604e-01
1.229886934161186218e-01
1.226230412721633911e-01
1.222579777240753174e-01
1.219531595706939697e-01
1.216590031981468201e-01
1.213652119040489197e-01
1.210718303918838501e-01
1.207797825336456299e-01
1.204884350299835205e-01
1.201971545815467834e-01
1.199068725109100342e-01
1.196176186203956604e-01
1.193284317851066589e-01
1.190405637025833130e-01
1.187533810734748840e-01
1.184659376740455627e-01
1.181801334023475647e-01
1.178943887352943420e-01
1.176099553704261780e-01
1.173262000083923340e-01
1.170421838760375977e-01
1.167597845196723938e-01
1.164780706167221069e-01
1.161964088678359985e-01
1.159160360693931580e-01
1.156360208988189697e-01
1.153563782572746277e-01
1.150780171155929565e-01
1.148003265261650085e-01
1.145223677158355713e-01
1.142460107803344727e-01
1.139696910977363586e-01
1.136946529150009155e-01
1.134202703833580017e-01
1.131456196308135986e-01
1.128725558519363403e-01
1.126001402735710144e-01
1.123277693986892700e-01
1.120566576719284058e-01
1.117858886718750000e-01
1.115154623985290527e-01
1.112462952733039856e-01
1.109777688980102539e-01
1.107092797756195068e-01
1.104417368769645691e-01
1.101745218038558960e-01
1.099085584282875061e-01
1.096432358026504517e-01
1.093779355287551880e-01
1.091135740280151367e-01
1.088501513004302979e-01
1.085867434740066528e-01
1.083245724439620972e-01
1.080630272626876831e-01
1.078012138605117798e-01
1.075483188033103943e-01
1.072977781295776367e-01
1.070475280284881592e-01
1.067987531423568726e-01
1.065496653318405151e-01
1.063014492392539978e-01
1.060538068413734436e-01
1.058070510625839233e-01
1.055605560541152954e-01
1.053143516182899475e-01
1.050689965486526489e-01
1.048248112201690674e-01
1.045803129673004150e-01
1.043366640806198120e-01
1.040939018130302429e-01
1.038513779640197754e-01
1.036094203591346741e-01
1.033677458763122559e-01
1.031275019049644470e-01
1.028872206807136536e-01
1.026472225785255432e-01
1.024086475372314453e-01
1.021697595715522766e-01
1.019316986203193665e-01
1.016941890120506287e-01
1.014575436711311340e-01
1.012211292982101440e-01
1.009849905967712402e-01
1.007502526044845581e-01
1.005154773592948914e-01
1.002809703350067139e-01
1.000472828745841980e-01
9.981444478034973145e-02
9.958183020353317261e-02
9.934974461793899536e-02
9.911852329969406128e-02
9.888751059770584106e-02
9.865677356719970703e-02
9.842683374881744385e-02
9.819799661636352539e-02
9.796885401010513306e-02
9.774049371480941772e-02
9.751240909099578857e-02
9.728568047285079956e-02
9.705889970064163208e-02
9.683237969875335693e-02
9.660721570253372192e-02
9.638199955224990845e-02
9.615704417228698730e-02
9.593286365270614624e-02
9.570951759815216064e-02
9.548635780811309814e-02
9.526371955871582031e-02
9.504191577434539795e-02
9.482029825448989868e-02
9.458898752927780151e-02
9.434965252876281738e-02
9.411087632179260254e-02
9.387210011482238770e-02
9.363420307636260986e-02
9.339710325002670288e-02
9.316056221723556519e-02
9.292401373386383057e-02
9.268857538700103760e-02
9.245344996452331543e-02
9.221855551004409790e-02
9.198477864265441895e-02
9.175153821706771851e-02
9.151829034090042114e-02
9.128614515066146851e-02
9.105430543422698975e-02
9.082324802875518799e-02
9.059216827154159546e-02
9.036218374967575073e-02
9.013274312019348145e-02
8.990304917097091675e-02
8.967468142509460449e-02
8.944685012102127075e-02
8.921898901462554932e-02
8.899221569299697876e-02
8.876597881317138672e-02
8.854003250598907471e-02
8.831429481506347656e-02
8.808963745832443237e-02
8.786550909280776978e-02
8.764134347438812256e-02
8.741803467273712158e-02
8.719546347856521606e-02
8.697342127561569214e-02
8.675134181976318359e-02
8.653032779693603516e-02
8.630983531475067139e-02
8.608908206224441528e-02
8.586961776018142700e-02
8.565066009759902954e-02
8.543167263269424438e-02
8.521373569965362549e-02
8.499608933925628662e-02
8.477917313575744629e-02
8.456221222877502441e-02
8.434630185365676880e-02
8.413089811801910400e-02
8.391544967889785767e-02
8.370082825422286987e-02
8.348692953586578369e-02
8.327297866344451904e-02
8.306007087230682373e-02
8.284765481948852539e-02
8.263552933931350708e-02
8.242356777191162109e-02
8.221263438463211060e-02
8.200218528509140015e-02
8.179169893264770508e-02
8.158223330974578857e-02
8.138458430767059326e-02
8.119048923254013062e-02
8.099683374166488647e-02
8.080363273620605469e-02
8.061087876558303833e-02
8.041857182979583740e-02
8.022670447826385498e-02
8.003528416156768799e-02
7.984430342912673950e-02
7.965376973152160645e-02
7.946347445249557495e-02
7.927381247282028198e-02
7.908459752798080444e-02
7.889581471681594849e-02
7.870746403932571411e-02
7.851955294609069824e-02
7.833207398653030396e-02
7.814503461122512817e-02
7.795841991901397705e-02
7.777222990989685059e-02
7.758628576993942261e-02
7.740095257759094238e-02
7.721605896949768066e-02
7.703158259391784668e-02
7.684753090143203735e-02
7.666390389204025269e-02
7.648070156574249268e-02
7.629792392253875732e-02
7.611556351184844971e-02
7.593362033367156982e-02
7.575209438800811768e-02
7.557079941034317017e-02
7.539010792970657349e-02
7.520983368158340454e-02
7.502997666597366333e-02
7.485052943229675293e-02
7.467149198055267334e-02
7.449286431074142456e-02
7.431464642286300659e-02
7.413684576749801636e-02
7.395893335342407227e-02
7.378175854682922363e-02
7.360517233610153198e-02
7.342898845672607422e-02
7.325321435928344727e-02
7.307783514261245728e-02
7.290285825729370117e-02
7.272829115390777588e-02
7.255411148071289062e-02
7.238033413887023926e-02
7.220695912837982178e-02
7.203380018472671509e-02
7.186121493577957153e-02
7.168901711702346802e-02
7.151722162961959839e-02
7.134581357240676880e-02
7.117480039596557617e-02
7.100417464971542358e-02
7.083393633365631104e-02
7.066409289836883545e-02
7.049462944269180298e-02
7.032556086778640747e-02
7.015745341777801514e-02
6.999175995588302612e-02
6.982630491256713867e-02
6.966142356395721436e-02
6.949695199728012085e-02
6.933288276195526123e-02
6.916922330856323242e-02
6.900596618652343750e-02
6.884294748306274414e-02
6.868049502372741699e-02
6.851843744516372681e-02
6.835678964853286743e-02
6.819552928209304810e-02
6.803467124700546265e-02
6.787404417991638184e-02
6.771397590637207031e-02
6.755430251359939575e-02
6.739501655101776123e-02
6.723612546920776367e-02
6.707762926816940308e-02
6.691934913396835327e-02
6.676162779331207275e-02
6.660428643226623535e-02
6.644733995199203491e-02
6.629076600074768066e-02
6.613458693027496338e-02
6.597862392663955688e-02
6.582320481538772583e-02
6.566816568374633789e-02
6.551349908113479614e-02
6.535921990871429443e-02
6.520531326532363892e-02
6.505162268877029419e-02
6.489846855401992798e-02
6.474520266056060791e-02
6.459279358386993408e-02
6.444075703620910645e-02
6.428909301757812500e-02
6.413764506578445435e-02
6.398671120405197144e-02
6.383614987134933472e-02
6.368595361709594727e-02
6.353612244129180908e-02
6.338665634393692017e-02
6.323740631341934204e-02
6.308866292238235474e-02
6.294028460979461670e-02
6.279227137565612793e-02
6.264460831880569458e-02
6.249730661511421204e-02
6.235021352767944336e-02
6.220362707972526550e-02
6.205739080905914307e-02
6.191151216626167297e-02
6.176598742604255676e-02
6.162081286311149597e-02
6.147598847746849060e-02
6.133136898279190063e-02
6.118724495172500610e-02
6.104347109794616699e-02
6.090003997087478638e-02
6.075695902109146118e-02
6.061422079801559448e-02
6.047168374061584473e-02
6.032963469624519348e-02
6.018792837858200073e-02
6.004656106233596802e-02
5.992357060313224792e-02
5.980981141328811646e-02
5.969646945595741272e-02
5.958279594779014587e-02
5.946985632181167603e-02
5.935732275247573853e-02
5.924492329359054565e-02
5.913292989134788513e-02
5.902106314897537231e-02
5.890946462750434875e-02
5.879827216267585754e-02
5.868720635771751404e-02
5.857653915882110596e-02
5.846600234508514404e-02
5.835527926683425903e-02
5.824540182948112488e-02
5.813565105199813843e-02
5.802629888057708740e-02
5.791706964373588562e-02
5.780810117721557617e-02
5.769952014088630676e-02
5.759106948971748352e-02
5.748300626873970032e-02
5.737506598234176636e-02
5.726706609129905701e-02
5.715963616967201233e-02
5.705246329307556152e-02
5.694567039608955383e-02
5.683900043368339539e-02
5.673271417617797852e-02
5.662654712796211243e-02
5.652062967419624329e-02
5.641509220004081726e-02
5.630967393517494202e-02
5.620419234037399292e-02
5.609926953911781311e-02
5.599459633231163025e-02
5.589029192924499512e-02
5.578610673546791077e-02
5.568229407072067261e-02
5.557859688997268677e-02
5.547526851296424866e-02
5.537205934524536133e-02
5.526908859610557556e-02
5.516605451703071594e-02
5.506356433033943176e-02
5.496143922209739685e-02
5.485942959785461426e-02
5.475765839219093323e-02
5.465624853968620300e-02
5.455495044589042664e-02
5.445401370525360107e-02
5.435318499803543091e-02
5.425259470939636230e-02
5.415193364024162292e-02
5.405180901288986206e-02
5.395203828811645508e-02
5.385237932205200195e-02
5.375295132398605347e-02
5.365387722849845886e-02
5.355490744113922119e-02
5.345629155635833740e-02
5.335777997970581055e-02
5.325961858034133911e-02
5.316114425659179688e-02
5.306331813335418701e-02
5.296583473682403564e-02
5.286845937371253967e-02
5.277142673730850220e-02
5.267449840903282166e-02
5.257779359817504883e-02
5.249392241239547729e-02
5.242817476391792297e-02
5.236267670989036560e-02
5.229719728231430054e-02
5.223226547241210938e-02
5.216705054044723511e-02
5.210196599364280701e-02
5.203701928257942200e-02
5.197219923138618469e-02
5.190792679786682129e-02
5.184337124228477478e-02
5.177894607186317444e-02
5.171465501189231873e-02
5.165049061179161072e-02
5.158686637878417969e-02
5.152295902371406555e-02
5.145918577909469604e-02
5.139553919434547424e-02
5.133201926946640015e-02
5.126903578639030457e-02
5.120577290654182434e-02
5.114263668656349182e-02
5.107962712645530701e-02
5.101674795150756836e-02
5.095439404249191284e-02
5.089176446199417114e-02
5.082925781607627869e-02
5.076688155531883240e-02
5.070462822914123535e-02
5.064289644360542297e-02
5.058100074529647827e-02
5.051911994814872742e-02
5.045736208558082581e-02
5.039572715759277344e-02
5.033421516418457031e-02
5.027322471141815186e-02
5.021195486187934875e-02
5.015081167221069336e-02
5.008978769183158875e-02
5.002888292074203491e-02
4.996849596500396729e-02
4.990783333778381348e-02
4.984729364514350891e-02
4.978687316179275513e-02
4.972657188773155212e-02
4.966678097844123840e-02
4.960671812295913696e-02
4.954677447676658630e-02
4.948694631457328796e-02
4.942724108695983887e-02
4.936803877353668213e-02
4.930856451392173767e-02
4.924920946359634399e-02
4.918996989727020264e-02
4.913084954023361206e-02
4.907222837209701538e-02
4.901333898305892944e-02
4.895456135272979736e-02
4.889600723981857300e-02
4.883746057748794556e-02
4.877941682934761047e-02
4.872109740972518921e-02
4.866289719939231873e-02
4.860480874776840210e-02
4.854683205485343933e-02
4.848935455083847046e-02
4.843160510063171387e-02
4.837396740913391113e-02
4.831644147634506226e-02
4.825903102755546570e-02
4.820210859179496765e-02
4.814491793513298035e-02
4.808783903717994690e-02
4.803087189793586731e-02
4.797401279211044312e-02
4.791764542460441589e-02
4.786158353090286255e-02
4.781223833560943604e-02
4.776325821876525879e-02
4.771398752927780151e-02
4.766517505049705505e-02
4.761607944965362549e-02
4.756744205951690674e-02
4.751889407634735107e-02
4.747005552053451538e-02
4.742167890071868896e-02
4.737301170825958252e-02
4.732480272650718689e-02
4.727667942643165588e-02
4.722827300429344177e-02
4.718031734228134155e-02
4.713208228349685669e-02
4.708429425954818726e-02
4.703659564256668091e-02
4.698861017823219299e-02
4.694107547402381897e-02
4.689325764775276184e-02
4.684589058160781860e-02
4.679833725094795227e-02
4.675113782286643982e-02
4.670401662588119507e-02
4.665661603212356567e-02
4.660966247320175171e-02
4.656242579221725464e-02
4.651563614606857300e-02
4.646892845630645752e-02
4.642193764448165894e-02
4.637539014220237732e-02
4.632856324315071106e-02
4.628217965364456177e-02
4.623551294207572937e-02
4.618928954005241394e-02
4.614314809441566467e-02
4.609672725200653076e-02
4.605074226856231689e-02
4.600448161363601685e-02
4.595865681767463684e-02
4.591291025280952454e-02
4.586698114871978760e-02
4.582139477133750916e-02
4.577552899718284607e-02
4.573009908199310303e-02
4.568439349532127380e-02
4.563912004232406616e-02
4.559392482042312622e-02
4.554845392704010010e-02
4.550341144204139709e-02
4.545809701085090637e-02
4.541321098804473877e-02
4.536840319633483887e-02
4.532331973314285278e-02
4.527866467833518982e-02
4.523373767733573914e-02
4.518923535943031311e-02
4.514480754733085632e-02
4.510010778903961182e-02
4.505583271384239197e-02
4.501128569245338440e-02
4.496716335415840149e-02
4.492285847663879395e-02
4.487888514995574951e-02
4.483498632907867432e-02
4.479081928730010986e-02
4.474706947803497314e-02
4.470304772257804871e-02
4.465944692492485046e-02
4.461592063307762146e-02
4.457212612032890320e-02
4.452874511480331421e-02
4.448509588837623596e-02
4.444186389446258545e-02
4.439836367964744568e-02
4.435527697205543518e-02
4.431226477026939392e-02
4.426898062229156494e-02
4.422611370682716370e-02
4.418297857046127319e-02
4.414025321602821350e-02
4.409879446029663086e-02
4.407238587737083435e-02
4.404600709676742554e-02
4.401956871151924133e-02
4.399359226226806641e-02
4.396730661392211914e-02
4.394105076789855957e-02
4.391473904252052307e-02
4.388888180255889893e-02
4.386271908879280090e-02
4.383658617734909058e-02
4.381073266267776489e-02
4.378466308116912842e-02
4.375862330198287964e-02
4.373261332511901855e-02
4.370696470141410828e-02
4.368093237280845642e-02
4.365501180291175842e-02
4.362945631146430969e-02
4.360359907150268555e-02
4.357768222689628601e-02
4.355188459157943726e-02
4.352644830942153931e-02
4.350071027874946594e-02
4.347500205039978027e-02
4.344924166798591614e-02
4.342392086982727051e-02
4.339830204844474792e-02
4.337271302938461304e-02
4.334739968180656433e-02
4.332187026739120483e-02
4.329637065529823303e-02
4.327090084552764893e-02
4.324578493833541870e-02
4.322028905153274536e-02
4.319490864872932434e-02
4.316955804824829102e-02
4.314455762505531311e-02
4.311918094754219055e-02
4.309391602873802185e-02
4.306900501251220703e-02
4.304379969835281372e-02
4.301853850483894348e-02
4.299338907003402710e-02
4.296859353780746460e-02
4.294350370764732361e-02
4.291843995451927185e-02
4.289332404732704163e-02
4.286864399909973145e-02
4.284366592764854431e-02
4.281872138381004333e-02
4.279404133558273315e-02
4.276914894580841064e-02
4.274429008364677429e-02
4.271945729851722717e-02
4.269497096538543701e-02
4.267011210322380066e-02
4.264536872506141663e-02
4.262096434831619263e-02
4.259627312421798706e-02
4.257152974605560303e-02
4.254689440131187439e-02
4.252260550856590271e-02
4.249802604317665100e-02
4.247339442372322083e-02
4.244887083768844604e-02
4.242469370365142822e-02
4.240022599697113037e-02
4.237578809261322021e-02
4.235160723328590393e-02
4.232722520828247070e-02
4.230286926031112671e-02
4.227854311466217041e-02
4.225447028875350952e-02
4.223019629716873169e-02
4.220595210790634155e-02
4.218173399567604065e-02
4.215785488486289978e-02
4.213361069560050964e-02
4.210947453975677490e-02
4.208567366003990173e-02
4.206159338355064392e-02
4.203746095299720764e-02
4.201343283057212830e-02
4.198973998427391052e-02
4.196576774120330811e-02
4.194182157516479492e-02
4.191782325506210327e-02
4.189423471689224243e-02
4.187981411814689636e-02
4.186826571822166443e-02
4.185641184449195862e-02
4.184478148818016052e-02
4.183323308825492859e-02
4.182168468832969666e-02
4.181013628840446472e-02
4.179850965738296509e-02
4.178696125745773315e-02
4.177511483430862427e-02
4.176356643438339233e-02
4.175194352865219116e-02
4.174039885401725769e-02
4.172885417938232422e-02
4.171731323003768921e-02
4.170569032430648804e-02
4.169385135173797607e-02
4.168231040239334106e-02
4.167076945304870605e-02
4.165922850370407104e-02
4.164761304855346680e-02
4.163607582449913025e-02
4.162453860044479370e-02
4.161270335316658020e-02
4.160109162330627441e-02
4.158955812454223633e-02
4.157802462577819824e-02
4.156649112701416016e-02
4.155487939715385437e-02
4.154334962368011475e-02
4.153152555227279663e-02
4.151999577879905701e-02
4.150839149951934814e-02
4.149686172604560852e-02
4.148533940315246582e-02
4.147381335496902466e-02
4.146221280097961426e-02
4.145039618015289307e-02
4.143887385725975037e-02
4.142735525965690613e-02
4.141575843095779419e-02
4.140423983335494995e-02
4.139272123575210571e-02
4.138091579079627991e-02
4.136932268738746643e-02
4.135781154036521912e-02
4.134629666805267334e-02
4.133478924632072449e-02
4.132319986820220947e-02
4.131169244647026062e-02
4.129989445209503174e-02
4.128839075565338135e-02
4.127680882811546326e-02
4.126530513167381287e-02
4.125380516052246094e-02
4.124230518937110901e-02
4.123072698712348938e-02
4.121894389390945435e-02
4.120744764804840088e-02
4.119595140218734741e-02
4.118438437581062317e-02
4.117289185523986816e-02
4.116139933466911316e-02
4.114991053938865662e-02
4.113806411623954773e-02
4.112657532095909119e-02
4.111509025096893311e-02
4.110360890626907349e-02
4.109212756156921387e-02
4.108057171106338501e-02
4.106909409165382385e-02
4.105733335018157959e-02
4.104585945606231689e-02
4.103430733084678650e-02
4.102283716201782227e-02
4.101136699318885803e-02
4.099989682435989380e-02
4.098835587501525879e-02
4.097661003470420837e-02
4.096514359116554260e-02
4.095368459820747375e-02
4.094214737415313721e-02
4.093068838119506836e-02
4.091923311352729797e-02
4.090777784585952759e-02
4.089597240090370178e-02
4.088452085852622986e-02
4.087306931614875793e-02
4.086162149906158447e-02
4.085010290145874023e-02
4.083865880966186523e-02
4.082721471786499023e-02
4.081549867987632751e-02
4.080398380756378174e-02
4.079254716634750366e-02
4.078338667750358582e-02
4.077782109379768372e-02
4.077197238802909851e-02
4.076645895838737488e-02
4.076058417558670044e-02
4.075497388839721680e-02
4.074907302856445312e-02
4.074351117014884949e-02
4.073758795857429504e-02
4.073192551732063293e-02
4.072605445981025696e-02
4.072036594152450562e-02
4.071439802646636963e-02
4.070868715643882751e-02
4.070276767015457153e-02
4.069703444838523865e-02
4.069101810455322266e-02
4.068525880575180054e-02
4.067929461598396301e-02
4.067351296544075012e-02
4.066745191812515259e-02
4.066171869635581970e-02
4.065563529729843140e-02
4.064980521798133850e-02
4.064369946718215942e-02
4.063792154192924500e-02
4.063179343938827515e-02
4.062591865658760071e-02
4.061983898282051086e-02
4.061394557356834412e-02
4.060777276754379272e-02
4.060185328125953674e-02
4.059573262929916382e-02
4.058979079127311707e-02
4.058357328176498413e-02
4.057768359780311584e-02
4.057144746184349060e-02
4.056546464562416077e-02
4.055920615792274475e-02
4.055327177047729492e-02
4.054699093103408813e-02
4.054096341133117676e-02
4.053466394543647766e-02
4.052868857979774475e-02
4.052236676216125488e-02
4.051629826426506042e-02
4.051002860069274902e-02
4.050393775105476379e-02
4.049757868051528931e-02
4.049146547913551331e-02
4.048515483736991882e-02
4.047902673482894897e-02
4.047262296080589294e-02
4.046654328703880310e-02
4.046012088656425476e-02
4.045395180583000183e-02
4.044751077890396118e-02
4.044139012694358826e-02
4.043493047356605530e-02
4.042871668934822083e-02
4.042230919003486633e-02
4.041608050465583801e-02
4.040957987308502197e-02
4.040332883596420288e-02
4.039688408374786377e-02
4.039061442017555237e-02
4.038407653570175171e-02
4.037778824567794800e-02
4.037130624055862427e-02
4.036499559879302979e-02
4.035842418670654297e-02
4.035216942429542542e-02
4.034557566046714783e-02
4.033923149108886719e-02
4.033262282609939575e-02
4.032633081078529358e-02
4.031970351934432983e-02
4.031331837177276611e-02
4.030674695968627930e-02
4.030034691095352173e-02
4.029368236660957336e-02
4.028726369142532349e-02
4.028065502643585205e-02
4.027421772480010986e-02
4.026752337813377380e-02
4.026113823056221008e-02
4.025442525744438171e-02
4.024795070290565491e-02
4.024122282862663269e-02
4.023480042815208435e-02
4.022805392742156982e-02
4.022154957056045532e-02
4.021478444337844849e-02
4.020832851529121399e-02
4.020154848694801331e-02
4.019501060247421265e-02
4.018828272819519043e-02
4.018172249197959900e-02
4.017491266131401062e-02
4.016833752393722534e-02
4.016157612204551697e-02
4.015498608350753784e-02
4.014814272522926331e-02
4.014229029417037964e-02
4.014428704977035522e-02
4.014651104807853699e-02
4.014847427606582642e-02
4.015059769153594971e-02
4.015276953577995300e-02
4.015468433499336243e-02
4.015682265162467957e-02
4.015863686800003052e-02
4.016074165701866150e-02
4.016258940100669861e-02
4.016466438770294189e-02
4.016672074794769287e-02
4.016844928264617920e-02
4.017047211527824402e-02
4.017223790287971497e-02
4.017423093318939209e-02
4.017589613795280457e-02
4.017785564064979553e-02
4.017979651689529419e-02
4.018148034811019897e-02
4.018332436680793762e-02
4.018497467041015625e-02
4.018685221672058105e-02
4.018847271800041199e-02
4.019024968147277832e-02
4.019207879900932312e-02
4.019365459680557251e-02
4.019545018672943115e-02
4.019699245691299438e-02
4.019869118928909302e-02
4.020019993185997009e-02
4.020193591713905334e-02
4.020365327596664429e-02
4.020505025982856750e-02
4.020673409104347229e-02
4.020816832780838013e-02
4.020982235670089722e-02
4.021115973591804504e-02
4.021278396248817444e-02
4.021438956260681152e-02
4.021574556827545166e-02
4.021725803613662720e-02
4.021858423948287964e-02
4.022013023495674133e-02
4.022142663598060608e-02
4.022294282913208008e-02
4.022437706589698792e-02
4.022562503814697266e-02
4.022709652781486511e-02
4.022831469774246216e-02
4.022968932986259460e-02
4.023087769746780396e-02
4.023228958249092102e-02
4.023368284106254578e-02
4.023476317524909973e-02
4.023612663149833679e-02
4.023724421858787537e-02
4.023857787251472473e-02
4.023959860205650330e-02
4.024090617895126343e-02
4.024219512939453125e-02
4.024323821067810059e-02
4.024450108408927917e-02
4.024544730782508850e-02
4.024668037891387939e-02
4.024766385555267334e-02
4.024886712431907654e-02
4.024975746870040894e-02
4.025093093514442444e-02
4.025208950042724609e-02
4.025300219655036926e-02
4.025406762957572937e-02
4.025495052337646484e-02
4.025605320930480957e-02
4.025691002607345581e-02
4.025791585445404053e-02
4.025897383689880371e-02
4.025978967547416687e-02
4.026082158088684082e-02
4.026160761713981628e-02
4.026254266500473022e-02
4.026330262422561646e-02
4.026427492499351501e-02
4.026523604989051819e-02
4.026588425040245056e-02
4.026681929826736450e-02
4.026750847697257996e-02
4.026840999722480774e-02
4.026900604367256165e-02
4.026988521218299866e-02
4.027074575424194336e-02
4.027136787772178650e-02
4.027213528752326965e-02
4.027273133397102356e-02
4.027353972196578979e-02
4.027410596609115601e-02
4.027482122182846069e-02
4.027558863162994385e-02
4.027611389756202698e-02
4.027685523033142090e-02
4.027735441923141479e-02
4.027800261974334717e-02
4.027847573161125183e-02
4.027916118502616882e-02
4.027983546257019043e-02
4.028020426630973816e-02
4.028084874153137207e-02
4.028125852346420288e-02
4.028187692165374756e-02
4.028219357132911682e-02
4.028278589248657227e-02
4.028336703777313232e-02
4.028091952204704285e-02
4.027765244245529175e-02
4.027431458234786987e-02
4.027103632688522339e-02
4.026775062084197998e-02
4.026446118950843811e-02
4.026116430759429932e-02
4.025808721780776978e-02
4.025477916002273560e-02
4.025140404701232910e-02
4.024808481335639954e-02
4.024476185441017151e-02
4.024143517017364502e-02
4.023810103535652161e-02
4.023476317524909973e-02
4.023142158985137939e-02
4.022829234600067139e-02
4.022487252950668335e-02
4.022151231765747070e-02
4.021814838051795959e-02
4.021477699279785156e-02
4.021140187978744507e-02
4.020802304148674011e-02
4.020463675260543823e-02
4.020124301314353943e-02
4.019800201058387756e-02
4.019460082054138184e-02
4.019119590520858765e-02
4.018778353929519653e-02
4.018436372280120850e-02
4.018094390630722046e-02
4.017751663923263550e-02
4.017408564686775208e-02
4.017079994082450867e-02
4.016735777258872986e-02
4.016391187906265259e-02
4.016045853495597839e-02
4.015700146555900574e-02
4.015353694558143616e-02
4.015006870031356812e-02
4.014653339982032776e-02
4.014305397868156433e-02
4.013979062438011169e-02
4.013630375266075134e-02
4.013280943036079407e-02
4.012931138277053833e-02
4.012580960988998413e-02
4.012230411171913147e-02
4.011872783303260803e-02
4.011521115899085999e-02
4.011168703436851501e-02
4.010837525129318237e-02
4.010484367609024048e-02
4.010130837559700012e-02
4.009776934981346130e-02
4.009422287344932556e-02
4.009060561656951904e-02
4.008705168962478638e-02
4.008349031209945679e-02
4.007992520928382874e-02
4.007657244801521301e-02
4.007299616932868958e-02
4.006941616535186768e-02
4.006576910614967346e-02
4.006218165159225464e-02
4.005858674645423889e-02
4.005498811602592468e-02
4.005138576030731201e-02
4.004799202084541321e-02
4.004438221454620361e-02
4.004076495766639709e-02
4.003708064556121826e-02
4.003345593810081482e-02
4.002982378005981445e-02
4.002618789672851562e-02
4.002255201339721680e-02
4.001890495419502258e-02
4.001547023653984070e-02
4.001181572675704956e-02
4.000809788703918457e-02
4.000443592667579651e-02
4.000076651573181152e-02
3.999709710478782654e-02
3.999342024326324463e-02
3.998974338173866272e-02
3.998605906963348389e-02
3.998251631855964661e-02
3.997882455587387085e-02
3.997512534260749817e-02
3.997142612934112549e-02
3.996771946549415588e-02
3.996400907635688782e-02
3.996029123663902283e-02
3.995657339692115784e-02
3.995278850197792053e-02
3.994926810264587402e-02
3.994553536176681519e-02
3.994179889559745789e-02
3.993805870413780212e-02
3.993431478738784790e-02
3.993056342005729675e-02
3.992681205272674561e-02
3.992298990488052368e-02
3.991922736167907715e-02
3.991566970944404602e-02
3.991189971566200256e-02
3.990812599658966064e-02
3.990434482693672180e-02
3.990056365728378296e-02
3.989671170711517334e-02
3.989292308688163757e-02
3.988912701606750488e-02
3.988553583621978760e-02
3.988172858953475952e-02
3.987792134284973145e-02
3.987411037087440491e-02
3.987029567360877991e-02
3.986641392111778259e-02
3.986258804798126221e-02
3.985875844955444336e-02
3.985492885112762451e-02
3.985129669308662415e-02
3.984617441892623901e-02
3.983822092413902283e-02
3.983000665903091431e-02
3.982199728488922119e-02
3.981385007500648499e-02
3.980584442615509033e-02
3.979763761162757874e-02
3.978970274329185486e-02
3.978150337934494019e-02
3.977350890636444092e-02
3.976537287235260010e-02
3.975738584995269775e-02
3.974939510226249695e-02
3.974127024412155151e-02
3.973328694701194763e-02
3.972510620951652527e-02
3.971718996763229370e-02
3.970900923013687134e-02
3.970103710889816284e-02
3.969292715191841125e-02
3.968495875597000122e-02
3.967678919434547424e-02
3.966888785362243652e-02
3.966072574257850647e-02
3.965282812714576721e-02
3.964466974139213562e-02
3.963671624660491943e-02
3.962862491607666016e-02
3.962067514657974243e-02
3.961272910237312317e-02
3.960464149713516235e-02
3.959669917821884155e-02
3.958855941891670227e-02
3.958068415522575378e-02
3.957254812121391296e-02
3.956461697816848755e-02
3.955654427409172058e-02
3.954861685633659363e-02
3.954049199819564819e-02
3.953263163566589355e-02
3.952451050281524658e-02
3.951659053564071655e-02
3.950853645801544189e-02
3.950062394142150879e-02
3.949271142482757568e-02
3.948466479778289795e-02
3.947675600647926331e-02
3.946865350008010864e-02
3.946081176400184631e-02
3.945271670818328857e-02
3.944481909275054932e-02
3.943678736686706543e-02
3.942889347672462463e-02
3.942080587148666382e-02
3.941297903656959534e-02
3.940489515662193298e-02
3.939701244235038757e-02
3.938899561762809753e-02
3.938111662864685059e-02
3.937324136495590210e-02
3.936523199081420898e-02
3.935736045241355896e-02
3.934929519891738892e-02
3.934148699045181274e-02
3.933342918753623962e-02
3.932556509971618652e-02
3.931757062673568726e-02
3.930971398949623108e-02
3.930166363716125488e-02
3.929387032985687256e-02
3.928582742810249329e-02
3.927797824144363403e-02
3.926999866962432861e-02
3.926215693354606628e-02
3.925431519746780396e-02
3.924634307622909546e-02
3.923850879073143005e-02
3.923047706484794617e-02
3.922270983457565308e-02
3.921468555927276611e-02
3.920685872435569763e-02
3.919890150427818298e-02
3.919107839465141296e-02
3.918306529521942139e-02
3.917530924081802368e-02
3.916729986667633057e-02
3.915949165821075439e-02
3.915154561400413513e-02
3.914374113082885742e-02
3.913580253720283508e-02
3.912799805402755737e-02
3.912020102143287659e-02
3.911226987838745117e-02
3.910447284579277039e-02
3.909648582339286804e-02
3.908875584602355957e-02
3.908077627420425415e-02
3.907299041748046875e-02
3.906507417559623718e-02
3.905729204416275024e-02
3.904932364821434021e-02
3.904160484671592712e-02
3.903364017605781555e-02
3.902586922049522400e-02
3.901796787977218628e-02
3.901020064949989319e-02
3.900243714451789856e-02
3.899454325437545776e-02
3.898678347468376160e-02
3.897883370518684387e-02
3.897113725543022156e-02
3.896319493651390076e-02
3.895544633269309998e-02
3.894756361842155457e-02
3.893981873989105225e-02
3.893188759684562683e-02
3.892420604825019836e-02
3.891627490520477295e-02
3.890854120254516602e-02
3.890067711472511292e-02
3.889294713735580444e-02
3.888521715998649597e-02
3.887736052274703979e-02
3.886963427066802979e-02
3.886172547936439514e-02
3.885406255722045898e-02
3.884615749120712280e-02
3.883844241499900818e-02
3.883060067892074585e-02
3.882289305329322815e-02
3.881499543786048889e-02
3.880734741687774658e-02
3.879945725202560425e-02
3.879175707697868347e-02
3.878255933523178101e-02
3.876140341162681580e-02
3.874001652002334595e-02
3.871889784932136536e-02
3.869773820042610168e-02
3.867646679282188416e-02
3.865534067153930664e-02
3.863410651683807373e-02
3.861302137374877930e-02
3.859182447195053101e-02
3.857077658176422119e-02
3.854961693286895752e-02
3.852860257029533386e-02
3.850766643881797791e-02
3.848650306463241577e-02
3.846560418605804443e-02
3.844447806477546692e-02
3.842361643910408020e-02
3.840252757072448730e-02
3.838169947266578674e-02
3.836064785718917847e-02
3.833985701203346252e-02
3.831884264945983887e-02
3.829808905720710754e-02
3.827729448676109314e-02
3.825639188289642334e-02
3.823563456535339355e-02
3.821476548910140991e-02
3.819404542446136475e-02
3.817321360111236572e-02
3.815252706408500671e-02
3.813173249363899231e-02
3.811108320951461792e-02
3.809051215648651123e-02
3.806971386075019836e-02
3.804917261004447937e-02
3.802841156721115112e-02
3.800790756940841675e-02
3.798718377947807312e-02
3.796671703457832336e-02
3.794602677226066589e-02
3.792559355497360229e-02
3.790494054555892944e-02
3.788454458117485046e-02
3.786410763859748840e-02
3.784356266260147095e-02
3.782316297292709351e-02
