7.242168188095092773e-01
7.234486341476440430e-01
7.226697206497192383e-01
7.218806147575378418e-01
7.210786938667297363e-01
7.203266620635986328e-01
7.195779085159301758e-01
7.188121080398559570e-01
7.180300354957580566e-01
7.172315716743469238e-01
7.168133258819580078e-01
7.165979146957397461e-01
7.163597941398620605e-01
7.161027193069458008e-01
7.158278226852416992e-01
7.156731486320495605e-01
7.157562971115112305e-01
7.158234715461730957e-01
7.158735990524291992e-01
7.159081101417541504e-01
7.159281373023986816e-01
7.158952355384826660e-01
7.158498764038085938e-01
7.157952189445495605e-01
7.157313227653503418e-01
7.156643867492675781e-01
7.156534194946289062e-01
7.157800197601318359e-01
7.159026861190795898e-01
7.160210609436035156e-01
7.161355018615722656e-01
7.162464261054992676e-01
7.162802815437316895e-01
7.162463665008544922e-01
7.162119150161743164e-01
7.161781191825866699e-01
7.161453962326049805e-01
7.161173820495605469e-01
7.159562706947326660e-01
7.156904935836791992e-01
7.154258489608764648e-01
7.151635289192199707e-01
7.149017453193664551e-01
7.146416306495666504e-01
7.143792510032653809e-01
7.141126394271850586e-01
7.138482332229614258e-01
7.135862112045288086e-01
7.133259773254394531e-01
7.130718827247619629e-01
7.128002643585205078e-01
7.122227549552917480e-01
7.116453051567077637e-01
7.110701203346252441e-01
7.104958295822143555e-01
7.099239230155944824e-01
7.093537449836730957e-01
7.088385820388793945e-01
7.083774209022521973e-01
7.079189419746398926e-01
7.074635028839111328e-01
7.070111632347106934e-01
7.065643668174743652e-01
7.061204910278320312e-01
7.055999040603637695e-01
7.050548195838928223e-01
7.045110464096069336e-01
7.039701938629150391e-01
7.034317851066589355e-01
7.028949260711669922e-01
7.023624181747436523e-01
7.017193436622619629e-01
7.010366320610046387e-01
7.003554105758666992e-01
6.996775865554809570e-01
6.990032196044921875e-01
6.983316540718078613e-01
6.976622939109802246e-01
6.969970464706420898e-01
6.963382363319396973e-01
6.956805586814880371e-01
6.950245499610900879e-01
6.943726539611816406e-01
6.937219500541687012e-01
6.930736303329467773e-01
6.924288272857666016e-01
6.917904019355773926e-01
6.911548376083374023e-01
6.905229687690734863e-01
6.898955702781677246e-01
6.892688274383544922e-01
6.886457800865173340e-01
6.880249977111816406e-01
6.873463392257690430e-01
6.864482760429382324e-01
6.855515837669372559e-01
6.846568584442138672e-01
6.837647557258605957e-01
6.828736662864685059e-01
6.819849610328674316e-01
6.810989975929260254e-01
6.802561283111572266e-01
6.796267628669738770e-01
6.790009140968322754e-01
6.783776283264160156e-01
6.777572035789489746e-01
6.771393418312072754e-01
6.765235662460327148e-01
6.759120225906372070e-01
6.753016710281372070e-01
6.745141744613647461e-01
6.736864447593688965e-01
6.728612184524536133e-01
6.720388531684875488e-01
6.712181568145751953e-01
6.703994274139404297e-01
6.695846915245056152e-01
6.687723398208618164e-01
6.679729819297790527e-01
6.672344803810119629e-01
6.665002107620239258e-01
6.657672524452209473e-01
6.650375723838806152e-01
6.643102169036865234e-01
6.635870337486267090e-01
6.628657579421997070e-01
6.621468067169189453e-01
6.614527106285095215e-01
6.608791351318359375e-01
6.603090763092041016e-01
6.597414612770080566e-01
6.591778993606567383e-01
6.586181521415710449e-01
6.580610871315002441e-01
6.575070023536682129e-01
6.569552421569824219e-01
6.564071178436279297e-01
6.556725502014160156e-01
6.548946499824523926e-01
6.541206240653991699e-01
6.533483862876892090e-01
6.525796651840209961e-01
6.518142223358154297e-01
6.510512232780456543e-01
6.502912044525146484e-01
6.495342850685119629e-01
6.487867832183837891e-01
6.481065750122070312e-01
6.474293470382690430e-01
6.467561721801757812e-01
6.458114385604858398e-01
6.451467275619506836e-01
6.444859504699707031e-01
6.438282132148742676e-01
6.431746482849121094e-01
6.425241231918334961e-01
6.418764591217041016e-01
6.414320468902587891e-01
6.409989595413208008e-01
6.405695080757141113e-01
6.401435136795043945e-01
6.397221684455871582e-01
6.393036246299743652e-01
6.388894319534301758e-01
6.384784579277038574e-01
6.380705833435058594e-01
6.376670598983764648e-01
6.373025774955749512e-01
6.369904875755310059e-01
6.366825699806213379e-01
6.363784074783325195e-01
6.360779404640197754e-01
6.357811093330383301e-01
6.354882717132568359e-01
6.351993083953857422e-01
6.349141597747802734e-01
6.346325278282165527e-01
6.343553662300109863e-01
6.340965628623962402e-01
6.338605880737304688e-01
6.336284875869750977e-01
6.334013938903808594e-01
6.331778168678283691e-01
6.329593658447265625e-01
6.327448487281799316e-01
6.325349807739257812e-01
6.323295235633850098e-01
6.321288943290710449e-01
6.319328546524047852e-01
6.317416429519653320e-01
6.315420269966125488e-01
6.313468813896179199e-01
6.311563253402709961e-01
6.309712529182434082e-01
6.307910084724426270e-01
6.306170225143432617e-01
6.304481029510498047e-01
6.302856802940368652e-01
6.301282644271850586e-01
6.299777626991271973e-01
6.298326253890991211e-01
6.296947598457336426e-01
6.295236945152282715e-01
6.293582916259765625e-01
6.291997432708740234e-01
6.290492415428161621e-01
6.289049983024597168e-01
6.287686824798583984e-01
6.286417245864868164e-01
6.285225152969360352e-01
6.284123063087463379e-01
6.283116340637207031e-01
6.282221674919128418e-01
6.281420588493347168e-01
6.279230713844299316e-01
6.275348067283630371e-01
6.271592974662780762e-01
6.267979741096496582e-01
6.264516115188598633e-01
6.261219382286071777e-01
6.258081793785095215e-01
6.255127191543579102e-01
6.252377629280090332e-01
6.249834299087524414e-01
6.247533559799194336e-01
6.245477199554443359e-01
6.243692040443420410e-01
6.242878437042236328e-01
6.243627071380615234e-01
6.244746446609497070e-01
6.246261000633239746e-01
6.248235702514648438e-01
6.250704526901245117e-01
6.253747940063476562e-01
6.257426142692565918e-01
6.261848211288452148e-01
6.267109513282775879e-01
6.273366808891296387e-01
6.280779838562011719e-01
6.289589405059814453e-01
6.300073266029357910e-01
6.313068270683288574e-01
6.328940391540527344e-01
6.348197460174560547e-01
6.372025012969970703e-01
6.402307748794555664e-01
6.442422270774841309e-01
6.499317288398742676e-01
6.592245101928710938e-01
6.949634552001953125e-01
6.994382143020629883e-01
6.985951066017150879e-01
6.967877745628356934e-01
6.945236325263977051e-01
6.920212507247924805e-01
6.893943548202514648e-01
6.866983175277709961e-01
6.840027570724487305e-01
6.813372969627380371e-01
6.787231564521789551e-01
6.761721968650817871e-01
6.736941337585449219e-01
6.712921857833862305e-01
6.689687371253967285e-01
6.667251586914062500e-01
6.645597815513610840e-01
6.624721884727478027e-01
6.604589819908142090e-01
6.585197448730468750e-01
6.566500663757324219e-01
6.548438668251037598e-01
6.530745625495910645e-01
6.513674259185791016e-01
6.497182846069335938e-01
6.481240391731262207e-01
6.465833783149719238e-01
6.450929641723632812e-01
6.436504125595092773e-01
6.422526836395263672e-01
6.408984065055847168e-01
6.395859122276306152e-01
6.383116841316223145e-01
6.370745301246643066e-01
6.358734369277954102e-01
6.347050070762634277e-01
6.335684657096862793e-01
6.324738264083862305e-01
6.314549446105957031e-01
6.304628252983093262e-01
6.294980049133300781e-01
6.285579800605773926e-01
6.276428103446960449e-01
6.267498731613159180e-01
6.258793473243713379e-01
6.250289082527160645e-01
6.241995692253112793e-01
6.233882904052734375e-01
6.225963830947875977e-01
6.218211650848388672e-01
6.210623383522033691e-01
6.203206777572631836e-01
6.195932626724243164e-01
6.188816428184509277e-01
6.182011961936950684e-01
6.175539493560791016e-01
6.169206500053405762e-01
6.162993311882019043e-01
6.156904101371765137e-01
6.150940060615539551e-01
6.145077347755432129e-01
6.139326095581054688e-01
6.133686900138854980e-01
6.128143668174743652e-01
6.122693419456481934e-01
6.117333769798278809e-01
6.112074851989746094e-01
6.106894612312316895e-01
6.101798415184020996e-01
6.096793413162231445e-01
6.091853380203247070e-01
6.086990833282470703e-01
6.084067225456237793e-01
6.081574559211730957e-01
6.079148054122924805e-01
6.076794266700744629e-01
6.074502468109130859e-01
6.072262525558471680e-01
6.070092916488647461e-01
6.067984700202941895e-01
6.065929532051086426e-01
6.063929796218872070e-01
6.061984896659851074e-01
6.060091257095336914e-01
6.058235764503479004e-01
6.056439280509948730e-01
6.054689288139343262e-01
6.052978634834289551e-01
6.051316857337951660e-01
6.049697399139404297e-01
6.048291325569152832e-01
6.047562956809997559e-01
6.046879887580871582e-01
6.046230196952819824e-01
6.045612096786499023e-01
6.045036911964416504e-01
6.044493317604064941e-01
6.043987274169921875e-01
6.043515205383300781e-01
6.043072342872619629e-01
6.042664051055908203e-01
6.042283773422241211e-01
6.041939258575439453e-01
6.041617989540100098e-01
6.041330695152282715e-01
6.041073799133300781e-01
6.040838956832885742e-01
6.040632128715515137e-01
6.040446162223815918e-01
6.040289998054504395e-01
6.041041016578674316e-01
6.042576432228088379e-01
6.044135093688964844e-01
6.045720577239990234e-01
6.047328710556030273e-01
6.048961281776428223e-01
6.050615906715393066e-01
6.052294373512268066e-01
6.053993105888366699e-01
6.055713295936584473e-01
6.057456135749816895e-01
6.059218049049377441e-01
6.061001420021057129e-01
6.062804460525512695e-01
6.064626574516296387e-01
6.066459417343139648e-01
6.068318486213684082e-01
6.070194840431213379e-01
6.072089076042175293e-01
6.074000597000122070e-01
6.075928211212158203e-01
6.077719926834106445e-01
6.079452037811279297e-01
6.081209778785705566e-01
6.082971096038818359e-01
6.084757447242736816e-01
6.086546778678894043e-01
6.088361144065856934e-01
6.090177297592163086e-01
6.092017889022827148e-01
6.093860268592834473e-01
6.095725893974304199e-01
6.097592711448669434e-01
6.099482774734497070e-01
6.101373434066772461e-01
6.103286743164062500e-01
6.105201840400695801e-01
6.107137203216552734e-01
6.109073758125305176e-01
6.111031174659729004e-01
6.112988591194152832e-01
6.114966273307800293e-01
6.116943955421447754e-01
6.118788719177246094e-01
6.120552420616149902e-01
6.122314333915710449e-01
6.124080419540405273e-01
6.125862598419189453e-01
6.127636432647705078e-01
6.129419207572937012e-01
6.131210923194885254e-01
6.133002638816833496e-01
6.134794354438781738e-01
6.136602759361267090e-01
6.138402223587036133e-01
6.140207052230834961e-01
6.142025589942932129e-01
6.143837571144104004e-01
6.145653724670410156e-01
6.147481203079223633e-01
6.149305701255798340e-01
6.151138544082641602e-01
6.152969002723693848e-01
6.154798865318298340e-01
6.156643033027648926e-01
6.158478260040283203e-01
6.159906983375549316e-01
6.158440113067626953e-01
6.156962513923645020e-01
6.155477166175842285e-01
6.153982877731323242e-01
6.152479052543640137e-01
6.150965690612792969e-01
6.149445176124572754e-01
6.147912740707397461e-01
6.146370768547058105e-01
6.144819259643554688e-01
6.143257617950439453e-01
6.141686439514160156e-01
6.140105128288269043e-01
6.138513684272766113e-01
6.136912703514099121e-01
6.135292053222656250e-01
6.133670806884765625e-01
6.132039427757263184e-01
6.130399107933044434e-01
6.128746867179870605e-01
6.127084493637084961e-01
6.125416159629821777e-01
6.123732924461364746e-01
6.122039556503295898e-01
6.120265126228332520e-01
6.117981672286987305e-01
6.115691661834716797e-01
6.113396883010864258e-01
6.111094355583190918e-01
6.108785271644592285e-01
6.106471419334411621e-01
6.104149222373962402e-01
6.101822257041931152e-01
6.099487543106079102e-01
6.097145676612854004e-01
6.094799637794494629e-01
6.092435717582702637e-01
6.090074181556701660e-01
6.087708473205566406e-01
6.085333824157714844e-01
6.082955002784729004e-01
6.080568432807922363e-01
6.078174114227294922e-01
6.075774431228637695e-01
6.073368191719055176e-01
6.070954799652099609e-01
6.068533658981323242e-01
6.066106557846069336e-01
6.063673496246337891e-01
6.061231493949890137e-01
6.058784127235412598e-01
6.056444048881530762e-01
6.054215431213378906e-01
6.051986813545227051e-01
6.049739718437194824e-01
6.047495603561401367e-01
6.045232415199279785e-01
6.042971611022949219e-01
6.040692925453186035e-01
6.038413643836975098e-01
6.036118268966674805e-01
6.033813953399658203e-01
6.031509637832641602e-01
6.029186844825744629e-01
6.026867032051086426e-01
6.024528741836547852e-01
6.022190451622009277e-01
6.019834876060485840e-01
6.017481088638305664e-01
6.015107035636901855e-01
6.012735962867736816e-01
6.010346412658691406e-01
6.007958054542541504e-01
6.005551218986511230e-01
6.003145575523376465e-01
6.000721454620361328e-01
5.998297333717346191e-01
5.995855927467346191e-01
5.993415713310241699e-01
5.990958809852600098e-01
5.987001657485961914e-01
5.982981920242309570e-01
5.978953838348388672e-01
5.974906682968139648e-01
5.970858931541442871e-01
5.966800451278686523e-01
5.962733626365661621e-01
5.958647131919860840e-01
5.954559445381164551e-01
5.950463414192199707e-01
5.946357846260070801e-01
5.942242145538330078e-01
5.938106179237365723e-01
5.933971405029296875e-01
5.929827094078063965e-01
5.925673246383666992e-01
5.921510457992553711e-01
5.917328000068664551e-01
5.913144946098327637e-01
5.908953547477722168e-01
5.904752016067504883e-01
5.900530815124511719e-01
5.896311998367309570e-01
5.892080664634704590e-01
5.887840986251831055e-01
5.883591771125793457e-01
5.879325270652770996e-01
5.875056385993957520e-01
5.870779156684875488e-01
5.866493582725524902e-01
5.862291455268859863e-01
5.858222842216491699e-01
5.854138135910034180e-01
5.850052833557128906e-01
5.845959782600402832e-01
5.841851234436035156e-01
5.837742686271667480e-01
5.833616256713867188e-01
5.829492807388305664e-01
5.825360417366027832e-01
5.821210145950317383e-01
5.817061662673950195e-01
5.812907218933105469e-01
5.808734297752380371e-01
5.804562568664550781e-01
5.800374150276184082e-01
5.796186327934265137e-01
5.791992545127868652e-01
5.787779092788696289e-01
5.783569216728210449e-01
5.779352188110351562e-01
5.775115489959716797e-01
5.770882368087768555e-01
5.766630172729492188e-01
5.762381553649902344e-01
5.758123993873596191e-01
5.753850340843200684e-01
5.749577283859252930e-01
5.745298266410827637e-01
5.741001367568969727e-01
5.736705064773559570e-01
5.732392668724060059e-01
5.728081464767456055e-01
5.722811818122863770e-01
5.716974735260009766e-01
5.711122155189514160e-01
5.705272555351257324e-01
5.699414610862731934e-01
5.693541765213012695e-01
5.687670111656188965e-01
5.681793689727783203e-01
5.675900578498840332e-01
5.670009255409240723e-01
5.664113163948059082e-01
5.658209919929504395e-01
5.652290582656860352e-01
5.646374821662902832e-01
5.640451312065124512e-01
5.634512305259704590e-01
5.628578066825866699e-01
5.622636675834655762e-01
5.616689324378967285e-01
5.610724091529846191e-01
5.604764819145202637e-01
5.598798394203186035e-01
5.592817068099975586e-01
5.586838722229003906e-01
5.580853819847106934e-01
5.574864149093627930e-01
5.568858385086059570e-01
5.562856793403625488e-01
5.556849837303161621e-01
5.550824403762817383e-01
5.544806122779846191e-01
5.538781881332397461e-01
5.532752275466918945e-01
5.526705980300903320e-01
5.520663857460021973e-01
5.514908432960510254e-01
5.509811043739318848e-01
5.504698753356933594e-01
5.499594807624816895e-01
5.494486689567565918e-01
5.489376187324523926e-01
5.484262704849243164e-01
5.479134917259216309e-01
5.474014878273010254e-01
5.468891263008117676e-01
5.463765263557434082e-01
5.458635687828063965e-01
5.453493595123291016e-01
5.448357462882995605e-01
5.443219542503356934e-01
5.438078045845031738e-01
5.432934165000915527e-01
5.427776575088500977e-01
5.422627329826354980e-01
5.417473912239074707e-01
5.412318706512451172e-01
5.407159924507141113e-01
5.401989221572875977e-01
5.396824479103088379e-01
5.391658544540405273e-01
5.386489033699035645e-01
5.381317734718322754e-01
5.376132130622863770e-01
5.370955467224121094e-01
5.365775227546691895e-01
5.360593795776367188e-01
5.355408191680908203e-01
5.350211262702941895e-01
5.345020294189453125e-01
5.339828729629516602e-01
5.334633588790893555e-01
5.329427719116210938e-01
5.324227213859558105e-01
5.318686962127685547e-01
5.311368107795715332e-01
5.304051041603088379e-01
5.296745896339416504e-01
5.289433598518371582e-01
5.282121896743774414e-01
5.274811983108520508e-01
5.266705155372619629e-01
5.259400606155395508e-01
5.252099037170410156e-01
5.244798064231872559e-01
5.237499475479125977e-01
5.230212807655334473e-01
5.222918987274169922e-01
5.215626955032348633e-01
5.208338499069213867e-01
5.201051235198974609e-01
5.193766355514526367e-01
5.186483860015869141e-01
5.179203748703002930e-01
5.171926617622375488e-01
5.164663791656494141e-01
5.157392024993896484e-01
5.150122642517089844e-01
5.142856836318969727e-01
5.135592818260192871e-01
5.128333568572998047e-01
5.121076107025146484e-01
5.113821625709533691e-01
5.106571316719055176e-01
5.099332928657531738e-01
5.092087984085083008e-01
5.084847211837768555e-01
5.077608227729797363e-01
5.070372819900512695e-01
5.063141584396362305e-01
5.055913329124450684e-01
5.048688054084777832e-01
5.041466951370239258e-01
5.034261941909790039e-01
5.027046799659729004e-01
5.019837021827697754e-01
5.014504790306091309e-01
5.009562969207763672e-01
5.004630088806152344e-01
4.999701678752899170e-01
4.994776546955108643e-01
4.989860951900482178e-01
4.984947443008422852e-01
4.980041980743408203e-01
4.975140988826751709e-01
4.970246851444244385e-01
4.965356290340423584e-01
4.960474967956542969e-01
4.955595731735229492e-01
4.950724542140960693e-01
4.945857822895050049e-01
4.940998256206512451e-01
4.936142861843109131e-01
4.931294918060302734e-01
4.926450848579406738e-01
4.921614229679107666e-01
4.916781783103942871e-01
4.911956787109375000e-01
4.907134771347045898e-01
4.902332127094268799e-01
4.897524118423461914e-01
4.892720282077789307e-01
4.887923896312713623e-01
4.883131384849548340e-01
4.878346621990203857e-01
4.873565435409545898e-01
4.868791997432708740e-01
4.864022433757781982e-01
4.859260618686676025e-01
4.854502677917480469e-01
4.849751889705657959e-01
4.845005571842193604e-01
4.840266406536102295e-01
4.835531413555145264e-01
4.830803871154785156e-01
4.826080203056335449e-01
4.821364283561706543e-01
4.816651940345764160e-01
4.811947345733642578e-01
4.807246625423431396e-01
4.802553653717041016e-01
4.797861278057098389e-01
4.793168604373931885e-01
4.788491129875183105e-01
4.783810973167419434e-01
4.779148697853088379e-01
4.774480760097503662e-01
4.769828617572784424e-01
4.765172004699707031e-01
4.760525226593017578e-01
4.755890667438507080e-01
4.751253128051757812e-01
4.746631383895874023e-01
4.742005467414855957e-01
4.737398922443389893e-01
4.732784926891326904e-01
4.728178083896636963e-01
4.723586738109588623e-01
4.718994200229644775e-01
4.714415073394775391e-01
4.709831774234771729e-01
4.705264568328857422e-01
4.700694084167480469e-01
4.696132242679595947e-01
4.691583514213562012e-01
4.687030613422393799e-01
4.682493805885314941e-01
4.677956700325012207e-01
4.673431515693664551e-01
4.668903350830078125e-01
4.664380848407745361e-01
4.659874439239501953e-01
4.655367732048034668e-01
4.650872945785522461e-01
4.646375179290771484e-01
4.641892313957214355e-01
4.637409746646881104e-01
4.632930159568786621e-01
4.628465473651885986e-01
4.623997807502746582e-01
4.619545638561248779e-01
4.615092873573303223e-01
4.610652923583984375e-01
4.606209397315979004e-01
4.601771831512451172e-01
4.597352445125579834e-01
4.592927098274230957e-01
4.588517248630523682e-01
4.584103226661682129e-01
4.579704999923706055e-01
4.576713144779205322e-01
4.573858082294464111e-01
4.571012258529663086e-01
4.568164348602294922e-01
4.565329253673553467e-01
4.562488198280334473e-01
4.559656977653503418e-01
4.556823372840881348e-01
4.554002285003662109e-01
4.551175832748413086e-01
4.548362195491790771e-01
4.545539617538452148e-01
4.542732536792755127e-01
4.539920389652252197e-01
4.537120759487152100e-01
4.534315168857574463e-01
4.531519412994384766e-01
4.528721272945404053e-01
4.525935649871826172e-01
4.523144066333770752e-01
4.520365595817565918e-01
4.517578184604644775e-01
4.514805972576141357e-01
4.512028992176055908e-01
4.509264230728149414e-01
4.506502747535705566e-01
4.503732323646545410e-01
4.500977993011474609e-01
4.498217999935150146e-01
4.495470523834228516e-01
4.492717385292053223e-01
4.489973187446594238e-01
4.487226903438568115e-01
4.484493136405944824e-01
4.481753706932067871e-01
4.479026496410369873e-01
4.476290345191955566e-01
4.473569989204406738e-01
4.470844268798828125e-01
4.468130767345428467e-01
4.465411603450775146e-01
4.462701380252838135e-01
4.459988772869110107e-01
4.457288980484008789e-01
4.454583227634429932e-01
4.451886415481567383e-01
4.449187517166137695e-01
4.446500539779663086e-01
4.443808197975158691e-01
4.441128075122833252e-01
4.438439011573791504e-01
4.435765445232391357e-01
4.433086216449737549e-01
4.430492520332336426e-01
4.428144693374633789e-01
4.425798952579498291e-01
4.423455595970153809e-01
4.421102106571197510e-01
4.418762922286987305e-01
4.416426122188568115e-01
4.414091408252716064e-01
4.411759078502655029e-01
4.409419894218444824e-01
4.407088160514831543e-01
4.404762387275695801e-01
4.402438700199127197e-01
4.400117099285125732e-01
4.397788941860198975e-01
4.395468235015869141e-01
4.393153190612792969e-01
4.390840232372283936e-01
4.388529658317565918e-01
4.386220872402191162e-01
4.383902549743652344e-01
4.381598234176635742e-01
4.379296004772186279e-01
4.376996159553527832e-01
4.374698102474212646e-01
4.372393786907196045e-01
4.370096921920776367e-01
4.367805421352386475e-01
4.365516006946563721e-01
4.363228976726531982e-01
4.360935389995574951e-01
4.358648955821990967e-01
4.356368184089660645e-01
4.354089498519897461e-01
4.351813197135925293e-01
4.349538683891296387e-01
4.347254335880279541e-01
4.344983994960784912e-01
4.342715740203857422e-01
4.340449869632720947e-01
4.338186085224151611e-01
4.335915744304656982e-01
4.333652555942535400e-01
4.331394731998443604e-01
4.329139292240142822e-01
4.326885938644409180e-01
4.324625730514526367e-01
4.322373270988464355e-01
4.320125877857208252e-01
4.317880868911743164e-01
4.315637648105621338e-01
4.313388168811798096e-01
4.311145842075347900e-01
4.308909177780151367e-01
4.306674301624298096e-01
4.304441511631011963e-01
4.302210807800292969e-01
4.299973845481872559e-01
4.297743737697601318e-01
4.295613467693328857e-01
4.293872416019439697e-01
4.292135834693908691e-01
4.290397465229034424e-01
4.288663566112518311e-01
4.286931157112121582e-01
4.285196661949157715e-01
4.283466935157775879e-01
4.281735122203826904e-01
4.279999434947967529e-01
4.278270304203033447e-01
4.276545941829681396e-01
4.274819493293762207e-01
4.273097515106201172e-01
4.271373748779296875e-01
4.269654452800750732e-01
4.267933070659637451e-01
4.266216456890106201e-01
4.264497756958007812e-01
4.262775480747222900e-01
4.261059463024139404e-01
4.259347915649414062e-01
4.257634580135345459e-01
4.255925714969635010e-01
4.254218339920043945e-01
4.252508580684661865e-01
4.250437617301940918e-01
4.248337149620056152e-01
4.246230125427246094e-01
4.244124591350555420e-01
4.242028594017028809e-01
4.239925742149353027e-01
4.237824380397796631e-01
4.235732853412628174e-01
4.233634173870086670e-01
4.231537282466888428e-01
4.229441583156585693e-01
4.227355718612670898e-01
4.225262701511383057e-01
4.223171472549438477e-01
4.221089780330657959e-01
4.219001233577728271e-01
4.216914176940917969e-01
4.214836657047271729e-01
4.212752580642700195e-01
4.210669696331024170e-01
4.208596348762512207e-01
4.206516444683074951e-01
4.204437732696533203e-01
4.202368855476379395e-01
4.200293123722076416e-01
4.198218584060668945e-01
4.196670055389404297e-01
4.195556044578552246e-01
4.194442927837371826e-01
4.193330407142639160e-01
4.192226231098175049e-01
4.191114902496337891e-01
4.190003871917724609e-01
4.188893139362335205e-01
4.187783300876617432e-01
4.186682105064392090e-01
4.185573458671569824e-01
4.184465408325195312e-01
4.183357656002044678e-01
4.182258844375610352e-01
4.181152284145355225e-01
4.180046319961547852e-01
4.178940951824188232e-01
4.177835881710052490e-01
4.176739752292633057e-01
4.175636172294616699e-01
4.174532890319824219e-01
4.173430204391479492e-01
4.172336459159851074e-01
4.171234965324401855e-01
4.170133769512176514e-01
4.169033467769622803e-01
4.167933464050292969e-01
4.166834950447082520e-01
4.165635406970977783e-01
4.164436459541320801e-01
4.163245856761932373e-01
4.162047505378723145e-01
4.160853326320648193e-01
4.159656167030334473e-01
4.158459305763244629e-01
4.157270789146423340e-01
4.156074821949005127e-01
4.154879152774810791e-01
4.153684079647064209e-01
4.152497351169586182e-01
4.151303172111511230e-01
4.150112569332122803e-01
4.148918986320495605e-01
4.147734045982360840e-01
4.146541655063629150e-01
4.145349264144897461e-01
4.144157767295837402e-01
4.142974317073822021e-01
4.141783714294433594e-01
4.140596687793731689e-01
4.139406681060791016e-01
4.138225317001342773e-01
4.137036204338073730e-01
4.135847389698028564e-01
4.134659171104431152e-01
4.133478999137878418e-01
4.132523834705352783e-01
4.131931662559509277e-01
4.131347835063934326e-01
4.130752086639404297e-01
4.130167961120605469e-01
4.129576086997985840e-01
4.128984212875366211e-01
4.128400385379791260e-01
4.127808213233947754e-01
4.127220809459686279e-01
4.126628935337066650e-01
4.126037061214447021e-01
4.125453531742095947e-01
4.124861657619476318e-01
4.124270081520080566e-01
4.123682677745819092e-01
4.123091101646423340e-01
4.122507572174072266e-01
4.121915698051452637e-01
4.121324121952056885e-01
4.120740890502929688e-01
4.120145738124847412e-01
4.119562208652496338e-01
4.118970930576324463e-01
4.118379652500152588e-01
4.117796421051025391e-01
4.117205142974853516e-01
4.116618037223815918e-01
4.116026759147644043e-01
4.115435779094696045e-01
4.114809334278106689e-01
4.114127159118652344e-01
4.113444387912750244e-01
4.112764596939086914e-01
4.112080633640289307e-01
4.111396074295043945e-01
4.110710620880126953e-01
4.110020399093627930e-01
4.109334051609039307e-01
4.108647108078002930e-01
4.107963144779205322e-01
4.107275009155273438e-01
4.106586277484893799e-01
4.105900526046752930e-01
4.105210304260253906e-01
4.104519784450531006e-01
4.103824496269226074e-01
4.103132486343383789e-01
4.102440178394317627e-01
4.101747274398803711e-01
4.101057350635528564e-01
4.100363254547119141e-01
4.099668264389038086e-01
4.098976850509643555e-01
4.098280966281890869e-01
4.097584187984466553e-01
4.096882641315460205e-01
4.096184968948364258e-01
4.095486402511596680e-01
4.094791412353515625e-01
4.094091653823852539e-01
4.093468487262725830e-01
4.093303382396697998e-01
4.093140959739685059e-01
4.092973470687866211e-01
4.092812836170196533e-01
4.092647433280944824e-01
4.092476665973663330e-01
4.092305004596710205e-01
4.092136323451995850e-01
4.091970622539520264e-01
4.091795682907104492e-01
4.091623425483703613e-01
4.091446399688720703e-01
4.091268181800842285e-01
4.091100990772247314e-01
4.090920686721801758e-01
4.090743362903594971e-01
4.089392125606536865e-01
4.087969660758972168e-01
4.086544811725616455e-01
4.085109531879425049e-01
4.083659648895263672e-01
4.082211852073669434e-01
4.080757498741149902e-01
4.079292416572570801e-01
4.077824950218200684e-01
4.076351225376129150e-01
4.074862599372863770e-01
4.073375761508941650e-01
4.071886539459228516e-01
4.070386588573455811e-01
4.068871438503265381e-01
4.067358374595642090e-01
4.065835773944854736e-01
4.064311683177947998e-01
4.062769711017608643e-01
4.061218500137329102e-01
4.059649407863616943e-01
4.058066606521606445e-01
4.056466221809387207e-01
4.054855704307556152e-01
4.053235948085784912e-01
4.051597714424133301e-01
4.049949645996093750e-01
4.048283100128173828e-01
4.046598076820373535e-01
4.044902920722961426e-01
4.043197631835937500e-01
4.041473269462585449e-01
4.039734303951263428e-01
4.035694003105163574e-01
4.028306007385253906e-01
4.020879566669464111e-01
4.013397097587585449e-01
4.005875885486602783e-01
3.998303413391113281e-01
3.990687131881713867e-01
3.983022868633270264e-01
3.975301682949066162e-01
3.967541158199310303e-01
3.959723412990570068e-01
3.951866030693054199e-01
3.943960070610046387e-01
3.936001658439636230e-01
3.927997946739196777e-01
3.919936120510101318e-01
3.911834061145782471e-01
3.903588950634002686e-01
3.893556892871856689e-01
3.883508741855621338e-01
3.873425126075744629e-01
3.863302767276763916e-01
3.853165209293365479e-01
3.842983245849609375e-01
3.832780420780181885e-01
3.822545409202575684e-01
3.812283873558044434e-01
3.801993131637573242e-01
3.791670799255371094e-01
3.781321942806243896e-01
3.770935833454132080e-01
3.760535418987274170e-01
3.750092089176177979e-01
3.739635050296783447e-01
3.729143440723419189e-01
3.718553483486175537e-01
3.707759678363800049e-01
3.696977496147155762e-01
3.686177134513854980e-01
3.675382137298583984e-01
3.664584457874298096e-01
3.653782308101654053e-01
3.642979860305786133e-01
3.632166683673858643e-01
3.621359467506408691e-01
3.610557615756988525e-01
3.599739074707031250e-01
3.588927686214447021e-01
3.578114807605743408e-01
3.567299246788024902e-01
3.556484580039978027e-01
3.545661270618438721e-01
3.534852266311645508e-01
3.524160981178283691e-01
3.516035377979278564e-01
3.507915437221527100e-01
3.499795198440551758e-01
3.491696119308471680e-01
3.483595252037048340e-01
3.475493490695953369e-01
3.467404842376708984e-01
3.459323048591613770e-01
3.451240956783294678e-01
3.443172276020050049e-01
3.435103297233581543e-01
3.427048325538635254e-01
3.418999314308166504e-01
3.410950899124145508e-01
3.402916491031646729e-01
3.394896984100341797e-01
3.386869430541992188e-01
3.378855884075164795e-01
3.370842933654785156e-01
3.362844288349151611e-01
3.354853093624114990e-01
3.346862494945526123e-01
3.338885605335235596e-01
3.330917060375213623e-01
3.322949111461639404e-01
3.314996063709259033e-01
3.307043612003326416e-01
3.299105465412139893e-01
3.291183710098266602e-01
3.283254802227020264e-01
3.275341689586639404e-01
3.267436623573303223e-01
3.259531557559967041e-01
3.251642882823944092e-01
3.243762552738189697e-01
3.235883414745330811e-01
3.228020071983337402e-01
3.220626115798950195e-01
3.214640915393829346e-01
3.208670020103454590e-01
3.202691078186035156e-01
3.196733593940734863e-01
3.190774321556091309e-01
3.184823095798492432e-01
3.178878724575042725e-01
3.172940909862518311e-01
3.167009949684143066e-01
3.161085247993469238e-01
3.155168294906616211e-01
3.149258196353912354e-01
3.143362700939178467e-01
3.137459158897399902e-01
3.131576776504516602e-01
3.125694394111633301e-01
3.119819462299346924e-01
3.113951981067657471e-01
3.108091056346893311e-01
3.102237284183502197e-01
3.096390068531036377e-01
3.090550899505615234e-01
3.084718585014343262e-01
3.078901171684265137e-01
3.073076307773590088e-01
3.067272603511810303e-01
3.061469197273254395e-01
3.055673241615295410e-01
3.049885630607604980e-01
3.044104576110839844e-01
3.038329482078552246e-01
3.032570779323577881e-01
3.026804924011230469e-01
3.021053373813629150e-01
3.015317022800445557e-01
3.009572327136993408e-01
3.003851175308227539e-01
2.998129725456237793e-01
2.992415726184844971e-01
2.986204326152801514e-01
2.979519963264465332e-01
2.972833812236785889e-01
2.966154515743255615e-01
2.959489226341247559e-01
2.952821254730224609e-01
2.946169078350067139e-01
2.939515709877014160e-01
2.932868897914886475e-01
2.926236689090728760e-01
2.919602096080780029e-01
2.912983298301696777e-01
2.906370162963867188e-01
2.899757027626037598e-01
2.893159091472625732e-01
2.886558473110198975e-01
2.879974246025085449e-01
2.873389124870300293e-01
2.866811156272888184e-01
2.860248386859893799e-01
2.853682935237884521e-01
2.847134470939636230e-01
2.840585112571716309e-01
2.834043204784393311e-01
2.827516794204711914e-01
2.820987701416015625e-01
2.814475893974304199e-01
2.807963490486145020e-01
2.801458537578582764e-01
2.794975638389587402e-01
2.788483798503875732e-01
2.782009840011596680e-01
2.775535285472869873e-01
2.769076824188232422e-01
2.762617766857147217e-01
2.756164669990539551e-01
2.749729454517364502e-01
2.743293941020965576e-01
2.736874520778656006e-01
2.730454802513122559e-01
2.724041044712066650e-01
2.717645764350891113e-01
2.711315453052520752e-01
2.705033719539642334e-01
2.698754072189331055e-01
2.692483067512512207e-01
2.686232626438140869e-01
2.679984867572784424e-01
2.673755586147308350e-01
2.667528986930847168e-01
2.661319375038146973e-01
2.655113935470581055e-01
2.648927867412567139e-01
2.642744183540344238e-01
2.636579871177673340e-01
2.630415558815002441e-01
2.624273002147674561e-01
2.618132829666137695e-01
2.612012028694152832e-01
2.605893909931182861e-01
2.599784433841705322e-01
2.593697011470794678e-01
2.587612271308898926e-01
2.581546902656555176e-01
2.575484514236450195e-01
2.569439113140106201e-01
2.563399076461791992e-01
2.557379007339477539e-01
2.551361620426177979e-01
2.545363903045654297e-01
2.539367079734802246e-01
2.533392310142517090e-01
2.527420818805694580e-01
2.521468997001647949e-01
2.515520453453063965e-01
2.509589493274688721e-01
2.503664195537567139e-01
2.497750520706176758e-01
2.491857111454010010e-01
2.485966831445693970e-01
2.480094283819198608e-01
2.474227696657180786e-01
2.468381524085998535e-01
2.462538629770278931e-01
2.456716299057006836e-01
2.450889497995376587e-01
2.445112466812133789e-01
2.439370304346084595e-01
2.433634251356124878e-01
2.427921593189239502e-01
2.422215938568115234e-01
2.416524291038513184e-01
2.410856187343597412e-01
2.405194342136383057e-01
2.399551123380661011e-01
2.393927723169326782e-01
2.388307750225067139e-01
2.382709681987762451e-01
2.377122938632965088e-01
2.371559739112854004e-01
2.366011738777160645e-01
2.360462546348571777e-01
2.354944944381713867e-01
2.349442541599273682e-01
2.343946844339370728e-01
2.338470518589019775e-01
2.333002239465713501e-01
2.327561229467391968e-01
2.322135567665100098e-01
2.316712290048599243e-01
2.311317622661590576e-01
2.305926531553268433e-01
2.300563007593154907e-01
2.295210510492324829e-01
2.289869785308837891e-01
2.284553050994873047e-01
2.279240041971206665e-01
2.273950576782226562e-01
2.268681228160858154e-01
2.263419181108474731e-01
2.258181422948837280e-01
2.252951860427856445e-01
2.247737497091293335e-01
2.242547720670700073e-01
2.237365394830703735e-01
2.232203483581542969e-01
2.227061986923217773e-01
2.221924215555191040e-01
2.216814905405044556e-01
2.211709320545196533e-01
2.206632643938064575e-01
2.201572209596633911e-01
2.196541577577590942e-01
2.191872894763946533e-01
2.187217622995376587e-01
2.182591706514358521e-01
2.177970856428146362e-01
2.173375636339187622e-01
2.168793231248855591e-01
2.164232730865478516e-01
2.159685045480728149e-01
2.155151069164276123e-01
2.150642424821853638e-01
2.146147042512893677e-01
2.141673862934112549e-01
2.137213498353958130e-01
2.132775336503982544e-01
2.128350138664245605e-01
2.123934477567672729e-01
2.119552642107009888e-01
2.115180194377899170e-01
2.110830247402191162e-01
2.106493264436721802e-01
2.102165818214416504e-01
2.097872644662857056e-01
2.093588858842849731e-01
2.089327722787857056e-01
2.085079550743103027e-01
2.080854326486587524e-01
2.076637148857116699e-01
2.072442620992660522e-01
2.068271189928054810e-01
2.064112573862075806e-01
2.059977054595947266e-01
2.055849730968475342e-01
2.051753401756286621e-01
2.047663927078247070e-01
2.043595612049102783e-01
2.039550542831420898e-01
2.035518586635589600e-01
2.031507939100265503e-01
2.027509361505508423e-01
2.023531943559646606e-01
2.019578069448471069e-01
2.015637308359146118e-01
2.011714726686477661e-01
2.007810622453689575e-01
2.003933042287826538e-01
2.000062763690948486e-01
1.996213793754577637e-01
1.992388516664505005e-01
1.988571137189865112e-01
1.985483020544052124e-01
1.982528269290924072e-01
1.979585438966751099e-01
1.976651847362518311e-01
1.973735392093658447e-01
1.970838904380798340e-01
1.967948973178863525e-01
1.965078860521316528e-01
1.962226033210754395e-01
1.959379762411117554e-01
1.956550031900405884e-01
1.953740417957305908e-01
1.950934976339340210e-01
1.948154270648956299e-01
1.945380121469497681e-01
1.942628175020217896e-01
1.939884573221206665e-01
1.937150955200195312e-01
1.934441924095153809e-01
1.931747049093246460e-01
1.929058730602264404e-01
1.926392465829849243e-01
1.923731714487075806e-01
1.921085864305496216e-01
1.918461918830871582e-01
1.915851980447769165e-01
1.913246214389801025e-01
1.910664290189743042e-01
1.908082515001296997e-01
1.905528455972671509e-01
1.902988404035568237e-01
1.900452375411987305e-01
1.897939890623092651e-01
1.895441114902496338e-01
1.892942339181900024e-01
1.890470981597900391e-01
1.888011097908020020e-01
1.885559409856796265e-01
1.883128881454467773e-01
1.880711615085601807e-01
1.878294050693511963e-01
1.875901669263839722e-01
1.873517185449600220e-01
1.871153414249420166e-01
1.868802756071090698e-01
1.866458058357238770e-01
1.864125132560729980e-01
1.861813664436340332e-01
1.859508007764816284e-01
1.857222467660903931e-01
1.854949593544006348e-01
1.852680444717407227e-01
1.850493401288986206e-01
1.848339438438415527e-01
1.846195310354232788e-01
1.844071596860885620e-01
1.841950714588165283e-01
1.839843094348907471e-01
1.837740093469619751e-01
1.835660189390182495e-01
1.833586394786834717e-01
1.831521987915039062e-01
1.829470396041870117e-01
1.827436536550521851e-01
1.825398206710815430e-01
1.823379248380661011e-01
1.821376085281372070e-01
1.819378286600112915e-01
1.817390918731689453e-01
1.815412342548370361e-01
1.813452392816543579e-01
1.811489015817642212e-01
1.809540987014770508e-01
1.807611137628555298e-01
1.805682927370071411e-01
1.803766041994094849e-01
1.801858842372894287e-01
1.799965947866439819e-01
1.798070669174194336e-01
1.796189993619918823e-01
1.794326454401016235e-01
1.792465448379516602e-01
1.790611743927001953e-01
1.788768172264099121e-01
1.786938309669494629e-01
1.785105019807815552e-01
1.783286929130554199e-01
1.781481951475143433e-01
1.779680103063583374e-01
1.777884662151336670e-01
1.776098459959030151e-01
1.774325966835021973e-01
1.772546619176864624e-01
1.770782619714736938e-01
1.769024431705474854e-01
1.767280697822570801e-01
1.765537708997726440e-01
1.763799786567687988e-01
1.762075871229171753e-01
1.760345548391342163e-01
1.758626550436019897e-01
1.756915003061294556e-01
1.755213588476181030e-01
1.753513216972351074e-01
1.751818358898162842e-01
1.750133037567138672e-01
1.748441755771636963e-01
1.746669411659240723e-01
1.744824796915054321e-01
1.742985993623733521e-01
1.741147339344024658e-01
1.739318817853927612e-01
1.737496703863143921e-01
1.735673397779464722e-01
1.733855903148651123e-01
1.732048690319061279e-01
1.730244606733322144e-01
1.728440523147583008e-01
1.726645976305007935e-01
1.724855154752731323e-01
1.723056286573410034e-01
1.721272319555282593e-01
1.719489991664886475e-01
1.717711687088012695e-01
1.715930700302124023e-01
1.714157313108444214e-01
1.712385863065719604e-01
1.710603684186935425e-01
1.708835512399673462e-01
1.707068383693695068e-01
1.705297231674194336e-01
1.703531891107559204e-01
1.701766848564147949e-01
1.700000464916229248e-01
1.698230355978012085e-01
1.696464866399765015e-01
1.694693118333816528e-01
1.692920923233032227e-01
1.691150814294815063e-01
1.689380556344985962e-01
1.687608361244201660e-01
1.685829162597656250e-01
1.684052348136901855e-01
1.682272702455520630e-01
1.680483669042587280e-01
1.678692549467086792e-01
1.676902770996093750e-01
1.675104200839996338e-01
1.673306077718734741e-01
1.671501696109771729e-01
1.669693887233734131e-01
1.667876243591308594e-01
1.666057556867599487e-01
1.664228737354278564e-01
1.662393659353256226e-01
1.660555005073547363e-01
1.658710986375808716e-01
1.656855344772338867e-01
1.654996871948242188e-01
1.653130501508712769e-01
1.651254296302795410e-01
1.649367213249206543e-01
1.647472083568572998e-01
1.645571589469909668e-01
1.643657535314559937e-01
1.641738116741180420e-01
1.639896333217620850e-01
1.638067662715911865e-01
1.636227518320083618e-01
1.634375602006912231e-01
1.632511615753173828e-01
1.630632877349853516e-01
1.628744304180145264e-01
1.626843065023422241e-01
1.624928712844848633e-01
1.623000949621200562e-01
1.621057838201522827e-01
1.619102805852890015e-01
1.617133766412734985e-01
1.615148633718490601e-01
1.613150835037231445e-01
1.611138284206390381e-01
1.609110832214355469e-01
1.607068181037902832e-01
1.605010032653808594e-01
1.602936238050460815e-01
1.600844413042068481e-01
1.598738729953765869e-01
1.596616208553314209e-01
1.594478040933609009e-01
1.592323184013366699e-01
1.590151488780975342e-01
1.587962955236434937e-01
1.585757136344909668e-01
1.583534032106399536e-01
1.581293493509292603e-01
1.579035371541976929e-01
1.576756983995437622e-01
1.574462950229644775e-01
1.572151184082031250e-01
1.569821834564208984e-01
1.567473560571670532e-01
1.565106958150863647e-01
1.562721878290176392e-01
1.560318171977996826e-01
1.557895839214324951e-01
1.555451154708862305e-01
1.552988290786743164e-01
1.550509482622146606e-01
1.548011600971221924e-01
1.545494645833969116e-01
1.542958766222000122e-01
1.540405899286270142e-01
1.537831872701644897e-01
1.535238772630691528e-01
1.532626301050186157e-01
1.529994755983352661e-01
1.527341008186340332e-01
1.524671018123626709e-01
1.521982103586196899e-01
1.519273817539215088e-01
1.516546458005905151e-01
1.513800173997879028e-01
1.511034816503524780e-01
1.508254259824752808e-01
1.505451351404190063e-01
1.502629369497299194e-01
1.499788761138916016e-01
1.496898829936981201e-01
1.493930965662002563e-01
1.490939259529113770e-01
1.487930417060852051e-01
1.484901160001754761e-01
1.481852084398269653e-01
1.478783041238784790e-01
1.475694477558135986e-01
1.472588032484054565e-01
1.469461023807525635e-01
1.466315090656280518e-01
1.463150382041931152e-01
1.459967494010925293e-01
1.456766426563262939e-01
1.453543752431869507e-01
1.450307220220565796e-01
1.447053402662277222e-01
1.443782448768615723e-01
1.440494954586029053e-01
1.437191218137741089e-01
1.433873623609542847e-01
1.430537998676300049e-01
1.427186876535415649e-01
1.423820704221725464e-01
1.420439630746841431e-01
1.417044103145599365e-01
1.413630694150924683e-01
1.410207152366638184e-01
1.406770348548889160e-01
1.403320580720901489e-01
1.399857848882675171e-01
1.396382749080657959e-01
1.392891854047775269e-01
1.389393061399459839e-01
1.385878622531890869e-01
1.382357627153396606e-01
1.378826051950454712e-01
1.375284194946289062e-01
1.371728479862213135e-01
1.368174999952316284e-01
1.364604681730270386e-01
1.361025720834732056e-01
1.357438415288925171e-01
1.353843212127685547e-01
1.350235939025878906e-01
1.346625685691833496e-01
1.343008577823638916e-01
1.339384913444519043e-01
1.335754990577697754e-01
1.332119405269622803e-01
1.328474134206771851e-01
1.324827969074249268e-01
1.321177184581756592e-01
1.317521780729293823e-01
1.313862651586532593e-01
1.310199797153472900e-01
1.306533664464950562e-01
1.302860379219055176e-01
1.299188733100891113e-01
1.295514702796936035e-01
1.291847079992294312e-01
1.288169771432876587e-01
1.284491121768951416e-01
1.280807405710220337e-01
1.277127265930175781e-01
1.273446977138519287e-01
1.269766837358474731e-01
1.266267597675323486e-01
1.262860000133514404e-01
1.259460896253585815e-01
1.256056725978851318e-01
1.252662688493728638e-01
1.249277815222740173e-01
1.245894059538841248e-01
1.242520064115524292e-01
1.239147856831550598e-01
1.235781610012054443e-01
1.232425868511199951e-01
1.229072660207748413e-01
1.225730329751968384e-01
1.222399026155471802e-01
1.219061315059661865e-01
1.215740740299224854e-01
1.212423667311668396e-01
1.209118664264678955e-01
1.205817684531211853e-01
1.202524974942207336e-01
1.199244856834411621e-01
1.195969358086585999e-01
1.192706674337387085e-01
1.189449056982994080e-01
1.186198890209197998e-01
1.182959899306297302e-01
1.179730296134948730e-01
1.176514327526092529e-01
1.173304393887519836e-01
1.170108169317245483e-01
1.166918203234672546e-01
1.163738593459129333e-01
1.160573065280914307e-01
1.157414242625236511e-01
1.154264062643051147e-01
1.151126623153686523e-01
1.147999987006187439e-01
1.144888103008270264e-01
1.141783595085144043e-01
1.138693913817405701e-01
1.135611757636070251e-01
1.132544651627540588e-01
1.129485294222831726e-01
1.126437485218048096e-01
1.123398914933204651e-01
1.120374426245689392e-01
1.117365136742591858e-01
1.114364117383956909e-01
1.111375093460083008e-01
1.108401417732238770e-01
1.105436235666275024e-01
1.102486625313758850e-01
1.099545583128929138e-01
1.096616759896278381e-01
1.093697473406791687e-01
1.090792939066886902e-01
1.087904274463653564e-01
1.085024401545524597e-01
1.082156971096992493e-01
1.079305186867713928e-01
1.076462417840957642e-01
1.073635518550872803e-01
1.070817634463310242e-01
1.068015620112419128e-01
1.065216511487960815e-01
1.062436103820800781e-01
1.059671491384506226e-01
1.056916117668151855e-01
1.054176539182662964e-01
1.051446199417114258e-01
1.048728451132774353e-01
1.046223938465118408e-01
1.044017150998115540e-01
1.041826233267784119e-01
1.039644628763198853e-01
1.037481725215911865e-01
1.035325080156326294e-01
1.033180803060531616e-01
1.031048744916915894e-01
1.028929129242897034e-01
1.026828065514564514e-01
1.024732887744903564e-01
1.022649854421615601e-01
1.020578965544700623e-01
1.018520146608352661e-01
1.016479507088661194e-01
1.014444679021835327e-01
1.012421771883964539e-01
1.010410636663436890e-01
1.008411347866058350e-01
1.006430163979530334e-01
1.004454270005226135e-01
1.002490073442459106e-01
1.000537499785423279e-01
9.985964745283126831e-02
9.966731816530227661e-02
9.947551041841506958e-02
9.928483515977859497e-02
9.909528493881225586e-02
9.890687465667724609e-02
9.872020781040191650e-02
9.853429347276687622e-02
9.834922850131988525e-02
9.816526621580123901e-02
9.798239916563034058e-02
9.780061990022659302e-02
9.762056171894073486e-02
9.744056314229965210e-02
9.726203978061676025e-02
9.708458930253982544e-02
9.690820425748825073e-02
9.673350304365158081e-02
9.655922651290893555e-02
9.638600796461105347e-02
9.621382504701614380e-02
9.604267776012420654e-02
9.587319195270538330e-02
9.570410847663879395e-02
9.553603827953338623e-02
9.536898881196975708e-02
9.520294517278671265e-02
9.503853321075439453e-02
9.487449377775192261e-02
9.471144527196884155e-02
9.454938769340515137e-02
9.438831359148025513e-02
9.422884136438369751e-02
9.406971186399459839e-02
9.391154348850250244e-02
9.375457465648651123e-02
9.359832108020782471e-02
9.344364702701568604e-02
9.328929334878921509e-02
9.313587844371795654e-02
9.298339486122131348e-02
9.283156692981719971e-02
9.268157184123992920e-02
9.253185987472534180e-02
9.238306432962417603e-02
9.223518520593643188e-02
9.208820015192031860e-02
9.194273501634597778e-02
9.179754555225372314e-02
9.165324270725250244e-02
9.150981903076171875e-02
9.136728197336196899e-02
9.122623503208160400e-02
9.108646959066390991e-02
9.095980226993560791e-02
9.083431214094161987e-02
9.070897847414016724e-02
9.058503061532974243e-02
9.046122431755065918e-02
9.033879637718200684e-02
9.021712094545364380e-02
9.009557962417602539e-02
8.997539430856704712e-02
8.985514193773269653e-02
8.973644673824310303e-02
8.961848169565200806e-02
8.950062841176986694e-02
8.938410878181457520e-02
8.926770836114883423e-02
8.915263414382934570e-02
8.903827518224716187e-02
8.892401307821273804e-02
8.881106227636337280e-02
8.869820833206176758e-02
8.858666568994522095e-02
8.847523480653762817e-02
8.836507797241210938e-02
8.825560659170150757e-02
8.814620971679687500e-02
8.803810924291610718e-02
8.793006837368011475e-02
8.782330900430679321e-02
8.771722763776779175e-02
8.761119097471237183e-02
8.750643581151962280e-02
8.740173280239105225e-02
8.729828894138336182e-02
8.719477802515029907e-02
8.709263801574707031e-02
8.699114620685577393e-02
8.688969165086746216e-02
8.678948134183883667e-02
8.668930083513259888e-02
8.659035712480545044e-02
8.649204671382904053e-02
8.639393001794815063e-02
8.629686385393142700e-02
8.619982749223709106e-02
8.610400557518005371e-02
8.600811660289764404e-02
8.591352403163909912e-02
8.581954240798950195e-02
8.572556078433990479e-02
8.563278615474700928e-02
8.554001152515411377e-02
8.544843643903732300e-02
8.535744994878768921e-02
8.526647090911865234e-02
8.517666906118392944e-02
8.508685976266860962e-02
8.499822765588760376e-02
8.491013199090957642e-02
8.482207357883453369e-02
8.473517745733261108e-02
8.464827388525009155e-02
8.456252515316009521e-02
8.447690308094024658e-02
8.439228683710098267e-02
8.430824428796768188e-02
8.422416448593139648e-02
8.414123207330703735e-02
8.405826985836029053e-02
8.397644013166427612e-02
8.389517664909362793e-02
8.381386846303939819e-02
8.373370766639709473e-02
8.365349471569061279e-02
8.357442170381546021e-02
8.349529653787612915e-02
8.341729640960693359e-02
8.333983272314071655e-02
8.326231688261032104e-02
8.318593353033065796e-02
8.310948312282562256e-02
8.303415030241012573e-02
8.296135812997817993e-02
8.291446417570114136e-02
8.286801725625991821e-02
8.282189071178436279e-02
8.277691155672073364e-02
8.273182809352874756e-02
8.268716186285018921e-02
8.264280110597610474e-02
8.259958773851394653e-02
8.255622535943984985e-02
8.251330256462097168e-02
8.247126638889312744e-02
8.242926001548767090e-02
8.238763362169265747e-02
8.234643191099166870e-02
8.230623602867126465e-02
8.226577192544937134e-02
8.222584426403045654e-02
8.218692243099212646e-02
8.214791119098663330e-02
8.210913836956024170e-02
8.207090198993682861e-02
8.203366398811340332e-02
8.199626207351684570e-02
8.195926994085311890e-02
8.192258328199386597e-02
8.188708126544952393e-02
8.185133337974548340e-02
8.181600272655487061e-02
8.178153634071350098e-02
8.174701780080795288e-02
8.171290904283523560e-02
8.167920261621475220e-02
8.164647221565246582e-02
8.161357790231704712e-02
8.158108592033386230e-02
8.154900372028350830e-02
8.151787519454956055e-02
8.148648589849472046e-02
8.145560324192047119e-02
8.142567425966262817e-02
8.139570802450180054e-02
8.136591315269470215e-02
8.133661001920700073e-02
8.130827546119689941e-02
8.127976953983306885e-02
8.125165104866027832e-02
8.122382313013076782e-02
8.119719475507736206e-02
8.117026090621948242e-02
8.114370703697204590e-02
8.111800998449325562e-02
8.109223842620849609e-02
8.106685429811477661e-02
8.104186505079269409e-02
8.101781457662582397e-02
8.099365234375000000e-02
8.096981793642044067e-02
8.094692230224609375e-02
8.092385530471801758e-02
8.090107887983322144e-02
8.087877929210662842e-02
8.085741847753524780e-02
8.083605766296386719e-02
8.081481605768203735e-02
8.079404383897781372e-02
8.077420294284820557e-02
8.075419068336486816e-02
8.073456585407257080e-02
8.071596920490264893e-02
8.069709688425064087e-02
8.067860454320907593e-02
8.066048473119735718e-02
8.064321428537368774e-02
8.062605559825897217e-02
8.060907572507858276e-02
8.059246838092803955e-02
8.057678490877151489e-02
8.056084811687469482e-02
8.054537326097488403e-02
8.053103834390640259e-02
8.051630854606628418e-02
8.050188422203063965e-02
8.048789948225021362e-02
8.047484606504440308e-02
8.046185225248336792e-02
8.044899255037307739e-02
8.043644577264785767e-02
8.042488247156143188e-02
8.042705059051513672e-02
8.043397217988967896e-02
8.044038712978363037e-02
8.044756203889846802e-02
8.045509457588195801e-02
8.046291023492813110e-02
8.047126978635787964e-02
8.047959208488464355e-02
8.048826456069946289e-02
8.049669116735458374e-02
8.050593733787536621e-02
8.051567524671554565e-02
8.052549511194229126e-02
8.053560554981231689e-02
8.054599165916442871e-02
8.055660873651504517e-02
8.056732267141342163e-02
8.057858049869537354e-02
8.059012144804000854e-02
8.060194551944732666e-02
8.061400055885314941e-02
8.062669634819030762e-02
8.063938468694686890e-02
8.065183460712432861e-02
8.066503703594207764e-02
8.067858964204788208e-02
8.069243282079696655e-02
8.070687204599380493e-02
8.072122931480407715e-02
8.073593676090240479e-02
8.075040578842163086e-02
8.076568692922592163e-02
8.078153431415557861e-02
8.079739660024642944e-02
8.081355690956115723e-02
8.083000034093856812e-02
8.084667474031448364e-02
8.086351305246353149e-02
8.088082820177078247e-02
8.089844137430191040e-02
8.091628551483154297e-02
8.093447983264923096e-02
8.095331490039825439e-02
8.097156882286071777e-02
8.099059015512466431e-02
8.100995421409606934e-02
8.102960139513015747e-02
8.104991912841796875e-02
8.107011765241622925e-02
8.109065890312194824e-02
8.111096918582916260e-02
8.113209903240203857e-02
8.115385472774505615e-02
8.117557317018508911e-02
8.119758963584899902e-02
8.121990412473678589e-02
8.124285936355590820e-02
8.126525580883026123e-02
8.128846436738967896e-02
8.131197094917297363e-02
8.133613318204879761e-02
8.136024326086044312e-02
8.138465136289596558e-02
8.140935003757476807e-02
8.143421262502670288e-02
8.145952224731445312e-02
8.148513734340667725e-02
8.151105046272277832e-02
8.153768628835678101e-02
8.156416565179824829e-02
8.159098774194717407e-02
8.161760866641998291e-02
8.164546638727188110e-02
8.167317509651184082e-02
8.170121908187866211e-02
8.172956854104995728e-02
8.175866305828094482e-02
8.178760111331939697e-02
8.181636780500411987e-02
8.184594660997390747e-02
8.187628537416458130e-02
8.190646022558212280e-02
8.193697035312652588e-02
8.196779340505599976e-02
8.199939131736755371e-02
8.203031122684478760e-02
8.206206560134887695e-02
8.209413290023803711e-02
8.212699741125106812e-02
8.215967565774917603e-02
8.219268918037414551e-02
8.222602307796478271e-02
8.225965499877929688e-02
8.229359984397888184e-02
8.232787996530532837e-02
8.236873894929885864e-02
8.241853117942810059e-02
8.246816694736480713e-02
8.251865208148956299e-02
8.256947994232177734e-02
8.262062817811965942e-02
8.267162740230560303e-02
8.272347599267959595e-02
8.277568221092224121e-02
8.282820135354995728e-02
8.288058638572692871e-02
8.293379843235015869e-02
8.298739790916442871e-02
8.304130285978317261e-02
8.309507369995117188e-02
8.314967155456542969e-02
8.320468664169311523e-02
8.325998485088348389e-02
8.331514894962310791e-02
8.337115496397018433e-02
8.342758566141128540e-02
8.348430693149566650e-02
8.354087918996810913e-02
8.359830081462860107e-02
8.365616947412490845e-02
8.371430635452270508e-02
8.377230912446975708e-02
8.383115381002426147e-02
8.389047533273696899e-02
8.395005017518997192e-02
8.400949835777282715e-02
8.406978845596313477e-02
8.413057029247283936e-02
8.419159799814224243e-02
8.425249904394149780e-02
8.431424945592880249e-02
8.437650650739669800e-02
8.443899452686309814e-02
8.450137078762054443e-02
8.456522971391677856e-02
8.462834358215332031e-02
8.469231426715850830e-02
8.475682139396667480e-02
8.482152968645095825e-02
8.488614112138748169e-02
8.495226502418518066e-02
8.501762151718139648e-02
8.508383482694625854e-02
8.515062183141708374e-02
8.521760255098342896e-02
8.528446406126022339e-02
8.535288274288177490e-02
8.542051911354064941e-02
8.548899739980697632e-02
8.555810153484344482e-02
8.562736958265304565e-02
8.569654822349548340e-02
8.576726913452148438e-02
8.583722263574600220e-02
8.590803295373916626e-02
8.597945421934127808e-02
8.605104684829711914e-02
8.612255752086639404e-02
8.619565516710281372e-02
8.626792579889297485e-02
8.634108304977416992e-02
8.641415834426879883e-02
8.648885041475296021e-02
8.656269311904907227e-02
8.663742244243621826e-02
8.671284466981887817e-02
8.678834885358810425e-02
8.686380833387374878e-02
8.694090694189071655e-02
8.701717108488082886e-02
8.709426969289779663e-02
8.717212080955505371e-02
8.725005388259887695e-02
8.732789009809494019e-02
8.740743249654769897e-02
8.748611807823181152e-02
8.756566792726516724e-02
8.764594048261642456e-02
8.772630989551544189e-02
8.780662715435028076e-02
8.788859099149703979e-02
8.796972781419754028e-02
8.805172890424728394e-02
8.813452720642089844e-02
8.821731060743331909e-02
8.830009400844573975e-02
8.838459849357604980e-02
8.846821635961532593e-02
8.855264633893966675e-02
8.863709121942520142e-02
8.872327208518981934e-02
8.880849927663803101e-02
8.889464288949966431e-02
8.898163586854934692e-02
8.906862139701843262e-02
8.915551751852035522e-02
8.924423903226852417e-02
8.933202922344207764e-02
8.942006528377532959e-02
8.950088173151016235e-02
8.958145231008529663e-02
8.966180682182312012e-02
8.974380046129226685e-02
8.982504904270172119e-02
8.990607410669326782e-02
8.998869359493255615e-02
9.007023274898529053e-02
9.015237540006637573e-02
9.023523330688476562e-02
9.031782299280166626e-02
9.040063619613647461e-02
9.048423916101455688e-02
9.056749939918518066e-02
9.065053611993789673e-02
9.073519706726074219e-02
9.081875532865524292e-02
9.090387076139450073e-02
9.098824113607406616e-02
9.107240289449691772e-02
9.115826338529586792e-02
9.124287217855453491e-02
9.132911264896392822e-02
9.141416102647781372e-02
9.149993956089019775e-02
9.158685803413391113e-02
9.167256951332092285e-02
9.175994247198104858e-02
9.184609353542327881e-02
9.193297475576400757e-02
9.202058613300323486e-02
9.210783243179321289e-02
9.219529479742050171e-02
9.228365123271942139e-02
9.237155318260192871e-02
9.246027469635009766e-02
9.254860877990722656e-02
9.263682365417480469e-02
9.272663295269012451e-02
9.281561523675918579e-02
9.290544688701629639e-02
9.299495071172714233e-02
9.308416396379470825e-02
9.317506849765777588e-02
9.326471388339996338e-02
9.335605800151824951e-02
9.344663470983505249e-02
9.353691339492797852e-02
9.362890571355819702e-02
9.371960908174514771e-02
9.381212294101715088e-02
9.390325099229812622e-02
9.399500489234924316e-02
9.408807009458541870e-02
9.417992085218429565e-02
9.427340328693389893e-02
9.436558187007904053e-02
9.445837885141372681e-02
9.455217421054840088e-02
9.464538097381591797e-02
9.473878890275955200e-02
9.483311325311660767e-02
9.492693096399307251e-02
9.502177685499191284e-02
9.511598944664001465e-02
9.521000087261199951e-02
9.530576318502426147e-02
9.540028125047683716e-02
9.549644589424133301e-02
9.559165686368942261e-02
9.568665921688079834e-02
9.578353166580200195e-02
9.587892889976501465e-02
9.597608447074890137e-02
9.607186913490295410e-02
9.616834670305252075e-02
9.626609086990356445e-02
9.636244922876358032e-02
9.646057337522506714e-02
9.655730426311492920e-02
9.665472805500030518e-02
9.675303101539611816e-02
9.685071557760238647e-02
9.694977849721908569e-02
9.704755246639251709e-02
9.714577347040176392e-02
9.724500775337219238e-02
9.734358638525009155e-02
9.744207561016082764e-02
9.754223376512527466e-02
9.764133393764495850e-02
9.774146229028701782e-02
9.784103184938430786e-02
9.794027358293533325e-02
9.804130345582962036e-02
9.814087301492691040e-02
9.824237227439880371e-02
9.834265708923339844e-02
9.844398498535156250e-02
9.854459017515182495e-02
9.864625334739685059e-02
9.874730557203292847e-02
9.884928166866302490e-02
9.895052760839462280e-02
9.905319660902023315e-02
9.915449470281600952e-02
9.925747662782669067e-02
9.935895353555679321e-02
9.946094453334808350e-02
9.956413507461547852e-02
9.966641664505004883e-02
9.977013617753982544e-02
9.986086189746856689e-02
9.994979947805404663e-02
1.000377088785171509e-01
1.001269370317459106e-01
1.002149879932403564e-01
1.003044992685317993e-01
1.003928333520889282e-01
1.004829779267311096e-01
1.005715727806091309e-01
1.006617769598960876e-01
1.007506400346755981e-01
1.008396297693252563e-01
1.009300872683525085e-01
1.010193303227424622e-01
1.011100485920906067e-01
1.011995375156402588e-01
1.012908592820167542e-01
1.013807356357574463e-01
1.014719456434249878e-01
1.015619188547134399e-01
1.016533672809600830e-01
1.017435714602470398e-01
1.018352508544921875e-01
1.019256785511970520e-01
1.020175814628601074e-01
1.021087095141410828e-01
1.021994575858116150e-01
1.022916808724403381e-01
1.023826301097869873e-01
1.024750620126724243e-01
1.025662124156951904e-01
1.026588380336761475e-01
1.027501821517944336e-01
1.028434857726097107e-01
1.029350087046623230e-01
1.030280143022537231e-01
1.031197085976600647e-01
1.032128930091857910e-01
1.033047586679458618e-01
1.033981069922447205e-01
1.034902855753898621e-01
1.035823747515678406e-01
1.036762893199920654e-01
1.037685349583625793e-01
1.038622632622718811e-01
1.039546430110931396e-01
1.040485128760337830e-01
1.041410192847251892e-01
1.042351797223091125e-01
1.043278053402900696e-01
1.044219285249710083e-01
1.045149788260459900e-01
1.046092137694358826e-01
1.047020554542541504e-01
1.047963798046112061e-01
1.048893183469772339e-01
1.049824580550193787e-01
1.050769239664077759e-01
1.051699742674827576e-01
1.052645146846771240e-01
1.053579449653625488e-01
1.054525524377822876e-01
1.055457368493080139e-01
1.056405603885650635e-01
1.057337895035743713e-01
1.058285012841224670e-01
1.059217676520347595e-01
1.060165166854858398e-01
1.061101108789443970e-01
1.062048748135566711e-01
1.062981858849525452e-01
1.063931435346603394e-01
1.064864620566368103e-01
1.065812483429908752e-01
1.066760346293449402e-01
1.067693382501602173e-01
1.068641096353530884e-01
1.069576814770698547e-01
1.070524230599403381e-01
1.071458458900451660e-01
1.072405576705932617e-01
1.073337644338607788e-01
1.074284240603446960e-01
1.075215712189674377e-01
1.076161712408065796e-01
1.077107414603233337e-01
1.078042313456535339e-01
1.078987121582031250e-01
1.079916656017303467e-01
1.080860570073127747e-01
1.081789135932922363e-01
1.082732006907463074e-01
1.083659455180168152e-01
1.084601208567619324e-01
1.085529103875160217e-01
1.086472198367118835e-01
1.087411940097808838e-01
1.088335961103439331e-01
1.089274212718009949e-01
1.090196669101715088e-01
1.091133207082748413e-01
1.092054024338722229e-01
1.092990636825561523e-01
1.093909591436386108e-01
1.094845086336135864e-01
1.095762029290199280e-01
1.096692904829978943e-01
1.097622737288475037e-01
1.098536476492881775e-01
1.099465861916542053e-01
1.100377291440963745e-01
1.101302430033683777e-01
1.102213859558105469e-01
1.103136464953422546e-01
1.104042828083038330e-01
1.104962825775146484e-01
1.105881407856941223e-01
1.106785386800765991e-01
1.107701063156127930e-01
1.108600273728370667e-01
1.109512895345687866e-01
1.110411360859870911e-01
1.111283823847770691e-01
1.112040802836418152e-01
1.112811267375946045e-01
1.113568097352981567e-01
1.114334762096405029e-01
1.115104407072067261e-01
1.115855872631072998e-01
1.116621494293212891e-01
1.117370724678039551e-01
1.118135824799537659e-01
1.118880808353424072e-01
1.119643524289131165e-01
1.120389997959136963e-01
1.121146157383918762e-01
1.121890097856521606e-01
1.122645363211631775e-01
1.123399585485458374e-01
1.124137267470359802e-01
1.124890446662902832e-01
1.125623434782028198e-01
1.126373559236526489e-01
1.127105355262756348e-01
1.127850562334060669e-01
1.128579229116439819e-01
1.129321157932281494e-01
1.130046620965003967e-01
1.130787059664726257e-01
1.131521984934806824e-01
1.132244244217872620e-01
1.132979318499565125e-01
1.133694201707839966e-01
1.134425625205039978e-01
1.135138720273971558e-01
1.135864481329917908e-01
1.136588305234909058e-01
1.137297451496124268e-01
1.138015389442443848e-01
1.138720512390136719e-01
1.139436215162277222e-01
1.140149757266044617e-01
1.140846759080886841e-01
1.141557842493057251e-01
1.142263039946556091e-01
1.142955273389816284e-01
1.143659576773643494e-01
1.144357994198799133e-01
1.145043298602104187e-01
1.145738810300827026e-01
1.146417558193206787e-01
1.147108301520347595e-01
1.147798150777816772e-01
1.148467808961868286e-01
1.149152666330337524e-01
1.149833351373672485e-01
1.150496974587440491e-01
1.151172369718551636e-01
1.151832640171051025e-01
1.152500808238983154e-01
1.153169646859169006e-01
1.153821647167205811e-01
1.154481619596481323e-01
1.155141890048980713e-01
1.155784055590629578e-01
1.156436800956726074e-01
1.157086938619613647e-01
1.157721728086471558e-01
1.158364117145538330e-01
1.158992946147918701e-01
1.159631013870239258e-01
1.160265505313873291e-01
1.160883679986000061e-01
1.161513701081275940e-01
1.162137314677238464e-01
1.162747368216514587e-01
1.163367554545402527e-01
1.163967922329902649e-01
1.164581552147865295e-01
1.165190339088439941e-01
1.165781989693641663e-01
1.166383996605873108e-01
1.166983768343925476e-01
1.167563870549201965e-01
1.168156638741493225e-01
1.168744564056396484e-01
1.169315204024314880e-01
1.169895902276039124e-01
1.170461103320121765e-01
1.171032637357711792e-01
1.171603351831436157e-01
1.172154620289802551e-01
1.172717660665512085e-01
1.173276975750923157e-01
1.173816770315170288e-01
1.174368262290954590e-01
1.174902096390724182e-01
1.175444051623344421e-01
1.175982505083084106e-01
1.176505461335182190e-01
1.177034229040145874e-01
1.177561581134796143e-01
1.178071424365043640e-01
1.178588792681694031e-01
1.179102659225463867e-01
1.179601028561592102e-01
1.180104836821556091e-01
1.180594861507415771e-01
1.181092560291290283e-01
1.181583330035209656e-01
1.182060465216636658e-01
1.182544231414794922e-01
1.183022707700729370e-01
1.183485761284828186e-01
1.183957010507583618e-01
1.184421181678771973e-01
1.184871718287467957e-01
1.185328438878059387e-01
1.185768321156501770e-01
1.186215803027153015e-01
1.186659410595893860e-01
1.187084689736366272e-01
1.187518835067749023e-01
1.187948137521743774e-01
1.188359484076499939e-01
1.188779249787330627e-01
1.189193427562713623e-01
1.189591139554977417e-01
1.189995631575584412e-01
1.190395951271057129e-01
1.190789043903350830e-01
1.191168725490570068e-01
1.191553398966789246e-01
1.191932186484336853e-01
1.192296519875526428e-01
1.192666590213775635e-01
1.193031817674636841e-01
1.193402931094169617e-01
1.193760484457015991e-01
1.194123104214668274e-01
1.194482892751693726e-01
1.194826364517211914e-01
1.195177435874938965e-01
1.195522025227546692e-01
1.195864155888557434e-01
1.196190193295478821e-01
1.196523234248161316e-01
1.196849867701530457e-01
1.197173595428466797e-01
1.197481974959373474e-01
1.197796016931533813e-01
1.198104321956634521e-01
1.198399588465690613e-01
1.198698431253433228e-01
1.198993250727653503e-01
1.199282258749008179e-01
1.199558377265930176e-01
1.199837550520896912e-01
1.200112476944923401e-01
1.200372949242591858e-01
1.200638264417648315e-01
1.200896799564361572e-01
1.201151683926582336e-01
1.201391592621803284e-01
1.201636120676994324e-01
1.201873943209648132e-01
1.202107891440391541e-01
1.202327013015747070e-01
1.202550306916236877e-01
1.202766969799995422e-01
1.202971339225769043e-01
1.203177049756050110e-01
1.203378289937973022e-01
1.203573048114776611e-01
1.203755587339401245e-01
1.203939169645309448e-01
1.204118058085441589e-01
1.204283162951469421e-01
1.204450652003288269e-01
1.204611510038375854e-01
1.204767674207687378e-01
1.204909905791282654e-01
1.205054447054862976e-01
