6.407397985458374023e-01
6.277633309364318848e-01
6.163235306739807129e-01
6.064510345458984375e-01
5.980718731880187988e-01
5.913426280021667480e-01
5.861350297927856445e-01
5.824216008186340332e-01
5.803264975547790527e-01
5.800507664680480957e-01
5.821931958198547363e-01
5.868715047836303711e-01
5.941434502601623535e-01
6.041271686553955078e-01
6.169543862342834473e-01
6.327613592147827148e-01
6.516746878623962402e-01
6.736975908279418945e-01
6.982758641242980957e-01
7.248592972755432129e-01
7.531251311302185059e-01
7.822276353836059570e-01
8.118315935134887695e-01
8.411991596221923828e-01
8.695220947265625000e-01
8.955479264259338379e-01
9.187491536140441895e-01
9.383639693260192871e-01
9.537838101387023926e-01
9.646081328392028809e-01
9.706457257270812988e-01
9.719811081886291504e-01
9.689836502075195312e-01
9.622324109077453613e-01
9.523594379425048828e-01
9.400887489318847656e-01
9.260543584823608398e-01
9.109786152839660645e-01
8.951066136360168457e-01
8.788185119628906250e-01
8.624570965766906738e-01
8.459511995315551758e-01
8.277748823165893555e-01
8.055489063262939453e-01
7.845405340194702148e-01
7.674471139907836914e-01
7.519319653511047363e-01
7.370209097862243652e-01
7.225123643875122070e-01
7.085487842559814453e-01
6.950385570526123047e-01
6.817350387573242188e-01
6.689056754112243652e-01
6.565933227539062500e-01
6.448181867599487305e-01
6.336092352867126465e-01
6.230258345603942871e-01
6.131589412689208984e-01
6.041322946548461914e-01
5.960353612899780273e-01
5.890389680862426758e-01
5.833186507225036621e-01
5.790177583694458008e-01
5.761911273002624512e-01
5.748525261878967285e-01
5.751051306724548340e-01
5.754041671752929688e-01
5.773051977157592773e-01
5.809316635131835938e-01
5.859581232070922852e-01
5.923233032226562500e-01
5.999861955642700195e-01
6.089953184127807617e-01
6.193943619728088379e-01
6.311083436012268066e-01
6.441018581390380859e-01
6.583513617515563965e-01
6.738327741622924805e-01
6.904923915863037109e-01
7.082484960556030273e-01
7.266249656677246094e-01
7.476189732551574707e-01
7.678718566894531250e-01
7.876549363136291504e-01
8.080260157585144043e-01
8.284359574317932129e-01
8.485593199729919434e-01
8.681300282478332520e-01
8.867134451866149902e-01
9.040889143943786621e-01
9.201069474220275879e-01
9.345052242279052734e-01
9.470683336257934570e-01
9.576932191848754883e-01
9.662169218063354492e-01
9.725908041000366211e-01
9.767760634422302246e-01
9.787969589233398438e-01
9.787264466285705566e-01
9.766591191291809082e-01
9.727315902709960938e-01
9.670867919921875000e-01
9.600000381469726562e-01
9.515348076820373535e-01
9.418582320213317871e-01
9.310621619224548340e-01
9.192962050437927246e-01
9.065858125686645508e-01
8.930130004882812500e-01
8.785097002983093262e-01
8.629918694496154785e-01
8.464313149452209473e-01
8.289737701416015625e-01
8.107933998107910156e-01
7.924118041992187500e-01
7.743105888366699219e-01
7.570608854293823242e-01
7.408602237701416016e-01
7.257078289985656738e-01
7.115475535392761230e-01
6.982066035270690918e-01
6.854967474937438965e-01
6.733452677726745605e-01
6.616837978363037109e-01
6.504918336868286133e-01
6.397041082382202148e-01
6.293310523033142090e-01
6.193887591361999512e-01
6.099490523338317871e-01
6.009538173675537109e-01
5.923803448677062988e-01
5.842918157577514648e-01
5.766707658767700195e-01
5.695455670356750488e-01
5.629194974899291992e-01
5.567985177040100098e-01
5.512237548828125000e-01
5.460721850395202637e-01
5.414481759071350098e-01
5.374132990837097168e-01
5.339702367782592773e-01
5.311288833618164062e-01
5.289086103439331055e-01
5.273131728172302246e-01
5.263536572456359863e-01
5.260371565818786621e-01
5.263777375221252441e-01
5.274838805198669434e-01
5.292423963546752930e-01
5.316607952117919922e-01
5.384621620178222656e-01
5.428286194801330566e-01
5.478696823120117188e-01
5.535574555397033691e-01
5.599039196968078613e-01
5.669060945510864258e-01
5.745592713356018066e-01
5.829958319664001465e-01
5.920932888984680176e-01
6.017953753471374512e-01
6.121101975440979004e-01
6.230247020721435547e-01
6.344930529594421387e-01
6.464945077896118164e-01
6.590393185615539551e-01
6.721467971801757812e-01
6.857543587684631348e-01
6.999385952949523926e-01
7.147859334945678711e-01
7.302430868148803711e-01
7.463701367378234863e-01
7.630763649940490723e-01
7.801505923271179199e-01
7.971628308296203613e-01
8.138517141342163086e-01
8.300501108169555664e-01
8.457286953926086426e-01
8.607945442199707031e-01
8.752093911170959473e-01
8.889721035957336426e-01
9.020594954490661621e-01
9.143845438957214355e-01
9.259430766105651855e-01
9.366172552108764648e-01
9.463998675346374512e-01
9.551908969879150391e-01
9.629880785942077637e-01
9.697182178497314453e-01
9.753863811492919922e-01
9.799579381942749023e-01
9.834042787551879883e-01
9.857681989669799805e-01
9.870480895042419434e-01
9.872663617134094238e-01
9.864471554756164551e-01
9.846240282058715820e-01
9.818440675735473633e-01
9.781487584114074707e-01
9.735881686210632324e-01
9.682185053825378418e-01
9.620987176895141602e-01
9.552912116050720215e-01
9.478579163551330566e-01
9.398618936538696289e-01
9.313640594482421875e-01
9.224231839179992676e-01
9.130695462226867676e-01
9.034009575843811035e-01
8.934427499771118164e-01
8.832363486289978027e-01
8.728216290473937988e-01
8.622347712516784668e-01
8.515374660491943359e-01
8.407347202301025391e-01
8.297705650329589844e-01
8.186796307563781738e-01
8.075366616249084473e-01
7.963960766792297363e-01
7.853050231933593750e-01
7.742291092872619629e-01
7.632086277008056641e-01
7.522516846656799316e-01
7.413859963417053223e-01
7.305425405502319336e-01
7.197107076644897461e-01
7.088403105735778809e-01
6.977414488792419434e-01
6.862688064575195312e-01
6.742413640022277832e-01
6.614878177642822266e-01
6.487619280815124512e-01
6.374099850654602051e-01
6.281871199607849121e-01
6.205047369003295898e-01
6.135405898094177246e-01
6.067615747451782227e-01
6.000334024429321289e-01
5.933073759078979492e-01
5.866507291793823242e-01
5.800735950469970703e-01
5.736477971076965332e-01
5.674101114273071289e-01
5.614063739776611328e-01
5.556065440177917480e-01
5.500633716583251953e-01
5.447702407836914062e-01
5.397840142250061035e-01
5.351192355155944824e-01
5.309038162231445312e-01
5.281894803047180176e-01
5.227164626121520996e-01
5.181041955947875977e-01
5.138723254203796387e-01
5.100038647651672363e-01
5.064777731895446777e-01
5.032723546028137207e-01
5.003687739372253418e-01
4.977903366088867188e-01
4.955426156520843506e-01
4.936126172542572021e-01
4.920008778572082520e-01
4.906982481479644775e-01
4.896961450576782227e-01
4.889905154705047607e-01
4.885753095149993896e-01
4.884434938430786133e-01
4.885935187339782715e-01
4.890166223049163818e-01
4.897085428237915039e-01
4.906712174415588379e-01
4.918957054615020752e-01
4.934105277061462402e-01
4.951882660388946533e-01
4.972500205039978027e-01
4.996914565563201904e-01
5.029013156890869141e-01
5.071137547492980957e-01
5.097090005874633789e-01
5.124413967132568359e-01
5.157386660575866699e-01
5.194521546363830566e-01
5.234817266464233398e-01
5.278218388557434082e-01
5.324340462684631348e-01
5.373383164405822754e-01
5.425024032592773438e-01
5.479658246040344238e-01
5.537091493606567383e-01
5.597363114356994629e-01
5.660303831100463867e-01
5.725675225257873535e-01
5.793853998184204102e-01
5.864386558532714844e-01
5.937679409980773926e-01
6.013452410697937012e-01
6.091424226760864258e-01
6.171980500221252441e-01
6.254571080207824707e-01
6.339592933654785156e-01
6.426713466644287109e-01
6.515548229217529297e-01
6.606509685516357422e-01
6.698938608169555664e-01
6.793534755706787109e-01
6.889916658401489258e-01
6.987323760986328125e-01
7.086177468299865723e-01
7.185739278793334961e-01
7.286160588264465332e-01
7.387266755104064941e-01
7.488889694213867188e-01
7.590860128402709961e-01
7.692679166793823242e-01
7.794803380966186523e-01
7.896717786788940430e-01
7.998236417770385742e-01
8.099144697189331055e-01
8.199251890182495117e-01
8.298056125640869141e-01
8.395946025848388672e-01
8.492403626441955566e-01
8.587853312492370605e-01
8.681500554084777832e-01
8.773013949394226074e-01
8.861910104751586914e-01
8.948556780815124512e-01
9.032483100891113281e-01
9.113513231277465820e-01
9.191233515739440918e-01
9.265734553337097168e-01
9.337069392204284668e-01
9.404661059379577637e-01
9.468598365783691406e-01
9.528746604919433594e-01
9.585003256797790527e-01
9.637261033058166504e-01
9.685583114624023438e-01
9.729581475257873535e-01
9.769356846809387207e-01
9.804824590682983398e-01
9.835898876190185547e-01
9.862699508666992188e-01
9.885209202766418457e-01
9.903479814529418945e-01
9.917415380477905273e-01
9.927102923393249512e-01
9.932576417922973633e-01
9.933882951736450195e-01
9.931080341339111328e-01
9.924234747886657715e-01
9.913420081138610840e-01
9.898782372474670410e-01
9.880304336547851562e-01
9.858214855194091797e-01
9.832466244697570801e-01
9.803235530853271484e-01
9.770753979682922363e-01
9.734914898872375488e-01
9.696085453033447266e-01
9.654429554939270020e-01
9.610357284545898438e-01
9.563439488410949707e-01
9.514116048812866211e-01
9.462172985076904297e-01
9.408081173896789551e-01
9.351603984832763672e-01
9.293231368064880371e-01
9.232683777809143066e-01
9.170274138450622559e-01
9.106324911117553711e-01
9.040519595146179199e-01
8.973403573036193848e-01
8.904854655265808105e-01
8.834971785545349121e-01
8.763848543167114258e-01
8.691589236259460449e-01
8.618279099464416504e-01
8.544004559516906738e-01
8.468856215476989746e-01
8.392935395240783691e-01
8.316659331321716309e-01
8.239930272102355957e-01
8.162710070610046387e-01
8.085091710090637207e-01
8.007180094718933105e-01
7.929065227508544922e-01
7.850879430770874023e-01
7.772705554962158203e-01
7.694697976112365723e-01
7.616960406303405762e-01
7.539638280868530273e-01
7.462847232818603516e-01
7.386739253997802734e-01
7.311442494392395020e-01
7.237107157707214355e-01
7.164103984832763672e-01
7.092047929763793945e-01
7.021556496620178223e-01
6.952246427536010742e-01
6.884685754776000977e-01
6.818478703498840332e-01
6.754134297370910645e-01
6.691360473632812500e-01
6.630557775497436523e-01
6.571207046508789062e-01
6.513741016387939453e-01
6.457940936088562012e-01
6.403563022613525391e-01
6.350982785224914551e-01
6.299774050712585449e-01
6.250252127647399902e-01
6.202010512351989746e-01
6.155358552932739258e-01
6.109872460365295410e-01
6.065856218338012695e-01
6.022931337356567383e-01
5.981354117393493652e-01
5.940779447555541992e-01
5.901465415954589844e-01
5.863211750984191895e-01
5.825992226600646973e-01
5.789760947227478027e-01
5.754494071006774902e-01
5.720179677009582520e-01
5.686766505241394043e-01
5.653849840164184570e-01
5.618962645530700684e-01
5.584794282913208008e-01
5.551560521125793457e-01
5.519135594367980957e-01
5.487508773803710938e-01
5.456670522689819336e-01
5.426613688468933105e-01
5.397328734397888184e-01
5.368809700012207031e-01
5.341055393218994141e-01
5.314056873321533203e-01
5.287812948226928711e-01
5.262315273284912109e-01
5.237565636634826660e-01
5.213557481765747070e-01
5.190280675888061523e-01
5.167747735977172852e-01
5.145949721336364746e-01
5.124952197074890137e-01
5.104612112045288086e-01
5.084999203681945801e-01
5.066169500350952148e-01
5.047997832298278809e-01
5.030546784400939941e-01
5.013818740844726562e-01
4.997442662715911865e-01
4.981794953346252441e-01
4.966917634010314941e-01
4.952717423439025879e-01
4.939237833023071289e-01
4.926511943340301514e-01
4.914463460445404053e-01
4.903157651424407959e-01
4.892529249191284180e-01
4.882607758045196533e-01
4.873411357402801514e-01
4.864882528781890869e-01
4.857061505317687988e-01
4.849949479103088379e-01
4.843513369560241699e-01
4.837767779827117920e-01
4.832714796066284180e-01
4.828338325023651123e-01
4.824644029140472412e-01
4.821624159812927246e-01
4.819276332855224609e-01
4.817606806755065918e-01
4.816599786281585693e-01
4.816259145736694336e-01
4.816598892211914062e-01
4.817588031291961670e-01
4.819286167621612549e-01
4.821685254573822021e-01
4.824772179126739502e-01
4.828476607799530029e-01
4.832838475704193115e-01
4.837872684001922607e-01
4.843531548976898193e-01
4.849825799465179443e-01
4.856817126274108887e-01
4.864401519298553467e-01
4.872628450393676758e-01
4.881508648395538330e-01
4.891069829463958740e-01
4.901230633258819580e-01
4.912019073963165283e-01
4.923516809940338135e-01
4.935582280158996582e-01
4.948294162750244141e-01
4.961631298065185547e-01
4.975609183311462402e-01
4.990210831165313721e-01
5.005456209182739258e-01
5.021319985389709473e-01
5.037821531295776367e-01
5.054943561553955078e-01
5.072705149650573730e-01
5.091078877449035645e-01
5.110088586807250977e-01
5.129611492156982422e-01
5.148619413375854492e-01
5.168223381042480469e-01
5.188457369804382324e-01
5.209313035011291504e-01
5.230810642242431641e-01
5.252939462661743164e-01
5.275696516036987305e-01
5.299069285392761230e-01
5.323081016540527344e-01
5.347715020179748535e-01
5.372970700263977051e-01
5.398843288421630859e-01
5.425329804420471191e-01
5.452439188957214355e-01
5.480160713195800781e-01
5.508493185043334961e-01
5.537291169166564941e-01
5.566822886466979980e-01
5.596966147422790527e-01
5.627562403678894043e-01
5.658894777297973633e-01
5.690808892250061035e-01
5.723156929016113281e-01
5.756251811981201172e-01
5.789918303489685059e-01
5.824159383773803711e-01
5.858785510063171387e-01
5.894153118133544922e-01
5.930076241493225098e-01
5.966371893882751465e-01
6.003515720367431641e-01
6.041382551193237305e-01
6.079582571983337402e-01
6.118504405021667480e-01
6.157938241958618164e-01
6.197664141654968262e-01
6.238092184066772461e-01
6.278994083404541016e-01
6.320185065269470215e-01
6.362040042877197266e-01
6.404333710670471191e-01
6.447085738182067871e-01
6.490057110786437988e-01
6.533443331718444824e-01
6.577447652816772461e-01
6.621624231338500977e-01
6.666405200958251953e-01
6.711340546607971191e-01
6.756823062896728516e-01
6.802439093589782715e-01
6.848365068435668945e-01
6.894817948341369629e-01
6.941344141960144043e-01
6.988348364830017090e-01
7.035389542579650879e-01
7.082890868186950684e-01
7.130382061004638672e-01
7.178300619125366211e-01
7.226166725158691406e-01
7.274186015129089355e-01
7.322577834129333496e-01
7.370857000350952148e-01
7.419469952583312988e-01
7.467575669288635254e-01
7.515791058540344238e-01
7.563823461532592773e-01
7.611902952194213867e-01
7.660227417945861816e-01
7.708317637443542480e-01
7.756610512733459473e-01
7.804640531539916992e-01
7.852590680122375488e-01
7.900704741477966309e-01
7.948483824729919434e-01
7.996162772178649902e-01
8.043705224990844727e-01
8.091123104095458984e-01
8.138616085052490234e-01
8.185735344886779785e-01
8.232702016830444336e-01
8.279508948326110840e-01
8.326162099838256836e-01
8.372874259948730469e-01
8.419222831726074219e-01
8.465416431427001953e-01
8.511459231376647949e-01
8.557355999946594238e-01
8.603317141532897949e-01
8.648884296417236328e-01
8.694270849227905273e-01
8.739436864852905273e-01
8.784349560737609863e-01
8.829151391983032227e-01
8.873377442359924316e-01
8.917145133018493652e-01
8.960381746292114258e-01
9.002984762191772461e-01
9.045075774192810059e-01
9.086319804191589355e-01
9.127040505409240723e-01
9.166730642318725586e-01
9.205321669578552246e-01
9.242734909057617188e-01
9.278913736343383789e-01
9.313799738883972168e-01
9.347336888313293457e-01
9.379515647888183594e-01
9.410296082496643066e-01
9.439661502838134766e-01
9.467595815658569336e-01
9.494092464447021484e-01
9.519147276878356934e-01
9.542759656906127930e-01
9.564924836158752441e-01
9.585649371147155762e-01
9.604927301406860352e-01
9.622775316238403320e-01
9.639186263084411621e-01
9.654173851013183594e-01
9.667732715606689453e-01
9.679874181747436523e-01
9.690603613853454590e-01
9.699926972389221191e-01
9.707846641540527344e-01
9.714373946189880371e-01
9.719507098197937012e-01
9.723263978958129883e-01
9.725645184516906738e-01
9.726663231849670410e-01
9.726322889328002930e-01
9.724633693695068359e-01
9.721608757972717285e-01
9.717259407043457031e-01
9.711593389511108398e-01
9.704660773277282715e-01
9.696409106254577637e-01
9.686747789382934570e-01
9.675093889236450195e-01
9.662141203880310059e-01
9.647906422615051270e-01
9.632472991943359375e-01
9.615721106529235840e-01
9.597733020782470703e-01
9.561433196067810059e-01
9.539932608604431152e-01
9.517382383346557617e-01
9.493594765663146973e-01
9.468699097633361816e-01
9.442716240882873535e-01
9.415664672851562500e-01
9.387567043304443359e-01
9.358587265014648438e-01
9.328483343124389648e-01
9.297407269477844238e-01
9.265386462211608887e-01
9.232450723648071289e-01
9.198618531227111816e-01
9.164090156555175781e-01
9.128553867340087891e-01
9.092205762863159180e-01
9.055072069168090820e-01
9.017174839973449707e-01
8.978724479675292969e-01
8.939390778541564941e-01
8.899374604225158691e-01
8.858900070190429688e-01
8.817615509033203125e-01
8.775731325149536133e-01
8.733464479446411133e-01
8.690459728240966797e-01
8.646941184997558594e-01
8.603127598762512207e-01
8.558654189109802246e-01
8.513735532760620117e-01
8.468610644340515137e-01
8.422908782958984375e-01
8.376831412315368652e-01
8.330629467964172363e-01
8.285159468650817871e-01
8.239691257476806641e-01
8.194218873977661133e-01
8.148335218429565430e-01
8.102282285690307617e-01
8.056303858757019043e-01
8.009981513023376465e-01
7.963565587997436523e-01
7.917287945747375488e-01
7.870739102363586426e-01
7.824164628982543945e-01
7.777795195579528809e-01
7.731226086616516113e-01
7.684687972068786621e-01
7.638416290283203125e-01
7.592006921768188477e-01
7.545899152755737305e-01
7.499691247940063477e-01
7.453817725181579590e-01
7.407870888710021973e-01
7.362298965454101562e-01
7.316681742668151855e-01
7.271252274513244629e-01
7.226231098175048828e-01
7.181196212768554688e-01
7.136590480804443359e-01
7.091996669769287109e-01
7.047835588455200195e-01
7.003716826438903809e-01
6.960038542747497559e-01
6.916410326957702637e-01
6.873229146003723145e-01
6.830105185508728027e-01
6.787440776824951172e-01
6.744833588600158691e-01
6.702688932418823242e-01
6.660611033439636230e-01
6.618986129760742188e-01
6.577441692352294922e-01
6.536347270011901855e-01
6.495335102081298828e-01
6.454768776893615723e-01
6.414286494255065918e-01
6.374258399009704590e-01
6.334313154220581055e-01
6.294611692428588867e-01
6.255351305007934570e-01
6.216190457344055176e-01
6.177473664283752441e-01
6.138857603073120117e-01
6.100680828094482422e-01
6.062790751457214355e-01
6.024988889694213867e-01
5.987641215324401855e-01
5.950406789779663086e-01
5.913608074188232422e-01
5.877103209495544434e-01
5.840700268745422363e-01
5.804758667945861816e-01
5.768923163414001465e-01
5.733535885810852051e-01
5.698446631431579590e-01
5.663473010063171387e-01
5.628958940505981445e-01
5.594564676284790039e-01
5.560626983642578125e-01
5.526972413063049316e-01
5.493457913398742676e-01
5.460397601127624512e-01
5.427470207214355469e-01
5.394994020462036133e-01
5.362809300422668457e-01
5.330779552459716797e-01
5.299181938171386719e-01
5.267741084098815918e-01
5.236746072769165039e-01
5.206043124198913574e-01
5.175502300262451172e-01
5.145388841629028320e-01
5.115451812744140625e-01
5.085937976837158203e-01
5.056720972061157227e-01
5.027679800987243652e-01
4.999057650566101074e-01
4.970744252204895020e-01
4.942595958709716797e-01
4.914880394935607910e-01
4.887451231479644775e-01
4.860320985317230225e-01
4.833383560180664062e-01
4.806851446628570557e-01
4.780629873275756836e-01
4.754581153392791748e-01
4.728958308696746826e-01
4.704939126968383789e-01
4.681338071823120117e-01
4.657930433750152588e-01
4.634926915168762207e-01
4.612226486206054688e-01
4.589714705944061279e-01
4.567613303661346436e-01
4.545805752277374268e-01
4.524210989475250244e-01
4.503012001514434814e-01
4.482128918170928955e-01
4.461541473865509033e-01
4.441179037094116211e-01
4.421218037605285645e-01
4.401577115058898926e-01
4.382155835628509521e-01
4.363144040107727051e-01
4.344444274902343750e-01
4.326071441173553467e-01
4.307918250560760498e-01
4.290167689323425293e-01
4.272701740264892578e-01
4.255452454090118408e-01
4.238532781600952148e-01
4.221839904785156250e-01
4.205312728881835938e-01
4.188789129257202148e-01
4.172326624393463135e-01
4.155682027339935303e-01
4.138664901256561279e-01
4.121001958847045898e-01
4.102308452129364014e-01
4.082400202751159668e-01
4.060898125171661377e-01
4.037583768367767334e-01
4.012506604194641113e-01
3.985860943794250488e-01
3.958597779273986816e-01
3.931450247764587402e-01
3.905303478240966797e-01
3.880812823772430420e-01
3.858354985713958740e-01
3.837884366512298584e-01
3.819459974765777588e-01
3.802693486213684082e-01
3.787302076816558838e-01
3.772998750209808350e-01
3.759499192237854004e-01
3.746717870235443115e-01
3.734463453292846680e-01
3.722604513168334961e-01
3.711084127426147461e-01
3.699773848056793213e-01
3.688817620277404785e-01
3.678289353847503662e-01
3.667930960655212402e-01
3.657731711864471436e-01
3.647623062133789062e-01
3.637711703777313232e-01
3.627938032150268555e-01
3.618298470973968506e-01
3.608793616294860840e-01
3.599413335323333740e-01
3.590131998062133789e-01
3.581029176712036133e-01
3.572060465812683105e-01
3.563227951526641846e-01
3.554523289203643799e-01
3.545961380004882812e-01
3.537541925907135010e-01
3.529260754585266113e-01
3.521119952201843262e-01
3.513086438179016113e-01
3.505216836929321289e-01
3.497501015663146973e-01
3.489926457405090332e-01
3.482494950294494629e-01
3.475207090377807617e-01
3.468053638935089111e-01
3.461048901081085205e-01
3.454190492630004883e-01
3.447449505329132080e-01
3.440879583358764648e-01
3.434445261955261230e-01
3.428159356117248535e-01
3.422019779682159424e-01
3.416023254394531250e-01
3.410170674324035645e-01
3.404460549354553223e-01
3.398882448673248291e-01
3.393438458442687988e-01
3.388156890869140625e-01
3.383017778396606445e-01
3.378019928932189941e-01
3.373156189918518066e-01
3.368437290191650391e-01
3.363862931728363037e-01
3.359429240226745605e-01
3.355135321617126465e-01
3.350961506366729736e-01
3.346944153308868408e-01
3.343069255352020264e-01
3.339333236217498779e-01
3.335735499858856201e-01
3.332267999649047852e-01
3.328942060470581055e-01
3.325756788253784180e-01
3.322708606719970703e-01
3.319796621799468994e-01
3.317020535469055176e-01
3.314372897148132324e-01
3.311864435672760010e-01
3.309577405452728271e-01
3.307764232158660889e-01
3.306087553501129150e-01
3.304539620876312256e-01
3.303127586841583252e-01
3.301847279071807861e-01
3.300694823265075684e-01
3.299677073955535889e-01
3.298786282539367676e-01
3.298022449016571045e-01
3.297392129898071289e-01
3.296901881694793701e-01
3.296531736850738525e-01
3.296294212341308594e-01
3.296181857585906982e-01
3.296201825141906738e-01
3.296346068382263184e-01
3.296622037887573242e-01
3.297021687030792236e-01
3.297545313835144043e-01
3.298199176788330078e-01
3.298983871936798096e-01
3.299891054630279541e-01
3.300928175449371338e-01
3.302091360092163086e-01
3.303376436233520508e-01
3.304429352283477783e-01
3.305575847625732422e-01
3.306838870048522949e-01
3.308225870132446289e-01
3.309744000434875488e-01
3.311377763748168945e-01
3.313134908676147461e-01
3.315022587776184082e-01
3.317025005817413330e-01
3.319150507450103760e-01
3.321397602558135986e-01
3.323774337768554688e-01
3.326266109943389893e-01
3.328878581523895264e-01
3.331620395183563232e-01
3.334475755691528320e-01
3.337452709674835205e-01
3.340557813644409180e-01
3.343775272369384766e-01
3.347114622592926025e-01
3.350580334663391113e-01
3.354159891605377197e-01
3.357859551906585693e-01
3.361685276031494141e-01
3.365624547004699707e-01
3.369682431221008301e-01
3.374318182468414307e-01
3.379451036453247070e-01
3.384700119495391846e-01
3.390067815780639648e-01
3.395559489727020264e-01
3.401160240173339844e-01
3.406879305839538574e-01
3.412670791149139404e-01
3.418622314929962158e-01
3.424697816371917725e-01
3.430881202220916748e-01
3.437181711196899414e-01
3.443598449230194092e-01
3.450138568878173828e-01
3.456787467002868652e-01
3.463551402091979980e-01
3.470431864261627197e-01
3.477427959442138672e-01
3.484546542167663574e-01
3.491774201393127441e-01
3.499115407466888428e-01
3.506573438644409180e-01
3.514152169227600098e-01
3.521840870380401611e-01
3.529643714427947998e-01
3.537560701370239258e-01
3.545534610748291016e-01
3.553677797317504883e-01
3.561780750751495361e-01
3.569996058940887451e-01
3.578331768512725830e-01
3.586773574352264404e-01
3.595332503318786621e-01
3.603998720645904541e-01
3.612778484821319580e-01
3.621675968170166016e-01
3.630679845809936523e-01
3.639796674251556396e-01
3.649024367332458496e-01
3.658371567726135254e-01
3.667822778224945068e-01
3.677322268486022949e-01
3.686997592449188232e-01
3.696790635585784912e-01
3.706689178943634033e-01
3.716697990894317627e-01
3.726819455623626709e-01
3.737058937549591064e-01
3.747401535511016846e-01
3.757861852645874023e-01
3.768426179885864258e-01
3.779110312461853027e-01
3.789896965026855469e-01
3.800794184207916260e-01
3.811803758144378662e-01
3.822848200798034668e-01
3.834202885627746582e-01
3.845861256122589111e-01
3.857631087303161621e-01
3.869494497776031494e-01
3.881474733352661133e-01
3.893552422523498535e-01
3.905735611915588379e-01
3.918029367923736572e-01
3.930334746837615967e-01
3.942831456661224365e-01
3.955430388450622559e-01
3.968133926391601562e-01
3.980946838855743408e-01
3.993858695030212402e-01
4.006873965263366699e-01
4.019990563392639160e-01
4.033212661743164062e-01
4.046541750431060791e-01
4.059870839118957520e-01
4.073399305343627930e-01
4.087035059928894043e-01
4.100762009620666504e-01
4.114601612091064453e-01
4.128536581993103027e-01
4.142574071884155273e-01
4.156716465950012207e-01
4.170956015586853027e-01
4.185193479061126709e-01
4.199631214141845703e-01
4.214172661304473877e-01
4.228641390800476074e-01
4.242981672286987305e-01
4.257415235042572021e-01
4.271947145462036133e-01
4.286568462848663330e-01
4.301280677318572998e-01
4.315977096557617188e-01
4.330876171588897705e-01
4.345864653587341309e-01
4.360946118831634521e-01
4.376125037670135498e-01
4.391391277313232422e-01
4.406747519969940186e-01
4.422200322151184082e-01
4.437621533870697021e-01
4.453248381614685059e-01
4.468962550163269043e-01
4.484767615795135498e-01
4.500660598278045654e-01
4.516644775867462158e-01
4.532722532749176025e-01
4.548758864402770996e-01
4.565005004405975342e-01
4.581343829631805420e-01
4.597762823104858398e-01
4.614270031452178955e-01
4.630860388278961182e-01
4.647537767887115479e-01
4.664174020290374756e-01
4.681027531623840332e-01
4.697958230972290039e-01
4.714956879615783691e-01
4.731929600238800049e-01
4.748982489109039307e-01
4.766100049018859863e-01
4.783166944980621338e-01
4.800434410572052002e-01
4.817766845226287842e-01
4.835169315338134766e-01
4.852646887302398682e-01
4.870195984840393066e-01
4.887804985046386719e-01
4.905356168746948242e-01
4.923101365566253662e-01
4.940913021564483643e-01
4.958808720111846924e-01
4.976750910282135010e-01
4.994770586490631104e-01
5.011188387870788574e-01
5.027419924736022949e-01
5.043856501579284668e-01
5.060334205627441406e-01
5.076859593391418457e-01
5.093446373939514160e-01
5.110077857971191406e-01
5.126768350601196289e-01
5.143358707427978516e-01
5.160145759582519531e-01
5.176973938941955566e-01
5.193854570388793945e-01
5.210794806480407715e-01
5.227773785591125488e-01
5.244642496109008789e-01
5.261712670326232910e-01
5.278359055519104004e-01
5.294254422187805176e-01
5.310163497924804688e-01
5.326100587844848633e-01
5.341899991035461426e-01
5.357869267463684082e-01
5.373863577842712402e-01
5.389870405197143555e-01
5.405904650688171387e-01
5.421947240829467773e-01
5.437861084938049316e-01
5.453937649726867676e-01
5.470032691955566406e-01
5.486135482788085938e-01
5.502263307571411133e-01
5.518392324447631836e-01
5.534378886222839355e-01
5.548250675201416016e-01
5.558805465698242188e-01
5.569362640380859375e-01
5.579910278320312500e-01
5.590453147888183594e-01
5.600836873054504395e-01
5.611363649368286133e-01
5.621886253356933594e-01
5.632393956184387207e-01
5.642896890640258789e-01
5.653386116027832031e-01
5.663707852363586426e-01
5.674180984497070312e-01
5.684645771980285645e-01
5.695092082023620605e-01
5.705524086952209473e-01
5.715944170951843262e-01
5.726207494735717773e-01
5.736945867538452148e-01
5.747722387313842773e-01
5.758517384529113770e-01
5.769326686859130859e-01
5.780178904533386230e-01
5.790872573852539062e-01
5.801756978034973145e-01
5.812669396400451660e-01
5.823593735694885254e-01
5.834541916847229004e-01
5.845344662666320801e-01
5.856327414512634277e-01
5.867323875427246094e-01
5.878352522850036621e-01
5.889378786087036133e-01
5.900269150733947754e-01
5.911329388618469238e-01
5.922883152961730957e-01
5.935754179954528809e-01
5.948681235313415527e-01
5.961633920669555664e-01
5.974459648132324219e-01
5.987498760223388672e-01
6.000582575798034668e-01
6.013692021369934082e-01
6.026837825775146484e-01
6.039841771125793457e-01
6.053067445755004883e-01
6.066304445266723633e-01
6.079574227333068848e-01
6.092873215675354004e-01
6.106030941009521484e-01
6.119378209114074707e-01
6.132745742797851562e-01
6.146149039268493652e-01
6.159710884094238281e-01
6.176397800445556641e-01
6.192923188209533691e-01
6.209633350372314453e-01
6.226369738578796387e-01
6.243116259574890137e-01
6.259863376617431641e-01
6.276450753211975098e-01
6.293224692344665527e-01
6.309986114501953125e-01
6.326763033866882324e-01
6.343532800674438477e-01
6.360303759574890137e-01
6.376903653144836426e-01
6.393654346466064453e-01
6.410409212112426758e-01
6.427157521247863770e-01
6.443874239921569824e-01
6.460413932800292969e-01
6.477095484733581543e-01
6.493771672248840332e-01
6.510422825813293457e-01
6.527033448219299316e-01
6.543458700180053711e-01
6.560027003288269043e-01
6.576544046401977539e-01
6.593040823936462402e-01
6.609487533569335938e-01
6.625730395317077637e-01
6.642108559608459473e-01
6.658421158790588379e-01
6.674696803092956543e-01
6.690920591354370117e-01
6.706908345222473145e-01
6.723020076751708984e-01
6.739068627357482910e-01
6.755044460296630859e-01
6.770962476730346680e-01
6.787108182907104492e-01
6.804752945899963379e-01
6.822327971458435059e-01
6.839811801910400391e-01
6.857226490974426270e-01
6.874387860298156738e-01
6.891622543334960938e-01
6.908775568008422852e-01
6.925830841064453125e-01
6.942789554595947266e-01
6.959495544433593750e-01
6.976254582405090332e-01
6.992909312248229980e-01
7.009471058845520020e-01
7.025907039642333984e-01
7.042087316513061523e-01
7.058297991752624512e-01
7.074388861656188965e-01
7.090372443199157715e-01
7.106219530105590820e-01
7.121938467025756836e-01
7.137388586997985840e-01
7.152846455574035645e-01
7.168170213699340820e-01
7.183366417884826660e-01
7.198404669761657715e-01
7.213171720504760742e-01
7.227923274040222168e-01
7.242526412010192871e-01
7.256985902786254883e-01
7.271277904510498047e-01
7.285277843475341797e-01
7.299265265464782715e-01
7.313071489334106445e-01
7.326716184616088867e-01
7.340201139450073242e-01
7.353371381759643555e-01
7.366512417793273926e-01
7.379462718963623047e-01
7.392233014106750488e-01
7.404021620750427246e-01
7.415105104446411133e-01
7.425987720489501953e-01
7.436678409576416016e-01
7.447191476821899414e-01
7.457378506660461426e-01
7.467501759529113770e-01
7.477411031723022461e-01
7.487115859985351562e-01
7.496630549430847168e-01
7.505813837051391602e-01
7.514910697937011719e-01
7.523790001869201660e-01
7.532446980476379395e-01
7.540900707244873047e-01
7.549022436141967773e-01
7.557035684585571289e-01
7.564815878868103027e-01
7.572367787361145020e-01
7.579706311225891113e-01
7.586708068847656250e-01
7.593583464622497559e-01
7.600215673446655273e-01
7.606610059738159180e-01
7.612779736518859863e-01
7.618613839149475098e-01
7.624301910400390625e-01
7.629736661911010742e-01
7.634924054145812988e-01
7.639882564544677734e-01
7.644502520561218262e-01
7.648959159851074219e-01
7.653152346611022949e-01
7.657104134559631348e-01
7.660790681838989258e-01
7.664156556129455566e-01
7.667343020439147949e-01
7.670258879661560059e-01
7.672927975654602051e-01
7.675322890281677246e-01
7.677403092384338379e-01
7.679284811019897461e-01
7.681057453155517578e-01
7.682647109031677246e-01
7.683954834938049316e-01
7.684946656227111816e-01
7.685722708702087402e-01
7.686215639114379883e-01
7.686445713043212891e-01
7.686388492584228516e-01
7.686034440994262695e-01
7.685430049896240234e-01
7.684559822082519531e-01
7.683402299880981445e-01
7.681979537010192871e-01
7.680243849754333496e-01
7.678267955780029297e-01
7.676004171371459961e-01
7.673474550247192383e-01
7.670654654502868652e-01
7.667544484138488770e-01
7.664183378219604492e-01
7.660534381866455078e-01
7.656619548797607422e-01
7.652416229248046875e-01
7.647944092750549316e-01
7.643190622329711914e-01
7.638172507286071777e-01
7.632868289947509766e-01
7.627300024032592773e-01
7.621453404426574707e-01
7.615340352058410645e-01
7.608943581581115723e-01
7.602285742759704590e-01
7.595345973968505859e-01
7.588163614273071289e-01
7.580686807632446289e-01
7.572941184043884277e-01
7.564939856529235840e-01
7.556661367416381836e-01
7.548155188560485840e-01
7.539349794387817383e-01
7.530293464660644531e-01
7.520964145660400391e-01
7.511386275291442871e-01
7.501565814018249512e-01
7.491456270217895508e-01
7.481082081794738770e-01
7.470435500144958496e-01
7.459541559219360352e-01
7.448427081108093262e-01
7.437010407447814941e-01
7.425351738929748535e-01
7.413428425788879395e-01
7.401258349418640137e-01
7.388848662376403809e-01
7.376235127449035645e-01
7.363327145576477051e-01
7.350172996520996094e-01
7.336788773536682129e-01
7.323166728019714355e-01
7.309350967407226562e-01
7.295258045196533203e-01
7.280933260917663574e-01
7.266365885734558105e-01
7.251572608947753906e-01
7.236621975898742676e-01
7.221389412879943848e-01
7.205933928489685059e-01
7.190238237380981445e-01
7.174346446990966797e-01
7.158307433128356934e-01
7.141988277435302734e-01
7.125450372695922852e-01
7.108702063560485840e-01
7.091758847236633301e-01
7.074686884880065918e-01
7.057330608367919922e-01
7.039787769317626953e-01
7.022033929824829102e-01
7.004100084304809570e-01
6.986057162284851074e-01
6.967732310295104980e-01
6.949232816696166992e-01
6.930536627769470215e-01
6.911661028861999512e-01
6.892615556716918945e-01
6.873483061790466309e-01
6.854089498519897461e-01
6.834501624107360840e-01
6.814767122268676758e-01
6.794864535331726074e-01
6.774919629096984863e-01
6.755049824714660645e-01
6.735008955001831055e-01
6.714832186698913574e-01
6.694478392601013184e-01
6.674107909202575684e-01
6.653464436531066895e-01
6.632675528526306152e-01
6.611738801002502441e-01
6.590652465820312500e-01
6.569564342498779297e-01
6.548213958740234375e-01
6.526727080345153809e-01
6.505109667778015137e-01
6.483365297317504883e-01
6.461492776870727539e-01
6.439607739448547363e-01
6.417501568794250488e-01
6.395266056060791016e-01
6.372916698455810547e-01
6.350452303886413574e-01
6.327989697456359863e-01
6.305317282676696777e-01
6.282528638839721680e-01
6.259636282920837402e-01
6.236642003059387207e-01
6.213551759719848633e-01
6.190492510795593262e-01
6.167212128639221191e-01
6.143840551376342773e-01
6.120381355285644531e-01
6.096834540367126465e-01
6.073338985443115234e-01
6.049640774726867676e-01
6.025840044021606445e-01
6.001976728439331055e-01
5.978037118911743164e-01
5.954027771949768066e-01
5.930095314979553223e-01
5.905941128730773926e-01
5.881731510162353516e-01
5.857460498809814453e-01
5.833131670951843262e-01
5.808879137039184570e-01
5.784438252449035645e-01
5.759956836700439453e-01
5.735398530960083008e-01
5.710806846618652344e-01
5.686169862747192383e-01
5.661625862121582031e-01
5.638221502304077148e-01
5.615000724792480469e-01
5.591735243797302246e-01
5.568438172340393066e-01
5.545262694358825684e-01
5.521922111511230469e-01
5.498542189598083496e-01
5.475145578384399414e-01
5.451735258102416992e-01
5.428296327590942383e-01
5.404989719390869141e-01
5.381532907485961914e-01
5.358040332794189453e-01
5.334558486938476562e-01
5.311053395271301270e-01
5.287560224533081055e-01
5.264198780059814453e-01
5.240672230720520020e-01
5.217166543006896973e-01
5.193662643432617188e-01
5.170152187347412109e-01
5.146657228469848633e-01
5.123295783996582031e-01
5.099801421165466309e-01
5.076330900192260742e-01
5.052875280380249023e-01
5.029407143592834473e-01
5.005976557731628418e-01
4.982692003250122070e-01
4.959298968315124512e-01
4.935927391052246094e-01
4.912554621696472168e-01
4.889227747917175293e-01
4.865927398204803467e-01
4.842778742313385010e-01
4.819535613059997559e-01
4.796306490898132324e-01
4.773111641407012939e-01
4.749963879585266113e-01
4.726846218109130859e-01
4.703890681266784668e-01
4.680837094783782959e-01
4.657822251319885254e-01
4.634861946105957031e-01
4.611941874027252197e-01
4.589053094387054443e-01
4.566342234611511230e-01
4.543553590774536133e-01
4.520803093910217285e-01
4.498112499713897705e-01
4.475470185279846191e-01
4.452855885028839111e-01
4.430673122406005859e-01
4.408467411994934082e-01
4.386303126811981201e-01
4.364219009876251221e-01
4.342168271541595459e-01
4.320184290409088135e-01
4.298388361930847168e-01
4.276520609855651855e-01
4.254712164402008057e-01
4.232955574989318848e-01
4.211270809173583984e-01
4.189663827419281006e-01
4.168221950531005859e-01
4.146727919578552246e-01
4.125306308269500732e-01
4.103945493698120117e-01
4.082653820514678955e-01
4.061416089534759521e-01
4.040273129940032959e-01
4.019311666488647461e-01
3.998286128044128418e-01
3.977354764938354492e-01
3.956474065780639648e-01
3.935675919055938721e-01
3.914953172206878662e-01
3.894304037094116211e-01
3.873848915100097656e-01
3.853338360786437988e-01
3.832929134368896484e-01
3.812583088874816895e-01
3.792303502559661865e-01
3.772111833095550537e-01
3.752000927925109863e-01
3.732084631919860840e-01
3.712130486965179443e-01
3.692259192466735840e-01
3.672464787960052490e-01
3.652743995189666748e-01
3.633113801479339600e-01
3.613578081130981445e-01
3.594214320182800293e-01
3.574829697608947754e-01
3.555518090724945068e-01
3.536314964294433594e-01
3.517179787158966064e-01
3.498121201992034912e-01
3.479169607162475586e-01
3.460400700569152832e-01
3.441593348979949951e-01
3.422885239124298096e-01
3.404263556003570557e-01
3.385724127292633057e-01
3.367272913455963135e-01
3.348911702632904053e-01
3.330735862255096436e-01
3.312282562255859375e-01
3.293701112270355225e-01
3.275208473205566406e-01
3.256789743900299072e-01
3.238466680049896240e-01
3.220242261886596680e-01
3.202208280563354492e-01
3.184149563312530518e-01
3.166191279888153076e-01
3.148316740989685059e-01
3.130528032779693604e-01
3.112842142581939697e-01
3.095244467258453369e-01
3.077823817729949951e-01
3.060406148433685303e-01
3.043072819709777832e-01
3.025835752487182617e-01
3.008676767349243164e-01
2.991622984409332275e-01
2.974657118320465088e-01
2.957854568958282471e-01
2.941069006919860840e-01
2.924371659755706787e-01
2.907754182815551758e-01
2.891239225864410400e-01
2.874812185764312744e-01
2.858467400074005127e-01
2.842208147048950195e-01
2.826050817966461182e-01
2.810071706771850586e-01
2.794080674648284912e-01
2.778182029724121094e-01
2.762380242347717285e-01
2.746667563915252686e-01
2.731029391288757324e-01
2.715494334697723389e-01
2.700046002864837646e-01
2.684666514396667480e-01
2.669478654861450195e-01
2.654294669628143311e-01
2.639184296131134033e-01
2.624173760414123535e-01
2.609241604804992676e-01
2.594405710697174072e-01
2.579642534255981445e-01
2.564978599548339844e-01
2.550480365753173828e-01
2.535974383354187012e-01
2.521559894084930420e-01
2.507235705852508545e-01
2.492985278367996216e-01
2.478833645582199097e-01
2.464763373136520386e-01
2.450771033763885498e-01
2.436857670545578003e-01
2.423113584518432617e-01
2.409379333257675171e-01
2.395713180303573608e-01
2.382143735885620117e-01
2.368909418582916260e-01
2.355825752019882202e-01
2.342824190855026245e-01
2.329899221658706665e-01
2.317054122686386108e-01
2.304359078407287598e-01
2.291670143604278564e-01
2.279061675071716309e-01
2.266528159379959106e-01
2.254072725772857666e-01
2.241688966751098633e-01
2.229386866092681885e-01
2.217161506414413452e-01
2.205078452825546265e-01
2.193002253770828247e-01
2.181002050638198853e-01
2.169077098369598389e-01
2.157225757837295532e-01
2.145449221134185791e-01
2.133745402097702026e-01
2.122108340263366699e-01
2.110550552606582642e-01
2.099129110574722290e-01
2.087715417146682739e-01
2.076372653245925903e-01
2.065101861953735352e-01
2.053901404142379761e-01
2.042770534753799438e-01
2.031710743904113770e-01
2.020721435546875000e-01
2.009800821542739868e-01
1.998943239450454712e-01
1.988158822059631348e-01
1.977443397045135498e-01
1.966853290796279907e-01
1.956272721290588379e-01
1.945758610963821411e-01
1.935310512781143188e-01
1.924929320812225342e-01
1.914613395929336548e-01
1.904353201389312744e-01
1.894161850214004517e-01
1.884040683507919312e-01
1.873984634876251221e-01
1.863990575075149536e-01
1.854060888290405273e-01
1.844247281551361084e-01
1.834443211555480957e-01
1.824700832366943359e-01
1.815019994974136353e-01
1.805400103330612183e-01
1.795837581157684326e-01
1.786338686943054199e-01
1.776902079582214355e-01
1.767523884773254395e-01
1.758204698562622070e-01
1.748945564031600952e-01
1.739744842052459717e-01
1.730651557445526123e-01
1.721567213535308838e-01
1.712539047002792358e-01
1.703568845987319946e-01
1.694654822349548340e-01
1.685810387134552002e-01
1.677020192146301270e-01
1.668291687965393066e-01
1.659618318080902100e-01
1.651002168655395508e-01
1.642441749572753906e-01
1.633936017751693726e-01
1.625527888536453247e-01
1.617132872343063354e-01
1.608791202306747437e-01
1.600502729415893555e-01
1.592268794775009155e-01
1.584088057279586792e-01
1.575954556465148926e-01
1.567878574132919312e-01
1.559854447841644287e-01
1.551880389451980591e-01
1.543958485126495361e-01
1.536087244749069214e-01
1.528305113315582275e-01
1.520533114671707153e-01
1.512811034917831421e-01
1.505138725042343140e-01
1.497514098882675171e-01
1.489938795566558838e-01
1.482408195734024048e-01
1.474927663803100586e-01
1.467495411634445190e-01
1.460110247135162354e-01
1.452770531177520752e-01
1.445478051900863647e-01
1.438228636980056763e-01
1.431027799844741821e-01
1.423862129449844360e-01
1.416751295328140259e-01
1.409684866666793823e-01
1.402661800384521484e-01
1.395679712295532227e-01
1.388781815767288208e-01
1.381888985633850098e-01
1.375039517879486084e-01
1.368232518434524536e-01
1.361468285322189331e-01
1.354741305112838745e-01
1.348059624433517456e-01
1.341419517993927002e-01
1.334819495677947998e-01
1.328260600566864014e-01
1.321741938591003418e-01
1.315259486436843872e-01
1.308820694684982300e-01
1.302420794963836670e-01
1.296059042215347290e-01
1.289737075567245483e-01
1.283453553915023804e-01
1.277207881212234497e-01
1.270996481180191040e-01
1.264826357364654541e-01
1.258693188428878784e-01
1.252628266811370850e-01
1.246568858623504639e-01
1.240545585751533508e-01
1.234554871916770935e-01
1.228603869676589966e-01
1.222688108682632446e-01
1.216807886958122253e-01
1.211272180080413818e-01
1.205923706293106079e-01
1.200609803199768066e-01
1.195315644145011902e-01
1.190061122179031372e-01
1.184840425848960876e-01
1.179647147655487061e-01
1.174487620592117310e-01
1.169355884194374084e-01
1.164253205060958862e-01
1.159183904528617859e-01
1.154141426086425781e-01
1.149131134152412415e-01
1.144174560904502869e-01
1.139211729168891907e-01
1.134288087487220764e-01
1.129389554262161255e-01
1.124522909522056580e-01
1.119681745767593384e-01
1.114868074655532837e-01
1.110085248947143555e-01
1.105327457189559937e-01
1.100599393248558044e-01
1.095895618200302124e-01
1.091214865446090698e-01
1.086565479636192322e-01
1.081942394375801086e-01
1.077348738908767700e-01
1.072779223322868347e-01
1.068237572908401489e-01
1.063719689846038818e-01
1.059228256344795227e-01
1.054763719439506531e-01
1.050323247909545898e-01
1.045903265476226807e-01
1.041513159871101379e-01
1.037147641181945801e-01
1.032809540629386902e-01
1.028494089841842651e-01
1.024204790592193604e-01
1.019938215613365173e-01
1.015698015689849854e-01
1.011479273438453674e-01
1.007284745573997498e-01
1.003109589219093323e-01
9.989627450704574585e-02
9.948409348726272583e-02
9.907409548759460449e-02
9.866640716791152954e-02
9.826118499040603638e-02
9.785809367895126343e-02
9.745749831199645996e-02
9.705892950296401978e-02
9.666263312101364136e-02
9.626811742782592773e-02
9.587626159191131592e-02
9.548685699701309204e-02
9.509944915771484375e-02
9.471425414085388184e-02
9.433135390281677246e-02
9.395046532154083252e-02
9.357193857431411743e-02
9.319531172513961792e-02
9.282104671001434326e-02
9.244803339242935181e-02
9.207772463560104370e-02
9.170976281166076660e-02
9.134365618228912354e-02
9.097983688116073608e-02
9.061782062053680420e-02
9.025787562131881714e-02
8.991950005292892456e-02
8.961071074008941650e-02
8.930390328168869019e-02
8.899861574172973633e-02
8.869562298059463501e-02
8.839372545480728149e-02
8.809351176023483276e-02
8.779493719339370728e-02
8.749808371067047119e-02
8.720350265502929688e-02
8.690996468067169189e-02
8.661800622940063477e-02
8.632773160934448242e-02
8.603905886411666870e-02
8.575256913900375366e-02
8.546712994575500488e-02
8.518328517675399780e-02
8.490096032619476318e-02
8.462026715278625488e-02
8.434176445007324219e-02
8.406418561935424805e-02
8.378814160823822021e-02
8.351364731788635254e-02
8.324069529771804810e-02
8.296985179185867310e-02
8.269992470741271973e-02
8.243151754140853882e-02
8.216456323862075806e-02
8.189915120601654053e-02
8.163580298423767090e-02
8.137343823909759521e-02
8.111242204904556274e-02
8.085287362337112427e-02
8.059474825859069824e-02
8.033803105354309082e-02
8.008335530757904053e-02
7.982796430587768555e-02
7.957552373409271240e-02
7.932449877262115479e-02
7.907489687204360962e-02
7.882720232009887695e-02
7.858034223318099976e-02
7.833486795425415039e-02
7.809074223041534424e-02
7.784794270992279053e-02
7.760708034038543701e-02
7.736698538064956665e-02
7.712821662425994873e-02
7.689077407121658325e-02
7.665466517210006714e-02
7.642036676406860352e-02
7.618685811758041382e-02
7.595462352037429810e-02
7.572365552186965942e-02
7.549399882555007935e-02
7.526615262031555176e-02
7.503900676965713501e-02
7.481309026479721069e-02
7.458860427141189575e-02
7.436519861221313477e-02
7.414353638887405396e-02
7.392258942127227783e-02
7.370284944772720337e-02
7.348430156707763672e-02
7.326565682888031006e-02
7.305007427930831909e-02
7.283513247966766357e-02
7.262134552001953125e-02
7.240876555442810059e-02
7.219734787940979004e-02
7.198759913444519043e-02
7.177848368883132935e-02
7.157052308320999146e-02
7.136366516351699829e-02
7.115796953439712524e-02
7.095392048358917236e-02
7.075124233961105347e-02
7.055890560150146484e-02
7.036796212196350098e-02
7.017754763364791870e-02
6.998865306377410889e-02
6.980028748512268066e-02
6.961344182491302490e-02
6.942758709192276001e-02
6.924226135015487671e-02
6.905841827392578125e-02
6.887388229370117188e-02
6.869204342365264893e-02
6.851117312908172607e-02
6.833077967166900635e-02
6.815181672573089600e-02
6.797335296869277954e-02
6.779635697603225708e-02
6.762026250362396240e-02
6.744465231895446777e-02
6.727047264575958252e-02
6.709671765565872192e-02
6.692440062761306763e-02
6.675156950950622559e-02
6.658108532428741455e-02
6.641153246164321899e-02
6.624238938093185425e-02
6.607464700937271118e-02
6.590729206800460815e-02
6.574133783578872681e-02
6.557626277208328247e-02
6.541156023740768433e-02
6.524825096130371094e-02
6.508531421422958374e-02
6.492371112108230591e-02
6.476151198148727417e-02
6.460164487361907959e-02
6.444264203310012817e-02
6.428397446870803833e-02
6.412664800882339478e-02
6.396968662738800049e-02
6.381400674581527710e-02
6.365917623043060303e-02
6.350481510162353516e-02
6.335159391164779663e-02
6.319874525070190430e-02
6.304716318845748901e-02
6.289496272802352905e-02
6.274498254060745239e-02
6.259580701589584351e-02
6.244695186614990234e-02
6.229931488633155823e-02
6.215201690793037415e-02
6.200596690177917480e-02
6.186065077781677246e-02
6.171567365527153015e-02
6.157191842794418335e-02
6.142844259738922119e-02
6.128618493676185608e-02
6.114379689097404480e-02
6.100259721279144287e-02
6.086255237460136414e-02
6.072282418608665466e-02
6.058427691459655762e-02
6.044609099626541138e-02
6.030898913741111755e-02
6.017260998487472534e-02
6.003648042678833008e-02
5.990150570869445801e-02
5.976681783795356750e-02
5.963244661688804626e-02
5.949957296252250671e-02
5.936697497963905334e-02
5.923550575971603394e-02
5.910427123308181763e-02
5.897418037056922913e-02
5.884431675076484680e-02
5.871555209159851074e-02
5.858747661113739014e-02
5.845964327454566956e-02
5.833210796117782593e-02
5.820560082793235779e-02
5.808017030358314514e-02
5.795687809586524963e-02
5.785292387008666992e-02
5.774953588843345642e-02
5.764658376574516296e-02
5.754468590021133423e-02
5.744219943881034851e-02
5.734098702669143677e-02
5.724018812179565430e-02
5.714046582579612732e-02
5.704084783792495728e-02
5.694175139069557190e-02
5.684348568320274353e-02
5.674474313855171204e-02
5.664722248911857605e-02
5.655020847916603088e-02
5.645413324236869812e-02
5.635806173086166382e-02
5.626257508993148804e-02
5.616802349686622620e-02
5.607289448380470276e-02
5.597883090376853943e-02
5.588537827134132385e-02
5.579283088445663452e-02
5.570036545395851135e-02
5.560838431119918823e-02
5.551679059863090515e-02
5.542556196451187134e-02
5.533504113554954529e-02
5.524502322077751160e-02
5.515577644109725952e-02
5.506669357419013977e-02
5.497810617089271545e-02
5.488998815417289734e-02
5.480274558067321777e-02
5.471485108137130737e-02
5.462814494967460632e-02
5.454190075397491455e-02
5.445649847388267517e-02
5.437108501791954041e-02
5.428622290492057800e-02
5.420219898223876953e-02
5.411767959594726562e-02
5.403408035635948181e-02
5.395103245973587036e-02
5.386882275342941284e-02
5.378668010234832764e-02
5.370498448610305786e-02
5.362361297011375427e-02
5.354263260960578918e-02
5.346226692199707031e-02
5.338231846690177917e-02
5.330309644341468811e-02
5.322403460741043091e-02
5.314539372920989990e-02
5.306719243526458740e-02
5.298980325460433960e-02
5.291184410452842712e-02
5.283491685986518860e-02
5.275880545377731323e-02
5.268274247646331787e-02
5.260699242353439331e-02
5.253176391124725342e-02
5.245732888579368591e-02
5.238244310021400452e-02
5.230838432908058167e-02
5.223482474684715271e-02
5.216204747557640076e-02
5.208931118249893188e-02
5.201698839664459229e-02
5.194488912820816040e-02
5.187338218092918396e-02
5.180228501558303833e-02
5.173159763216972351e-02
5.166157335042953491e-02
5.159124732017517090e-02
5.152176693081855774e-02
5.145268142223358154e-02
5.138436332345008850e-02
5.131598562002182007e-02
5.124809965491294861e-02
5.118054524064064026e-02
5.111345276236534119e-02
5.104666948318481445e-02
5.098035186529159546e-02
5.091479793190956116e-02
5.084887892007827759e-02
5.078373849391937256e-02
5.071890726685523987e-02
5.065491050481796265e-02
5.060190334916114807e-02
5.055219307541847229e-02
5.050285533070564270e-02
5.045412480831146240e-02
5.040582269430160522e-02
5.035787448287010193e-02
5.030989646911621094e-02
5.026253312826156616e-02
5.021560564637184143e-02
5.016867443919181824e-02
5.012242496013641357e-02
5.007608607411384583e-02
5.003052949905395508e-02
4.998530447483062744e-02
4.994041472673416138e-02
4.989578202366828918e-02
4.985090717673301697e-02
4.980703443288803101e-02
4.976351186633110046e-02
4.972032457590103149e-02
4.967737942934036255e-02
4.963455349206924438e-02
4.959237948060035706e-02
4.955019056797027588e-02
4.950860142707824707e-02
4.946743696928024292e-02
4.942661151289939880e-02
4.938581958413124084e-02
4.934557527303695679e-02
4.930575191974639893e-02
4.926592111587524414e-02
4.922677204012870789e-02
4.918759688735008240e-02
4.914911463856697083e-02
4.911097139120101929e-02
4.907316341996192932e-02
4.903559386730194092e-02
4.899785667657852173e-02
4.896105080842971802e-02
4.892458021640777588e-02
4.888834431767463684e-02
4.885254427790641785e-02
4.881683737039566040e-02
4.878135770559310913e-02
4.874646663665771484e-02
4.871199280023574829e-02
4.867784678936004639e-02
4.864382743835449219e-02
4.861027002334594727e-02
4.857712984085083008e-02
4.854398593306541443e-02
4.851150885224342346e-02
4.847908020019531250e-02
4.844726994633674622e-02
4.841579496860504150e-02
4.838464781641960144e-02
4.835356026887893677e-02
4.832275211811065674e-02
4.829260334372520447e-02
4.826278612017631531e-02
4.823304340243339539e-02
4.820389300584793091e-02
4.817507416009902954e-02
4.814657941460609436e-02
4.811785742640495300e-02
4.809003323316574097e-02
4.806253314018249512e-02
4.803537204861640930e-02
4.800840094685554504e-02
4.798181354999542236e-02
4.795564338564872742e-02
4.792948439717292786e-02
4.790385439991950989e-02
4.787859320640563965e-02
4.785374924540519714e-02
4.782923310995101929e-02
4.780493676662445068e-02
4.778100177645683289e-02
4.775716364383697510e-02
4.773396998643875122e-02
4.771101102232933044e-02
4.768840223550796509e-02
4.766620323061943054e-02
4.764433205127716064e-02
4.762271419167518616e-02
4.760110378265380859e-02
4.758022725582122803e-02
4.755967855453491211e-02
4.753939434885978699e-02
4.751942306756973267e-02
4.749986901879310608e-02
4.748063907027244568e-02
4.746137186884880066e-02
4.744272306561470032e-02
4.742448404431343079e-02
4.740915820002555847e-02
4.739836603403091431e-02
4.738757386803627014e-02
4.737749323248863220e-02
4.736730828881263733e-02
4.735778272151947021e-02
4.734826087951660156e-02
4.733945429325103760e-02
4.733055457472801208e-02
4.732230305671691895e-02
4.731413722038269043e-02
4.730651900172233582e-02
4.729890823364257812e-02
4.729192703962326050e-02
4.728503525257110596e-02
4.727869480848312378e-02
4.727237299084663391e-02
4.726666957139968872e-02
4.726105555891990662e-02
4.725598916411399841e-02
4.725096374750137329e-02
4.724662005901336670e-02
4.724220186471939087e-02
4.723841324448585510e-02
4.723468050360679626e-02
4.723161458969116211e-02
4.722848162055015564e-02
4.722597450017929077e-02
4.722361639142036438e-02
4.722175374627113342e-02
4.721989855170249939e-02
4.721867293119430542e-02
4.721761494874954224e-02
4.721703380346298218e-02
4.721646755933761597e-02
4.721660539507865906e-02
4.721676558256149292e-02
4.721746966242790222e-02
4.721818864345550537e-02
4.721971228718757629e-02
4.722107574343681335e-02
4.722306504845619202e-02
4.722518473863601685e-02
4.722789674997329712e-02
4.723054915666580200e-02
4.723395034670829773e-02
4.723732918500900269e-02
4.724125564098358154e-02
4.724533110857009888e-02
4.724990203976631165e-02
4.725457355380058289e-02
4.725993424654006958e-02
4.726517572999000549e-02
4.727111756801605225e-02
4.727715998888015747e-02
4.728367179632186890e-02
4.729020595550537109e-02
4.729761555790901184e-02
4.730479791760444641e-02
4.731260612607002258e-02
4.732069745659828186e-02
4.732915386557579041e-02
4.733763635158538818e-02
4.734693840146064758e-02
4.735615104436874390e-02
4.736590757966041565e-02
4.737569391727447510e-02
4.738630726933479309e-02
4.739682003855705261e-02
4.740788042545318604e-02
4.741919040679931641e-02
4.743098095059394836e-02
4.744271934032440186e-02
4.745531827211380005e-02
4.746771603822708130e-02
4.748081043362617493e-02
4.749410226941108704e-02
4.750778153538703918e-02
4.752156510949134827e-02
4.753614589571952820e-02
4.755051434040069580e-02
4.756550118327140808e-02
4.758086055517196655e-02
4.759651049971580505e-02
4.761219024658203125e-02
4.762884601950645447e-02
4.764518886804580688e-02
4.766215384006500244e-02
4.767943546175956726e-02
4.769713804125785828e-02
4.771479964256286621e-02
4.773338511586189270e-02
4.775171354413032532e-02
4.777073860168457031e-02
4.778972268104553223e-02
4.780964925885200500e-02
4.782937839627265930e-02
4.784965142607688904e-02
4.787029698491096497e-02
4.789124801754951477e-02
4.791229963302612305e-02
4.793424904346466064e-02
4.795590043067932129e-02
4.797899723052978516e-02
4.801113530993461609e-02
4.804353788495063782e-02
4.807595908641815186e-02
4.810928180813789368e-02
4.814261943101882935e-02
4.817599430680274963e-02
4.821034520864486694e-02
4.824427142739295959e-02
4.827887937426567078e-02
4.831390455365180969e-02
4.834915325045585632e-02
4.838470742106437683e-02
4.842062667012214661e-02
4.845682904124259949e-02
4.849305003881454468e-02
4.853030294179916382e-02
4.856709390878677368e-02
4.860499501228332520e-02
4.864279553294181824e-02
4.868061840534210205e-02
4.871941730380058289e-02
4.875788465142250061e-02
4.879741743206977844e-02
4.883652925491333008e-02
4.887618124485015869e-02
4.891669750213623047e-02
4.895678162574768066e-02
4.899794235825538635e-02
4.903867840766906738e-02
4.907995089888572693e-02
4.912180826067924500e-02
4.916380718350410461e-02
4.920613393187522888e-02
4.924891516566276550e-02
4.929188638925552368e-02
4.933540150523185730e-02
4.937903955578804016e-02
4.942263290286064148e-02
4.946744069457054138e-02
4.951205849647521973e-02
4.955723509192466736e-02
4.960244521498680115e-02
4.964776337146759033e-02
4.969423636794090271e-02
4.974021017551422119e-02
4.978736490011215210e-02
4.983422532677650452e-02
4.988120496273040771e-02
4.992936924099922180e-02
4.997700825333595276e-02
5.002577602863311768e-02
5.007409676909446716e-02
5.012303590774536133e-02
5.017288029193878174e-02
5.022212862968444824e-02
5.027267709374427795e-02
5.032266676425933838e-02
5.037328973412513733e-02
5.042450129985809326e-02
5.047579854726791382e-02
5.052743479609489441e-02
5.057974532246589661e-02
5.063206702470779419e-02
5.068498477339744568e-02
5.073799937963485718e-02
5.079105123877525330e-02
5.084536969661712646e-02
5.089903995394706726e-02
5.095406249165534973e-02
5.100878700613975525e-02
5.106355622410774231e-02
5.111955851316452026e-02
5.117502063512802124e-02
5.123178660869598389e-02
5.128795281052589417e-02
5.134467780590057373e-02
5.140250548720359802e-02
5.145970731973648071e-02
5.151825398206710815e-02
5.157615616917610168e-02
5.163462460041046143e-02
5.169394239783287048e-02
5.175318568944931030e-02
5.181350186467170715e-02
5.187309905886650085e-02
5.193340778350830078e-02
5.199449881911277771e-02
5.205553025007247925e-02
5.211653560400009155e-02
5.217900499701499939e-02
5.224108695983886719e-02
5.230399966239929199e-02
5.236672982573509216e-02
5.242959782481193542e-02
5.249388888478279114e-02
5.255747586488723755e-02
5.262241885066032410e-02
5.268703401088714600e-02
5.275248363614082336e-02
5.281781032681465149e-02
5.288399755954742432e-02
5.294999852776527405e-02
5.301692336797714233e-02
5.308371037244796753e-02
5.315169319510459900e-02
5.321884900331497192e-02
5.328755453228950500e-02
5.335553735494613647e-02
5.342414975166320801e-02
5.349363014101982117e-02
5.356300622224807739e-02
5.363358557224273682e-02
5.369906872510910034e-02
5.376452207565307617e-02
5.382941663265228271e-02
5.389559641480445862e-02
5.396126210689544678e-02
5.402818694710731506e-02
5.409458279609680176e-02
5.416252091526985168e-02
5.422965437173843384e-02
5.429796501994132996e-02
5.436581000685691833e-02
5.443402007222175598e-02
5.450351536273956299e-02
5.457245558500289917e-02
5.464267358183860779e-02
5.471237003803253174e-02
5.478362739086151123e-02
5.485397577285766602e-02
5.492570623755455017e-02
5.499685183167457581e-02
5.506931245326995850e-02
5.514121055603027344e-02
5.521443113684654236e-02
5.528705194592475891e-02
5.536102131009101868e-02
5.543465167284011841e-02
5.550838634371757507e-02
5.558350309729576111e-02
5.565799772739410400e-02
5.573387071490287781e-02
5.580911040306091309e-02
5.588575452566146851e-02
5.596174299716949463e-02
5.603938549757003784e-02
5.611614137887954712e-02
5.619430541992187500e-02
5.627182498574256897e-02
5.635075643658638000e-02
5.642903223633766174e-02
5.650874227285385132e-02
5.658771470189094543e-02
5.666714534163475037e-02
5.674831941723823547e-02
5.682849884033203125e-02
5.691017210483551025e-02
5.699113011360168457e-02
5.707354843616485596e-02
5.715528503060340881e-02
5.723844841122627258e-02
5.732095614075660706e-02
5.740496143698692322e-02
5.748855695128440857e-02
5.757334828376770020e-02
5.765740945935249329e-02
5.774301663041114807e-02
5.782787129282951355e-02
5.791304633021354675e-02
5.799982324242591858e-02
5.808586627244949341e-02
5.817345157265663147e-02
5.826058611273765564e-02
5.834897980093955994e-02
5.843659117817878723e-02
5.852572247385978699e-02
5.861415341496467590e-02
5.870414152741432190e-02
5.879336223006248474e-02
5.888418853282928467e-02
5.897450819611549377e-02
5.906613543629646301e-02
5.915695801377296448e-02
5.924935266375541687e-02
5.934098735451698303e-02
5.943425372242927551e-02
5.952795222401618958e-02
5.962079763412475586e-02
5.971530824899673462e-02
5.980928614735603333e-02
5.990463495254516602e-02
5.999904870986938477e-02
6.009521335363388062e-02
6.019053235650062561e-02
6.028753519058227539e-02
6.038366258144378662e-02
6.048152968287467957e-02
6.057978048920631409e-02
6.067742034792900085e-02
6.077653542160987854e-02
6.087475642561912537e-02
6.097470223903656006e-02
6.107376143336296082e-02
6.117456033825874329e-02
6.127444282174110413e-02
6.137607619166374207e-02
6.147676706314086914e-02
6.157959997653961182e-02
6.168252974748611450e-02
6.178455054759979248e-02
6.188834086060523987e-02
6.199119612574577332e-02
6.209587305784225464e-02
6.219956278800964355e-02
6.230503320693969727e-02
6.240957975387573242e-02
6.251631677150726318e-02
6.262172758579254150e-02
6.272900104522705078e-02
6.283673644065856934e-02
6.294344365596771240e-02
6.305198371410369873e-02
6.315956264734268188e-02
6.326903402805328369e-02
6.337780505418777466e-02
6.348817050457000732e-02
6.359749287366867065e-02
6.370874494314193726e-02
6.382042169570922852e-02
6.393103301525115967e-02
6.404362618923187256e-02
6.415513157844543457e-02
6.426864117383956909e-02
6.438135355710983276e-02
6.449328362941741943e-02
6.459835916757583618e-02
6.470496952533721924e-02
6.481079757213592529e-02
6.491830945014953613e-02
6.502655893564224243e-02
6.513331085443496704e-02
6.524243950843811035e-02
6.535002589225769043e-02
6.545995175838470459e-02
6.556842476129531860e-02
6.567922234535217285e-02
6.578881293535232544e-02
6.590016186237335205e-02
6.601062417030334473e-02
6.612277776002883911e-02
6.623573601245880127e-02
6.634711474180221558e-02
6.646090745925903320e-02
6.657318025827407837e-02
6.668783724308013916e-02
6.680093705654144287e-02
6.691650301218032837e-02
6.703042984008789062e-02
6.714688986539840698e-02
6.726168841123580933e-02
6.737892329692840576e-02
6.749633699655532837e-02
6.761278212070465088e-02
6.773135066032409668e-02
6.784837692975997925e-02
6.796784698963165283e-02
6.808565557003021240e-02
6.820604950189590454e-02
6.832651048898696899e-02
6.844598054885864258e-02
6.856736540794372559e-02
6.868770718574523926e-02
6.880995631217956543e-02
6.893300265073776245e-02
6.905435025691986084e-02
6.917826086282730103e-02
6.930233538150787354e-02
6.942533701658248901e-02
6.955058872699737549e-02
6.967599689960479736e-02
6.980035454034805298e-02
6.992664188146591187e-02
7.005188614130020142e-02
7.017907500267028809e-02
7.030705362558364868e-02
7.043334841728210449e-02
7.056222856044769287e-02
7.069122046232223511e-02
7.081922143697738647e-02
7.094912230968475342e-02
7.107794284820556641e-02
7.120884209871292114e-02
7.134047895669937134e-02
7.147067785263061523e-02
7.160292565822601318e-02
7.173598557710647583e-02
7.186719030141830444e-02
7.200118154287338257e-02
7.213527709245681763e-02
7.226821780204772949e-02
7.240324467420578003e-02
7.253711670637130737e-02
7.267305254936218262e-02
7.280986756086349487e-02
7.294476777315139771e-02
7.308246940374374390e-02
7.322032749652862549e-02
7.335694134235382080e-02
7.349610328674316406e-02
7.363335788249969482e-02
7.377339154481887817e-02
7.391362637281417847e-02
7.405261695384979248e-02
7.419376075267791748e-02
7.433576136827468872e-02
7.447580993175506592e-02
7.461871951818466187e-02
7.476178556680679321e-02
7.490364462137222290e-02
7.504764944314956665e-02
7.519037276506423950e-02
7.533541321754455566e-02
7.548122853040695190e-02
7.562506943941116333e-02
7.577189058065414429e-02
7.591913640499114990e-02
7.606444507837295532e-02
7.621270418167114258e-02
7.635892182588577271e-02
7.650814205408096313e-02
7.665751129388809204e-02
7.680553197860717773e-02
7.695589959621429443e-02
7.710707932710647583e-02
7.725619524717330933e-02
7.740840315818786621e-02
7.756070047616958618e-02
7.771167904138565063e-02
7.786497473716735840e-02
7.801686972379684448e-02
7.817150652408599854e-02
7.832635939121246338e-02
7.847972959280014038e-02
7.863549888134002686e-02
7.879221439361572266e-02
7.894670218229293823e-02
7.910433411598205566e-02
7.926215976476669312e-02
7.941849529743194580e-02
7.957730442285537720e-02
7.973466813564300537e-02
7.989446073770523071e-02
8.005511760711669922e-02
8.021360635757446289e-02
8.037532866001129150e-02
8.053754270076751709e-02
8.069749176502227783e-02
8.086074143648147583e-02
8.102411031723022461e-02
8.118597418069839478e-02
8.135037869215011597e-02
8.151561766862869263e-02
8.168105036020278931e-02
8.184493333101272583e-02
8.201137185096740723e-02
8.217875659465789795e-02
8.234374970197677612e-02
8.251214772462844849e-02
8.267830312252044678e-02
8.282388746738433838e-02
8.296708017587661743e-02
8.311363309621810913e-02
8.326059579849243164e-02
8.340526372194290161e-02
8.355319499969482422e-02
8.370131999254226685e-02
8.385023474693298340e-02
8.399679511785507202e-02
8.414669334888458252e-02
8.429673314094543457e-02
8.444765955209732056e-02
8.459649980068206787e-02
8.474797755479812622e-02
8.490041643381118774e-02
8.505029231309890747e-02
8.520364016294479370e-02
8.535709977149963379e-02
8.551148325204849243e-02
8.566331118345260620e-02
8.581864833831787109e-02
8.597413450479507446e-02
8.612781763076782227e-02
8.628461509943008423e-02
8.644159138202667236e-02
8.659943193197250366e-02
8.675469458103179932e-02
8.691354095935821533e-02
8.707248419523239136e-02
8.723229914903640747e-02
8.738954365253448486e-02
8.755040168762207031e-02
8.771175891160964966e-02
8.787045627832412720e-02
8.803286403417587280e-02
8.819531649351119995e-02
8.835870027542114258e-02
8.851943910121917725e-02
8.868383616209030151e-02
8.884832262992858887e-02
8.901090919971466064e-02
8.917649835348129272e-02
8.934289962053298950e-02
8.950982242822647095e-02
8.967410773038864136e-02
8.984206616878509521e-02
