4.562725126743316650e-01
4.563337266445159912e-01
4.563792347908020020e-01
4.563395977020263672e-01
4.561865925788879395e-01
4.560477733612060547e-01
4.558574557304382324e-01
4.556059539318084717e-01
4.553180336952209473e-01
4.550125300884246826e-01
4.552260041236877441e-01
4.557403624057769775e-01
4.562715888023376465e-01
4.568313360214233398e-01
4.574252665042877197e-01
4.581906795501708984e-01
4.592444896697998047e-01
4.602916240692138672e-01
4.613010287284851074e-01
4.622313678264617920e-01
4.630516171455383301e-01
4.636237919330596924e-01
4.640860855579376221e-01
4.644840359687805176e-01
4.648568332195281982e-01
4.652484655380249023e-01
4.657589793205261230e-01
4.665131568908691406e-01
4.674032330513000488e-01
4.684658050537109375e-01
4.697276353836059570e-01
4.711942672729492188e-01
4.726907908916473389e-01
4.741347730159759521e-01
4.755822420120239258e-01
4.769833385944366455e-01
4.782866835594177246e-01
4.794576466083526611e-01
4.802933931350708008e-01
4.808456897735595703e-01
4.812962114810943604e-01
4.816736876964569092e-01
4.820022583007812500e-01
4.823071360588073730e-01
4.826029837131500244e-01
4.829025566577911377e-01
4.832250177860260010e-01
4.835781157016754150e-01
4.839652776718139648e-01
4.843515455722808838e-01
4.846015274524688721e-01
4.843261241912841797e-01
4.840106368064880371e-01
4.836162030696868896e-01
4.831179678440093994e-01
4.825184941291809082e-01
4.818370938301086426e-01
4.811865091323852539e-01
4.806048870086669922e-01
4.800594151020050049e-01
4.795909225940704346e-01
4.792346656322479248e-01
4.790207445621490479e-01
4.789740145206451416e-01
4.789860248565673828e-01
4.789964556694030762e-01
4.792416989803314209e-01
4.797065556049346924e-01
4.803457260131835938e-01
4.811333417892456055e-01
4.820291399955749512e-01
4.828446209430694580e-01
4.835919737815856934e-01
4.842495620250701904e-01
4.847578406333923340e-01
4.850984215736389160e-01
4.852952361106872559e-01
4.851131737232208252e-01
4.848692417144775391e-01
4.844864904880523682e-01
4.839811325073242188e-01
4.833888709545135498e-01
4.827362000942230225e-01
4.819940030574798584e-01
4.813038408756256104e-01
4.806096851825714111e-01
4.800159037113189697e-01
4.794161319732666016e-01
4.788252115249633789e-01
4.782442152500152588e-01
4.776622056961059570e-01
4.770705699920654297e-01
4.764536917209625244e-01
4.757395982742309570e-01
4.747615456581115723e-01
4.737287163734436035e-01
4.726417064666748047e-01
4.715110659599304199e-01
4.703534841537475586e-01
4.691952168941497803e-01
4.680647253990173340e-01
4.670299887657165527e-01
4.662911295890808105e-01
4.656385183334350586e-01
4.650803506374359131e-01
4.646233022212982178e-01
4.642690718173980713e-01
4.640199840068817139e-01
4.638772308826446533e-01
4.638394415378570557e-01
4.637147784233093262e-01
4.636475741863250732e-01
4.636786282062530518e-01
4.638092517852783203e-01
4.640307128429412842e-01
4.643408656120300293e-01
4.647247791290283203e-01
4.651662707328796387e-01
4.656631648540496826e-01
4.662649631500244141e-01
4.668421447277069092e-01
4.673557877540588379e-01
4.677628874778747559e-01
4.680212140083312988e-01
4.680995047092437744e-01
4.679782688617706299e-01
4.676508307456970215e-01
4.671517610549926758e-01
4.666024446487426758e-01
4.659118354320526123e-01
4.651135504245758057e-01
4.642462134361267090e-01
4.633401930332183838e-01
4.624206721782684326e-01
4.615075290203094482e-01
4.606137275695800781e-01
4.597507119178771973e-01
4.587533175945281982e-01
4.577540755271911621e-01
4.567926824092864990e-01
4.558612108230590820e-01
4.549531340599060059e-01
4.540596604347229004e-01
4.531687200069427490e-01
4.522711038589477539e-01
4.513567388057708740e-01
4.504289627075195312e-01
4.495754837989807129e-01
4.486918747425079346e-01
4.477848112583160400e-01
4.462428987026214600e-01
4.453410804271697998e-01
4.444748461246490479e-01
4.436593353748321533e-01
4.429067075252532959e-01
4.422233998775482178e-01
4.416123032569885254e-01
4.412522017955780029e-01
4.409717917442321777e-01
4.407614171504974365e-01
4.406175911426544189e-01
4.405377805233001709e-01
4.405163228511810303e-01
4.405510127544403076e-01
4.406397640705108643e-01
4.407818019390106201e-01
4.409746527671813965e-01
4.412542283535003662e-01
4.416358768939971924e-01
4.420684278011322021e-01
4.425535202026367188e-01
4.430917203426361084e-01
4.436852335929870605e-01
4.443305730819702148e-01
4.450286030769348145e-01
4.457774758338928223e-01
4.465755224227905273e-01
4.474133253097534180e-01
4.482901990413665771e-01
4.491997957229614258e-01
4.501161873340606689e-01
4.510191977024078369e-01
4.518910944461822510e-01
4.527039527893066406e-01
4.534361362457275391e-01
4.540583789348602295e-01
4.545493423938751221e-01
4.548843801021575928e-01
4.550488889217376709e-01
4.550328552722930908e-01
4.547676444053649902e-01
4.543221592903137207e-01
4.537154138088226318e-01
4.529690742492675781e-01
4.521097540855407715e-01
4.511649906635284424e-01
4.501610696315765381e-01
4.491218626499176025e-01
4.480656981468200684e-01
4.470111131668090820e-01
4.459683895111083984e-01
4.449480175971984863e-01
4.438760578632354736e-01
4.428308010101318359e-01
4.418137371540069580e-01
4.408230781555175781e-01
4.398511350154876709e-01
4.388970732688903809e-01
4.379546344280242920e-01
4.370169639587402344e-01
4.360810816287994385e-01
4.351447820663452148e-01
4.342107772827148438e-01
4.332789182662963867e-01
4.322474300861358643e-01
4.311056435108184814e-01
4.299916923046112061e-01
4.289175570011138916e-01
4.278945028781890869e-01
4.269297122955322266e-01
4.260296523571014404e-01
4.251991808414459229e-01
4.244399368762969971e-01
4.237493276596069336e-01
4.231260418891906738e-01
4.225671887397766113e-01
4.220729768276214600e-01
4.217053055763244629e-01
4.215113818645477295e-01
4.213660657405853271e-01
4.212615787982940674e-01
4.211955666542053223e-01
4.211618900299072266e-01
4.211604297161102295e-01
4.211851656436920166e-01
4.212372601032257080e-01
4.213111102581024170e-01
4.214088618755340576e-01
4.215252697467803955e-01
4.216631948947906494e-01
4.218176007270812988e-01
4.220316410064697266e-01
4.222863912582397461e-01
4.225594997406005859e-01
4.228480458259582520e-01
4.231540858745574951e-01
4.234752357006072998e-01
4.238137900829315186e-01
4.241732060909271240e-01
4.247118532657623291e-01
4.255658090114593506e-01
4.265134930610656738e-01
4.275093972682952881e-01
4.285190403461456299e-01
4.295240640640258789e-01
4.305052161216735840e-01
4.314227700233459473e-01
4.323190152645111084e-01
4.331855475902557373e-01
4.340257346630096436e-01
4.348370134830474854e-01
4.356387257575988770e-01
4.364238679409027100e-01
4.371716976165771484e-01
4.378808736801147461e-01
4.385363757610321045e-01
4.391345977783203125e-01
4.396571815013885498e-01
4.400932192802429199e-01
4.404307603836059570e-01
4.406509995460510254e-01
4.407434761524200439e-01
4.406966567039489746e-01
4.404989778995513916e-01
4.401428103446960449e-01
4.396247267723083496e-01
4.389441311359405518e-01
4.381063282489776611e-01
4.371182024478912354e-01
4.359972774982452393e-01
4.347564280033111572e-01
4.334182441234588623e-01
4.319978058338165283e-01
4.305220842361450195e-01
4.289967715740203857e-01
4.274462759494781494e-01
4.259243309497833252e-01
4.244531393051147461e-01
4.229904413223266602e-01
4.215502738952636719e-01
4.201393425464630127e-01
4.187554419040679932e-01
4.174047410488128662e-01
4.160823523998260498e-01
4.147894978523254395e-01
4.135303199291229248e-01
4.122978150844573975e-01
4.111003279685974121e-01
4.099331200122833252e-01
4.088034331798553467e-01
4.077185392379760742e-01
4.066770076751708984e-01
4.056895673274993896e-01
4.047779440879821777e-01
4.039499163627624512e-01
4.031848907470703125e-01
4.024797379970550537e-01
4.018385410308837891e-01
4.012600481510162354e-01
4.007416665554046631e-01
4.002820253372192383e-01
3.998793661594390869e-01
3.995298445224761963e-01
3.992302715778350830e-01
3.989779651165008545e-01
3.987702429294586182e-01
3.986026346683502197e-01
3.984726369380950928e-01
3.983774185180664062e-01
3.983136117458343506e-01
3.982788920402526855e-01
3.984128832817077637e-01
3.985981345176696777e-01
3.988051712512969971e-01
3.990315794944763184e-01
3.992774486541748047e-01
3.995399773120880127e-01
3.998193740844726562e-01
4.001128971576690674e-01
4.004205465316772461e-01
4.007429182529449463e-01
4.010771214962005615e-01
4.014237523078918457e-01
4.017815887928009033e-01
4.021519124507904053e-01
4.025336802005767822e-01
4.029279351234436035e-01
4.033322334289550781e-01
4.037477672100067139e-01
4.041855335235595703e-01
4.046769738197326660e-01
4.051823019981384277e-01
4.057006537914276123e-01
4.062339961528778076e-01
4.067798256874084473e-01
4.073394834995269775e-01
4.079135656356811523e-01
4.085020720958709717e-01
4.091050624847412109e-01
4.097232520580291748e-01
4.103564321994781494e-01
4.110034704208374023e-01
4.116678237915039062e-01
4.123464524745941162e-01
4.130436480045318604e-01
4.137568771839141846e-01
4.144846796989440918e-01
4.152310788631439209e-01
4.159924983978271484e-01
4.168485105037689209e-01
4.177855551242828369e-01
4.187439382076263428e-01
4.197188913822174072e-01
4.207145869731903076e-01
4.217258095741271973e-01
4.227565228939056396e-01
4.238010346889495850e-01
4.248632192611694336e-01
4.259392619132995605e-01
4.270249605178833008e-01
4.281235933303833008e-01
4.292276799678802490e-01
4.303373396396636963e-01
4.314496517181396484e-01
4.325604140758514404e-01
4.336673319339752197e-01
4.347653687000274658e-01
4.358497262001037598e-01
4.369150400161743164e-01
4.379552602767944336e-01
4.389313161373138428e-01
4.398498237133026123e-01
4.407179653644561768e-01
4.415251612663269043e-01
4.422648251056671143e-01
4.429256618022918701e-01
4.435003101825714111e-01
4.439772367477416992e-01
4.443488717079162598e-01
4.446039795875549316e-01
4.447355270385742188e-01
4.447332620620727539e-01
4.445916116237640381e-01
4.443023204803466797e-01
4.438621699810028076e-01
4.432685971260070801e-01
4.425164759159088135e-01
4.416104257106781006e-01
4.405472874641418457e-01
4.393379986286163330e-01
4.379815757274627686e-01
4.364949166774749756e-01
4.348247051239013672e-01
4.330130219459533691e-01
4.310955703258514404e-01
4.291023313999176025e-01
4.270444810390472412e-01
4.249307811260223389e-01
4.227935373783111572e-01
4.206368327140808105e-01
4.184898436069488525e-01
4.163554608821868896e-01
4.142626523971557617e-01
4.122094810009002686e-01
4.102222621440887451e-01
4.082983136177062988e-01
4.064579904079437256e-01
4.046969711780548096e-01
4.030329883098602295e-01
4.014632105827331543e-01
3.999922573566436768e-01
3.986206650733947754e-01
3.973504304885864258e-01
3.961822688579559326e-01
3.951143920421600342e-01
3.941191136837005615e-01
3.930338621139526367e-01
3.920492231845855713e-01
3.911666274070739746e-01
3.903805315494537354e-01
3.896874785423278809e-01
3.890837430953979492e-01
3.885655403137207031e-01
3.881290853023529053e-01
3.877704143524169922e-01
3.874856829643249512e-01
3.872710764408111572e-01
3.871227800846099854e-01
3.870371282100677490e-01
3.870106041431427002e-01
3.870396912097930908e-01
3.871206045150756836e-01
3.872511386871337891e-01
3.874277472496032715e-01
3.876459300518035889e-01
3.879060149192810059e-01
3.882039189338684082e-01
3.885353505611419678e-01
3.889014720916748047e-01
3.892983496189117432e-01
3.897172510623931885e-01
3.901324272155761719e-01
3.905697464942932129e-01
3.910251259803771973e-01
3.915016353130340576e-01
3.919955193996429443e-01
3.925028145313262939e-01
3.930272161960601807e-01
3.935624361038208008e-01
3.941123783588409424e-01
3.946734964847564697e-01
3.952422440052032471e-01
3.958222270011901855e-01
3.964110612869262695e-01
3.970046937465667725e-01
3.976077437400817871e-01
3.982169628143310547e-01
3.988285660743713379e-01
3.994473814964294434e-01
4.000675678253173828e-01
4.006911814212799072e-01
4.013176262378692627e-01
4.019490182399749756e-01
4.025795459747314453e-01
4.032114446163177490e-01
4.038468897342681885e-01
4.044800698757171631e-01
4.051257669925689697e-01
4.057851433753967285e-01
4.064474403858184814e-01
4.071054458618164062e-01
4.077633619308471680e-01
4.084216952323913574e-01
4.090762436389923096e-01
4.097279012203216553e-01
4.103800356388092041e-01
4.110260009765625000e-01
4.116685986518859863e-01
4.123077094554901123e-01
4.129447340965270996e-01
4.135755300521850586e-01
4.142007231712341309e-01
4.148237109184265137e-01
4.154379665851593018e-01
4.160469472408294678e-01
4.166483581066131592e-01
4.172440469264984131e-01
4.178318381309509277e-01
4.184128046035766602e-01
4.189849197864532471e-01
4.195492863655090332e-01
4.201040863990783691e-01
4.206499457359313965e-01
4.211855828762054443e-01
4.217117726802825928e-01
4.222244918346405029e-01
4.225955605506896973e-01
4.229483008384704590e-01
4.232875108718872070e-01
4.236116111278533936e-01
4.239217042922973633e-01
4.242161512374877930e-01
4.244952201843261719e-01
4.247571825981140137e-01
4.250027835369110107e-01
4.252314567565917969e-01
4.254422485828399658e-01
4.256346225738525391e-01
4.258068501949310303e-01
4.259607493877410889e-01
4.260945916175842285e-01
4.262078106403350830e-01
4.262984991073608398e-01
4.263680279254913330e-01
4.264162182807922363e-01
4.264406263828277588e-01
4.264430403709411621e-01
4.264209568500518799e-01
4.263752400875091553e-01
4.263057112693786621e-01
4.262120425701141357e-01
4.260938763618469238e-01
4.259499907493591309e-01
4.257827997207641602e-01
4.255918264389038086e-01
4.253772795200347900e-01
4.251473546028137207e-01
4.249072074890136719e-01
4.246460497379302979e-01
4.243663549423217773e-01
4.240689575672149658e-01
4.237550199031829834e-01
4.234271049499511719e-01
4.230856597423553467e-01
4.227343499660491943e-01
4.223729670047760010e-01
4.220022857189178467e-01
4.216245710849761963e-01
4.212399125099182129e-01
4.208460748195648193e-01
4.204434454441070557e-01
4.200293719768524170e-01
4.196018278598785400e-01
4.191578626632690430e-01
4.186915755271911621e-01
4.182018935680389404e-01
4.176829457283020020e-01
4.171279370784759521e-01
4.165365099906921387e-01
4.159000515937805176e-01
4.152191579341888428e-01
4.144860506057739258e-01
4.136999845504760742e-01
4.128562510013580322e-01
4.119556546211242676e-01
4.109933376312255859e-01
4.099663794040679932e-01
4.088775217533111572e-01
4.077213704586029053e-01
4.064179658889770508e-01
4.049963653087615967e-01
4.035134017467498779e-01
4.019676148891448975e-01
4.003533720970153809e-01
3.986800611019134521e-01
3.969404101371765137e-01
3.951451778411865234e-01
3.932898640632629395e-01
3.913720548152923584e-01
3.894048333168029785e-01
3.873848021030426025e-01
3.853139281272888184e-01
3.831974267959594727e-01
3.810306787490844727e-01
3.788312375545501709e-01
3.765983879566192627e-01
3.743358850479125977e-01
3.720495998859405518e-01
3.697361946105957031e-01
3.674194812774658203e-01
3.650971353054046631e-01
3.627757728099822998e-01
3.604635596275329590e-01
3.581601083278656006e-01
3.558881282806396484e-01
3.536469936370849609e-01
3.514459133148193359e-01
3.492923080921173096e-01
3.471857607364654541e-01
3.451496958732604980e-01
3.431831896305084229e-01
3.412935435771942139e-01
3.394860029220581055e-01
3.377631902694702148e-01
3.361623585224151611e-01
3.347098827362060547e-01
3.333582282066345215e-01
3.321126401424407959e-01
3.309744894504547119e-01
3.299462199211120605e-01
3.290288448333740234e-01
3.282221257686614990e-01
3.275274038314819336e-01
3.269428312778472900e-01
3.264673352241516113e-01
3.260984420776367188e-01
3.258332908153533936e-01
3.256696462631225586e-01
3.256037235260009766e-01
3.256313204765319824e-01
3.257484436035156250e-01
3.259499073028564453e-01
3.262323737144470215e-01
3.265902101993560791e-01
3.270187973976135254e-01
3.275129497051239014e-01
3.280673325061798096e-01
3.286780714988708496e-01
3.293396830558776855e-01
3.300474286079406738e-01
3.307968378067016602e-01
3.315828144550323486e-01
3.324019610881805420e-01
3.332497179508209229e-01
3.341221213340759277e-01
3.350154459476470947e-01
3.359255492687225342e-01
3.368501365184783936e-01
3.377854824066162109e-01
3.387287855148315430e-01
3.396710455417633057e-01
3.406218886375427246e-01
3.415544033050537109e-01
3.423873186111450195e-01
3.432133197784423828e-01
3.440311253070831299e-01
3.448325097560882568e-01
3.456266522407531738e-01
3.464069962501525879e-01
3.482021987438201904e-01
3.489359319210052490e-01
3.496465981006622314e-01
3.503429293632507324e-01
3.510190546512603760e-01
3.516751825809478760e-01
3.523094058036804199e-01
3.529219627380371094e-01
3.535081446170806885e-01
3.540760874748229980e-01
3.546213209629058838e-01
3.551436066627502441e-01
3.556425869464874268e-01
3.561183810234069824e-01
3.565678298473358154e-01
3.569970130920410156e-01
3.574027419090270996e-01
3.577850461006164551e-01
3.581440746784210205e-01
3.584767282009124756e-01
3.587893545627593994e-01
3.590789735317230225e-01
3.593426644802093506e-01
3.595871627330780029e-01
3.598081469535827637e-01
3.600040674209594727e-01
3.601800799369812012e-01
3.603336215019226074e-01
3.604627549648284912e-01
3.605719208717346191e-01
3.606591522693634033e-01
3.607224822044372559e-01
3.607663214206695557e-01
3.607879877090454102e-01
3.607862591743469238e-01
3.608429729938507080e-01
3.608964979648590088e-01
3.609292507171630859e-01
3.609443604946136475e-01
3.609406352043151855e-01
3.609163463115692139e-01
3.608744740486145020e-01
3.608132302761077881e-01
3.607324957847595215e-01
3.606336414813995361e-01
3.605165183544158936e-01
3.603805601596832275e-01
3.602281212806701660e-01
3.600590527057647705e-01
3.598748445510864258e-01
3.596776723861694336e-01
3.594698607921600342e-01
3.592547178268432617e-01
3.590363860130310059e-01
3.588200509548187256e-01
3.586117029190063477e-01
3.584186732769012451e-01
3.582489490509033203e-01
3.581103384494781494e-01
3.580103218555450439e-01
3.579545319080352783e-01
3.579488694667816162e-01
3.579921424388885498e-01
3.580843210220336914e-01
3.582161068916320801e-01
3.583815991878509521e-01
3.585655093193054199e-01
3.587596416473388672e-01
3.589479029178619385e-01
3.591243624687194824e-01
3.592765629291534424e-01
3.594027161598205566e-01
3.594956696033477783e-01
3.595570325851440430e-01
3.595838546752929688e-01
3.595798313617706299e-01
3.595445454120635986e-01
3.594822585582733154e-01
3.593936562538146973e-01
3.592828810214996338e-01
3.591448962688446045e-01
3.589871823787689209e-01
3.588152229785919189e-01
3.586280643939971924e-01
3.584302365779876709e-01
3.582209050655364990e-01
3.580036759376525879e-01
3.577784299850463867e-01
3.575463593006134033e-01
3.573103845119476318e-01
3.570688664913177490e-01
3.568247556686401367e-01
3.565772473812103271e-01
3.563281893730163574e-01
3.560770750045776367e-01
3.558246791362762451e-01
3.555726706981658936e-01
3.553197383880615234e-01
3.550677001476287842e-01
3.548154830932617188e-01
3.545646071434020996e-01
3.543136119842529297e-01
3.540638387203216553e-01
3.538158237934112549e-01
3.535683155059814453e-01
3.533225059509277344e-01
3.530768156051635742e-01
3.528333604335784912e-01
3.525895774364471436e-01
3.523467779159545898e-01
3.521051406860351562e-01
3.518628776073455811e-01
3.516219854354858398e-01
3.513796627521514893e-01
3.511381149291992188e-01
3.508945405483245850e-01
3.506498932838439941e-01
3.504050970077514648e-01
3.501573204994201660e-01
3.499083518981933594e-01
3.496563136577606201e-01
3.494020998477935791e-01
3.491438627243041992e-01
3.488821685314178467e-01
3.486177921295166016e-01
3.483481407165527344e-01
3.480749130249023438e-01
3.477962017059326172e-01
3.475131690502166748e-01
3.473480641841888428e-01
3.471894264221191406e-01
3.470260202884674072e-01
3.468557894229888916e-01
3.466803431510925293e-01
3.464975953102111816e-01
3.463092446327209473e-01
3.461133837699890137e-01
3.459113836288452148e-01
3.457016646862030029e-01
3.454857170581817627e-01
3.452615737915039062e-01
3.450307250022888184e-01
3.447917997837066650e-01
3.445462286472320557e-01
3.442917168140411377e-01
3.440306782722473145e-01
3.437610566616058350e-01
3.434844911098480225e-01
3.431984782218933105e-01
3.429059982299804688e-01
3.426044881343841553e-01
3.422951400279998779e-01
3.419774770736694336e-01
3.416525423526763916e-01
3.413193523883819580e-01
3.409760296344757080e-01
3.406262099742889404e-01
3.402671515941619873e-01
3.399005234241485596e-01
3.395245373249053955e-01
3.391396403312683105e-01
3.387464582920074463e-01
3.383455276489257812e-01
3.379349410533905029e-01
3.375164270401000977e-01
3.370866775512695312e-01
3.366502523422241211e-01
3.362039327621459961e-01
3.357492983341217041e-01
3.352845609188079834e-01
3.348111808300018311e-01
3.343259096145629883e-01
3.338335752487182617e-01
3.333306014537811279e-01
3.328184783458709717e-01
3.322956264019012451e-01
3.317615091800689697e-01
3.312180340290069580e-01
3.306649029254913330e-01
3.300999701023101807e-01
3.295251429080963135e-01
3.289359807968139648e-01
3.283474743366241455e-01
3.277764618396759033e-01
3.271927237510681152e-01
3.265960216522216797e-01
3.259822726249694824e-01
3.253582715988159180e-01
3.247201144695281982e-01
3.240672349929809570e-01
3.233991265296936035e-01
3.227143287658691406e-01
3.220105469226837158e-01
3.212927579879760742e-01
3.205567598342895508e-01
3.198017179965972900e-01
3.190256357192993164e-01
3.182288110256195068e-01
3.174096941947937012e-01
3.165666460990905762e-01
3.156986832618713379e-01
3.148009181022644043e-01
3.138811886310577393e-01
3.129407465457916260e-01
3.119863569736480713e-01
3.110353946685791016e-01
3.101205825805664062e-01
3.092958927154541016e-01
3.086379766464233398e-01
3.082127571105957031e-01
3.080130219459533691e-01
3.079125881195068359e-01
3.077259361743927002e-01
3.073328733444213867e-01
3.067161738872528076e-01
3.059197366237640381e-01
3.049987852573394775e-01
3.039968609809875488e-01
3.029422760009765625e-01
3.018493056297302246e-01
3.007381558418273926e-01
2.996095418930053711e-01
2.984666824340820312e-01
2.973107099533081055e-01
2.961435019969940186e-01
2.949655354022979736e-01
2.937767505645751953e-01
2.925769984722137451e-01
2.913596034049987793e-01
2.901382148265838623e-01
2.889063060283660889e-01
2.876640856266021729e-01
2.864116132259368896e-01
2.851485908031463623e-01
2.838766574859619141e-01
2.825959324836730957e-01
2.813068330287933350e-01
2.800099253654479980e-01
2.787060439586639404e-01
2.773954868316650391e-01
2.760799229145050049e-01
2.747678160667419434e-01
2.734819054603576660e-01
2.721939086914062500e-01
2.709047198295593262e-01
2.696161866188049316e-01
2.683295905590057373e-01
2.670460939407348633e-01
2.657680511474609375e-01
2.644969522953033447e-01
2.632341384887695312e-01
2.619826793670654297e-01
2.607380449771881104e-01
2.595146894454956055e-01
2.583091855049133301e-01
2.571227848529815674e-01
2.559585571289062500e-01
2.548187375068664551e-01
2.537057101726531982e-01
2.526218891143798828e-01
2.515693604946136475e-01
2.505514323711395264e-01
2.495705783367156982e-01
2.486285120248794556e-01
2.477284073829650879e-01
2.468721866607666016e-01
2.460619062185287476e-01
2.452752143144607544e-01
2.445372492074966431e-01
2.438517510890960693e-01
2.432210892438888550e-01
2.426475137472152710e-01
2.421315908432006836e-01
2.416751086711883545e-01
2.412797957658767700e-01
2.409456819295883179e-01
2.406739890575408936e-01
2.404653578996658325e-01
2.403205633163452148e-01
2.402388006448745728e-01
2.402204424142837524e-01
2.402656674385070801e-01
2.403729856014251709e-01
2.405421882867813110e-01
2.407727241516113281e-01
2.410624772310256958e-01
2.414107769727706909e-01
2.418163269758224487e-01
2.422767728567123413e-01
2.427906692028045654e-01
2.433563768863677979e-01
2.439712285995483398e-01
2.446332573890686035e-01
2.453650981187820435e-01
2.461591958999633789e-01
2.469923198223114014e-01
2.478625476360321045e-01
2.487676888704299927e-01
2.497045248746871948e-01
2.506715059280395508e-01
2.516592741012573242e-01
2.526789903640747070e-01
2.537221610546112061e-01
2.547856867313385010e-01
2.558681070804595947e-01
2.569671869277954102e-01
2.580813169479370117e-01
2.592078149318695068e-01
2.603450715541839600e-01
2.614915072917938232e-01
2.626453042030334473e-01
2.638052105903625488e-01
2.649690508842468262e-01
2.661353647708892822e-01
2.673032879829406738e-01
2.684714496135711670e-01
2.696383297443389893e-01
2.708028554916381836e-01
2.719638645648956299e-01
2.731131613254547119e-01
2.742652893066406250e-01
2.754155993461608887e-01
2.765594720840454102e-01
2.776966989040374756e-01
2.788258194923400879e-01
2.799463570117950439e-01
2.810579836368560791e-01
2.821602821350097656e-01
2.832528352737426758e-01
2.843348085880279541e-01
2.854060530662536621e-01
2.864661216735839844e-01
2.875152230262756348e-01
2.885522246360778809e-01
2.895708084106445312e-01
2.905840873718261719e-01
2.915854454040527344e-01
2.925741374492645264e-01
2.935502827167510986e-01
2.945139408111572266e-01
2.954653799533843994e-01
2.964036464691162109e-01
2.973290681838989258e-01
2.982418835163116455e-01
2.991425991058349609e-01
3.000301122665405273e-01
3.009049594402313232e-01
3.017673790454864502e-01
3.026123642921447754e-01
3.034747540950775146e-01
3.043654263019561768e-01
3.052455782890319824e-01
3.061147034168243408e-01
3.069732487201690674e-01
3.078205585479736328e-01
3.086573183536529541e-01
3.094840049743652344e-01
3.102953433990478516e-01
3.111017644405364990e-01
3.118971288204193115e-01
3.126824498176574707e-01
3.134582340717315674e-01
3.142237663269042969e-01
3.149795830249786377e-01
3.157264292240142822e-01
3.164631426334381104e-01
3.171908557415008545e-01
3.179049491882324219e-01
3.186138868331909180e-01
3.193143010139465332e-01
3.200056254863739014e-01
3.206883966922760010e-01
3.213619589805603027e-01
3.220270872116088867e-01
3.226841986179351807e-01
3.233326077461242676e-01
3.239704668521881104e-01
3.246026635169982910e-01
3.252270221710205078e-01
3.258642852306365967e-01
3.265206217765808105e-01
3.271697163581848145e-01
3.278112709522247314e-01
3.284462690353393555e-01
3.290742337703704834e-01
3.296926021575927734e-01
3.303061723709106445e-01
3.309139609336853027e-01
3.315152227878570557e-01
3.321096599102020264e-01
3.326981365680694580e-01
3.332802653312683105e-01
3.338558673858642578e-01
3.344232439994812012e-01
3.349870741367340088e-01
3.355438709259033203e-01
3.360958397388458252e-01
3.366419672966003418e-01
3.371824622154235840e-01
3.377169668674468994e-01
3.382440209388732910e-01
3.387678563594818115e-01
3.392858803272247314e-01
3.397988975048065186e-01
3.403066992759704590e-01
3.408081829547882080e-01
3.413056135177612305e-01
3.417961001396179199e-01
3.422831594944000244e-01
3.427655994892120361e-01
3.432604372501373291e-01
3.438577651977539062e-01
3.444508314132690430e-01
3.450402617454528809e-01
3.456250131130218506e-01
3.462064862251281738e-01
3.467844724655151367e-01
3.473587036132812500e-01
3.479288816452026367e-01
3.484964966773986816e-01
3.490596413612365723e-01
3.496175110340118408e-01
3.501735329627990723e-01
3.507259786128997803e-01
3.512754440307617188e-01
3.518208861351013184e-01
3.523626029491424561e-01
3.529008030891418457e-01
3.534339964389801025e-01
3.539638221263885498e-01
3.544895946979522705e-01
3.550102412700653076e-01
3.555274903774261475e-01
3.560403287410736084e-01
3.565478920936584473e-01
3.570512831211090088e-01
3.575514853000640869e-01
3.580465614795684814e-01
3.585382401943206787e-01
3.590254485607147217e-01
3.595087528228759766e-01
3.599861264228820801e-01
3.604610264301300049e-01
3.609903156757354736e-01
3.616165816783905029e-01
3.622390925884246826e-01
3.628572821617126465e-01
3.634710609912872314e-01
3.640813827514648438e-01
3.646864891052246094e-01
3.652885556221008301e-01
3.658861815929412842e-01
3.664799034595489502e-01
3.670686483383178711e-01
3.676539063453674316e-01
3.682337105274200439e-01
3.688103556632995605e-01
3.693824112415313721e-01
3.699502944946289062e-01
3.705135285854339600e-01
3.709202408790588379e-01
3.710969686508178711e-01
3.712621927261352539e-01
3.714139759540557861e-01
3.715541064739227295e-01
3.716803491115570068e-01
3.717951476573944092e-01
3.718972206115722656e-01
3.719854354858398438e-01
3.720617294311523438e-01
3.721241056919097900e-01
3.721746206283569336e-01
3.722119629383087158e-01
3.722349703311920166e-01
3.722459971904754639e-01
3.722427785396575928e-01
3.722272813320159912e-01
3.721797764301300049e-01
3.717639744281768799e-01
3.713355362415313721e-01
3.708937168121337891e-01
3.704373836517333984e-01
3.699686527252197266e-01
3.694862127304077148e-01
3.689909875392913818e-01
3.684813976287841797e-01
3.679598271846771240e-01
3.674251735210418701e-01
3.668771386146545410e-01
3.663165271282196045e-01
3.657419383525848389e-01
3.651556074619293213e-01
3.645554482936859131e-01
3.639446198940277100e-01
3.633202910423278809e-01
3.626228272914886475e-01
3.617515563964843750e-01
3.608722388744354248e-01
3.599827289581298828e-01
3.590864837169647217e-01
3.581803441047668457e-01
3.572645187377929688e-01
3.563411533832550049e-01
3.554082512855529785e-01
3.544693589210510254e-01
3.535212278366088867e-01
3.525637686252593994e-01
3.515995144844055176e-01
3.506274223327636719e-01
3.496479690074920654e-01
3.486606180667877197e-01
3.476646840572357178e-01
3.466626703739166260e-01
3.456617593765258789e-01
3.448338210582733154e-01
3.440033495426177979e-01
3.431673943996429443e-01
3.423289358615875244e-01
3.414855897426605225e-01
3.406383991241455078e-01
3.397892713546752930e-01
3.389351367950439453e-01
3.380773365497589111e-01
3.372163772583007812e-01
3.363518416881561279e-01
3.354842960834503174e-01
3.346150517463684082e-01
3.337409496307373047e-01
3.328639864921569824e-01
3.319851756095886230e-01
3.311020433902740479e-01
3.302178680896759033e-01
3.293290734291076660e-01
3.284377753734588623e-01
3.275437951087951660e-01
3.266469240188598633e-01
3.257493674755096436e-01
3.248476982116699219e-01
3.239432871341705322e-01
3.230367898941040039e-01
3.221276402473449707e-01
3.212181925773620605e-01
3.203059434890747070e-01
3.193901181221008301e-01
3.184725344181060791e-01
3.175528943538665771e-01
3.166325986385345459e-01
3.157089948654174805e-01
3.147835433483123779e-01
3.138558864593505859e-01
3.129267990589141846e-01
3.120436072349548340e-01
3.112958967685699463e-01
3.105475008487701416e-01
3.097965419292449951e-01
3.090460300445556641e-01
3.082957863807678223e-01
3.075428605079650879e-01
3.067882955074310303e-01
3.060334324836730957e-01
3.052776753902435303e-01
3.045221865177154541e-01
3.037647008895874023e-01
3.030063807964324951e-01
3.022476732730865479e-01
3.014867305755615234e-01
3.007283210754394531e-01
2.999669611454010010e-01
2.992048859596252441e-01
2.984415292739868164e-01
2.976781129837036133e-01
2.969141006469726562e-01
2.961506843566894531e-01
2.953854799270629883e-01
2.946196794509887695e-01
2.938538491725921631e-01
2.930859923362731934e-01
2.923209667205810547e-01
2.915531992912292480e-01
2.907849550247192383e-01
2.900157868862152100e-01
2.892467379570007324e-01
2.884791195392608643e-01
2.877098023891448975e-01
2.869386672973632812e-01
2.861681878566741943e-01
2.853979468345642090e-01
2.846277356147766113e-01
2.838569283485412598e-01
2.830853760242462158e-01
2.823135852813720703e-01
2.815039157867431641e-01
2.806542217731475830e-01
2.798032760620117188e-01
2.789516448974609375e-01
2.780997753143310547e-01
2.772486209869384766e-01
2.763954699039459229e-01
2.755411863327026367e-01
2.746863067150115967e-01
2.738313972949981689e-01
2.729773223400115967e-01
2.721213996410369873e-01
2.712653279304504395e-01
2.704079151153564453e-01
2.695505917072296143e-01
2.686942219734191895e-01
2.678361237049102783e-01
2.669771015644073486e-01
2.661177217960357666e-01
2.652586102485656738e-01
2.644005715847015381e-01
2.635409235954284668e-01
2.626804113388061523e-01
2.618197202682495117e-01
2.609594166278839111e-01
2.601002454757690430e-01
2.592396140098571777e-01
2.583782672882080078e-01
2.575168013572692871e-01
2.566567361354827881e-01
2.557970285415649414e-01
2.549359798431396484e-01
2.540742754936218262e-01
2.532132267951965332e-01
2.523515224456787109e-01
2.514917850494384766e-01
2.506308257579803467e-01
2.497693151235580444e-01
2.489085197448730469e-01
2.480472326278686523e-01
2.471879720687866211e-01
2.463276386260986328e-01
2.454608082771301270e-01
2.445924431085586548e-01
2.437240928411483765e-01
2.428583353757858276e-01
2.419919967651367188e-01
2.411256730556488037e-01
2.402607351541519165e-01
2.393959164619445801e-01
2.385343760251998901e-01
2.376710325479507446e-01
2.368091195821762085e-01
2.359473109245300293e-01
2.350869923830032349e-01
2.342287451028823853e-01
2.333700954914093018e-01
2.325115650892257690e-01
2.316545546054840088e-01
2.307977825403213501e-01
2.299437820911407471e-01
2.290894538164138794e-01
2.282353043556213379e-01
2.273827642202377319e-01
2.265304923057556152e-01
2.256817668676376343e-01
2.248313277959823608e-01
2.239825725555419922e-01
2.231340855360031128e-01
2.222872972488403320e-01
2.214426994323730469e-01
2.205978780984878540e-01
2.197533696889877319e-01
2.189105898141860962e-01
2.180681377649307251e-01
2.172293365001678467e-01
2.163889557123184204e-01
2.155496478080749512e-01
2.147120982408523560e-01
2.138749212026596069e-01
2.130414843559265137e-01
2.122064679861068726e-01
2.113732844591140747e-01
2.105405032634735107e-01
2.097095400094985962e-01
2.088801860809326172e-01
2.080436944961547852e-01
2.072037756443023682e-01
2.063646763563156128e-01
2.055279016494750977e-01
2.046940177679061890e-01
2.038597315549850464e-01
2.030277848243713379e-01
2.021967023611068726e-01
2.013672441244125366e-01
2.005401253700256348e-01
1.997158378362655640e-01
1.988912671804428101e-01
1.980682462453842163e-01
1.972475647926330566e-01
1.964285373687744141e-01
1.956116855144500732e-01
1.947958767414093018e-01
1.939817070960998535e-01
1.931684464216232300e-01
1.923568844795227051e-01
1.915488094091415405e-01
1.907411664724349976e-01
1.899351328611373901e-01
1.891293674707412720e-01
1.883266121149063110e-01
1.875267177820205688e-01
1.867271959781646729e-01
1.859287321567535400e-01
1.851317733526229858e-01
1.843371689319610596e-01
1.835454255342483521e-01
1.827534586191177368e-01
1.819637864828109741e-01
1.811749488115310669e-01
1.803885251283645630e-01
1.796050667762756348e-01
1.788211613893508911e-01
1.780396103858947754e-01
1.772589385509490967e-01
1.764800399541854858e-01
1.757033318281173706e-01
1.749294996261596680e-01
1.741560548543930054e-01
1.733829081058502197e-01
1.726126819849014282e-01
1.718440502882003784e-01
1.710800826549530029e-01
1.703394800424575806e-01
1.696000397205352783e-01
1.688635647296905518e-01
1.681275814771652222e-01
1.673965752124786377e-01
1.666645407676696777e-01
1.659344136714935303e-01
1.652057319879531860e-01
1.644782871007919312e-01
1.637557297945022583e-01
1.630321592092514038e-01
1.623104065656661987e-01
1.615901291370391846e-01
1.608717292547225952e-01
1.601547598838806152e-01
1.594409495592117310e-01
1.587279438972473145e-01
1.580158621072769165e-01
1.573056429624557495e-01
1.565968096256256104e-01
1.558910906314849854e-01
1.551861464977264404e-01
1.544820964336395264e-01
1.537798345088958740e-01
1.530789285898208618e-01
1.523798406124114990e-01
1.516841053962707520e-01
1.509878784418106079e-01
1.502934098243713379e-01
1.496002972126007080e-01
1.489088833332061768e-01
1.482208818197250366e-01
1.475329995155334473e-01
1.468454599380493164e-01
1.461599022150039673e-01
1.454760432243347168e-01
1.447934508323669434e-01
1.441150903701782227e-01
1.434350311756134033e-01
1.427568346261978149e-01
1.420803368091583252e-01
1.414050757884979248e-01
1.407335400581359863e-01
1.400611400604248047e-01
1.393908411264419556e-01
1.387208104133605957e-01
1.380526423454284668e-01
1.373861432075500488e-01
1.367228776216506958e-01
1.361238956451416016e-01
1.355367600917816162e-01
1.349501609802246094e-01
1.343642324209213257e-01
1.337820291519165039e-01
1.331986188888549805e-01
1.326154023408889771e-01
1.320334523916244507e-01
1.314526945352554321e-01
1.308721899986267090e-01
1.302953660488128662e-01
1.297172904014587402e-01
1.291390210390090942e-01
1.285625994205474854e-01
1.279863119125366211e-01
1.274116188287734985e-01
1.268399208784103394e-01
1.262658089399337769e-01
1.256935000419616699e-01
1.251219958066940308e-01
1.245507001876831055e-01
1.239807903766632080e-01
1.234135553240776062e-01
1.228445395827293396e-01
1.222769469022750854e-01
1.217101812362670898e-01
1.211431398987770081e-01
1.205778121948242188e-01
1.200149431824684143e-01
1.194511353969573975e-01
1.188880875706672668e-01
1.183248236775398254e-01
1.177632212638854980e-01
1.172023713588714600e-01
1.166439726948738098e-01
1.160846203565597534e-01
1.155255809426307678e-01
1.149670556187629700e-01
1.144098937511444092e-01
1.138533726334571838e-01
1.132993996143341064e-01
1.127440705895423889e-01
1.121892109513282776e-01
1.116357147693634033e-01
1.110829412937164307e-01
1.105303317308425903e-01
1.099811419844627380e-01
1.094305962324142456e-01
1.088803112506866455e-01
1.083313748240470886e-01
1.077831983566284180e-01
1.072349622845649719e-01
1.066983193159103394e-01
1.061617434024810791e-01
1.056255996227264404e-01
1.050911396741867065e-01
1.045566201210021973e-01
1.040231883525848389e-01
1.034930869936943054e-01
1.029615849256515503e-01
1.024307161569595337e-01
1.019005179405212402e-01
1.013715192675590515e-01
1.008441075682640076e-01
1.003193259239196777e-01
9.979337453842163086e-02
9.926889836788177490e-02
9.874518960714340210e-02
9.822270274162292480e-02
9.770110994577407837e-02
9.718166291713714600e-02
9.666554629802703857e-02
9.614805877208709717e-02
9.563283622264862061e-02
9.511838108301162720e-02
9.460579603910446167e-02
9.409493952989578247e-02
9.358607232570648193e-02
9.308131039142608643e-02
9.257575124502182007e-02
9.207309037446975708e-02
9.157204627990722656e-02
9.107302129268646240e-02
9.057663381099700928e-02
9.008304774761199951e-02
8.959431201219558716e-02
8.910594135522842407e-02
8.862080425024032593e-02
8.813850581645965576e-02
8.765931427478790283e-02
8.718384057283401489e-02
8.671253919601440430e-02
8.624666184186935425e-02
8.578279614448547363e-02
8.532303571701049805e-02
8.486863970756530762e-02
8.441852033138275146e-02
8.397335559129714966e-02
8.353431522846221924e-02
8.310261368751525879e-02
8.267456293106079102e-02
8.225324004888534546e-02
8.183893561363220215e-02
8.143153786659240723e-02
8.103179931640625000e-02
8.064039796590805054e-02
8.025887608528137207e-02
7.987610250711441040e-02
7.949578762054443359e-02
7.912574708461761475e-02
7.876607030630111694e-02
7.841823250055313110e-02
7.808279991149902344e-02
7.776133716106414795e-02
7.745193690061569214e-02
7.715749740600585938e-02
7.687826454639434814e-02
7.661505043506622314e-02
7.636959105730056763e-02
7.614243775606155396e-02
7.593432813882827759e-02
7.574704289436340332e-02
7.558142393827438354e-02
7.543917745351791382e-02
7.532107084989547729e-02
7.522951066493988037e-02
7.516566663980484009e-02
7.512915134429931641e-02
7.512564212083816528e-02
7.515528798103332520e-02
7.521957904100418091e-02
7.532164454460144043e-02
7.546338438987731934e-02
7.564704865217208862e-02
7.587504386901855469e-02
7.615090161561965942e-02
7.647239416837692261e-02
7.685101777315139771e-02
7.728675752878189087e-02
7.778273522853851318e-02
7.834248989820480347e-02
7.896957546472549438e-02
7.966869324445724487e-02
8.044402301311492920e-02
8.129937946796417236e-02
8.223037421703338623e-02
8.326109498739242554e-02
8.438709378242492676e-02
8.561455458402633667e-02
8.694899827241897583e-02
8.839574456214904785e-02
8.996108174324035645e-02
9.165197610855102539e-02
9.345626831054687500e-02
9.541566669940948486e-02
9.752060472965240479e-02
9.977775812149047852e-02
1.021931394934654236e-01
1.047738939523696899e-01
1.075279489159584045e-01
1.104608997702598572e-01
1.135780438780784607e-01
1.168555095791816711e-01
1.203576400876045227e-01
1.240610778331756592e-01
1.279679089784622192e-01
1.320877373218536377e-01
1.364156901836395264e-01
1.409483850002288818e-01
1.456866860389709473e-01
1.506247967481613159e-01
1.557096838951110840e-01
1.610266566276550293e-01
1.665174514055252075e-01
1.721722334623336792e-01
1.779727637767791748e-01
1.839010119438171387e-01
1.899353265762329102e-01
1.960509717464447021e-01
2.021675109863281250e-01
2.083656191825866699e-01
2.145581990480422974e-01
2.207123339176177979e-01
2.267951071262359619e-01
2.327703386545181274e-01
2.386041432619094849e-01
2.442623376846313477e-01
2.497088611125946045e-01
2.548678517341613770e-01
2.598021626472473145e-01
2.644378244876861572e-01
2.687499225139617920e-01
2.727191448211669922e-01
2.763289213180541992e-01
2.795661389827728271e-01
2.824226021766662598e-01
2.848948240280151367e-01
2.869820892810821533e-01
2.886883020401000977e-01
2.900197505950927734e-01
2.909795045852661133e-01
2.915974855422973633e-01
2.918785512447357178e-01
2.918394207954406738e-01
2.914983332157135010e-01
2.908746302127838135e-01
2.899895012378692627e-01
2.888598144054412842e-01
2.875095009803771973e-01
2.859577834606170654e-01
2.842239737510681152e-01
2.823277115821838379e-01
2.803038656711578369e-01
2.781376540660858154e-01
2.758609950542449951e-01
2.734893858432769775e-01
2.710372805595397949e-01
2.685170173645019531e-01
2.659431099891662598e-01
2.633266150951385498e-01
2.606766521930694580e-01
2.580030560493469238e-01
2.553147077560424805e-01
2.526187598705291748e-01
2.499430924654006958e-01
2.472520470619201660e-01
2.445712536573410034e-01
2.419062703847885132e-01
2.392368912696838379e-01
2.365425229072570801e-01
2.338762432336807251e-01
2.312434017658233643e-01
2.286442667245864868e-01
2.260814905166625977e-01
2.235562205314636230e-01
2.210695147514343262e-01
2.186392396688461304e-01
2.162329107522964478e-01
2.138673514127731323e-01
2.115429043769836426e-01
2.092602401971817017e-01
2.070191800594329834e-01
2.048177421092987061e-01
2.026591449975967407e-01
2.005413323640823364e-01
1.984636336565017700e-01
1.964261531829833984e-01
1.944280564785003662e-01
1.924812495708465576e-01
1.905597299337387085e-01
1.886758953332901001e-01
1.868290603160858154e-01
1.850181370973587036e-01
1.832429170608520508e-01
1.815013587474822998e-01
1.797946542501449585e-01
1.781214177608489990e-01
1.764806956052780151e-01
1.748715490102767944e-01
1.732936650514602661e-01
1.717451959848403931e-01
1.702272295951843262e-01
1.687372773885726929e-01
1.672763824462890625e-01
1.658429950475692749e-01
1.644362509250640869e-01
1.630548536777496338e-01
1.617085337638854980e-01
1.603781580924987793e-01
1.590721160173416138e-01
1.577897220849990845e-01
1.565304696559906006e-01
1.552926003932952881e-01
1.540775746107101440e-01
1.528839766979217529e-01
1.517110466957092285e-01
1.505584716796875000e-01
1.494256854057312012e-01
1.483112722635269165e-01
1.472165733575820923e-01
1.461401432752609253e-01
1.450814753770828247e-01
1.440403461456298828e-01
1.430162042379379272e-01
1.420085877180099487e-01
1.410163193941116333e-01
1.400406509637832642e-01
1.390803158283233643e-01
1.381402760744094849e-01
1.372094899415969849e-01
1.362929493188858032e-01
1.353896111249923706e-01
1.345006525516510010e-01
1.336249560117721558e-01
1.327622383832931519e-01
1.319377422332763672e-01
1.311383098363876343e-01
1.303517371416091919e-01
1.295755505561828613e-01
1.288117915391921997e-01
1.280599981546401978e-01
1.273185908794403076e-01
1.265886425971984863e-01
1.258686482906341553e-01
1.251588612794876099e-01
1.244598254561424255e-01
1.237699985504150391e-01
1.230903789401054382e-01
1.224231049418449402e-01
1.217606216669082642e-01
1.211084350943565369e-01
1.204643771052360535e-01
1.198295280337333679e-01
1.192024946212768555e-01
1.185836195945739746e-01
1.179733574390411377e-01
1.173703894019126892e-01
1.167756244540214539e-01
1.161878034472465515e-01
1.156072095036506653e-01
1.150339916348457336e-01
1.144677847623825073e-01
1.139090433716773987e-01
1.133565604686737061e-01
1.128111556172370911e-01
1.122717484831809998e-01
1.117387339472770691e-01
1.112123727798461914e-01
1.106916889548301697e-01
1.101767420768737793e-01
1.096678897738456726e-01
1.091647595167160034e-01
1.086677610874176025e-01
1.081758290529251099e-01
1.076897382736206055e-01
1.072085425257682800e-01
1.067330092191696167e-01
1.062621250748634338e-01
1.057962700724601746e-01
1.053351163864135742e-01
1.048790439963340759e-01
1.044281274080276489e-01
1.039814576506614685e-01
1.035393700003623962e-01
1.031021773815155029e-01
1.026689931750297546e-01
1.022405698895454407e-01
1.018159613013267517e-01
1.013955548405647278e-01
1.009789928793907166e-01
1.005667224526405334e-01
1.001588404178619385e-01
9.975445270538330078e-02
9.935390949249267578e-02
9.895750880241394043e-02
9.856443107128143311e-02
9.817539900541305542e-02
9.778954088687896729e-02
9.740760922431945801e-02
9.702808409929275513e-02
9.665261954069137573e-02
9.628091752529144287e-02
9.591212123632431030e-02
9.554696828126907349e-02
9.518460929393768311e-02
9.482540935277938843e-02
9.449074417352676392e-02
9.418938308954238892e-02
9.389113634824752808e-02
9.359519183635711670e-02
9.330251812934875488e-02
9.301178902387619019e-02
9.272361546754837036e-02
9.243793040513992310e-02
9.215474128723144531e-02
9.187462180852890015e-02
9.159626066684722900e-02
9.132023900747299194e-02
9.104654937982559204e-02
9.077514708042144775e-02
9.050661325454711914e-02
9.023968130350112915e-02
8.997493982315063477e-02
8.971232175827026367e-02
8.945184946060180664e-02
8.919409662485122681e-02
8.893776684999465942e-02
8.868345618247985840e-02
8.843115717172622681e-02
8.818082511425018311e-02
8.793305605649948120e-02
8.768658339977264404e-02
8.744199573993682861e-02
8.719926327466964722e-02
8.695837855339050293e-02
8.671992272138595581e-02
8.648293465375900269e-02
8.624739944934844971e-02
8.601360768079757690e-02
8.578152954578399658e-02
8.555112779140472412e-02
8.532301336526870728e-02
8.509498834609985352e-02
8.486953377723693848e-02
8.464568108320236206e-02
8.442342281341552734e-02
8.420331776142120361e-02
8.398415148258209229e-02
8.376650512218475342e-02
8.355036377906799316e-02
8.333569020032882690e-02
8.312308788299560547e-02
8.291132748126983643e-02
8.270099014043807983e-02
8.249206095933914185e-02
8.228453248739242554e-02
8.207895606756210327e-02
8.187414705753326416e-02
8.167067915201187134e-02
8.146852999925613403e-02
8.126769959926605225e-02
8.106873929500579834e-02
8.087047189474105835e-02
8.067345619201660156e-02
8.047797530889511108e-02
8.028344064950942993e-02
8.009070158004760742e-02
7.989858835935592651e-02
7.970765978097915649e-02
7.951790839433670044e-02
7.932860404253005981e-02
7.914174348115921021e-02
7.895544171333312988e-02
7.877025753259658813e-02
7.858619093894958496e-02
7.840321213006973267e-02
7.822188735008239746e-02
7.804106920957565308e-02
7.786131650209426880e-02
7.768259942531585693e-02
7.750493288040161133e-02
7.732884585857391357e-02
7.715428620576858521e-02
7.699399441480636597e-02
7.683490961790084839e-02
7.667616009712219238e-02
7.651884853839874268e-02
7.636186480522155762e-02
7.620629668235778809e-02
7.605158537626266479e-02
7.589717209339141846e-02
7.574415206909179688e-02
7.559081912040710449e-02
7.543945312500000000e-02
7.528889924287796021e-02
7.513860613107681274e-02
7.498965412378311157e-02
7.484094798564910889e-02
7.469356060028076172e-02
7.454694807529449463e-02
7.440055906772613525e-02
7.425547391176223755e-02
7.411058992147445679e-02
7.396699488162994385e-02
7.382330298423767090e-02
7.368117570877075195e-02
7.353976368904113770e-02
7.339853048324584961e-02
7.325854152441024780e-02
7.311871647834777832e-02
7.298012077808380127e-02
7.284220308065414429e-02
7.270444184541702271e-02
7.256788760423660278e-02
7.243146747350692749e-02
7.229623198509216309e-02
7.216065376996994019e-02
7.202672958374023438e-02
7.189345359802246094e-02
7.176028192043304443e-02
7.162827253341674805e-02
7.149636745452880859e-02
7.136559486389160156e-02
7.123544067144393921e-02
7.110559940338134766e-02
7.097665965557098389e-02
7.084779441356658936e-02
7.072003930807113647e-02
7.059191912412643433e-02
7.046533375978469849e-02
7.033932954072952271e-02
7.021338492631912231e-02
7.008851319551467896e-02
6.996370106935501099e-02
6.983995437622070312e-02
6.971675157546997070e-02
6.959359347820281982e-02
6.947149336338043213e-02
6.934941560029983521e-02
6.922838091850280762e-02
6.910746544599533081e-02
6.898698955774307251e-02
6.886752694845199585e-02
6.874807924032211304e-02
6.862965226173400879e-02
6.851143389940261841e-02
6.839401274919509888e-02
6.827708333730697632e-02
6.816016137599945068e-02
6.804422289133071899e-02
6.792827695608139038e-02
6.781293451786041260e-02
6.769844889640808105e-02
6.758394837379455566e-02
6.747040897607803345e-02
6.735684722661972046e-02
6.724423915147781372e-02
6.713160127401351929e-02
6.701990962028503418e-02
6.690867245197296143e-02
6.679739803075790405e-02
6.668671220541000366e-02
6.657633185386657715e-02
6.646687537431716919e-02
6.635969132184982300e-02
6.627563387155532837e-02
6.619191914796829224e-02
6.610833853483200073e-02
6.602577120065689087e-02
6.594271212816238403e-02
6.586031615734100342e-02
6.577804684638977051e-02
6.569677591323852539e-02
6.561534106731414795e-02
6.553421914577484131e-02
6.545369327068328857e-02
6.537287682294845581e-02
6.529269367456436157e-02
6.521281599998474121e-02
6.513370573520660400e-02
6.505423784255981445e-02
6.497526168823242188e-02
6.489704549312591553e-02
6.481835991144180298e-02
6.474007666110992432e-02
6.466227024793624878e-02
6.458521634340286255e-02
6.450799107551574707e-02
6.443104147911071777e-02
6.435418874025344849e-02
6.427796930074691772e-02
6.420186161994934082e-02
6.412602216005325317e-02
6.405073404312133789e-02
6.397544592618942261e-02
6.390042603015899658e-02
6.382566690444946289e-02
6.375163048505783081e-02
6.367694586515426636e-02
6.360297650098800659e-02
6.352927535772323608e-02
6.345627456903457642e-02
6.338290125131607056e-02
6.330996751785278320e-02
6.323772668838500977e-02
6.316502392292022705e-02
6.309265643358230591e-02
6.302071362733840942e-02
6.294947117567062378e-02
6.287802010774612427e-02
6.280680745840072632e-02
6.273566186428070068e-02
6.266511231660842896e-02
6.259461492300033569e-02
6.252435594797134399e-02
6.245459616184234619e-02
6.238480284810066223e-02
6.231523677706718445e-02
6.224590167403221130e-02
6.217722967267036438e-02
6.210792437195777893e-02
6.203926727175712585e-02
6.197126954793930054e-02
6.190305203199386597e-02
6.183488667011260986e-02
6.176710873842239380e-02
6.169998273253440857e-02
6.163239851593971252e-02
6.156509742140769958e-02
6.149818003177642822e-02
6.143190711736679077e-02
6.136541068553924561e-02
6.129911914467811584e-02
6.123306602239608765e-02
6.116719171404838562e-02
6.110152229666709900e-02
6.103605404496192932e-02
6.097105145454406738e-02
6.090575829148292542e-02
6.084089353680610657e-02
6.077622622251510620e-02
6.071218103170394897e-02
6.064774096012115479e-02
6.058366224169731140e-02
6.051997467875480652e-02
6.045627966523170471e-02
6.039261072874069214e-02
6.032929942011833191e-02
6.026659160852432251e-02
6.020343676209449768e-02
6.014068797230720520e-02
6.007795780897140503e-02
6.001599133014678955e-02
5.996889993548393250e-02
5.992631614208221436e-02
5.988364294171333313e-02
5.984133854508399963e-02
5.979931354522705078e-02
5.975739657878875732e-02
5.971538648009300232e-02
5.967354029417037964e-02
5.963196232914924622e-02
5.959007889032363892e-02
5.954872071743011475e-02
5.950710922479629517e-02
5.946596711874008179e-02
5.942493677139282227e-02
5.938400700688362122e-02
5.934302881360054016e-02
5.930170789361000061e-02
5.926109850406646729e-02
5.922058969736099243e-02
5.918018892407417297e-02
5.913973227143287659e-02
5.909933894872665405e-02
5.905924364924430847e-02
5.901884660124778748e-02
5.897879600524902344e-02
5.893899872899055481e-02
5.889930203557014465e-02
5.885951593518257141e-02
5.881986021995544434e-02
5.878045782446861267e-02
5.874075368046760559e-02
5.870154500007629395e-02
5.866208672523498535e-02
5.862306803464889526e-02
5.858414247632026672e-02
5.854531005024909973e-02
5.850642174482345581e-02
5.846719443798065186e-02
5.842864140868186951e-02
5.839018151164054871e-02
5.835165828466415405e-02
5.831337720155715942e-02
5.827500298619270325e-02
5.823651328682899475e-02
5.819834768772125244e-02
5.816042423248291016e-02
5.812259018421173096e-02
5.808465927839279175e-02
5.804684758186340332e-02
5.800927057862281799e-02
5.797139182686805725e-02
5.793398618698120117e-02
5.789634212851524353e-02
5.785910785198211670e-02
5.782195553183555603e-02
5.778488516807556152e-02
5.774758011102676392e-02
5.771028995513916016e-02
5.767346918582916260e-02
5.763672664761543274e-02
5.759974941611289978e-02
5.756317079067230225e-02
5.752667039632797241e-02
5.749025195837020874e-02
5.745321512222290039e-02
5.741695314645767212e-02
5.738077312707901001e-02
5.734466388821601868e-02
5.730846896767616272e-02
5.727237462997436523e-02
5.723650008440017700e-02
5.720032379031181335e-02
5.716443434357643127e-02
5.712864547967910767e-02
5.709307268261909485e-02
5.705757439136505127e-02
5.702198669314384460e-02
5.698649212718009949e-02
5.695084109902381897e-02
5.691563710570335388e-02
5.688034370541572571e-02
5.684514343738555908e-02
5.681015551090240479e-02
5.677523836493492126e-02
5.674023181200027466e-02
5.670494586229324341e-02
5.667024105787277222e-02
5.663560330867767334e-02
5.660087987780570984e-02
5.656624212861061096e-02
5.653181299567222595e-02
5.649745464324951172e-02
5.646264180541038513e-02
5.642827600240707397e-02
5.639411881566047668e-02
5.636231228709220886e-02
5.633460357785224915e-02
5.630657449364662170e-02
5.627910047769546509e-02
5.625102296471595764e-02
5.622350797057151794e-02
5.619567632675170898e-02
5.616839230060577393e-02
5.614050850272178650e-02
5.611318349838256836e-02
5.608567968010902405e-02
5.605844780802726746e-02
5.603075399994850159e-02
5.600361526012420654e-02
5.597629770636558533e-02
5.594924837350845337e-02
5.592174082994461060e-02
5.589478462934494019e-02
5.586764961481094360e-02
5.584077909588813782e-02
5.581345781683921814e-02
5.578681081533432007e-02
5.575971677899360657e-02
5.573302507400512695e-02
5.570587888360023499e-02
5.567940324544906616e-02
5.565248802304267883e-02
5.562596768140792847e-02
5.559912696480751038e-02
5.557268857955932617e-02
5.554594099521636963e-02
5.551958829164505005e-02
5.549291893839836121e-02
5.546664819121360779e-02
5.544006824493408203e-02
5.541400983929634094e-02
5.538737401366233826e-02
5.536126345396041870e-02
5.533484742045402527e-02
5.530881136655807495e-02
5.528247728943824768e-02
5.525652691721916199e-02
5.523013323545455933e-02
5.520439147949218750e-02
5.517821386456489563e-02
5.515228211879730225e-02
5.512631312012672424e-02
5.510059744119644165e-02
5.507443845272064209e-02
5.504879355430603027e-02
5.502297729253768921e-02
5.499727651476860046e-02
5.497140437364578247e-02
5.494604259729385376e-02
5.492011085152626038e-02
5.489468947052955627e-02
5.486896634101867676e-02
5.484361574053764343e-02
5.481796711683273315e-02
5.479268729686737061e-02
5.476710945367813110e-02
5.474190413951873779e-02
5.471639707684516907e-02
5.469113215804100037e-02
5.466582626104354858e-02
5.464075878262519836e-02
5.461539328098297119e-02
5.459026992321014404e-02
5.456509813666343689e-02
5.454016849398612976e-02
5.451481416821479797e-02
5.449007824063301086e-02
5.446491762995719910e-02
5.443999916315078735e-02
5.441490560770034790e-02
5.439030379056930542e-02
5.436515063047409058e-02
5.434048920869827271e-02
5.431565269827842712e-02
5.429092794656753540e-02
5.426603555679321289e-02
5.424150079488754272e-02
5.421667173504829407e-02
5.419220030307769775e-02
5.416743457317352295e-02
5.414302647113800049e-02
5.411832407116889954e-02
5.409397929906845093e-02
5.406921729445457458e-02
5.404505506157875061e-02
5.402047932147979736e-02
5.399613082408905029e-02
5.397161841392517090e-02
5.394757539033889771e-02
5.392312258481979370e-02
5.389889702200889587e-02
5.387462675571441650e-02
5.385058000683784485e-02
5.382612720131874084e-02
5.380214005708694458e-02
5.377798527479171753e-02
5.375393852591514587e-02
5.372972413897514343e-02
5.370718985795974731e-02
5.369879305362701416e-02
5.369082465767860413e-02
5.368253961205482483e-02
5.367432907223701477e-02
5.366634950041770935e-02
5.365805700421333313e-02
5.364995449781417847e-02
5.364153161644935608e-02
5.363353714346885681e-02
5.362511053681373596e-02
5.361711233854293823e-02
5.360910668969154358e-02
5.360054969787597656e-02
5.359253659844398499e-02
5.358420684933662415e-02
5.357607081532478333e-02
5.356761440634727478e-02
5.355947092175483704e-02
5.355143919587135315e-02
5.354309082031250000e-02
5.353481322526931763e-02
5.352645367383956909e-02
5.351829156279563904e-02
5.350992456078529358e-02
5.350174382328987122e-02
5.349356681108474731e-02
5.348518863320350647e-02
5.347700044512748718e-02
5.346861481666564941e-02
5.346041172742843628e-02
5.345190316438674927e-02
5.344381183385848999e-02
5.343571305274963379e-02
5.342707410454750061e-02
5.341896414756774902e-02
5.341043323278427124e-02
5.340231582522392273e-02
5.339377000927925110e-02
5.338552966713905334e-02
5.337739735841751099e-02
5.336884409189224243e-02
5.336058139801025391e-02
5.335212871432304382e-02
5.334386602044105530e-02
5.333540216088294983e-02
5.332712829113006592e-02
5.331883952021598816e-02
5.331036075949668884e-02
5.330207198858261108e-02
5.329358577728271484e-02
5.328516662120819092e-02
5.327666923403739929e-02
5.326846614480018616e-02
5.326014757156372070e-02
5.325151607394218445e-02
5.324319005012512207e-02
5.323466286063194275e-02
5.322643369436264038e-02
5.321767181158065796e-02
5.320943146944046021e-02
5.320118367671966553e-02
5.319252237677574158e-02
5.318426340818405151e-02
5.317547544836997986e-02
5.316720530390739441e-02
5.315862968564033508e-02
5.315023660659790039e-02
5.314153805375099182e-02
5.313313379883766174e-02
5.312483385205268860e-02
5.311623215675354004e-02
5.310769379138946533e-02
5.309908092021942139e-02
5.309064686298370361e-02
5.308202281594276428e-02
5.307356640696525574e-02
5.306511744856834412e-02
5.305647104978561401e-02
5.304800719022750854e-02
5.303935334086418152e-02
5.303087085485458374e-02
5.302209407091140747e-02
5.301371216773986816e-02
5.300521478056907654e-02
5.299641564488410950e-02
5.298801511526107788e-02
5.297920852899551392e-02
5.297079682350158691e-02
5.296197161078453064e-02
5.295343697071075439e-02
5.294500291347503662e-02
5.293616652488708496e-02
5.292760580778121948e-02
5.291886255145072937e-02
5.291029810905456543e-02
5.290153995156288147e-02
5.289284884929656982e-02
5.288436636328697205e-02
5.287548527121543884e-02
5.286699160933494568e-02
5.285809934139251709e-02
5.284947901964187622e-02
5.284057185053825378e-02
5.283204838633537292e-02
5.282341688871383667e-02
5.281448364257812500e-02
5.280583351850509644e-02
5.279700085520744324e-02
5.278844386339187622e-02
5.277938023209571838e-02
5.277080833911895752e-02
5.276212468743324280e-02
5.275054275989532471e-02
5.273805186152458191e-02
5.272555351257324219e-02
5.271306261420249939e-02
5.270067974925041199e-02
5.268818885087966919e-02
5.267580598592758179e-02
5.266360193490982056e-02
5.265121906995773315e-02
5.263862386345863342e-02
5.262624099850654602e-02
5.261386185884475708e-02
5.260137841105461121e-02
5.258899927139282227e-02
5.257651582360267639e-02
5.256413668394088745e-02
5.255193635821342468e-02
5.253944545984268188e-02
5.252696573734283447e-02
5.251459032297134399e-02
5.250210687518119812e-02
5.248973146080970764e-02
5.247725173830986023e-02
5.246487259864807129e-02
5.245239287614822388e-02
5.244018509984016418e-02
5.242780968546867371e-02
5.241532996296882629e-02
5.240295082330703735e-02
5.239047110080718994e-02
5.237809568643569946e-02
5.236561223864555359e-02
5.235323682427406311e-02
5.234092101454734802e-02
5.232854187488555908e-02
5.231606215238571167e-02
5.230368301272392273e-02
5.229119956493377686e-02
5.227882042527198792e-02
5.226633697748184204e-02
5.225384607911109924e-02
5.224146693944931030e-02
5.222925543785095215e-02
5.221686884760856628e-02
5.220438539981842041e-02
5.219199880957603455e-02
5.217951163649559021e-02
5.216712504625320435e-02
5.215452983975410461e-02
5.214214324951171875e-02
5.212965235114097595e-02
5.211753398180007935e-02
5.210503935813903809e-02
5.209264904260635376e-02
5.208015441894531250e-02
5.206776037812232971e-02
5.205525830388069153e-02
5.204275995492935181e-02
5.203036218881607056e-02
5.201786383986473083e-02
5.200573429465293884e-02
5.199322849512100220e-02
5.198082700371742249e-02
5.196821689605712891e-02
5.195581167936325073e-02
5.194330215454101562e-02
5.193089321255683899e-02
5.191838368773460388e-02
5.190623924136161804e-02
5.189372599124908447e-02
5.188130959868431091e-02
5.186868831515312195e-02
5.185627192258834839e-02
5.184375122189521790e-02
5.183122679591178894e-02
5.181880295276641846e-02
5.180627852678298950e-02
5.179411917924880981e-02
5.178158730268478394e-02
5.176905170083045959e-02
5.175651982426643372e-02
5.174408480525016785e-02
5.173154920339584351e-02
5.171911045908927917e-02
5.170656740665435791e-02
5.169402435421943665e-02
5.168173834681510925e-02
5.166919156908988953e-02
5.165674164891242981e-02
5.164419114589691162e-02
5.163173750042915344e-02
5.161917954683303833e-02
5.160672217607498169e-02
5.159416049718856812e-02
5.158159509301185608e-02
5.156929045915603638e-02
5.155672132968902588e-02
5.154425278306007385e-02
5.153167620301246643e-02
5.151920393109321594e-02
5.150662362575531006e-02
5.149414390325546265e-02
5.148145556449890137e-02
5.146897211670875549e-02
5.145664140582084656e-02
5.144415050745010376e-02
5.143155530095100403e-02
5.141895636916160583e-02
5.140645802021026611e-02
5.139375105500221252e-02
5.138124898076057434e-02
5.136863887310028076e-02
5.135638266801834106e-02
5.134376883506774902e-02
5.133125185966491699e-02
5.131863057613372803e-02
5.130600556731224060e-02
5.129337683320045471e-02
5.128074437379837036e-02
5.126821249723434448e-02
5.125557631254196167e-02
5.124329030513763428e-02
5.122926086187362671e-02
5.121245607733726501e-02
5.119519308209419250e-02
5.117829516530036926e-02
5.116114020347595215e-02
5.114414170384407043e-02
5.112699791789054871e-02
5.111010745167732239e-02
5.109297111630439758e-02
5.107598379254341125e-02
5.105895176529884338e-02
5.104197561740875244e-02
5.102510377764701843e-02
5.100797489285469055e-02
5.099111050367355347e-02
5.097388848662376404e-02
5.095702409744262695e-02
5.093991383910179138e-02
5.092295631766319275e-02
5.090594664216041565e-02
5.088899284601211548e-02
5.087189376354217529e-02
5.085504427552223206e-02
5.083794891834259033e-02
5.082110688090324402e-02
5.080401524901390076e-02
5.078707635402679443e-02
5.076998844742774963e-02
5.075315386056900024e-02
5.073622241616249084e-02
5.071924254298210144e-02
5.070231482386589050e-02
5.068524181842803955e-02
5.066841468214988708e-02
5.065124109387397766e-02
5.063442513346672058e-02
5.061735585331916809e-02
5.060053989291191101e-02
5.058337748050689697e-02
5.056656152009963989e-02
5.054950341582298279e-02
5.053259432315826416e-02
5.051553621888160706e-02
5.049873143434524536e-02
5.048182606697082520e-02
5.046477168798446655e-02
5.044797062873840332e-02
5.043082311749458313e-02
5.041412264108657837e-02
5.039697885513305664e-02
5.038007721304893494e-02
5.036313831806182861e-02
5.034624040126800537e-02
5.032910034060478210e-02
5.031240731477737427e-02
5.029527097940444946e-02
5.027848482131958008e-02
5.026144534349441528e-02
5.024455487728118896e-02
5.022776871919631958e-02
5.021073296666145325e-02
5.019384622573852539e-02
5.017682164907455444e-02
5.016003176569938660e-02
5.014289915561676025e-02
5.012612044811248779e-02
5.010908842086791992e-02
5.009230971336364746e-02
5.007518455386161804e-02
5.005839467048645020e-02
5.004137381911277771e-02
5.002449452877044678e-02
5.000746250152587891e-02
4.999068751931190491e-02
4.997380450367927551e-02
4.995688423514366150e-02
4.994000121951103210e-02
4.992287978529930115e-02
4.990619793534278870e-02
4.988907277584075928e-02
4.987219348549842834e-02
4.985526949167251587e-02
4.983838647603988647e-02
4.982126504182815552e-02
4.980458319187164307e-02
4.978746175765991211e-02
4.977068305015563965e-02
4.975365474820137024e-02
4.973677173256874084e-02
4.971984773874282837e-02
4.970296099781990051e-02
4.968607425689697266e-02
4.966915026307106018e-02
4.965226352214813232e-02
4.963524639606475830e-02
4.961844906210899353e-02
4.960132390260696411e-02
4.958453774452209473e-02
4.956750199198722839e-02
4.955061152577400208e-02
4.953358694911003113e-02
4.951678588986396790e-02
4.949965327978134155e-02
4.948286712169647217e-02
4.946582391858100891e-02
4.944903403520584106e-02
4.943213239312171936e-02
4.941508919000625610e-02
4.939829558134078979e-02
4.938115179538726807e-02
4.936433956027030945e-02
4.934730753302574158e-02
4.933039844036102295e-02
4.931334406137466431e-02
4.929653927683830261e-02
4.927939176559448242e-02
4.926267638802528381e-02
4.924552515149116516e-02
4.922860860824584961e-02
4.921165108680725098e-02
4.919473081827163696e-02
4.917780682444572449e-02
4.916084557771682739e-02
4.914391785860061646e-02
4.912675172090530396e-02
4.911002144217491150e-02
4.909285157918930054e-02
4.907591640949249268e-02
4.905883222818374634e-02
4.904200136661529541e-02
4.902482405304908752e-02
4.900796711444854736e-02
4.899089783430099487e-02
4.897394403815269470e-02
4.895509406924247742e-02
4.892100021243095398e-02
4.888672009110450745e-02
4.885267466306686401e-02
4.881855845451354980e-02
4.878443852066993713e-02
4.875037074089050293e-02
4.871618375182151794e-02
4.868216440081596375e-02
4.864813387393951416e-02
4.861415550112724304e-02
4.858006164431571960e-02
4.854612797498703003e-02
4.851242154836654663e-02
4.847830533981323242e-02
4.844452813267707825e-02
4.841056838631629944e-02
4.837683588266372681e-02
4.834280908107757568e-02
4.830911755561828613e-02
4.827524721622467041e-02
4.824160411953926086e-02
4.820766299962997437e-02
4.817417263984680176e-02
4.814050346612930298e-02
4.810671880841255188e-02
4.807309061288833618e-02
4.803945869207382202e-02
4.800587892532348633e-02
4.797217622399330139e-02
4.793863371014595032e-02
4.790508747100830078e-02
4.787158966064453125e-02
4.783819988369941711e-02
4.780462756752967834e-02
4.777127876877784729e-02
4.773763567209243774e-02
4.770432785153388977e-02
4.767084121704101562e-02
4.763757437467575073e-02
4.760401323437690735e-02
4.757090285420417786e-02
4.753738269209861755e-02
4.750419408082962036e-02
4.747094213962554932e-02
4.743768274784088135e-02
4.740446805953979492e-02
