8.545320034027099609e-01
8.536754250526428223e-01
8.528037667274475098e-01
8.519173264503479004e-01
8.510141968727111816e-01
8.501254320144653320e-01
8.492280244827270508e-01
8.483120203018188477e-01
8.473789095878601074e-01
8.464297652244567871e-01
8.457561731338500977e-01
8.452333807945251465e-01
8.447000980377197266e-01
8.441615700721740723e-01
8.436220884323120117e-01
8.431975245475769043e-01
8.429898619651794434e-01
8.427965641021728516e-01
8.426200151443481445e-01
8.424638509750366211e-01
8.423315286636352539e-01
8.422209024429321289e-01
8.421428799629211426e-01
8.420991301536560059e-01
8.420912027359008789e-01
8.421243429183959961e-01
8.422523140907287598e-01
8.425483703613281250e-01
8.428885936737060547e-01
8.432731032371520996e-01
8.437023162841796875e-01
8.441764116287231445e-01
8.446533679962158203e-01
8.451392054557800293e-01
8.456717133522033691e-01
8.462511897087097168e-01
8.468773961067199707e-01
8.475515246391296387e-01
8.481703996658325195e-01
8.487551808357238770e-01
8.493843078613281250e-01
8.500577211380004883e-01
8.507728576660156250e-01
8.515295982360839844e-01
8.523233532905578613e-01
8.531513214111328125e-01
8.540173172950744629e-01
8.549200296401977539e-01
8.558577299118041992e-01
8.568309545516967773e-01
8.578220009803771973e-01
8.586248755455017090e-01
8.594573140144348145e-01
8.603190779685974121e-01
8.612074851989746094e-01
8.621218800544738770e-01
8.630598783493041992e-01
8.640560507774353027e-01
8.651072382926940918e-01
8.661767244338989258e-01
8.672630786895751953e-01
8.683640956878662109e-01
8.694794178009033203e-01
8.706059455871582031e-01
8.716888427734375000e-01
8.727616071701049805e-01
8.738400340080261230e-01
8.749233484268188477e-01
8.760097622871398926e-01
8.770970106124877930e-01
8.781851530075073242e-01
8.791887164115905762e-01
8.801590204238891602e-01
8.811249732971191406e-01
8.820857405662536621e-01
8.830401301383972168e-01
8.839862942695617676e-01
8.849227428436279297e-01
8.858491778373718262e-01
8.867658972740173340e-01
8.876684904098510742e-01
8.885563015937805176e-01
8.894295692443847656e-01
8.902854323387145996e-01
8.911236524581909180e-01
8.919440507888793945e-01
8.927469849586486816e-01
8.935302495956420898e-01
8.942925333976745605e-01
8.950339555740356445e-01
8.957517743110656738e-01
8.964471817016601562e-01
8.971185088157653809e-01
8.977260589599609375e-01
8.981642723083496094e-01
8.985782861709594727e-01
8.989676833152770996e-01
8.993324637413024902e-01
8.996714353561401367e-01
8.999850749969482422e-01
9.002730250358581543e-01
9.005603790283203125e-01
9.009508490562438965e-01
9.013148546218872070e-01
9.016514420509338379e-01
9.019610881805419922e-01
9.022431373596191406e-01
9.024977087974548340e-01
9.027256369590759277e-01
9.029256105422973633e-01
9.029897451400756836e-01
9.030017256736755371e-01
9.029868841171264648e-01
9.029460549354553223e-01
9.028782248497009277e-01
9.027841091156005859e-01
9.026645421981811523e-01
9.025189876556396484e-01
9.023541212081909180e-01
9.021988511085510254e-01
9.020197987556457520e-01
9.018159508705139160e-01
9.015886187553405762e-01
9.013375043869018555e-01
9.010637998580932617e-01
9.007669091224670410e-01
9.004472494125366211e-01
9.001181721687316895e-01
8.998352289199829102e-01
8.995307087898254395e-01
8.992047905921936035e-01
8.988583683967590332e-01
8.984919786453247070e-01
8.981053233146667480e-01
8.976992368698120117e-01
8.972738981246948242e-01
8.968302607536315918e-01
8.962619900703430176e-01
8.956508040428161621e-01
8.950233459472656250e-01
8.943790793418884277e-01
8.937196731567382812e-01
8.930451869964599609e-01
8.923557400703430176e-01
8.916523456573486328e-01
8.909351825714111328e-01
8.902089595794677734e-01
8.895117044448852539e-01
8.888023495674133301e-01
8.880820870399475098e-01
8.868217468261718750e-01
8.860697746276855469e-01
8.853091001510620117e-01
8.845393657684326172e-01
8.837619423866271973e-01
8.829767107963562012e-01
8.821839690208435059e-01
8.814983963966369629e-01
8.808113336563110352e-01
8.801186680793762207e-01
8.794209957122802734e-01
8.787193894386291504e-01
8.780133724212646484e-01
8.773042559623718262e-01
8.765920996665954590e-01
8.758774399757385254e-01
8.751612305641174316e-01
8.744645118713378906e-01
8.737954497337341309e-01
8.731263279914855957e-01
8.724573850631713867e-01
8.717893362045288086e-01
8.711225390434265137e-01
8.704575896263122559e-01
8.697950243949890137e-01
8.691352605819702148e-01
8.684788346290588379e-01
8.678264021873474121e-01
8.671856522560119629e-01
8.665595650672912598e-01
8.659390807151794434e-01
8.653251528739929199e-01
8.647177815437316895e-01
8.641179800033569336e-01
8.635258674621582031e-01
8.629420399665832520e-01
8.623671531677246094e-01
8.618015646934509277e-01
8.612458109855651855e-01
8.607004284858703613e-01
8.601579666137695312e-01
8.596274256706237793e-01
8.591090440750122070e-01
8.586039543151855469e-01
8.581121563911437988e-01
8.576347827911376953e-01
8.571715950965881348e-01
8.567238450050354004e-01
8.562910556793212891e-01
8.558747768402099609e-01
8.554744124412536621e-01
8.550915122032165527e-01
8.547054529190063477e-01
8.543369770050048828e-01
8.539870977401733398e-01
8.536567687988281250e-01
8.533453345298767090e-01
8.530538678169250488e-01
8.527836203575134277e-01
8.525338172912597656e-01
8.523054718971252441e-01
8.520991206169128418e-01
8.519157767295837402e-01
8.517547249794006348e-01
8.515270948410034180e-01
8.512138724327087402e-01
8.509241938591003418e-01
8.506590127944946289e-01
8.504187464714050293e-01
8.502046465873718262e-01
8.500160574913024902e-01
8.498545289039611816e-01
8.497211337089538574e-01
8.496160507202148438e-01
8.495411872863769531e-01
8.494963645935058594e-01
8.494830131530761719e-01
8.495392203330993652e-01
8.496965169906616211e-01
8.498900532722473145e-01
8.501204848289489746e-01
8.503910303115844727e-01
8.507026433944702148e-01
8.510591387748718262e-01
8.514624238014221191e-01
8.519173860549926758e-01
8.524272441864013672e-01
8.529986143112182617e-01
8.536368608474731445e-01
8.543516397476196289e-01
8.551523685455322266e-01
8.560798764228820801e-01
8.571426272392272949e-01
8.583509922027587891e-01
8.597446680068969727e-01
8.613839745521545410e-01
8.633740544319152832e-01
8.659225702285766602e-01
8.695793151855468750e-01
8.803414106369018555e-01
8.829198479652404785e-01
8.838511109352111816e-01
8.844888210296630859e-01
8.849687576293945312e-01
8.853445053100585938e-01
8.856396079063415527e-01
8.858572244644165039e-01
8.860290050506591797e-01
8.861624002456665039e-01
8.862646222114562988e-01
8.863395452499389648e-01
8.863921761512756348e-01
8.864250779151916504e-01
8.864403963088989258e-01
8.864414691925048828e-01
8.864291906356811523e-01
8.864061832427978516e-01
8.863729238510131836e-01
8.863317966461181641e-01
8.862830996513366699e-01
8.862254619598388672e-01
8.861433267593383789e-01
8.860565423965454102e-01
8.859649896621704102e-01
8.858692049980163574e-01
8.857703208923339844e-01
8.856685757637023926e-01
8.855642080307006836e-01
8.854573369026184082e-01
8.853487372398376465e-01
8.852391242980957031e-01
8.851277232170104980e-01
8.850154280662536621e-01
8.849026560783386230e-01
8.847890496253967285e-01
8.846749067306518555e-01
8.845667243003845215e-01
8.844825625419616699e-01
8.843979835510253906e-01
8.843138813972473145e-01
8.842298388481140137e-01
8.841466903686523438e-01
8.840636014938354492e-01
8.839814662933349609e-01
8.838997483253479004e-01
8.838193416595458984e-01
8.837394714355468750e-01
8.836611509323120117e-01
8.835837244987487793e-01
8.835073709487915039e-01
8.834328651428222656e-01
8.833592534065246582e-01
8.832876682281494141e-01
8.832234740257263184e-01
8.831675052642822266e-01
8.831133246421813965e-01
8.830605745315551758e-01
8.830096125602722168e-01
8.829608559608459473e-01
8.829132914543151855e-01
8.828679919242858887e-01
8.828249573707580566e-01
8.827837705612182617e-01
8.827445507049560547e-01
8.827072978019714355e-01
8.826728463172912598e-01
8.826403617858886719e-01
8.826101422309875488e-01
8.825828433036804199e-01
8.825572133064270020e-01
8.825343251228332520e-01
8.825979828834533691e-01
8.826799988746643066e-01
8.827639222145080566e-01
8.828502893447875977e-01
8.829388022422790527e-01
8.830289244651794434e-01
8.831219077110290527e-01
8.832172751426696777e-01
8.833147883415222168e-01
8.834147453308105469e-01
8.835172653198242188e-01
8.836221694946289062e-01
8.837289214134216309e-01
8.838387727737426758e-01
8.839510679244995117e-01
8.840655088424682617e-01
8.841828107833862305e-01
8.843026757240295410e-01
8.844376206398010254e-01
8.846209049224853516e-01
8.848067522048950195e-01
8.849949836730957031e-01
8.851854205131530762e-01
8.853786587715148926e-01
8.855740427970886230e-01
8.857721686363220215e-01
8.859726786613464355e-01
8.861752748489379883e-01
8.863804936408996582e-01
8.865877985954284668e-01
8.867976665496826172e-01
8.870095014572143555e-01
8.872238397598266602e-01
8.874403238296508789e-01
8.876588940620422363e-01
8.878796100616455078e-01
8.881019949913024902e-01
8.883267045021057129e-01
8.886028528213500977e-01
8.889229297637939453e-01
8.892439603805541992e-01
8.895661830902099609e-01
8.898892402648925781e-01
8.902131915092468262e-01
8.905377984046936035e-01
8.908631801605224609e-01
8.911889791488647461e-01
8.915151357650756836e-01
8.918417692184448242e-01
8.921684622764587402e-01
8.924952745437622070e-01
8.928220868110656738e-01
8.931486606597900391e-01
8.934747576713562012e-01
8.938006162643432617e-01
8.941259384155273438e-01
8.944506049156188965e-01
8.947744369506835938e-01
8.950973153114318848e-01
8.954357504844665527e-01
8.957790732383728027e-01
8.961211442947387695e-01
8.964608311653137207e-01
8.967989087104797363e-01
8.971343636512756348e-01
8.974679112434387207e-01
8.977984786033630371e-01
8.981269001960754395e-01
8.984520435333251953e-01
8.987746834754943848e-01
8.990938067436218262e-01
8.994101881980895996e-01
8.997227549552917480e-01
9.000322222709655762e-01
9.003376960754394531e-01
9.006397724151611328e-01
9.009375572204589844e-01
9.012317061424255371e-01
9.015212655067443848e-01
9.018068909645080566e-01
9.020877480506896973e-01
9.023733735084533691e-01
9.026599526405334473e-01
9.029412865638732910e-01
9.032170772552490234e-01
9.034879207611083984e-01
9.037526845932006836e-01
9.040121436119079590e-01
9.042658805847167969e-01
9.045138955116271973e-01
9.047558307647705078e-01
9.049923419952392578e-01
9.052224159240722656e-01
9.054465889930725098e-01
9.056650400161743164e-01
9.058770537376403809e-01
9.060830473899841309e-01
9.062829613685607910e-01
9.064766168594360352e-01
9.066640734672546387e-01
9.068452119827270508e-01
9.070199131965637207e-01
9.071886539459228516e-01
9.073507785797119141e-01
9.074980020523071289e-01
9.075793027877807617e-01
9.076555967330932617e-01
9.077271223068237305e-01
9.077938199043273926e-01
9.078556895256042480e-01
9.079126715660095215e-01
9.079650044441223145e-01
9.080123305320739746e-01
9.080548882484436035e-01
9.080926179885864258e-01
9.081255793571472168e-01
9.081537723541259766e-01
9.081772565841674805e-01
9.081959724426269531e-01
9.082100391387939453e-01
9.082192182540893555e-01
9.082239270210266113e-01
9.082239866256713867e-01
9.082195162773132324e-01
9.082103967666625977e-01
9.081966876983642578e-01
9.081786870956420898e-01
9.081559777259826660e-01
9.081288576126098633e-01
9.080952405929565430e-01
9.080429077148437500e-01
9.079867005348205566e-01
9.079266786575317383e-01
9.078627228736877441e-01
9.077949523925781250e-01
9.077234864234924316e-01
9.076481461524963379e-01
9.075691103935241699e-01
9.074863195419311523e-01
9.073998332023620605e-01
9.073097109794616699e-01
9.072157740592956543e-01
9.071183800697326660e-01
9.070174694061279297e-01
9.069129228591918945e-01
9.068049788475036621e-01
9.066934585571289062e-01
9.065784811973571777e-01
9.064601063728332520e-01
9.063383936882019043e-01
9.062132835388183594e-01
9.060847759246826172e-01
9.059530496597290039e-01
9.058180451393127441e-01
9.056797027587890625e-01
9.055383205413818359e-01
9.053959846496582031e-01
9.052528738975524902e-01
9.051066040992736816e-01
9.049570560455322266e-01
9.048045873641967773e-01
9.046488404273986816e-01
9.044901728630065918e-01
9.043284058570861816e-01
9.041637182235717773e-01
9.039960503578186035e-01
9.038255214691162109e-01
9.036521315574645996e-01
9.034758210182189941e-01
9.032968878746032715e-01
9.031151533126831055e-01
9.029306769371032715e-01
9.027435779571533203e-01
9.025539159774780273e-01
9.023615717887878418e-01
9.021667838096618652e-01
9.019694328308105469e-01
9.017696976661682129e-01
9.015673995018005371e-01
9.013628363609313965e-01
9.011558294296264648e-01
9.009465575218200684e-01
9.007349610328674316e-01
9.005212187767028809e-01
9.003053307533264160e-01
9.000744223594665527e-01
8.998411297798156738e-01
8.996061682701110840e-01
8.993693590164184570e-01
8.991308808326721191e-01
8.988906741142272949e-01
8.986487984657287598e-01
8.984052538871765137e-01
8.981600999832153320e-01
8.979134559631347656e-01
8.976652026176452637e-01
8.974154591560363770e-01
8.971641063690185547e-01
8.969114422798156738e-01
8.966572880744934082e-01
8.964017629623413086e-01
8.961449265480041504e-01
8.958866596221923828e-01
8.956270813941955566e-01
8.953663110733032227e-01
8.951042294502258301e-01
8.948408365249633789e-01
8.945764303207397461e-01
8.943106532096862793e-01
8.940438628196716309e-01
8.937758803367614746e-01
8.935068845748901367e-01
8.932367563247680664e-01
8.929656147956848145e-01
8.926935195922851562e-01
8.924205303192138672e-01
8.921468257904052734e-01
8.918722271919250488e-01
8.915966153144836426e-01
8.913200497627258301e-01
8.910427689552307129e-01
8.907644748687744141e-01
8.904854059219360352e-01
8.902056217193603516e-01
8.899249434471130371e-01
8.896434903144836426e-01
8.893613815307617188e-01
8.890786170959472656e-01
8.887951374053955078e-01
8.885109424591064453e-01
8.882262110710144043e-01
8.879407644271850586e-01
8.876548409461975098e-01
8.873682618141174316e-01
8.870812058448791504e-01
8.867936730384826660e-01
8.865054845809936523e-01
8.862169384956359863e-01
8.859278559684753418e-01
8.856384754180908203e-01
8.853485584259033203e-01
8.850582838058471680e-01
8.847675919532775879e-01
8.844767212867736816e-01
8.841854333877563477e-01
8.838937878608703613e-01
8.836018443107604980e-01
8.833096623420715332e-01
8.830125331878662109e-01
8.827123045921325684e-01
8.824120163917541504e-01
8.821115493774414062e-01
8.818108439445495605e-01
8.815099596977233887e-01
8.812090158462524414e-01
8.809078931808471680e-01
8.806067705154418945e-01
8.803054094314575195e-01
8.800040483474731445e-01
8.797025680541992188e-01
8.794010281562805176e-01
8.790993690490722656e-01
8.787977099418640137e-01
8.784959316253662109e-01
8.781941533088684082e-01
8.778924345970153809e-01
8.775905966758728027e-01
8.772886991500854492e-01
8.769868016242980957e-01
8.766850233078002930e-01
8.763831853866577148e-01
8.760813474655151367e-01
8.757794499397277832e-01
8.754777908325195312e-01
8.751759529113769531e-01
8.748742938041687012e-01
8.745726346969604492e-01
8.742709159851074219e-01
8.739693760871887207e-01
8.736678957939147949e-01
8.733664751052856445e-01
8.730651140213012695e-01
8.727637529373168945e-01
8.724626898765563965e-01
8.721619844436645508e-01
8.718613386154174805e-01
8.715608119964599609e-01
8.712604045867919922e-01
8.709599971771240234e-01
8.706597089767456055e-01
8.703595995903015137e-01
8.700595498085021973e-01
8.697596192359924316e-01
8.694598674774169922e-01
8.691602349281311035e-01
8.688606023788452148e-01
8.685612678527832031e-01
8.682619929313659668e-01
8.679629564285278320e-01
8.676639795303344727e-01
8.673651814460754395e-01
8.670665025711059570e-01
8.667681217193603516e-01
8.664697408676147461e-01
8.661717176437377930e-01
8.658736944198608398e-01
8.655759096145629883e-01
8.652783036231994629e-01
8.649809360504150391e-01
8.646836876869201660e-01
8.643866181373596191e-01
8.640897870063781738e-01
8.637931942939758301e-01
8.634966611862182617e-01
8.632004857063293457e-01
8.629043102264404297e-01
8.626084923744201660e-01
8.623127937316894531e-01
8.620173335075378418e-01
8.617220520973205566e-01
8.614270687103271484e-01
8.611293435096740723e-01
8.608168363571166992e-01
8.605040907859802246e-01
8.601911067962646484e-01
8.598778247833251953e-01
8.595641851425170898e-01
8.592501878738403320e-01
8.586484789848327637e-01
8.583340644836425781e-01
8.580193519592285156e-01
8.577041625976562500e-01
8.573886156082153320e-01
8.570727109909057617e-01
8.567563891410827637e-01
8.564396500587463379e-01
8.561224937438964844e-01
8.558049201965332031e-01
8.554868102073669434e-01
8.551682233810424805e-01
8.548492193222045898e-01
8.545296788215637207e-01
8.542097806930541992e-01
8.538892269134521484e-01
8.535681366920471191e-01
8.532465100288391113e-01
8.529242873191833496e-01
8.526015877723693848e-01
8.522782325744628906e-01
8.519542813301086426e-01
8.516297936439514160e-01
8.513046503067016602e-01
8.509788513183593750e-01
8.506524562835693359e-01
8.503252863883972168e-01
8.499974608421325684e-01
8.496689796447753906e-01
8.493397831916809082e-01
8.490098118782043457e-01
8.486791849136352539e-01
8.483477234840393066e-01
8.480155467987060547e-01
8.476825952529907227e-01
8.473494648933410645e-01
8.470160365104675293e-01
8.466821312904357910e-01
8.463477492332458496e-01
8.460130691528320312e-01
8.456779718399047852e-01
8.453424572944641113e-01
8.450064659118652344e-01
8.446702957153320312e-01
8.443334698677062988e-01
8.439964056015014648e-01
8.436588048934936523e-01
8.433209657669067383e-01
8.429825305938720703e-01
8.426439166069030762e-01
8.423047065734863281e-01
8.419652581214904785e-01
8.416252732276916504e-01
8.412850499153137207e-01
8.409442305564880371e-01
8.406032323837280273e-01
8.402616381645202637e-01
8.399198055267333984e-01
8.395776152610778809e-01
8.392347693443298340e-01
8.388918042182922363e-01
8.385482430458068848e-01
8.382044434547424316e-01
8.378601074218750000e-01
8.375155329704284668e-01
8.371704220771789551e-01
8.368250727653503418e-01
8.364791274070739746e-01
8.361330628395080566e-01
8.357862830162048340e-01
8.354394435882568359e-01
8.350919485092163086e-01
8.347442746162414551e-01
8.343960642814636230e-01
8.340476155281066895e-01
8.336986303329467773e-01
8.333494663238525391e-01
8.329996466636657715e-01
8.326497077941894531e-01
8.322991728782653809e-01
8.319450020790100098e-01
8.315900564193725586e-01
8.312348723411560059e-01
8.308791518211364746e-01
8.305229544639587402e-01
8.301663994789123535e-01
8.298096656799316406e-01
8.294522166252136230e-01
8.290942907333374023e-01
8.287363052368164062e-01
8.283776640892028809e-01
8.280189633369445801e-01
8.276594877243041992e-01
8.272997736930847168e-01
8.269395232200622559e-01
8.265789151191711426e-01
8.262182474136352539e-01
8.258566260337829590e-01
8.254951238632202148e-01
8.251329064369201660e-01
8.247706294059753418e-01
8.244077563285827637e-01
8.240442276000976562e-01
8.236807584762573242e-01
8.233166337013244629e-01
8.229524493217468262e-01
8.225874900817871094e-01
8.222224712371826172e-01
8.218569159507751465e-01
8.214909434318542480e-01
8.211248517036437988e-01
8.207580447196960449e-01
8.203911781311035156e-01
8.200237751007080078e-01
8.196561932563781738e-01
8.192878961563110352e-01
8.189194202423095703e-01
8.185507655143737793e-01
8.181815743446350098e-01
8.178123235702514648e-01
8.174421191215515137e-01
8.170721530914306641e-01
8.167015314102172852e-01
8.163305521011352539e-01
8.159593343734741211e-01
8.155876994132995605e-01
8.152160048484802246e-01
8.148435950279235840e-01
8.144711852073669434e-01
8.141326308250427246e-01
8.137977123260498047e-01
8.134635090827941895e-01
8.131291866302490234e-01
8.127954006195068359e-01
8.124616146087646484e-01
8.121286630630493164e-01
8.117954730987548828e-01
8.114628791809082031e-01
8.111303448677062988e-01
8.107984662055969238e-01
8.104666471481323242e-01
8.101353049278259277e-01
8.098040223121643066e-01
8.094733357429504395e-01
8.091426491737365723e-01
8.088127374649047852e-01
8.084827065467834473e-01
8.081533908843994141e-01
8.078238964080810547e-01
8.074952363967895508e-01
8.071666359901428223e-01
8.068385124206542969e-01
8.065105080604553223e-01
8.061830997467041016e-01
8.058560490608215332e-01
8.055291175842285156e-01
8.052027821540832520e-01
8.048763871192932129e-01
8.045507073402404785e-01
8.042250275611877441e-01
8.039001822471618652e-01
8.035751581192016602e-01
8.032509088516235352e-01
8.029265999794006348e-01
8.026030063629150391e-01
8.022795319557189941e-01
8.019566535949707031e-01
8.016337752342224121e-01
8.013116121292114258e-01
8.009894490242004395e-01
8.006681799888610840e-01
8.003466129302978516e-01
8.000259399414062500e-01
7.997052073478698730e-01
7.993853688240051270e-01
7.990653514862060547e-01
7.987459897994995117e-01
7.984266877174377441e-01
7.981081604957580566e-01
7.977897524833679199e-01
7.974719405174255371e-01
7.971540093421936035e-01
7.968448996543884277e-01
7.965616583824157715e-01
7.962788939476013184e-01
7.959966659545898438e-01
7.957146763801574707e-01
7.954335212707519531e-01
7.951529026031494141e-01
7.948727607727050781e-01
7.945932149887084961e-01
7.943137288093566895e-01
7.940352559089660645e-01
7.937572598457336426e-01
7.934797406196594238e-01
7.932028174400329590e-01
7.929258942604064941e-01
7.926501035690307617e-01
7.923746705055236816e-01
7.920997738838195801e-01
7.918253540992736816e-01
7.915514111518859863e-01
7.912777066230773926e-01
7.910048365592956543e-01
7.907325029373168945e-01
7.904605865478515625e-01
7.901892662048339844e-01
7.899179458618164062e-01
7.896477580070495605e-01
7.893778681755065918e-01
7.891084551811218262e-01
7.888395786285400391e-01
7.885707616806030273e-01
7.883030176162719727e-01
7.880355715751647949e-01
7.877686619758605957e-01
7.875022888183593750e-01
7.872363328933715820e-01
7.869705557823181152e-01
7.867055535316467285e-01
7.864410281181335449e-01
7.861770391464233398e-01
7.859134674072265625e-01
7.856499552726745605e-01
7.853875160217285156e-01
7.851253747940063477e-01
7.848637700080871582e-01
7.846025824546813965e-01
7.843412756919860840e-01
7.840812206268310547e-01
7.838214039802551270e-01
7.835620641708374023e-01
7.833032011985778809e-01
7.830442786216735840e-01
7.827864885330200195e-01
7.825289964675903320e-01
7.822719216346740723e-01
7.820153236389160156e-01
7.817591428756713867e-01
7.815029621124267578e-01
7.812477946281433105e-01
7.809991836547851562e-01
7.807769775390625000e-01
7.805552482604980469e-01
7.803342938423156738e-01
7.801137566566467285e-01
7.798938155174255371e-01
7.796745300292968750e-01
7.794557213783264160e-01
7.792376279830932617e-01
7.790194749832153320e-01
7.788025140762329102e-01
7.785859107971191406e-01
7.783700823783874512e-01
7.781546711921691895e-01
7.779399752616882324e-01
7.777256369590759277e-01
7.775120139122009277e-01
7.772988080978393555e-01
7.770863175392150879e-01
7.768737077713012695e-01
7.766622304916381836e-01
7.764512300491333008e-01
7.762408256530761719e-01
7.760308980941772461e-01
7.758214473724365234e-01
7.756126523017883301e-01
7.753935456275939941e-01
7.751742005348205566e-01
7.749547958374023438e-01
7.747357487678527832e-01
7.745176553726196289e-01
7.742994427680969238e-01
7.740815877914428711e-01
7.738646268844604492e-01
7.736476063728332520e-01
7.734308838844299316e-01
7.732145786285400391e-01
7.729991674423217773e-01
7.727835774421691895e-01
7.725684046745300293e-01
7.723541259765625000e-01
7.721396684646606445e-01
7.719255089759826660e-01
7.717123031616210938e-01
7.714989781379699707e-01
7.712858915328979492e-01
7.710738182067871094e-01
7.708614468574523926e-01
7.706494927406311035e-01
7.704384326934814453e-01
7.702271342277526855e-01
7.700161337852478027e-01
7.698411345481872559e-01
7.696960568428039551e-01
7.695515751838684082e-01
7.694076299667358398e-01
7.692648768424987793e-01
7.691221237182617188e-01
7.689799070358276367e-01
7.688383460044860840e-01
7.686972618103027344e-01
7.685572504997253418e-01
7.684172987937927246e-01
7.682778239250183105e-01
7.681389451026916504e-01
7.680011391639709473e-01
7.678633332252502441e-01
7.677260637283325195e-01
7.675892710685729980e-01
7.674530148506164551e-01
7.673178911209106445e-01
7.671827077865600586e-01
7.670480012893676758e-01
7.669138312339782715e-01
7.667807340621948242e-01
7.666475772857666016e-01
7.665148973464965820e-01
7.663827538490295410e-01
7.662510871887207031e-01
7.661206722259521484e-01
7.659950852394104004e-01
7.658698558807373047e-01
7.657456994056701660e-01
7.656214237213134766e-01
7.654975056648254395e-01
7.653741240501403809e-01
7.652511596679687500e-01
7.651292085647583008e-01
7.650070786476135254e-01
7.648854255676269531e-01
7.647641897201538086e-01
7.646439671516418457e-01
7.645235657691955566e-01
7.644035220146179199e-01
7.642838954925537109e-01
7.641653418540954590e-01
7.640465497970581055e-01
7.639281749725341797e-01
7.638101577758789062e-01
7.636931538581848145e-01
7.635759711265563965e-01
7.634590864181518555e-01
7.633426785469055176e-01
7.632272243499755859e-01
7.631115317344665527e-01
7.629962563514709473e-01
7.628812789916992188e-01
7.627673745155334473e-01
7.626793980598449707e-01
7.626330852508544922e-01
7.625877857208251953e-01
7.625424265861511230e-01
7.624980807304382324e-01
7.624535560607910156e-01
7.624093890190124512e-01
7.623663544654846191e-01
7.623230814933776855e-01
7.622809410095214844e-01
7.622385025024414062e-01
7.621964812278747559e-01
7.621554732322692871e-01
7.621142864227294922e-01
7.620734572410583496e-01
7.620337605476379395e-01
7.619937062263488770e-01
7.619546651840209961e-01
7.619155049324035645e-01
7.618766427040100098e-01
7.618387341499328613e-01
7.618007063865661621e-01
7.617635726928710938e-01
7.617261409759521484e-01
7.616891264915466309e-01
7.616531252861022949e-01
7.616167664527893066e-01
7.615815401077270508e-01
7.615459561347961426e-01
7.615106701850891113e-01
7.614870667457580566e-01
7.614777684211730957e-01
7.614686489105224609e-01
7.614598274230957031e-01
7.614512443542480469e-01
7.614429593086242676e-01
7.614349722862243652e-01
7.614264488220214844e-01
7.614188790321350098e-01
7.614115476608276367e-01
7.614043354988098145e-01
7.613974809646606445e-01
7.613908052444458008e-01
7.613843083381652832e-01
7.613781094551086426e-01
7.613720893859863281e-01
7.613655924797058105e-01
7.613599896430969238e-01
7.613545656204223633e-01
7.613493204116821289e-01
7.613442540168762207e-01
7.613394260406494141e-01
7.613347768783569336e-01
7.613302469253540039e-01
7.613259553909301758e-01
7.613217830657958984e-01
7.613171339035034180e-01
7.613133192062377930e-01
7.613097429275512695e-01
7.613061666488647461e-01
7.613028287887573242e-01
7.613113522529602051e-01
7.613915801048278809e-01
7.614718675613403320e-01
7.615523338317871094e-01
7.616336345672607422e-01
7.617142796516418457e-01
7.617950439453125000e-01
7.618759274482727051e-01
7.619568705558776855e-01
7.620385289192199707e-01
7.621196508407592773e-01
7.622008919715881348e-01
7.622821331024169922e-01
7.623634934425354004e-01
7.624455094337463379e-01
7.625269293785095215e-01
7.626084089279174805e-01
7.626541852951049805e-01
7.626978754997253418e-01
7.627409696578979492e-01
7.627835869789123535e-01
7.628250122070312500e-01
7.628665566444396973e-01
7.629076242446899414e-01
7.629474401473999023e-01
7.629874348640441895e-01
7.630268335342407227e-01
7.630650401115417480e-01
7.631033062934875488e-01
7.631409764289855957e-01
7.631781101226806641e-01
7.632139921188354492e-01
7.632499337196350098e-01
7.633138298988342285e-01
7.634265422821044922e-01
7.635380029678344727e-01
7.636483311653137207e-01
7.637574672698974609e-01
7.638653516769409180e-01
7.639713287353515625e-01
7.640767097473144531e-01
7.641808986663818359e-01
7.642837166786193848e-01
7.643853425979614258e-01
7.644855976104736328e-01
7.645838856697082520e-01
7.646814584732055664e-01
7.647777199745178223e-01
7.648726105690002441e-01
7.649661898612976074e-01
7.649196982383728027e-01
7.646684050559997559e-01
7.644119858741760254e-01
7.641489505767822266e-01
7.638806104660034180e-01
7.636056542396545410e-01
7.633252143859863281e-01
7.630386352539062500e-01
7.627452015876770020e-01
7.624462246894836426e-01
7.621402740478515625e-01
7.618287205696105957e-01
7.615107297897338867e-01
7.611856460571289062e-01
7.608546614646911621e-01
7.605164051055908203e-01
7.601723074913024902e-01
7.598097920417785645e-01
7.592213153839111328e-01
7.586263418197631836e-01
7.580237984657287598e-01
7.574130296707153320e-01
7.567955851554870605e-01
7.561697363853454590e-01
7.555369138717651367e-01
7.548958063125610352e-01
7.542476058006286621e-01
7.535915970802307129e-01
7.529271245002746582e-01
7.522553801536560059e-01
7.515748739242553711e-01
7.508873343467712402e-01
7.501906752586364746e-01
7.494870424270629883e-01
7.487749457359313965e-01
7.480219602584838867e-01
7.471730709075927734e-01
7.463179826736450195e-01
7.454544901847839355e-01
7.445845007896423340e-01
7.437070012092590332e-01
7.428215742111206055e-01
7.419292330741882324e-01
7.410286068916320801e-01
7.401213645935058594e-01
7.392068505287170410e-01
7.382836341857910156e-01
7.373536825180053711e-01
7.364161610603332520e-01
7.354705333709716797e-01
7.345177531242370605e-01
7.335563898086547852e-01
7.325885891914367676e-01
7.316219210624694824e-01
7.308397889137268066e-01
7.300536036491394043e-01
7.292630076408386230e-01
7.284695506095886230e-01
7.276711463928222656e-01
7.268682718276977539e-01
7.260617613792419434e-01
7.252511382102966309e-01
7.244360446929931641e-01
7.236172556877136230e-01
7.227939963340759277e-01
7.219671010971069336e-01
7.211361527442932129e-01
7.203007340431213379e-01
7.194616198539733887e-01
7.186194658279418945e-01
7.177718281745910645e-01
7.169206142425537109e-01
7.160648703575134277e-01
7.152054905891418457e-01
7.143421173095703125e-01
7.134742140769958496e-01
7.126027941703796387e-01
7.117272615432739258e-01
7.108473181724548340e-01
7.099637389183044434e-01
7.090756893157958984e-01
7.081841826438903809e-01
7.072895765304565430e-01
7.063894867897033691e-01
7.054859399795532227e-01
7.045783400535583496e-01
7.036663293838500977e-01
7.027508020401000977e-01
7.018312811851501465e-01
7.009072899818420410e-01
6.999798417091369629e-01
6.990979313850402832e-01
6.983623504638671875e-01
6.976251602172851562e-01
6.968842744827270508e-01
6.961427927017211914e-01
6.953986883163452148e-01
6.946524381637573242e-01
6.939035654067993164e-01
6.931530237197875977e-01
6.924003958702087402e-01
6.916452646255493164e-01
6.908884048461914062e-01
6.901295185089111328e-01
6.893690824508666992e-01
6.886049509048461914e-01
6.878404617309570312e-01
6.870732307434082031e-01
6.863039731979370117e-01
6.855321526527404785e-01
6.847588419914245605e-01
6.839834451675415039e-01
6.832055449485778809e-01
6.824261546134948730e-01
6.816446781158447266e-01
6.808618307113647461e-01
6.800752878189086914e-01
6.792885065078735352e-01
6.784990429878234863e-01
6.777076125144958496e-01
6.769137978553771973e-01
6.761184930801391602e-01
6.753212213516235352e-01
6.745225787162780762e-01
6.737203598022460938e-01
6.729172468185424805e-01
6.721128821372985840e-01
6.713048219680786133e-01
6.704967021942138672e-01
6.696859598159790039e-01
6.688733100891113281e-01
6.680077314376831055e-01
6.670907735824584961e-01
6.661701202392578125e-01
6.652464866638183594e-01
6.643205881118774414e-01
6.633909940719604492e-01
6.624591350555419922e-01
6.615236401557922363e-01
6.605851054191589355e-01
6.596444249153137207e-01
6.587000489234924316e-01
6.577534675598144531e-01
6.568043828010559082e-01
6.558512449264526367e-01
6.548959612846374512e-01
6.539369821548461914e-01
6.529759168624877930e-01
6.520112156867980957e-01
6.510435938835144043e-01
6.500739455223083496e-01
6.491006612777709961e-01
6.481253504753112793e-01
6.471463441848754883e-01
6.461645960807800293e-01
6.451808214187622070e-01
6.441934108734130859e-01
6.432040333747863770e-01
6.422110795974731445e-01
6.412153244018554688e-01
6.402187943458557129e-01
6.392175555229187012e-01
6.382144093513488770e-01
6.372076869010925293e-01
6.361991763114929199e-01
6.351870298385620117e-01
6.341722011566162109e-01
6.331555247306823730e-01
6.321353316307067871e-01
6.311134099960327148e-01
6.300879120826721191e-01
6.290597915649414062e-01
6.280299425125122070e-01
6.269903182983398438e-01
6.259464025497436523e-01
6.248993277549743652e-01
6.238501071929931641e-01
6.227997541427612305e-01
6.217461824417114258e-01
6.206915378570556641e-01
6.196337938308715820e-01
6.185749173164367676e-01
6.175130009651184082e-01
6.164500117301940918e-01
6.153839826583862305e-01
6.143169403076171875e-01
6.132468581199645996e-01
6.121758222579956055e-01
6.111018061637878418e-01
6.100267767906188965e-01
6.089488267898559570e-01
6.078689694404602051e-01
6.067882180213928223e-01
6.057044863700866699e-01
6.046199798583984375e-01
6.035325527191162109e-01
6.024443507194519043e-01
6.013532280921936035e-01
6.002614498138427734e-01
5.991667509078979492e-01
5.980713367462158203e-01
5.969731211662292480e-01
5.958742499351501465e-01
5.947725772857666016e-01
5.936702489852905273e-01
5.925651788711547852e-01
5.914595127105712891e-01
5.903511643409729004e-01
5.892410874366760254e-01
5.881305932998657227e-01
5.870173573493957520e-01
5.859036445617675781e-01
5.847872495651245117e-01
5.836704969406127930e-01
5.825510025024414062e-01
5.814312100410461426e-01
5.803075432777404785e-01
5.791720151901245117e-01
5.780273079872131348e-01
5.768803954124450684e-01
5.757337212562561035e-01
5.745849013328552246e-01
5.734351277351379395e-01
5.722857117652893066e-01
5.711342096328735352e-01
5.699818134307861328e-01
5.688298344612121582e-01
5.676757693290710449e-01
5.665210485458374023e-01
5.653653740882873535e-01
5.642102956771850586e-01
5.630544424057006836e-01
5.618954300880432129e-01
5.607382059097290039e-01
5.595802664756774902e-01
5.584204196929931641e-01
5.572600960731506348e-01
5.560989975929260254e-01
5.549386143684387207e-01
5.537776947021484375e-01
5.526137948036193848e-01
5.514518022537231445e-01
5.502879619598388672e-01
5.491249561309814453e-01
5.479604005813598633e-01
5.467951893806457520e-01
5.456309318542480469e-01
5.444648265838623047e-01
5.432986021041870117e-01
5.421332120895385742e-01
5.409660935401916504e-01
5.397999882698059082e-01
5.386324524879455566e-01
5.374644398689270020e-01
5.362975001335144043e-01
5.351290106773376465e-01
5.339604616165161133e-01
5.327928662300109863e-01
5.316237211227416992e-01
5.304557681083679199e-01
5.292851924896240234e-01
5.281170606613159180e-01
5.269487500190734863e-01
5.257822871208190918e-01
5.246605873107910156e-01
5.235382914543151855e-01
5.224189758300781250e-01
5.212976336479187012e-01
5.201793909072875977e-01
5.190602540969848633e-01
5.179420709609985352e-01
5.168240666389465332e-01
5.157055854797363281e-01
5.145902633666992188e-01
5.134741663932800293e-01
5.123590230941772461e-01
5.112441778182983398e-01
5.101304054260253906e-01
5.090169906616210938e-01
5.079030990600585938e-01
5.067925453186035156e-01
5.056812763214111328e-01
5.045711398124694824e-01
5.034614205360412598e-01
5.023513436317443848e-01
5.012446641921997070e-01
5.001373291015625000e-01
4.990312159061431885e-01
4.979255497455596924e-01
4.968211650848388672e-01
4.957171678543090820e-01
4.946141242980957031e-01
4.935124218463897705e-01
4.924111962318420410e-01
4.913113117218017578e-01
4.902119040489196777e-01
4.891149997711181641e-01
4.880165159702301025e-01
4.869200885295867920e-01
4.858250916004180908e-01
4.847306311130523682e-01
4.836386740207672119e-01
4.825452566146850586e-01
4.814539253711700439e-01
4.803641140460968018e-01
4.792749285697937012e-01
4.781872332096099854e-01
4.771002233028411865e-01
4.760158658027648926e-01
4.749300777912139893e-01
4.738464355468750000e-01
4.727644622325897217e-01
4.716830551624298096e-01
4.707536399364471436e-01
4.698507785797119141e-01
4.689482450485229492e-01
4.680465459823608398e-01
4.671476781368255615e-01
4.662502706050872803e-01
4.653526842594146729e-01
4.644570350646972656e-01
4.635637700557708740e-01
4.626703262329101562e-01
4.617797434329986572e-01
4.608906805515289307e-01
4.600004255771636963e-01
4.591141641139984131e-01
4.582276940345764160e-01
4.573442637920379639e-01
4.564621448516845703e-01
4.555789828300476074e-01
4.546997845172882080e-01
4.538220167160034180e-01
4.529441297054290771e-01
4.520692229270935059e-01
4.511947035789489746e-01
4.503211081027984619e-01
4.494505524635314941e-01
4.485814273357391357e-01
4.477112293243408203e-01
4.468450248241424561e-01
4.459785819053649902e-01
4.451152980327606201e-01
4.442534744739532471e-01
4.433905780315399170e-01
4.425316751003265381e-01
4.416742622852325439e-01
4.408166408538818359e-01
4.399621486663818359e-01
4.391082227230072021e-01
4.382551312446594238e-01
4.374050796031951904e-01
4.365565478801727295e-01
4.357077777385711670e-01
4.348613023757934570e-01
4.340156316757202148e-01
4.331730604171752930e-01
4.323319494724273682e-01
4.314907789230346680e-01
4.306516647338867188e-01
4.298150539398193359e-01
4.289783835411071777e-01
4.281447827816009521e-01
4.273127019405364990e-01
4.264796078205108643e-01
4.256716370582580566e-01
4.248704016208648682e-01
4.240697026252746582e-01
4.232729375362396240e-01
4.224750995635986328e-01
4.216796159744262695e-01
4.208854436874389648e-01
4.200935363769531250e-01
4.193023443222045898e-01
4.185117483139038086e-01
4.177234470844268799e-01
4.169381856918334961e-01
4.161517620086669922e-01
4.153677821159362793e-01
4.145859777927398682e-01
4.138048887252807617e-01
4.130252301692962646e-01
4.122461378574371338e-01
4.114709496498107910e-01
4.106954932212829590e-01
4.099207520484924316e-01
4.091498553752899170e-01
4.083780050277709961e-01
4.076083898544311523e-01
4.068402647972106934e-01
4.060742855072021484e-01
4.053089022636413574e-01
4.045442044734954834e-01
4.037833809852600098e-01
4.030224084854125977e-01
4.022620320320129395e-01
4.015039205551147461e-01
4.007479846477508545e-01
3.999926149845123291e-01
3.992387950420379639e-01
3.984871506690979004e-01
3.977361619472503662e-01
3.969857990741729736e-01
3.962376713752746582e-01
3.954925537109375000e-01
3.947463333606719971e-01
3.940024375915527344e-01
3.932591676712036133e-01
3.925197124481201172e-01
3.917800486087799072e-01
3.910410404205322266e-01
3.903057873249053955e-01
3.895702660083770752e-01
3.888354599475860596e-01
3.881028592586517334e-01
3.873724341392517090e-01
3.866426050662994385e-01
3.859141767024993896e-01
3.851879835128784180e-01
3.844622075557708740e-01
3.837087154388427734e-01
3.829321563243865967e-01
3.821570873260498047e-01
3.813818693161010742e-01
3.806089460849761963e-01
3.798382580280303955e-01
3.790689110755920410e-01
3.782995343208312988e-01
3.775331974029541016e-01
3.767675757408142090e-01
3.760025799274444580e-01
3.752405941486358643e-01
3.744800686836242676e-01
3.737192749977111816e-01
3.729616105556488037e-01
3.722046613693237305e-01
3.714498877525329590e-01
3.706949353218078613e-01
3.699430227279663086e-01
3.691925108432769775e-01
3.684409856796264648e-01
3.676933050155639648e-01
3.669470548629760742e-01
3.662005960941314697e-01
3.654571771621704102e-01
3.647151291370391846e-01
3.639737367630004883e-01
3.632329106330871582e-01
3.624950349330902100e-01
3.617584407329559326e-01
3.610217571258544922e-01
3.602873384952545166e-01
3.595549762248992920e-01
3.588239848613739014e-01
3.580927848815917969e-01
3.573645353317260742e-01
3.566375970840454102e-01
3.559097647666931152e-01
3.551854491233825684e-01
3.544625937938690186e-01
3.537394702434539795e-01
3.530192673206329346e-01
3.522996604442596436e-01
3.515821099281311035e-01
3.508642911911010742e-01
3.501493334770202637e-01
3.494355976581573486e-01
3.487216830253601074e-01
3.480099439620971680e-01
3.473001718521118164e-01
3.465901315212249756e-01
3.458829224109649658e-01
3.451769948005676270e-01
3.444716334342956543e-01
3.437666594982147217e-01
3.430643975734710693e-01
3.423634767532348633e-01
3.416622281074523926e-01
3.409637808799743652e-01
3.402996361255645752e-01
3.396457135677337646e-01
3.389929831027984619e-01
3.383413553237915039e-01
3.376908898353576660e-01
3.370414674282073975e-01
3.363932371139526367e-01
3.357461392879486084e-01
3.351001143455505371e-01
3.344552218914031982e-01
3.338107466697692871e-01
3.331680297851562500e-01
3.325263857841491699e-01
3.318857252597808838e-01
3.312462270259857178e-01
3.306077718734741211e-01
3.299703598022460938e-01
3.293339908123016357e-01
3.286986649036407471e-01
3.280643522739410400e-01
3.274304270744323730e-01
3.267981708049774170e-01
3.261668980121612549e-01
3.255366384983062744e-01
3.249073624610900879e-01
3.242790699005126953e-01
3.236517608165740967e-01
3.230254054069519043e-01
3.224000334739685059e-01
3.217756152153015137e-01
3.211521506309509277e-01
3.205289840698242188e-01
3.199073672294616699e-01
3.192867040634155273e-01
3.186669349670410156e-01
3.180480897426605225e-01
3.174301385879516602e-01
3.168130815029144287e-01
3.161969184875488281e-01
3.155816495418548584e-01
3.149657249450683594e-01
3.143515586853027344e-01
3.137388825416564941e-01
3.131270706653594971e-01
3.125160634517669678e-01
3.119059205055236816e-01
3.112966120243072510e-01
3.106881380081176758e-01
3.100804686546325684e-01
3.094735741615295410e-01
3.088675141334533691e-01
3.082616329193115234e-01
3.076571524143218994e-01
3.070534467697143555e-01
3.064505159854888916e-01
3.058483302593231201e-01
3.052469193935394287e-01
3.046462833881378174e-01
3.040464222431182861e-01
3.034472763538360596e-01
3.028488159179687500e-01
3.022511303424835205e-01
3.016545772552490234e-01
3.010620772838592529e-01
3.004697263240814209e-01
2.998786866664886475e-01
2.992883622646331787e-01
2.986987829208374023e-01
2.981099188327789307e-01
2.975217401981353760e-01
2.969337701797485352e-01
2.963470220565795898e-01
2.957609295845031738e-01
2.951755225658416748e-01
2.945907711982727051e-01
2.940067350864410400e-01
2.934227287769317627e-01
2.928400039672851562e-01
2.922579050064086914e-01
2.916764616966247559e-01
2.910956442356109619e-01
2.905154824256896973e-01
2.899354994297027588e-01
2.893565893173217773e-01
2.887783050537109375e-01
2.882006168365478516e-01
2.876235544681549072e-01
2.870471179485321045e-01
2.864706814289093018e-01
2.858954370021820068e-01
2.853207588195800781e-01
2.847467064857482910e-01
2.841732203960418701e-01
2.836003303527832031e-01
2.830274701118469238e-01
2.824557423591613770e-01
2.818831503391265869e-01
2.813125550746917725e-01
2.807425558567047119e-01
2.801731228828430176e-01
2.796036899089813232e-01
2.790355980396270752e-01
2.784678339958190918e-01
2.779006659984588623e-01
2.773340344429016113e-01
2.767679691314697266e-01
2.762019038200378418e-01
2.756369709968566895e-01
2.750725746154785156e-01
2.745087146759033203e-01
2.739454209804534912e-01
2.733826935291290283e-01
2.728199660778045654e-01
2.722583413124084473e-01
2.716972529888153076e-01
2.711367011070251465e-01
2.705767452716827393e-01
2.700173258781433105e-01
2.694584727287292480e-01
2.688995897769927979e-01
2.683418393135070801e-01
2.677846550941467285e-01
2.672282755374908447e-01
2.666721940040588379e-01
2.661166787147521973e-01
2.655611634254455566e-01
2.650067806243896484e-01
2.644529342651367188e-01
2.638996839523315430e-01
2.634017467498779297e-01
2.629314363002777100e-01
2.624621391296386719e-01
2.619913816452026367e-01
2.615225613117218018e-01
2.610548138618469238e-01
2.605870068073272705e-01
2.601202726364135742e-01
2.596535086631774902e-01
2.591872811317443848e-01
2.587221264839172363e-01
2.582569718360900879e-01
2.577929198741912842e-01
2.573291659355163574e-01
2.568642795085906982e-01
2.564018666744232178e-01
2.559394836425781250e-01
2.554782330989837646e-01
2.550170123577117920e-01
2.545563578605651855e-01
2.540968358516693115e-01
2.536373734474182129e-01
2.531790435314178467e-01
2.527208030223846436e-01
2.522622942924499512e-01
2.518052756786346436e-01
2.513488531112670898e-01
2.508936226367950439e-01
2.504385113716125488e-01
2.499845325946807861e-01
2.495306879281997681e-01
2.490774989128112793e-01
2.486254870891571045e-01
2.481736242771148682e-01
2.477215677499771118e-01
2.472710609436035156e-01
2.468212395906448364e-01
2.463726252317428589e-01
2.459241896867752075e-01
2.454769611358642578e-01
2.450299412012100220e-01
2.445841431617736816e-01
2.441385537385940552e-01
2.436936944723129272e-01
2.432486861944198608e-01
2.428053170442581177e-01
2.423631697893142700e-01
2.419212907552719116e-01
2.414801567792892456e-01
2.410402894020080566e-01
2.406007051467895508e-01
2.401623874902725220e-01
2.397243529558181763e-01
2.392871081829071045e-01
2.388497740030288696e-01
2.384141236543655396e-01
2.379797846078872681e-01
2.375457435846328735e-01
2.371125370264053345e-01
2.366806417703628540e-01
2.362490892410278320e-01
2.358188629150390625e-01
2.353889793157577515e-01
2.349604368209838867e-01
2.345308810472488403e-01
2.341035604476928711e-01
2.336775958538055420e-01
2.332520037889480591e-01
2.328277975320816040e-01
2.324039638042449951e-01
2.319810241460800171e-01
2.316010892391204834e-01
2.312819063663482666e-01
2.309639751911163330e-01
2.306462973356246948e-01
2.303307354450225830e-01
2.300145924091339111e-01
2.296991944313049316e-01
2.293845713138580322e-01
2.290707379579544067e-01
2.287590354681015015e-01
2.284467518329620361e-01
2.281352579593658447e-01
2.278245538473129272e-01
2.275146543979644775e-01
2.272068858146667480e-01
2.268985807895660400e-01
2.265910953283309937e-01
2.262843996286392212e-01
2.259785234928131104e-01
2.256748229265213013e-01
2.253706008195877075e-01
2.250671833753585815e-01
2.247646003961563110e-01
2.244628667831420898e-01
2.241632938385009766e-01
2.238632142543792725e-01
2.235639840364456177e-01
2.232656031847000122e-01
2.229680716991424561e-01
2.226727157831192017e-01
2.223773300647735596e-01
2.220823615789413452e-01
2.217882424592971802e-01
2.214950025081634521e-01
2.212026119232177734e-01
2.209124267101287842e-01
2.206214666366577148e-01
2.203316986560821533e-01
2.200427949428558350e-01
2.197548002004623413e-01
2.194689959287643433e-01
2.191827446222305298e-01
2.188974022865295410e-01
2.186129391193389893e-01
2.183293551206588745e-01
2.180480062961578369e-01
2.177662253379821777e-01
2.174853384494781494e-01
2.172053605318069458e-01
2.169262915849685669e-01
2.166494280099868774e-01
2.163721621036529541e-01
2.160958051681518555e-01
2.158203721046447754e-01
2.155458480119705200e-01
2.152735441923141479e-01
2.150008529424667358e-01
2.147290706634521484e-01
2.144586294889450073e-01
2.141886949539184570e-01
2.139209806919097900e-01
2.136529088020324707e-01
2.133857458829879761e-01
2.131195217370986938e-01
2.128539383411407471e-01
2.125908732414245605e-01
2.123274505138397217e-01
2.120649516582489014e-01
2.118033915758132935e-01
2.115427702665328979e-01
2.112843692302703857e-01
2.110256254673004150e-01
2.107678353786468506e-01
2.105109542608261108e-01
2.102550417184829712e-01
2.100013494491577148e-01
2.097493708133697510e-01
2.095221728086471558e-01
2.092966884374618530e-01
2.090707570314407349e-01
2.088469415903091431e-01
2.086226791143417358e-01
2.084005177021026611e-01
2.081791758537292480e-01
2.079574167728424072e-01
2.077377438545227051e-01
2.075173854827880859e-01
2.072993814945220947e-01
2.070821970701217651e-01
2.068645954132080078e-01
2.066490650177001953e-01
2.064331322908401489e-01
2.062192708253860474e-01
2.060062438249588013e-01
2.057927846908569336e-01
2.055814266204833984e-01
2.053696215152740479e-01
2.051599025726318359e-01
2.049498856067657471e-01
2.047418206930160522e-01
2.045345902442932129e-01
2.043269276618957520e-01
2.041213512420654297e-01
2.039153426885604858e-01
2.037113904953002930e-01
2.035082727670669556e-01
2.033047229051589966e-01
2.031032443046569824e-01
2.029013335704803467e-01
2.027014791965484619e-01
2.025009989738464355e-01
2.023027688264846802e-01
2.021053582429885864e-01
2.019075304269790649e-01
2.017117291688919067e-01
2.015155255794525146e-01
2.013213336467742920e-01
2.011279612779617310e-01
2.009344846010208130e-01
2.007427066564559937e-01
2.005505114793777466e-01
2.003603130578994751e-01
2.001694887876510620e-01
1.999808847904205322e-01
1.997930705547332764e-01
1.996048241853713989e-01
1.994185596704483032e-01
1.992318779230117798e-01
1.990471780300140381e-01
1.988632529973983765e-01
1.986788958311080933e-01
1.984965056180953979e-01
1.983136832714080811e-01
1.981328278779983521e-01
1.979525238275527954e-01
1.977719813585281372e-01
1.975933760404586792e-01
1.974143385887145996e-01
1.972372382879257202e-01
1.970599740743637085e-01
1.968843489885330200e-01
1.967094391584396362e-01
1.965340822935104370e-01
1.963606327772140503e-01
1.961867213249206543e-01
1.960145086050033569e-01
1.958431899547576904e-01
1.956714093685150146e-01
1.955015063285827637e-01
1.953311264514923096e-01
1.951626092195510864e-01
1.949936002492904663e-01
1.948264390230178833e-01
1.946599483489990234e-01
1.944929808378219604e-01
1.943276524543762207e-01
1.941620111465454102e-01
1.939981579780578613e-01
1.938389688730239868e-01
1.937306821346282959e-01
1.936228126287460327e-01
1.935150772333145142e-01
1.934091448783874512e-01
1.933023333549499512e-01
1.931960582733154297e-01
1.930898874998092651e-01
1.929855048656463623e-01
1.928803622722625732e-01
1.927755773067474365e-01
1.926719844341278076e-01
1.925677359104156494e-01
1.924639940261840820e-01
1.923605650663375854e-01
1.922585964202880859e-01
1.921555399894714355e-01
1.920530647039413452e-01
1.919520050287246704e-01
1.918499618768692017e-01
1.917480975389480591e-01
1.916467696428298950e-01
1.915468126535415649e-01
1.914460211992263794e-01
1.913454681634902954e-01
1.912448853254318237e-01
1.911457628011703491e-01
1.910459101200103760e-01
1.909462660551071167e-01
1.908476650714874268e-01
1.907484382390975952e-01
1.906493902206420898e-01
1.905505359172821045e-01
1.904529333114624023e-01
1.903540045022964478e-01
1.902556270360946655e-01
1.901573985815048218e-01
1.900603771209716797e-01
1.899621486663818359e-01
1.898643076419830322e-01
1.897676140069961548e-01
1.896698474884033203e-01
1.895720362663269043e-01
1.894745528697967529e-01
1.893782019615173340e-01
1.892808675765991211e-01
1.891835778951644897e-01
1.890860646963119507e-01
1.889897584915161133e-01
1.888925731182098389e-01
1.887953877449035645e-01
1.886989772319793701e-01
1.886017918586730957e-01
1.885045915842056274e-01
1.884073615074157715e-01
1.883111447095870972e-01
1.882134526968002319e-01
1.881160885095596313e-01
1.880196928977966309e-01
1.879221946001052856e-01
1.878243684768676758e-01
1.877266913652420044e-01
1.876299381256103516e-01
1.875319331884384155e-01
1.874336898326873779e-01
1.873355507850646973e-01
1.872382909059524536e-01
1.871398687362670898e-01
1.870412975549697876e-01
1.869431883096694946e-01
1.868442744016647339e-01
1.867451816797256470e-01
1.866458803415298462e-01
1.865471154451370239e-01
1.864473074674606323e-01
1.863473802804946899e-01
1.862472295761108398e-01
1.861478090286254883e-01
1.860469281673431396e-01
1.859460324048995972e-01
1.858457475900650024e-01
1.857443153858184814e-01
1.856423765420913696e-01
1.855403780937194824e-01
1.854390650987625122e-01
1.853363811969757080e-01
1.852334737777709961e-01
1.851300001144409180e-01
1.850274205207824707e-01
1.849533170461654663e-01
1.848877370357513428e-01
1.848209202289581299e-01
1.847543865442276001e-01
1.846877038478851318e-01
1.846206039190292358e-01
1.845529973506927490e-01
1.844848096370697021e-01
1.844164580106735229e-01
1.843467503786087036e-01
1.842775493860244751e-01
1.842075586318969727e-01
1.841374933719635010e-01
1.840669810771942139e-01
1.839960217475891113e-01
1.839243769645690918e-01
1.838515251874923706e-01
1.837792396545410156e-01
1.837065070867538452e-01
1.836333125829696655e-01
1.835594177246093750e-01
1.834852248430252075e-01
1.834106743335723877e-01
1.833347380161285400e-01
1.832589954137802124e-01
1.831830590963363647e-01
1.831066757440567017e-01
1.830297112464904785e-01
1.829521209001541138e-01
1.828743219375610352e-01
1.827951520681381226e-01
1.827164292335510254e-01
1.826368868350982666e-01
1.825572103261947632e-01
1.824770867824554443e-01
1.823965013027191162e-01
1.823151558637619019e-01
1.822326332330703735e-01
1.821506321430206299e-01
1.820681691169738770e-01
1.819849610328674316e-01
1.819015592336654663e-01
1.818176209926605225e-01
1.817324012517929077e-01
1.816473305225372314e-01
1.815620809793472290e-01
1.814763695001602173e-01
1.813901215791702271e-01
1.813032180070877075e-01
1.812161356210708618e-01
1.811277121305465698e-01
1.810397356748580933e-01
1.809509396553039551e-01
1.808620542287826538e-01
1.807727366685867310e-01
1.806829571723937988e-01
1.805923879146575928e-01
1.805008649826049805e-01
1.804097890853881836e-01
1.803182810544967651e-01
1.802259683609008789e-01
1.801336109638214111e-01
1.800408214330673218e-01
1.799475997686386108e-01
1.798527389764785767e-01
1.797586977481842041e-01
1.796642392873764038e-01
1.795693933963775635e-01
1.794740706682205200e-01
1.793781071901321411e-01
1.792820543050765991e-01
1.791847497224807739e-01
1.790878474712371826e-01
1.789903342723846436e-01
1.788927316665649414e-01
1.787947565317153931e-01
1.786963492631912231e-01
1.785973310470581055e-01
1.784974187612533569e-01
1.783979833126068115e-01
1.782981306314468384e-01
1.781976968050003052e-01
1.780972182750701904e-01
1.779963970184326172e-01
1.778951734304428101e-01
1.777925342321395874e-01
1.776907145977020264e-01
1.775885969400405884e-01
1.774860769510269165e-01
1.773830056190490723e-01
1.772799491882324219e-01
1.771765798330307007e-01
1.770720034837722778e-01
1.769677400588989258e-01
1.768634915351867676e-01
1.767647564411163330e-01
1.766750365495681763e-01
1.765841543674468994e-01
1.764940917491912842e-01
1.764024794101715088e-01
1.763114780187606812e-01
1.762193143367767334e-01
1.761280000209808350e-01
1.760351806879043579e-01
1.759429872035980225e-01
1.758499741554260254e-01
1.757572144269943237e-01
1.756632924079895020e-01
1.755700111389160156e-01
1.754759550094604492e-01
1.753821671009063721e-01
1.752872467041015625e-01
1.751929968595504761e-01
1.750979870557785034e-01
1.750032901763916016e-01
1.749074757099151611e-01
1.748126745223999023e-01
1.747165322303771973e-01
1.746210157871246338e-01
1.745244264602661133e-01
1.744288653135299683e-01
1.743319779634475708e-01
1.742357611656188965e-01
1.741388142108917236e-01
1.740422695875167847e-01
1.739447563886642456e-01
1.738479435443878174e-01
1.737504154443740845e-01
1.736533194780349731e-01
1.735552847385406494e-01
1.734582632780075073e-01
1.733599454164505005e-01
1.732624024152755737e-01
1.731639206409454346e-01
1.730664521455764771e-01
1.729677915573120117e-01
1.728698909282684326e-01
1.727710217237472534e-01
1.726732701063156128e-01
1.725743263959884644e-01
1.724760979413986206e-01
1.723773628473281860e-01
1.722790598869323730e-01
1.721798479557037354e-01
1.720814853906631470e-01
1.719825714826583862e-01
1.718840897083282471e-01
1.717848181724548340e-01
1.716866493225097656e-01
1.715872883796691895e-01
1.714888066053390503e-01
1.713894754648208618e-01
1.712912470102310181e-01
1.711919158697128296e-01
1.710934340953826904e-01
1.709944158792495728e-01
1.708959639072418213e-01
1.707967221736907959e-01
1.706982553005218506e-01
1.705993860960006714e-01
1.705010533332824707e-01
1.704019308090209961e-01
1.703036427497863770e-01
1.702049374580383301e-01
1.701067835092544556e-01
1.700078248977661133e-01
1.699101030826568604e-01
1.698113232851028442e-01
1.697133630514144897e-01
1.696147173643112183e-01
1.695172786712646484e-01
1.694187223911285400e-01
1.693211197853088379e-01
1.692231148481369019e-01
1.691256463527679443e-01
1.690274775028228760e-01
1.689302325248718262e-01
1.688325554132461548e-01
1.687355041503906250e-01
1.686377376317977905e-01
1.685411781072616577e-01
1.684436202049255371e-01
1.683470159769058228e-01
1.682496517896652222e-01
1.681535840034484863e-01
1.680565029382705688e-01
1.679603308439254761e-01
1.678634881973266602e-01
1.677679121494293213e-01
1.676713377237319946e-01
1.675756722688674927e-01
1.674796789884567261e-01
1.673843264579772949e-01
1.672882586717605591e-01
1.671931743621826172e-01
1.670977473258972168e-01
1.670029312372207642e-01
1.669074743986129761e-01
1.668164134025573730e-01
1.667619049549102783e-01
1.667083203792572021e-01
1.666540205478668213e-01
1.666002422571182251e-01
1.665469110012054443e-01
1.664928346872329712e-01
1.664396226406097412e-01
1.663854122161865234e-01
1.663323938846588135e-01
1.662786155939102173e-01
1.662257760763168335e-01
1.661730110645294189e-01
1.661191880702972412e-01
1.660665869712829590e-01
1.660132855176925659e-01
1.659608185291290283e-01
1.659073680639266968e-01
1.658550947904586792e-01
1.658029258251190186e-01
1.657500565052032471e-01
1.656977385282516479e-01
1.656450331211090088e-01
1.655931919813156128e-01
1.655406802892684937e-01
1.654887497425079346e-01
1.654371619224548340e-01
1.653849184513092041e-01
1.653335392475128174e-01
1.652814745903015137e-01
1.652300059795379639e-01
1.651780903339385986e-01
1.651270985603332520e-01
1.650761961936950684e-01
1.650242656469345093e-01
1.649735569953918457e-01
1.649221032857894897e-01
1.648715883493423462e-01
1.648200601339340210e-01
1.647696942090988159e-01
1.647194474935531616e-01
1.646684706211090088e-01
1.646181195974349976e-01
1.645673662424087524e-01
1.645174622535705566e-01
1.644669026136398315e-01
1.644171923398971558e-01
1.643673181533813477e-01
1.643170416355133057e-01
1.642676144838333130e-01
1.642175316810607910e-01
1.641680002212524414e-01
1.641181111335754395e-01
1.640691012144088745e-01
1.640201508998870850e-01
1.639702618122100830e-01
1.639214903116226196e-01
1.638720929622650146e-01
1.638235598802566528e-01
1.637739986181259155e-01
1.637256741523742676e-01
1.636774241924285889e-01
1.636284589767456055e-01
1.635804176330566406e-01
1.635313481092453003e-01
1.634834855794906616e-01
1.634349375963211060e-01
1.633872389793395996e-01
1.633386015892028809e-01
1.632910817861557007e-01
1.632437109947204590e-01
1.631956398487091064e-01
1.631481200456619263e-01
1.631002575159072876e-01
1.630532294511795044e-01
1.630055308341979980e-01
1.629584431648254395e-01
1.629116982221603394e-01
1.628642976284027100e-01
1.628177314996719360e-01
1.627705395221710205e-01
1.627239137887954712e-01
1.626768559217453003e-01
1.626307219266891479e-01
1.625846326351165771e-01
1.625376194715499878e-01
1.624917536973953247e-01
1.624451875686645508e-01
1.623995006084442139e-01
1.623528599739074707e-01
1.623073518276214600e-01
1.622619479894638062e-01
1.622158437967300415e-01
1.621703505516052246e-01
1.621244698762893677e-01
1.620794087648391724e-01
1.620337069034576416e-01
1.619885563850402832e-01
1.619438081979751587e-01
1.618983596563339233e-01
1.618537902832031250e-01
1.618085205554962158e-01
1.617638617753982544e-01
1.617187857627868652e-01
1.616745889186859131e-01
1.616304367780685425e-01
1.615853756666183472e-01
1.615414321422576904e-01
1.614968180656433105e-01
1.614530831575393677e-01
1.614083498716354370e-01
1.613647788763046265e-01
1.613212823867797852e-01
1.612692326307296753e-01
1.612149029970169067e-01
1.611604243516921997e-01
1.611062735319137573e-01
1.610522568225860596e-01
1.609982997179031372e-01
1.609444618225097656e-01
1.608914434909820557e-01
1.608377695083618164e-01
1.607839018106460571e-01
1.607304364442825317e-01
1.606770455837249756e-01
1.606237143278121948e-01
1.605705171823501587e-01
1.605173796415328979e-01
1.604643464088439941e-01
1.604121327400207520e-01
1.603590101003646851e-01
1.603062152862548828e-01
1.602535545825958252e-01
1.602009534835815430e-01
1.601484566926956177e-01
1.600960195064544678e-01
1.600437015295028687e-01
1.599914580583572388e-01
1.599397808313369751e-01
1.598877310752868652e-01
1.598357409238815308e-01
1.597838699817657471e-01
1.597320437431335449e-01
1.596803516149520874e-01
1.596287041902542114e-01
1.595771759748458862e-01
1.595261842012405396e-01
1.594748198986053467e-01
1.594235301017761230e-01
1.593723297119140625e-01
1.593212187290191650e-01
1.592701971530914307e-01
1.592192351818084717e-01
1.591681391000747681e-01
1.591173708438873291e-01
1.590674072504043579e-01
1.590168178081512451e-01
1.589662879705429077e-01
1.589158624410629272e-01
1.588655114173889160e-01
1.588152498006820679e-01
1.587647795677185059e-01
1.587146967649459839e-01
1.586646735668182373e-01
1.586154848337173462e-01
1.585656255483627319e-01
1.585158705711364746e-01
1.584661602973937988e-01
1.584165692329406738e-01
1.583667993545532227e-01
1.583173424005508423e-01
1.582679897546768188e-01
1.582186967134475708e-01
1.581702530384063721e-01
1.581211239099502563e-01
1.580720990896224976e-01
1.580228656530380249e-01
1.579740047454833984e-01
1.579252034425735474e-01
1.578764915466308594e-01
1.578278392553329468e-01
1.577800214290618896e-01
1.577315330505371094e-01
1.576831489801406860e-01
1.576345562934875488e-01
1.575863212347030640e-01
1.575381457805633545e-01
1.574900448322296143e-01
1.574420630931854248e-01
1.573941111564636230e-01
1.573469936847686768e-01
1.572992056608200073e-01
1.572512686252593994e-01
1.572036445140838623e-01
1.571561098098754883e-01
1.571086198091506958e-01
1.570612490177154541e-01
1.570139080286026001e-01
1.569666713476181030e-01
1.569199711084365845e-01
1.568728685379028320e-01
1.568258702754974365e-01
1.567789167165756226e-01
1.567320674657821655e-01
1.566852629184722900e-01
1.566385626792907715e-01
1.565919071435928345e-01
1.565451025962829590e-01
1.564993113279342651e-01
1.564528793096542358e-01
1.564065366983413696e-01
1.563602536916732788e-01
1.563140600919723511e-01
1.562679260969161987e-01
1.562218815088272095e-01
1.561756283044815063e-01
1.561297327280044556e-01
1.560845971107482910e-01
1.560388356447219849e-01
1.559931188821792603e-01
1.559474915266036987e-01
1.559019386768341064e-01
1.558561921119689941e-01
1.558107882738113403e-01
1.557654440402984619e-01
1.557208895683288574e-01
1.556756645441055298e-01
1.556305438280105591e-01
1.555854678153991699e-01
1.555404663085937500e-01
1.554953008890151978e-01
1.554504334926605225e-01
1.554056555032730103e-01
1.553609222173690796e-01
1.553169935941696167e-01
1.552682518959045410e-01
1.552106887102127075e-01
1.551522314548492432e-01
1.550945788621902466e-01
1.550365239381790161e-01
1.549790054559707642e-01
1.549208760261535645e-01
1.548637598752975464e-01
1.548057794570922852e-01
1.547485738992691040e-01
1.546909958124160767e-01
1.546339243650436401e-01
1.545769572257995605e-01
1.545195877552032471e-01
1.544627696275711060e-01
1.544053107500076294e-01
1.543488651514053345e-01
1.542915701866149902e-01
1.542350351810455322e-01
1.541781276464462280e-01
1.541217416524887085e-01
1.540647447109222412e-01
1.540087461471557617e-01
1.539518982172012329e-01
1.538960337638854980e-01
1.538393348455429077e-01
1.537833958864212036e-01
1.537270694971084595e-01
1.536712795495986938e-01
1.536155492067337036e-01
1.535594463348388672e-01
1.535038650035858154e-01
1.534476876258850098e-01
1.533924788236618042e-01
1.533364206552505493e-01
1.532811373472213745e-01
1.532254666090011597e-01
1.531703323125839233e-01
1.531145572662353516e-01
1.530597805976867676e-01
1.530041694641113281e-01
1.529493033885955811e-01
1.528940498828887939e-01
1.528393477201461792e-01
1.527846902608871460e-01
1.527296453714370728e-01
1.526751518249511719e-01
1.526200175285339355e-01
1.525658965110778809e-01
1.525108963251113892e-01
1.524566709995269775e-01
1.524020582437515259e-01
1.523479670286178589e-01
1.522932499647140503e-01
1.522395312786102295e-01
1.521849632263183594e-01
1.521311551332473755e-01
1.520769596099853516e-01
1.520232707262039185e-01
1.519696712493896484e-01
1.519156694412231445e-01
1.518621891736984253e-01
1.518081128597259521e-01
1.517549902200698853e-01
1.517010331153869629e-01
1.516478359699249268e-01
1.515942513942718506e-01
1.515411883592605591e-01
1.514874994754791260e-01
1.514347791671752930e-01
1.513812541961669922e-01
1.513284444808959961e-01
1.512752473354339600e-01
1.512225866317749023e-01
1.511699706315994263e-01
1.511169970035552979e-01
1.510645151138305664e-01
1.510114222764968872e-01
1.509593129158020020e-01
1.509063541889190674e-01
1.508541405200958252e-01
1.508015543222427368e-01
1.507494747638702393e-01
1.506967693567276001e-01
1.506450474262237549e-01
1.505924910306930542e-01
1.505406796932220459e-01
1.504884660243988037e-01
1.504367589950561523e-01
1.503846943378448486e-01
1.503331065177917480e-01
1.502816081047058105e-01
1.502297222614288330e-01
1.501783430576324463e-01
1.501263678073883057e-01
1.500753313302993774e-01
1.500234752893447876e-01
1.499723494052886963e-01
1.499208360910415649e-01
1.498698294162750244e-01
1.498182415962219238e-01
1.497675776481628418e-01
1.497160941362380981e-01
1.496653407812118530e-01
1.496141999959945679e-01
1.495635807514190674e-01
1.495130062103271484e-01
1.494620442390441895e-01
1.494116187095642090e-01
1.493605673313140869e-01
1.493104547262191772e-01
1.492595374584197998e-01
1.492093354463577271e-01
1.491587460041046143e-01
1.491086632013320923e-01
1.490579843521118164e-01
1.490082442760467529e-01
1.489576846361160278e-01
1.489078402519226074e-01
1.488576233386993408e-01
1.488078981637954712e-01
1.487582325935363770e-01
1.487081944942474365e-01
1.486586481332778931e-01
1.486085057258605957e-01
1.485593020915985107e-01
1.485092639923095703e-01
1.484599560499191284e-01
1.484102755784988403e-01
1.483610868453979492e-01
1.483113020658493042e-01
1.482624262571334839e-01
1.482127755880355835e-01
1.481638103723526001e-01
1.481097042560577393e-01
1.480141133069992065e-01
1.479177922010421753e-01
1.478224396705627441e-01
1.477269977331161499e-01
1.476312428712844849e-01
1.475360244512557983e-01
1.474404782056808472e-01
1.473454982042312622e-01
1.472502052783966064e-01
1.471554487943649292e-01
1.470603793859481812e-01
1.469658464193344116e-01
1.468716561794281006e-01
1.467767059803009033e-01
1.466827243566513062e-01
1.465880274772644043e-01
1.464942842721939087e-01
1.463997960090637207e-01
1.463062763214111328e-01
1.462120264768600464e-01
1.461187303066253662e-01
1.460246890783309937e-01
1.459316313266754150e-01
1.458384692668914795e-01
1.457449793815612793e-01
1.456520408391952515e-01
1.455587893724441528e-01
1.454660594463348389e-01
1.453730165958404541e-01
1.452805250883102417e-01
1.451877206563949585e-01
1.450954526662826538e-01
1.450034976005554199e-01
1.449108123779296875e-01
1.448190659284591675e-01
1.447266042232513428e-01
1.446350812911987305e-01
1.445428431034088135e-01
1.444515436887741089e-01
1.443595290184020996e-01
1.442684531211853027e-01
1.441766470670700073e-01
1.440857797861099243e-01
1.439948379993438721e-01
1.439035534858703613e-01
1.438128203153610229e-01
