6.917484998703002930e-01
6.914041042327880859e-01
6.910490393638610840e-01
6.906831264495849609e-01
6.903077960014343262e-01
6.900002956390380859e-01
6.897038221359252930e-01
6.893950700759887695e-01
6.890743970870971680e-01
6.887419819831848145e-01
6.887665987014770508e-01
6.889868974685668945e-01
6.891937851905822754e-01
6.893863677978515625e-01
6.895667314529418945e-01
6.898552179336547852e-01
6.903549432754516602e-01
6.908465027809143066e-01
6.913285255432128906e-01
6.918018460273742676e-01
6.922674179077148438e-01
6.926568150520324707e-01
6.930353641510009766e-01
6.934088468551635742e-01
6.937776803970336914e-01
6.941415071487426758e-01
6.945554614067077637e-01
6.950892806053161621e-01
6.956214308738708496e-01
6.961520314216613770e-01
6.966812610626220703e-01
6.972093582153320312e-01
6.976423263549804688e-01
6.979898214340209961e-01
6.983376741409301758e-01
6.986858844757080078e-01
6.990351080894470215e-01
6.993849873542785645e-01
6.995974183082580566e-01
6.997015476226806641e-01
6.998058557510375977e-01
6.999116539955139160e-01
7.000170350074768066e-01
7.001231312751770020e-01
7.002263069152832031e-01
7.003245949745178223e-01
7.004240155220031738e-01
7.005246281623840332e-01
7.006266117095947266e-01
7.007299661636352539e-01
7.008131146430969238e-01
7.005760073661804199e-01
7.003381848335266113e-01
7.001010775566101074e-01
6.998633742332458496e-01
6.996266245841979980e-01
6.993893980979919434e-01
6.992092728614807129e-01
6.990845799446105957e-01
6.989609599113464355e-01
6.988388299942016602e-01
6.987177133560180664e-01
6.985979080200195312e-01
6.984794139862060547e-01
6.982810497283935547e-01
6.980550885200500488e-01
6.978290677070617676e-01
6.976041793823242188e-01
6.973803043365478516e-01
6.971570849418640137e-01
6.969360113143920898e-01
6.966136693954467773e-01
6.962545514106750488e-01
6.958960890769958496e-01
6.955384016036987305e-01
6.951814889907836914e-01
6.948253512382507324e-01
6.944700479507446289e-01
6.941179037094116211e-01
6.937711238861083984e-01
6.934241652488708496e-01
6.930780410766601562e-01
6.927338242530822754e-01
6.923894286155700684e-01
6.920458674430847168e-01
6.917041540145874023e-01
6.913682818412780762e-01
6.910343170166015625e-01
6.907004117965698242e-01
6.903681159019470215e-01
6.900355815887451172e-01
6.897048354148864746e-01
6.893740892410278320e-01
6.889910101890563965e-01
6.884100437164306641e-01
6.878297328948974609e-01
6.872498989105224609e-01
6.866706609725952148e-01
6.860916614532470703e-01
6.855134367942810059e-01
6.849357485771179199e-01
6.843981146812438965e-01
6.840592622756958008e-01
6.837219595909118652e-01
6.833845376968383789e-01
6.830486059188842773e-01
6.827125549316406250e-01
6.823770403861999512e-01
6.820428967475891113e-01
6.817084550857543945e-01
6.812052130699157715e-01
6.806629896163940430e-01
6.801207065582275391e-01
6.795796155929565430e-01
6.790376305580139160e-01
6.784959435462951660e-01
6.779549717903137207e-01
6.774133443832397461e-01
6.768850684165954590e-01
6.764292120933532715e-01
6.759744286537170410e-01
6.755190491676330566e-01
6.750645637512207031e-01
6.746095418930053711e-01
6.741554737091064453e-01
6.737012863159179688e-01
6.732465028762817383e-01
6.728112101554870605e-01
6.724795103073120117e-01
6.721477508544921875e-01
6.718158125877380371e-01
6.714836359024047852e-01
6.711520552635192871e-01
6.708193421363830566e-01
6.704862713813781738e-01
6.701528429985046387e-01
6.698189973831176758e-01
6.693196296691894531e-01
6.687802076339721680e-01
6.682406067848205566e-01
6.676995158195495605e-01
6.671590805053710938e-01
6.666179299354553223e-01
6.660755872726440430e-01
6.655334234237670898e-01
6.649899482727050781e-01
6.644529104232788086e-01
6.639901995658874512e-01
6.635259389877319336e-01
6.630619168281555176e-01
6.624534726142883301e-01
6.619860529899597168e-01
6.615188121795654297e-01
6.610499024391174316e-01
6.605809926986694336e-01
6.601110100746154785e-01
6.596394777297973633e-01
6.593495607376098633e-01
6.590662598609924316e-01
6.587817072868347168e-01
6.584961414337158203e-01
6.582104563713073730e-01
6.579227447509765625e-01
6.576340794563293457e-01
6.573441028594970703e-01
6.570529937744140625e-01
6.567609906196594238e-01
6.565021872520446777e-01
6.562896966934204102e-01
6.560760736465454102e-01
6.558612585067749023e-01
6.556453108787536621e-01
6.554284095764160156e-01
6.552101969718933105e-01
6.549907922744750977e-01
6.547702550888061523e-01
6.545485854148864746e-01
6.543257832527160645e-01
6.541100144386291504e-01
6.539042592048645020e-01
6.536973118782043457e-01
6.534896492958068848e-01
6.532808542251586914e-01
6.530713438987731934e-01
6.528609395027160645e-01
6.526494026184082031e-01
6.524372696876525879e-01
6.522240638732910156e-01
6.520103216171264648e-01
6.517957448959350586e-01
6.515463590621948242e-01
6.512953639030456543e-01
6.510428190231323242e-01
6.507905721664428711e-01
6.505368351936340332e-01
6.502834558486938477e-01
6.500286459922790527e-01
6.497743129730224609e-01
6.495186686515808105e-01
6.492635011672973633e-01
6.490072011947631836e-01
6.487514972686767578e-01
6.484472751617431641e-01
6.481414437294006348e-01
6.478353738784790039e-01
6.475300192832946777e-01
6.472236514091491699e-01
6.469171047210693359e-01
6.466116309165954590e-01
6.463055014610290527e-01
6.459996104240417480e-01
6.456941366195678711e-01
6.453899145126342773e-01
6.450852751731872559e-01
6.446431279182434082e-01
6.440339684486389160e-01
6.434252262115478516e-01
6.428172588348388672e-01
6.422098875045776367e-01
6.416046023368835449e-01
6.409993767738342285e-01
6.403955817222595215e-01
6.397937536239624023e-01
6.391937136650085449e-01
6.385971307754516602e-01
6.380022168159484863e-01
6.374105811119079590e-01
6.368927955627441406e-01
6.365082263946533203e-01
6.361304521560668945e-01
6.357581019401550293e-01
6.353944540023803711e-01
6.350384950637817383e-01
6.346939206123352051e-01
6.343602538108825684e-01
6.340418457984924316e-01
6.337391734123229980e-01
6.334577798843383789e-01
6.331996321678161621e-01
6.329723596572875977e-01
6.327808499336242676e-01
6.326823830604553223e-01
6.326718330383300781e-01
6.327404379844665527e-01
6.329178214073181152e-01
6.332508325576782227e-01
6.338237524032592773e-01
6.348077654838562012e-01
6.366778612136840820e-01
6.449280977249145508e-01
6.382438540458679199e-01
6.360420584678649902e-01
6.346064805984497070e-01
6.335699558258056641e-01
6.327866911888122559e-01
6.321694850921630859e-01
6.316393613815307617e-01
6.312106251716613770e-01
6.308596134185791016e-01
6.305726766586303711e-01
6.303356289863586426e-01
6.301411986351013184e-01
6.299807429313659668e-01
6.298471689224243164e-01
6.297375559806823730e-01
6.296456456184387207e-01
6.295700073242187500e-01
6.295056939125061035e-01
6.294522285461425781e-01
6.294063925743103027e-01
6.293646693229675293e-01
6.293203830718994141e-01
6.292801499366760254e-01
6.292411088943481445e-01
6.292029023170471191e-01
6.291648149490356445e-01
6.291267871856689453e-01
6.290866136550903320e-01
6.290442347526550293e-01
6.289994716644287109e-01
6.289527416229248047e-01
6.289018392562866211e-01
6.288474202156066895e-01
6.287900209426879883e-01
6.287278532981872559e-01
6.286613941192626953e-01
6.286032199859619141e-01
6.285902261734008789e-01
6.285715699195861816e-01
6.285489797592163086e-01
6.285207867622375488e-01
6.284887790679931641e-01
6.284510493278503418e-01
6.284094452857971191e-01
6.283624172210693359e-01
6.283116340637207031e-01
6.282555460929870605e-01
6.281959414482116699e-01
6.281313896179199219e-01
6.280624866485595703e-01
6.279904246330261230e-01
6.279135942459106445e-01
6.278337836265563965e-01
6.277716755867004395e-01
6.277300119400024414e-01
6.276854276657104492e-01
6.276366114616394043e-01
6.275845170021057129e-01
6.275299787521362305e-01
6.274715065956115723e-01
6.274102330207824707e-01
6.273469924926757812e-01
6.272802948951721191e-01
6.272111535072326660e-01
6.271395683288574219e-01
6.270667314529418945e-01
6.269910335540771484e-01
6.269134283065795898e-01
6.268348097801208496e-01
6.267536878585815430e-01
6.266711354255676270e-01
6.267723441123962402e-01
6.269074678421020508e-01
6.270408630371093750e-01
6.271728873252868652e-01
6.273035407066345215e-01
6.274319887161254883e-01
6.275602579116821289e-01
6.276875734329223633e-01
6.278138160705566406e-01
6.279395222663879395e-01
6.280645728111267090e-01
6.281890869140625000e-01
6.283122897148132324e-01
6.284360885620117188e-01
6.285596489906311035e-01
6.286829710006713867e-01
6.288064122200012207e-01
6.289299726486206055e-01
6.290663480758666992e-01
6.292506456375122070e-01
6.294361948966979980e-01
6.296218037605285645e-01
6.298080086708068848e-01
6.299952864646911621e-01
6.301832795143127441e-01
6.303724050521850586e-01
6.305626034736633301e-01
6.307536959648132324e-01
6.309461593627929688e-01
6.311395764350891113e-01
6.313344836235046387e-01
6.315305233001708984e-01
6.317280530929565430e-01
6.319276094436645508e-01
6.321280002593994141e-01
6.323298811912536621e-01
6.325330734252929688e-01
6.327379941940307617e-01
6.330196261405944824e-01
6.333674192428588867e-01
6.337171196937561035e-01
6.340688467025756836e-01
6.344224810600280762e-01
6.347781419754028320e-01
6.351358294486999512e-01
6.354956030845642090e-01
6.358573436737060547e-01
6.362212300300598145e-01
6.365871429443359375e-01
6.369552016258239746e-01
6.373253464698791504e-01
6.376975774765014648e-01
6.380719542503356934e-01
6.384477019309997559e-01
6.388263106346130371e-01
6.392071247100830078e-01
6.395900249481201172e-01
6.399750709533691406e-01
6.403623223304748535e-01
6.407229304313659668e-01
6.410728693008422852e-01
6.414260864257812500e-01
6.417805552482604980e-01
6.421382427215576172e-01
6.424971818923950195e-01
6.428593993186950684e-01
6.432228088378906250e-01
6.435894370079040527e-01
6.439573168754577637e-01
6.443283557891845703e-01
6.447005867958068848e-01
6.450760364532470703e-01
6.454526782035827637e-01
6.458324193954467773e-01
6.462133526802062988e-01
6.465974450111389160e-01
6.469826102256774902e-01
6.473708748817443848e-01
6.477602720260620117e-01
6.481527090072631836e-01
6.485462188720703125e-01
6.489185094833374023e-01
6.492778062820434570e-01
6.496382951736450195e-01
6.500002741813659668e-01
6.503649353981018066e-01
6.507302522659301758e-01
6.510974764823913574e-01
6.514668464660644531e-01
6.518372893333435059e-01
6.522091031074523926e-01
6.525835394859313965e-01
6.529584527015686035e-01
6.533349156379699707e-01
6.537138819694519043e-01
6.540932655334472656e-01
6.544743776321411133e-01
6.548574566841125488e-01
6.552413702011108398e-01
6.556272506713867188e-01
6.560139060020446777e-01
6.564016938209533691e-01
6.567918062210083008e-01
6.571821570396423340e-01
6.575355529785156250e-01
6.576198339462280273e-01
6.577045917510986328e-01
6.577898263931274414e-01
6.578754186630249023e-01
6.579614281654357910e-01
6.580477952957153320e-01
6.581347584724426270e-01
6.582218408584594727e-01
6.583092212677001953e-01
6.583969593048095703e-01
6.584849357604980469e-01
6.585732102394104004e-01
6.586617231369018555e-01
6.587504744529724121e-01
6.588394045829772949e-01
6.589276790618896484e-01
6.590170264244079590e-01
6.591064333915710449e-01
6.591960191726684570e-01
6.592857241630554199e-01
6.593754887580871582e-01
6.594654917716979980e-01
6.595554351806640625e-01
6.596453785896301270e-01
6.597301363945007324e-01
6.597785353660583496e-01
6.598274111747741699e-01
6.598767042160034180e-01
6.599264740943908691e-01
6.599766612052917480e-01
6.600272655487060547e-01
6.600782275199890137e-01
6.601295471191406250e-01
6.601812839508056641e-01
6.602332592010498047e-01
6.602856516838073730e-01
6.603375077247619629e-01
6.603904366493225098e-01
6.604436635971069336e-01
6.604971885681152344e-01
6.605510711669921875e-01
6.606050133705139160e-01
6.606591939926147461e-01
6.607135534286499023e-01
6.607681512832641602e-01
6.608228087425231934e-01
6.608777046203613281e-01
6.609326601028442383e-01
6.609877943992614746e-01
6.610430479049682617e-01
6.610983014106750488e-01
6.611620187759399414e-01
6.612342596054077148e-01
6.613072156906127930e-01
6.613790392875671387e-01
6.614516973495483398e-01
6.615232229232788086e-01
6.615954041481018066e-01
6.616664528846740723e-01
6.617381572723388672e-01
6.618087291717529297e-01
6.618789434432983398e-01
6.619497537612915039e-01
6.620193719863891602e-01
6.620895266532897949e-01
6.621584892272949219e-01
6.622279286384582520e-01
6.622961163520812988e-01
6.623647212982177734e-01
6.624320149421691895e-01
6.624997854232788086e-01
6.625663042068481445e-01
6.626331806182861328e-01
6.626986861228942871e-01
6.627645492553710938e-01
6.628290414810180664e-01
6.628938317298889160e-01
6.629571914672851562e-01
6.630209088325500488e-01
6.630831956863403320e-01
6.630178093910217285e-01
6.629475951194763184e-01
6.628769636154174805e-01
6.628050804138183594e-01
6.627336144447326660e-01
6.626616716384887695e-01
6.625893115997314453e-01
6.625155806541442871e-01
6.624422669410705566e-01
6.623684763908386230e-01
6.622941493988037109e-01
6.622193455696105957e-01
6.621431112289428711e-01
6.620672941207885742e-01
6.619908809661865234e-01
6.619139313697814941e-01
6.618364453315734863e-01
6.617574691772460938e-01
6.616788506507873535e-01
6.615995764732360840e-01
6.615197658538818359e-01
6.614384055137634277e-01
6.613572835922241211e-01
6.612756252288818359e-01
6.611932516098022461e-01
6.611102819442749023e-01
6.610257029533386230e-01
6.609413623809814453e-01
6.608563661575317383e-01
6.607706546783447266e-01
6.606931686401367188e-01
6.606283783912658691e-01
6.605620384216308594e-01
6.604959368705749512e-01
6.604292392730712891e-01
6.603608727455139160e-01
6.602927446365356445e-01
6.602230668067932129e-01
6.601535677909851074e-01
6.600833535194396973e-01
6.600114703178405762e-01
6.599398255348205566e-01
6.598673462867736816e-01
6.597933173179626465e-01
6.597193479537963867e-01
6.596437096595764160e-01
6.595681905746459961e-01
6.594919562339782715e-01
6.594139337539672852e-01
6.593360304832458496e-01
6.592571735382080078e-01
6.591767668724060059e-01
6.590964198112487793e-01
6.590142250061035156e-01
6.589320898056030273e-01
6.588490605354309082e-01
6.587643623352050781e-01
6.586796045303344727e-01
6.585938930511474609e-01
6.585065126419067383e-01
6.584189534187316895e-01
6.583297252655029297e-01
6.582404375076293945e-01
6.580753326416015625e-01
6.578659415245056152e-01
6.576550602912902832e-01
6.574446558952331543e-01
6.572336554527282715e-01
6.570213437080383301e-01
6.568092703819274902e-01
6.565967798233032227e-01
6.563827991485595703e-01
6.561692357063293457e-01
6.559550166130065918e-01
6.557403802871704102e-01
6.555242538452148438e-01
6.553084850311279297e-01
6.550920605659484863e-01
6.548743844032287598e-01
6.546569466590881348e-01
6.544388532638549805e-01
6.542202234268188477e-01
6.540001034736633301e-01
6.537804007530212402e-01
6.535599231719970703e-01
6.533381938934326172e-01
6.531165242195129395e-01
6.528944373130798340e-01
6.526715159416198730e-01
6.524474024772644043e-01
6.522232890129089355e-01
6.519986987113952637e-01
6.517725586891174316e-01
6.515467166900634766e-01
6.513200998306274414e-01
6.510930061340332031e-01
6.508643031120300293e-01
6.506359577178955078e-01
6.504309177398681641e-01
6.502800583839416504e-01
6.501274704933166504e-01
6.499751210212707520e-01
6.498218178749084473e-01
6.496679782867431641e-01
6.495133638381958008e-01
6.493569016456604004e-01
6.492007374763488770e-01
6.490436196327209473e-01
6.488858461380004883e-01
6.487270593643188477e-01
6.485669016838073730e-01
6.484065055847167969e-01
6.482454538345336914e-01
6.480834484100341797e-01
6.479207277297973633e-01
6.477561593055725098e-01
6.475917696952819824e-01
6.474263072013854980e-01
6.472601890563964844e-01
6.470929384231567383e-01
6.469242572784423828e-01
6.467552781105041504e-01
6.465855836868286133e-01
6.464147567749023438e-01
6.462432742118835449e-01
6.460698246955871582e-01
6.458964943885803223e-01
6.457219719886779785e-01
6.455467343330383301e-01
6.453703045845031738e-01
6.451924443244934082e-01
6.450141072273254395e-01
6.448350548744201660e-01
6.446547508239746094e-01
6.444729566574096680e-01
6.442907452583312988e-01
6.440845727920532227e-01
6.437567472457885742e-01
6.434288024902343750e-01
6.431015133857727051e-01
6.427734494209289551e-01
6.424452662467956543e-01
6.421170234680175781e-01
6.419346332550048828e-01
6.416049599647521973e-01
6.412751078605651855e-01
6.409451961517333984e-01
6.406150460243225098e-01
6.402855515480041504e-01
6.399551630020141602e-01
6.396245956420898438e-01
6.392938494682312012e-01
6.389629244804382324e-01
6.386318802833557129e-01
6.383005976676940918e-01
6.379690766334533691e-01
6.376373767852783203e-01
6.373061537742614746e-01
6.369740366935729980e-01
6.366416811943054199e-01
6.363090276718139648e-01
6.359761953353881836e-01
6.356430649757385254e-01
6.353096365928649902e-01
6.349760293960571289e-01
6.346420049667358398e-01
6.343084573745727539e-01
6.339738965034484863e-01
6.336390376091003418e-01
6.333038210868835449e-01
6.329682469367980957e-01
6.326323747634887695e-01
6.322961449623107910e-01
6.319595575332641602e-01
6.316226124763488770e-01
6.312861442565917969e-01
6.309484243392944336e-01
6.306102275848388672e-01
6.304099559783935547e-01
6.302369236946105957e-01
6.300629973411560059e-01
6.298878192901611328e-01
6.297112107276916504e-01
6.295336484909057617e-01
6.293545365333557129e-01
6.291744112968444824e-01
6.289927363395690918e-01
6.288100481033325195e-01
6.286257505416870117e-01
6.284404397010803223e-01
6.282534599304199219e-01
6.280653476715087891e-01
6.278756260871887207e-01
6.276847720146179199e-01
6.274921894073486328e-01
6.272984743118286133e-01
6.271030306816101074e-01
6.269063949584960938e-01
6.267079710960388184e-01
6.265082955360412598e-01
6.263068318367004395e-01
6.261047720909118652e-01
6.259004473686218262e-01
6.256943941116333008e-01
6.254869103431701660e-01
6.252776384353637695e-01
6.250669956207275391e-01
6.248544454574584961e-01
6.246405243873596191e-01
6.244246959686279297e-01
6.242074370384216309e-01
6.239882111549377441e-01
6.237675547599792480e-01
6.235448718070983887e-01
6.233207583427429199e-01
6.230946183204650879e-01
6.228669881820678711e-01
6.226372718811035156e-01
6.224060654640197754e-01
6.221728324890136719e-01
6.219379305839538574e-01
6.217010021209716797e-01
6.214624643325805664e-01
6.212230324745178223e-01
6.209813952445983887e-01
6.207383871078491211e-01
6.204929351806640625e-01
6.202463507652282715e-01
6.199970245361328125e-01
6.197462677955627441e-01
6.194930076599121094e-01
6.192380189895629883e-01
6.189813017845153809e-01
6.187220811843872070e-01
6.184614300727844238e-01
6.181980967521667480e-01
6.179335713386535645e-01
6.176661849021911621e-01
6.173967719078063965e-01
6.171258091926574707e-01
6.168524622917175293e-01
6.165773272514343262e-01
6.162995100021362305e-01
6.160202026367187500e-01
6.157381534576416016e-01
6.154541969299316406e-01
6.151684522628784180e-01
6.148800253868103027e-01
6.145899295806884766e-01
6.142973899841308594e-01
6.140030026435852051e-01
6.137058734893798828e-01
6.134065389633178711e-01
6.131055355072021484e-01
6.128020286560058594e-01
6.124966144561767578e-01
6.121884584426879883e-01
6.118785738945007324e-01
6.115661859512329102e-01
6.112512946128845215e-01
6.109347343444824219e-01
6.106153726577758789e-01
6.102942824363708496e-01
6.099706292152404785e-01
6.096450090408325195e-01
6.093165874481201172e-01
6.089859604835510254e-01
6.086537241935729980e-01
6.083184480667114258e-01
6.079815030097961426e-01
6.076416373252868652e-01
6.073001027107238770e-01
6.070364713668823242e-01
6.067780256271362305e-01
6.065172553062438965e-01
6.062537431716918945e-01
6.059882640838623047e-01
6.057197451591491699e-01
6.054490804672241211e-01
6.051755547523498535e-01
6.049001216888427734e-01
6.046217083930969238e-01
6.043413877487182617e-01
6.040579676628112793e-01
6.037727594375610352e-01
6.034846305847167969e-01
6.031946539878845215e-01
6.029017567634582520e-01
6.026067733764648438e-01
6.023091673851013184e-01
6.020097136497497559e-01
6.017073392868041992e-01
6.014032363891601562e-01
6.010960340499877930e-01
6.007872819900512695e-01
6.004757285118103027e-01
6.001623868942260742e-01
5.998468399047851562e-01
5.995283126831054688e-01
5.992082357406616211e-01
5.988854765892028809e-01
5.985609889030456543e-01
5.982338190078735352e-01
5.979048609733581543e-01
5.975732803344726562e-01
5.972402095794677734e-01
5.969043970108032227e-01
5.965670347213745117e-01
5.962268710136413574e-01
5.958853960037231445e-01
5.955412387847900391e-01
5.951955914497375488e-01
5.948473811149597168e-01
5.944976210594177246e-01
5.941453576087951660e-01
5.937917232513427734e-01
5.934355854988098145e-01
5.930778384208679199e-01
5.927178859710693359e-01
5.923564434051513672e-01
5.919926166534423828e-01
5.916274785995483398e-01
5.912597775459289551e-01
5.908909440040588379e-01
5.905197262763977051e-01
5.901529192924499512e-01
5.898029208183288574e-01
5.894512534141540527e-01
5.890981554985046387e-01
5.887427926063537598e-01
5.883865952491760254e-01
5.880289077758789062e-01
5.876697897911071777e-01
5.873091816902160645e-01
5.869466066360473633e-01
5.865830183029174805e-01
5.862181782722473145e-01
5.858519673347473145e-01
5.854843854904174805e-01
5.851148366928100586e-01
5.847444534301757812e-01
5.843729376792907715e-01
5.840000510215759277e-01
5.836259722709655762e-01
5.832505226135253906e-01
5.828732252120971680e-01
5.824954509735107422e-01
5.821164250373840332e-01
5.817362070083618164e-01
5.813548564910888672e-01
5.809718370437622070e-01
5.805881023406982422e-01
5.802033543586730957e-01
5.798174738883972168e-01
5.794306397438049316e-01
5.790421366691589355e-01
5.786530971527099609e-01
5.782631039619445801e-01
5.778720974922180176e-01
5.774801969528198242e-01
5.770872831344604492e-01
5.766927599906921387e-01
5.762979388236999512e-01
5.759022235870361328e-01
5.755056738853454590e-01
5.751082301139831543e-01
5.747093558311462402e-01
5.743101239204406738e-01
5.739101767539978027e-01
5.735094547271728516e-01
5.731078982353210449e-01
5.727049708366394043e-01
5.723018050193786621e-01
5.718980431556701660e-01
5.714935660362243652e-01
5.710883736610412598e-01
5.706818699836730957e-01
5.702752470970153809e-01
5.698680877685546875e-01
5.694602727890014648e-01
5.690518021583557129e-01
5.686427950859069824e-01
5.682325959205627441e-01
5.678222775459289551e-01
5.674186348915100098e-01
5.670434832572937012e-01
5.666680932044982910e-01
5.662922859191894531e-01
5.659162402153015137e-01
5.655398368835449219e-01
5.651630759239196777e-01
5.647860169410705566e-01
5.644086599349975586e-01
5.640304684638977051e-01
5.636525750160217285e-01
5.632745623588562012e-01
5.628961920738220215e-01
5.625177621841430664e-01
5.621390342712402344e-01
5.617601275444030762e-01
5.613811016082763672e-01
5.610018968582153320e-01
5.606225728988647461e-01
5.602425336837768555e-01
5.598629117012023926e-01
5.594833493232727051e-01
5.591035485267639160e-01
5.587238073348999023e-01
5.583440065383911133e-01
5.579640269279479980e-01
5.575622320175170898e-01
5.571586489677429199e-01
5.567543506622314453e-01
5.563499927520751953e-01
5.559461712837219238e-01
5.555416941642761230e-01
5.551371574401855469e-01
5.547332763671875000e-01
5.543286800384521484e-01
5.539240837097167969e-01
5.535195469856262207e-01
5.531156063079833984e-01
5.527110695838928223e-01
5.523065924644470215e-01
5.519027113914489746e-01
5.514983534812927246e-01
5.510939955711364746e-01
5.506903529167175293e-01
5.502862334251403809e-01
5.498821735382080078e-01
5.494788885116577148e-01
5.490750074386596680e-01
5.486713051795959473e-01
5.482684373855590820e-01
5.478649735450744629e-01
5.474617481231689453e-01
5.471007823944091797e-01
5.467751622200012207e-01
5.464500784873962402e-01
5.461253523826599121e-01
5.458016991615295410e-01
5.454779267311096191e-01
5.451545715332031250e-01
5.448317527770996094e-01
5.445093512535095215e-01
5.441880822181701660e-01
5.438667535781860352e-01
5.435458421707153320e-01
5.432254076004028320e-01
5.429062247276306152e-01
5.425868630409240723e-01
5.422680377960205078e-01
5.419496893882751465e-01
5.416319370269775391e-01
5.413153767585754395e-01
5.409986972808837891e-01
5.406826138496398926e-01
5.403670668601989746e-01
5.400527715682983398e-01
5.397383570671081543e-01
5.394245386123657227e-01
5.391113162040710449e-01
5.387986898422241211e-01
5.384870767593383789e-01
5.381734967231750488e-01
5.378605127334594727e-01
5.375487804412841797e-01
5.372369289398193359e-01
5.369257926940917969e-01
5.366151928901672363e-01
5.363051295280456543e-01
5.359964370727539062e-01
5.356875658035278320e-01
5.353793501853942871e-01
5.350717306137084961e-01
5.347654223442077637e-01
5.344591140747070312e-01
5.341535210609436035e-01
5.338483452796936035e-01
5.335446000099182129e-01
5.332407355308532715e-01
5.329375863075256348e-01
5.326349735260009766e-01
5.323337912559509277e-01
5.320325493812561035e-01
5.317320227622985840e-01
5.314320921897888184e-01
5.311334729194641113e-01
5.308348536491394043e-01
5.305368900299072266e-01
5.302395820617675781e-01
5.299436450004577637e-01
5.296729207038879395e-01
5.294425487518310547e-01
5.292137265205383301e-01
5.289847850799560547e-01
5.287575125694274902e-01
5.285303592681884766e-01
5.283039212226867676e-01
5.280790328979492188e-01
5.278542041778564453e-01
5.276307463645935059e-01
5.274075269699096680e-01
5.271850228309631348e-01
5.269641280174255371e-01
5.267432332038879395e-01
5.265231728553771973e-01
5.263044834136962891e-01
5.260859727859497070e-01
5.258690118789672852e-01
5.256521105766296387e-01
5.254359841346740723e-01
5.252214074134826660e-01
5.250067114830017090e-01
5.247936844825744629e-01
5.245807766914367676e-01
5.243685841560363770e-01
5.241580009460449219e-01
5.239474177360534668e-01
5.237382650375366211e-01
5.235292911529541016e-01
5.233210325241088867e-01
5.231178998947143555e-01
5.229200124740600586e-01
5.227228403091430664e-01
5.225266218185424805e-01
5.223308801651000977e-01
5.221358537673950195e-01
5.219416022300720215e-01
5.217473506927490234e-01
5.215544700622558594e-01
5.213623046875000000e-01
5.211709737777709961e-01
5.209801793098449707e-01
5.207901000976562500e-01
5.206008553504943848e-01
5.204122066497802734e-01
5.202241539955139160e-01
5.200362801551818848e-01
5.198497176170349121e-01
5.196638107299804688e-01
5.194785594940185547e-01
5.192942023277282715e-01
5.191103816032409668e-01
5.189271569252014160e-01
5.187448859214782715e-01
5.185630917549133301e-01
5.183819532394409180e-01
5.182009935379028320e-01
5.180212259292602539e-01
5.178421735763549805e-01
5.176639556884765625e-01
5.174862146377563477e-01
5.173194408416748047e-01
5.172154903411865234e-01
5.171123743057250977e-01
5.170098543167114258e-01
5.169087648391723633e-01
5.168078541755676270e-01
5.167073607444763184e-01
5.166075825691223145e-01
5.165087580680847168e-01
5.164111256599426270e-01
5.163134336471557617e-01
5.162166357040405273e-01
5.161203145980834961e-01
5.160246491432189941e-01
5.159306526184082031e-01
5.158363580703735352e-01
5.157429575920104980e-01
5.155693888664245605e-01
5.153916478157043457e-01
5.152141451835632324e-01
5.150365829467773438e-01
5.148583054542541504e-01
5.146808028221130371e-01
5.145034790039062500e-01
5.143255591392517090e-01
5.141483545303344727e-01
5.139712095260620117e-01
5.137932896614074707e-01
5.136162042617797852e-01
5.134394168853759766e-01
5.132623910903930664e-01
5.130847096443176270e-01
5.129078030586242676e-01
5.127467513084411621e-01
5.126135945320129395e-01
5.124798417091369629e-01
5.123458504676818848e-01
5.122112631797790527e-01
5.120761990547180176e-01
5.119401216506958008e-01
5.118041634559631348e-01
5.116679668426513672e-01
5.115311145782470703e-01
5.113939642906188965e-01
5.112560987472534180e-01
5.111171603202819824e-01
5.109782814979553223e-01
5.108391046524047852e-01
5.106992125511169434e-01
5.105587840080261230e-01
5.102233886718750000e-01
5.096039175987243652e-01
5.089813470840454102e-01
5.083540678024291992e-01
5.077237486839294434e-01
5.070889592170715332e-01
5.064507722854614258e-01
5.058086514472961426e-01
5.051616430282592773e-01
5.045115351676940918e-01
5.038565397262573242e-01
5.031983256340026855e-01
5.025361180305480957e-01
5.018692612648010254e-01
5.011988878250122070e-01
5.005234479904174805e-01
4.998448491096496582e-01
4.991504549980163574e-01
4.982356429100036621e-01
4.973183572292327881e-01
4.963970184326171875e-01
4.954711198806762695e-01
4.945426583290100098e-01
4.936092793941497803e-01
4.926730394363403320e-01
4.917324781417846680e-01
4.907887279987335205e-01
4.898411333560943604e-01
4.888892471790313721e-01
4.879340827465057373e-01
4.869742095470428467e-01
4.860117435455322266e-01
4.850442111492156982e-01
4.840740263462066650e-01
4.830996394157409668e-01
4.820962846279144287e-01
4.810221791267395020e-01
4.799467921257019043e-01
4.788675010204315186e-01
4.777865409851074219e-01
4.767029285430908203e-01
4.756162166595458984e-01
4.745273888111114502e-01
4.734350144863128662e-01
4.723409414291381836e-01
4.712446033954620361e-01
4.701443612575531006e-01
4.690423607826232910e-01
4.679376780986785889e-01
4.668298959732055664e-01
4.657199084758758545e-01
4.646063745021820068e-01
4.634914696216583252e-01
4.623837172985076904e-01
4.614860713481903076e-01
4.605874121189117432e-01
4.596872031688690186e-01
4.587872922420501709e-01
4.578854441642761230e-01
4.569820761680603027e-01
4.560781419277191162e-01
4.551731348037719727e-01
4.542666971683502197e-01
4.533596634864807129e-01
4.524511098861694336e-01
4.515420496463775635e-01
4.506319463253021240e-01
4.497203826904296875e-01
4.488083124160766602e-01
4.478961229324340820e-01
4.469815790653228760e-01
4.460665583610534668e-01
4.451500475406646729e-01
4.442330598831176758e-01
4.433151185512542725e-01
4.423957467079162598e-01
4.414759278297424316e-01
4.405551552772521973e-01
4.396329522132873535e-01
4.387103617191314697e-01
4.377863109111785889e-01
4.368618726730346680e-01
4.359374642372131348e-01
4.350107312202453613e-01
4.340836405754089355e-01
4.331556856632232666e-01
4.322263300418853760e-01
4.312966465950012207e-01
4.303661584854125977e-01
4.294342696666717529e-01
4.285021126270294189e-01
4.276150763034820557e-01
4.268666207790374756e-01
4.261186122894287109e-01
4.253690540790557861e-01
4.246208965778350830e-01
4.238720536231994629e-01
4.231231510639190674e-01
4.223738312721252441e-01
4.216248095035552979e-01
4.208757281303405762e-01
4.201262891292572021e-01
4.193771481513977051e-01
4.186279773712158203e-01
4.178793430328369141e-01
4.171292483806610107e-01
4.163806438446044922e-01
4.156314730644226074e-01
4.148823022842407227e-01
4.141328334808349609e-01
4.133837223052978516e-01
4.126346707344055176e-01
4.118853509426116943e-01
4.111364185810089111e-01
4.103875160217285156e-01
4.096393585205078125e-01
4.088897407054901123e-01
4.081417322158813477e-01
4.073932468891143799e-01
4.066448509693145752e-01
4.058963060379028320e-01
4.051481783390045166e-01
4.044001698493957520e-01
4.036529660224914551e-01
4.029043912887573242e-01
4.021568894386291504e-01
4.014102220535278320e-01
4.006621539592742920e-01
3.999158442020416260e-01
3.991691470146179199e-01
3.984226286411285400e-01
3.976300060749053955e-01
3.967930972576141357e-01
3.959551751613616943e-01
3.951169252395629883e-01
3.942789733409881592e-01
3.934400379657745361e-01
3.926014304161071777e-01
3.917618393898010254e-01
3.909219801425933838e-01
3.900824785232543945e-01
3.892420232295989990e-01
3.884019851684570312e-01
3.875618875026702881e-01
3.867206573486328125e-01
3.858798742294311523e-01
3.850381672382354736e-01
3.841969370841979980e-01
3.833548128604888916e-01
3.825125098228454590e-01
3.816706836223602295e-01
3.808279931545257568e-01
3.799858689308166504e-01
3.791428506374359131e-01
3.782997131347656250e-01
3.774571716785430908e-01
3.766137361526489258e-01
3.757709860801696777e-01
3.749273717403411865e-01
3.740836977958679199e-01
3.732415735721588135e-01
3.723977208137512207e-01
3.715546131134033203e-01
3.707107007503509521e-01
3.698675334453582764e-01
3.690235912799835205e-01
3.681795895099639893e-01
3.673364222049713135e-01
3.664925098419189453e-01
3.656493723392486572e-01
3.648055195808410645e-01
3.639616668224334717e-01
3.631187677383422852e-01
3.622730076313018799e-01
3.614274561405181885e-01
3.605816066265106201e-01
3.597361445426940918e-01
3.588920533657073975e-01
3.580476045608520508e-01
3.572044968605041504e-01
3.563611507415771484e-01
3.555190563201904297e-01
3.546767830848693848e-01
3.538358807563781738e-01
3.529947698116302490e-01
3.521550595760345459e-01
3.513150811195373535e-01
3.504766225814819336e-01
3.496379554271697998e-01
3.488007783889770508e-01
3.479634225368499756e-01
3.471266925334930420e-01
3.462915718555450439e-01
3.454562723636627197e-01
3.446225821971893311e-01
3.437887430191040039e-01
3.429564833641052246e-01
3.421241343021392822e-01
3.412934541702270508e-01
3.404627144336700439e-01
3.396336138248443604e-01
3.388043940067291260e-01
3.379769623279571533e-01
3.371494710445404053e-01
3.363237082958221436e-01
3.354979455471038818e-01
3.346738517284393311e-01
3.338498473167419434e-01
3.330267667770385742e-01
3.322054743766784668e-01
3.313842117786407471e-01
3.305647373199462891e-01
3.297453820705413818e-01
3.289279043674468994e-01
3.281104862689971924e-01
3.272949755191802979e-01
3.264786899089813232e-01
3.256591558456420898e-01
3.248374164104461670e-01
3.240162134170532227e-01
3.231973946094512939e-01
3.223792612552642822e-01
3.215625584125518799e-01
3.207482993602752686e-01
3.199346363544464111e-01
3.191227018833160400e-01
3.183130919933319092e-01
3.175040483474731445e-01
3.166968226432800293e-01
3.158910274505615234e-01
3.150877952575683594e-01
3.142862021923065186e-01
3.134844005107879639e-01
3.126860857009887695e-01
3.118894100189208984e-01
3.110934197902679443e-01
3.102993369102478027e-01
3.095066547393798828e-01
3.087167143821716309e-01
3.079284727573394775e-01
3.071402311325073242e-01
3.063554763793945312e-01
3.055713474750518799e-01
3.047900497913360596e-01
3.040097951889038086e-01
3.032310605049133301e-01
3.024550974369049072e-01
3.016798198223114014e-01
3.009067177772521973e-01
3.001361489295959473e-01
2.993664145469665527e-01
2.985995113849639893e-01
2.978335916996002197e-01
2.970693707466125488e-01
2.963079810142517090e-01
2.955474555492401123e-01
2.947891056537628174e-01
2.940333485603332520e-01
2.932783663272857666e-01
2.925263941287994385e-01
2.917746305465698242e-01
2.910264730453491211e-01
2.902802228927612305e-01
2.895375192165374756e-01
2.888329029083251953e-01
2.881298661231994629e-01
2.874308228492736816e-01
2.867323458194732666e-01
2.860377430915832520e-01
2.853445112705230713e-01
2.846539616584777832e-01
2.839653193950653076e-01
2.832783162593841553e-01
2.825951874256134033e-01
2.819134891033172607e-01
2.812344431877136230e-01
2.805573642253875732e-01
2.798829674720764160e-01
2.792105376720428467e-01
2.785396277904510498e-01
2.778728902339935303e-01
2.772074341773986816e-01
2.765447199344635010e-01
2.758839428424835205e-01
2.752247452735900879e-01
2.745697200298309326e-01
2.739159762859344482e-01
2.732650339603424072e-01
2.726159989833831787e-01
2.719697952270507812e-01
2.713253498077392578e-01
2.706834077835083008e-01
2.700442671775817871e-01
2.694070637226104736e-01
2.687726914882659912e-01
2.681400775909423828e-01
2.675110399723052979e-01
2.668827474117279053e-01
2.662574052810668945e-01
2.656349241733551025e-01
2.650143504142761230e-01
2.643970847129821777e-01
2.637806832790374756e-01
2.631672918796539307e-01
2.625567615032196045e-01
2.619481086730957031e-01
2.613421976566314697e-01
2.607383728027343750e-01
2.601379752159118652e-01
2.595383524894714355e-01
2.589417099952697754e-01
2.583479583263397217e-01
2.577559053897857666e-01
2.572659552097320557e-01
2.567949593067169189e-01
2.563257217407226562e-01
2.558582127094268799e-01
2.553938627243041992e-01
2.549319863319396973e-01
2.544713318347930908e-01
2.540134489536285400e-01
2.535583972930908203e-01
2.531045079231262207e-01
2.526537775993347168e-01
2.522054910659790039e-01
2.517578601837158203e-01
2.513140738010406494e-01
2.508714795112609863e-01
2.504322230815887451e-01
2.499949634075164795e-01
2.495585978031158447e-01
2.491260468959808350e-01
2.486957311630249023e-01
2.482665628194808960e-01
2.478407174348831177e-01
2.474163770675659180e-01
2.469938993453979492e-01
2.465747147798538208e-01
2.461577504873275757e-01
2.457414418458938599e-01
2.453289180994033813e-01
2.449172735214233398e-01
2.445091605186462402e-01
2.441032379865646362e-01
2.436979711055755615e-01
2.432964444160461426e-01
2.428971081972122192e-01
2.424986511468887329e-01
2.421036958694458008e-01
2.417104691267013550e-01
2.413188070058822632e-01
2.409303933382034302e-01
2.405441552400588989e-01
2.401587516069412231e-01
2.397764027118682861e-01
2.393956035375595093e-01
2.390180081129074097e-01
2.386425882577896118e-01
2.382682561874389648e-01
2.378964275121688843e-01
2.375274747610092163e-01
2.371595650911331177e-01
2.367948740720748901e-01
2.364323288202285767e-01
2.360704243183135986e-01
2.357236742973327637e-01
2.353820055723190308e-01
2.350419759750366211e-01
2.347054332494735718e-01
2.343694567680358887e-01
2.340359240770339966e-01
2.337041050195693970e-01
2.333752810955047607e-01
2.330477982759475708e-01
2.327219247817993164e-01
2.323984652757644653e-01
2.320780754089355469e-01
2.317579239606857300e-01
2.314404696226119995e-01
2.311256676912307739e-01
2.308121919631958008e-01
2.305006980895996094e-01
2.301908284425735474e-01
2.298843562602996826e-01
2.295784801244735718e-01
2.292745262384414673e-01
2.289739698171615601e-01
2.286739349365234375e-01
2.283762395381927490e-01
2.280804812908172607e-01
2.277873903512954712e-01
2.274952083826065063e-01
2.272049486637115479e-01
2.269180268049240112e-01
2.266319990158081055e-01
2.263475358486175537e-01
2.260653674602508545e-01
2.257858216762542725e-01
2.255071252584457397e-01
2.252307087182998657e-01
2.249568998813629150e-01
2.246842980384826660e-01
2.244132459163665771e-01
2.241444438695907593e-01
2.238785624504089355e-01
2.236128300428390503e-01
2.233496904373168945e-01
2.230881005525588989e-01
2.228297442197799683e-01
2.225722372531890869e-01
2.223162502050399780e-01
2.220635116100311279e-01
2.218111604452133179e-01
2.215607762336730957e-01
2.213125377893447876e-01
2.210668772459030151e-01
2.208223342895507812e-01
2.205796092748641968e-01
2.203394621610641479e-01
2.200999855995178223e-01
2.198455482721328735e-01
2.195784747600555420e-01
2.193133085966110229e-01
2.190490514039993286e-01
2.187874168157577515e-01
2.185279875993728638e-01
2.182700186967849731e-01
2.180133461952209473e-01
2.177596092224121094e-01
2.175074666738510132e-01
2.172564566135406494e-01
2.170083522796630859e-01
2.167621403932571411e-01
2.165162861347198486e-01
2.162737995386123657e-01
2.160328775644302368e-01
2.157941013574600220e-01
2.155561596155166626e-01
2.153210490942001343e-01
2.150878161191940308e-01
2.148546427488327026e-01
2.146250754594802856e-01
2.143973410129547119e-01
2.141703963279724121e-01
2.139462828636169434e-01
2.137240022420883179e-01
2.135033011436462402e-01
2.132836133241653442e-01
2.130667567253112793e-01
2.128511667251586914e-01
2.126368731260299683e-01
2.124251723289489746e-01
2.122154831886291504e-01
2.120075821876525879e-01
2.118004560470581055e-01
2.115960866212844849e-01
2.113935053348541260e-01
2.111914604902267456e-01
2.109918594360351562e-01
2.107945531606674194e-01
2.105980068445205688e-01
2.104042172431945801e-01
2.102119773626327515e-01
2.100216746330261230e-01
2.098321318626403809e-01
2.096453160047531128e-01
2.094596475362777710e-01
2.092753052711486816e-01
2.090934813022613525e-01
2.089135944843292236e-01
2.087344229221343994e-01
2.085579484701156616e-01
2.083832323551177979e-01
2.082100212574005127e-01
2.080377191305160522e-01
2.078675031661987305e-01
2.076995819807052612e-01
2.075324207544326782e-01
2.073679119348526001e-01
2.072254419326782227e-01
2.070899158716201782e-01
2.069559991359710693e-01
2.068237364292144775e-01
2.066930979490280151e-01
2.065634131431579590e-01
2.064360082149505615e-01
2.063101828098297119e-01
2.061860114336013794e-01
2.060634493827819824e-01
2.059423327445983887e-01
2.058230042457580566e-01
2.057052701711654663e-01
2.055884748697280884e-01
2.054739743471145630e-01
2.053610831499099731e-01
2.052497863769531250e-01
2.051400989294052124e-01
2.050320208072662354e-01
2.049255520105361938e-01
2.048205584287643433e-01
2.047172933816909790e-01
2.046149075031280518e-01
2.045148611068725586e-01
2.044164240360260010e-01
2.043195813894271851e-01
2.042243480682373047e-01
2.041307389736175537e-01
2.040387243032455444e-01
2.039483040571212769e-01
2.038594931364059448e-01
2.037721723318099976e-01
2.036866098642349243e-01
2.036026269197463989e-01
2.035194933414459229e-01
2.034387290477752686e-01
2.033595889806747437e-01
2.032820731401443481e-01
2.032061517238616943e-01
2.031318545341491699e-01
2.030582129955291748e-01
2.029870599508285522e-01
2.029176205396652222e-01
2.028497904539108276e-01
2.027836143970489502e-01
2.027190327644348145e-01
2.026552557945251465e-01
2.025939226150512695e-01
2.025342136621475220e-01
2.024761438369750977e-01
2.024197131395339966e-01
2.023648023605346680e-01
2.023116350173950195e-01
2.022600620985031128e-01
2.022101581096649170e-01
2.021619081497192383e-01
2.021152526140213013e-01
2.020702511072158813e-01
2.020260095596313477e-01
2.019842565059661865e-01
2.019441723823547363e-01
2.019057124853134155e-01
2.018740922212600708e-01
2.018564194440841675e-01
2.018404006958007812e-01
2.018261998891830444e-01
2.018137723207473755e-01
2.018030732870101929e-01
2.017941176891326904e-01
2.017869204282760620e-01
2.017804682254791260e-01
2.017767131328582764e-01
2.017746865749359131e-01
2.017744183540344238e-01
2.017758339643478394e-01
2.017789334058761597e-01
2.017837613821029663e-01
2.017902731895446777e-01
2.017984837293624878e-01
2.018084079027175903e-01
2.018199712038040161e-01
2.018331885337829590e-01
2.018470764160156250e-01
2.018636167049407959e-01
2.018817663192749023e-01
2.019015103578567505e-01
2.019228935241699219e-01
2.019458413124084473e-01
2.019703388214111328e-01
2.019964456558227539e-01
2.020240724086761475e-01
2.020532190799713135e-01
2.020839005708694458e-01
2.021160572767257690e-01
2.021496444940567017e-01
2.021847069263458252e-01
2.022203952074050903e-01
2.022582888603210449e-01
2.022975534200668335e-01
2.023382037878036499e-01
2.023801803588867188e-01
2.024224847555160522e-01
2.024670541286468506e-01
2.025128453969955444e-01
2.025598436594009399e-01
2.026080191135406494e-01
2.026573866605758667e-01
2.027078568935394287e-01
2.027593851089477539e-01
2.028119862079620361e-01
2.028655856847763062e-01
2.029201537370681763e-01
2.029756903648376465e-01
2.030320614576339722e-01
2.030892968177795410e-01
2.031473666429519653e-01
2.032061517238616943e-01
2.032656371593475342e-01
2.033258080482482910e-01
2.033866345882415771e-01
2.034479528665542603e-01
2.035098075866699219e-01
2.035713046789169312e-01
2.036340087652206421e-01
2.036970853805541992e-01
2.037604749202728271e-01
2.038240432739257812e-01
2.038877904415130615e-01
2.039516419172286987e-01
2.040454596281051636e-01
2.041537016630172729e-01
2.042612880468368530e-01
2.043675184249877930e-01
2.044736295938491821e-01
2.045788615942001343e-01
2.046831995248794556e-01
2.047864943742752075e-01
2.048887014389038086e-01
2.049897611141204834e-01
2.050895541906356812e-01
2.051880210638046265e-01
2.052850723266601562e-01
2.053801417350769043e-01
2.054735422134399414e-01
2.055659443140029907e-01
2.056566625833511353e-01
2.057455331087112427e-01
2.058325409889221191e-01
2.059175819158554077e-01
2.060005664825439453e-01
2.060814350843429565e-01
2.061600983142852783e-01
2.062364816665649414e-01
2.063098698854446411e-01
2.063814252614974976e-01
2.064504474401473999e-01
2.065168917179107666e-01
2.065805941820144653e-01
2.066415995359420776e-01
2.066997289657592773e-01
2.067549079656600952e-01
2.068071812391281128e-01
2.068563103675842285e-01
2.069017887115478516e-01
2.069445699453353882e-01
2.069840878248214722e-01
2.070203125476837158e-01
2.070530354976654053e-01
2.070823907852172852e-01
2.071080803871154785e-01
2.071302533149719238e-01
2.071487009525299072e-01
2.071633934974670410e-01
2.071738243103027344e-01
2.071808874607086182e-01
2.071841657161712646e-01
2.071833908557891846e-01
2.071786075830459595e-01
2.071699351072311401e-01
2.071570307016372681e-01
2.071401327848434448e-01
2.071189582347869873e-01
2.070935666561126709e-01
2.070635408163070679e-01
2.070296704769134521e-01
2.069916427135467529e-01
2.069491446018218994e-01
2.069022953510284424e-01
2.068512886762619019e-01
2.067957073450088501e-01
2.067359089851379395e-01
2.066715508699417114e-01
2.066029608249664307e-01
2.065292447805404663e-01
2.064516395330429077e-01
2.063698172569274902e-01
2.062833756208419800e-01
2.061927318572998047e-01
2.060974985361099243e-01
2.059978693723678589e-01
2.059107124805450439e-01
2.058434784412384033e-01
2.057725638151168823e-01
2.056975364685058594e-01
2.056192904710769653e-01
2.055367231369018555e-01
2.054504603147506714e-01
2.053605765104293823e-01
2.052670866250991821e-01
2.051706314086914062e-01
2.050701379776000977e-01
2.049662917852401733e-01
2.048590779304504395e-01
2.047486007213592529e-01
2.046355158090591431e-01
2.045187205076217651e-01
2.043988555669784546e-01
2.042760401964187622e-01
2.041502743959426880e-01
2.040222585201263428e-01
2.038909047842025757e-01
2.037568688392639160e-01
2.036202251911163330e-01
2.034810483455657959e-01
2.033400237560272217e-01
2.031960189342498779e-01
2.030497193336486816e-01
2.029012292623519897e-01
2.027505785226821899e-01
2.025985121726989746e-01
2.024442106485366821e-01
2.022876590490341187e-01
2.021293044090270996e-01
2.019692212343215942e-01
2.018075138330459595e-01
2.016448825597763062e-01
2.014782279729843140e-01
2.013120651245117188e-01
2.011445760726928711e-01
2.009758353233337402e-01
2.008066475391387939e-01
2.006356716156005859e-01
2.004637122154235840e-01
2.002908289432525635e-01
2.001170963048934937e-01
1.999433040618896484e-01
1.997681260108947754e-01
1.995923370122909546e-01
1.994160115718841553e-01
1.992391943931579590e-01
1.990627497434616089e-01
1.988852471113204956e-01
1.987074911594390869e-01
1.985295712947845459e-01
1.983515322208404541e-01
1.981741935014724731e-01
1.979961544275283813e-01
1.978182196617126465e-01
1.976408213376998901e-01
1.974632591009140015e-01
1.972867697477340698e-01
1.971098482608795166e-01
1.969333291053771973e-01
1.967573016881942749e-01
1.965797841548919678e-01
1.964056640863418579e-01
1.962313950061798096e-01
1.960578262805938721e-01
1.958850175142288208e-01
1.957129985094070435e-01
1.955426782369613647e-01
1.953724473714828491e-01
1.952031552791595459e-01
1.950349062681198120e-01
1.948676705360412598e-01
1.947024017572402954e-01
1.945390403270721436e-01
1.943966150283813477e-01
1.942559182643890381e-01
1.941156536340713501e-01
1.939775645732879639e-01
1.938399672508239746e-01
1.937046200037002563e-01
1.935707032680511475e-01
1.934373378753662109e-01
1.933063268661499023e-01
1.931740641593933105e-01
1.930461078882217407e-01
1.929197162389755249e-01
1.927940100431442261e-01
1.926708519458770752e-01
1.925483942031860352e-01
1.924284994602203369e-01
1.923103332519531250e-01
1.921929121017456055e-01
1.920781582593917847e-01
1.919642239809036255e-01
1.918529719114303589e-01
1.917411237955093384e-01
1.916334927082061768e-01
1.915276646614074707e-01
1.914227306842803955e-01
1.913205981254577637e-01
1.912193894386291504e-01
1.911210119724273682e-01
1.910245269536972046e-01
1.909290254116058350e-01
1.908363848924636841e-01
1.907447129487991333e-01
1.906559765338897705e-01
1.905665099620819092e-01
1.904816925525665283e-01
1.903988420963287354e-01
1.903170347213745117e-01
1.902381777763366699e-01
1.901603490114212036e-01
1.900855302810668945e-01
1.900127232074737549e-01
1.899412572383880615e-01
1.898725181818008423e-01
1.898048073053359985e-01
1.897401362657546997e-01
1.896749734878540039e-01
1.896144300699234009e-01
1.895559281110763550e-01
1.894984990358352661e-01
1.894441694021224976e-01
1.893908679485321045e-01
1.893406510353088379e-01
1.892925351858139038e-01
1.892454624176025391e-01
1.892014741897583008e-01
1.891585588455200195e-01
1.891187578439712524e-01
1.890795975923538208e-01
1.890429258346557617e-01
1.890094131231307983e-01
1.889768987894058228e-01
1.889475136995315552e-01
1.889194697141647339e-01
1.888942569494247437e-01
1.888711303472518921e-01
1.888490468263626099e-01
1.888300925493240356e-01
1.888121515512466431e-01
1.887960284948348999e-01
1.887833476066589355e-01
1.887716501951217651e-01
1.887630820274353027e-01
1.887555420398712158e-01
1.887511014938354492e-01
1.887476742267608643e-01
1.887473911046981812e-01
1.887491494417190552e-01
1.887518912553787231e-01
1.887565851211547852e-01
1.887634247541427612e-01
1.887734085321426392e-01
1.887891292572021484e-01
1.888534873723983765e-01
1.889199018478393555e-01
1.889881640672683716e-01
1.890598386526107788e-01
1.891313195228576660e-01
1.892059892416000366e-01
1.892825216054916382e-01
1.893623620271682739e-01
1.894431561231613159e-01
1.895260065793991089e-01
1.896117776632308960e-01
1.896975934505462646e-01
1.897864937782287598e-01
1.898774206638336182e-01
1.899714171886444092e-01
1.900661140680313110e-01
1.901630461215972900e-01
1.902630180120468140e-01
1.903629004955291748e-01
1.904655694961547852e-01
1.905703842639923096e-01
1.906782537698745728e-01
1.907869875431060791e-01
1.908976882696151733e-01
1.910101622343063354e-01
1.911249011754989624e-01
1.912414431571960449e-01
1.913598775863647461e-01
1.914812028408050537e-01
1.916035115718841553e-01
1.917276978492736816e-01
1.918538063764572144e-01
1.919829100370407104e-01
1.921118348836898804e-01
1.922436356544494629e-01
1.923773288726806641e-01
1.925140619277954102e-01
1.926513612270355225e-01
1.927906870841979980e-01
1.929330229759216309e-01
1.930752545595169067e-01
1.932200491428375244e-01
1.933668404817581177e-01
1.935165971517562866e-01
1.936670392751693726e-01
1.938193142414093018e-01
1.939733624458312988e-01
1.941297054290771484e-01
1.942874640226364136e-01
1.944471001625061035e-01
1.946095526218414307e-01
1.947727799415588379e-01
1.949378252029418945e-01
1.951046586036682129e-01
1.952744126319885254e-01
1.954440474510192871e-01
1.956162899732589722e-01
1.957914233207702637e-01
1.959671974182128906e-01
1.961446702480316162e-01
1.963239908218383789e-01
1.965062320232391357e-01
1.966884732246398926e-01
1.968729794025421143e-01
1.970593631267547607e-01
1.972486525774002075e-01
1.974385380744934082e-01
1.976301372051239014e-01
1.978239417076110840e-01
1.980190575122833252e-01
1.982158720493316650e-01
1.984144151210784912e-01
1.986157894134521484e-01
1.988172382116317749e-01
1.990209519863128662e-01
1.992264091968536377e-01
1.994346976280212402e-01
1.996434777975082397e-01
1.998540312051773071e-01
2.000669538974761963e-01
2.002809047698974609e-01
2.004964649677276611e-01
2.007138431072235107e-01
2.009340375661849976e-01
2.011542171239852905e-01
2.013766616582870483e-01
2.016006708145141602e-01
2.018275856971740723e-01
2.020805776119232178e-01
2.023423016071319580e-01
2.026048749685287476e-01
2.028700709342956543e-01
2.031368762254714966e-01
2.034051269292831421e-01
2.036745101213455200e-01
2.039458006620407104e-01
2.042186111211776733e-01
2.044917643070220947e-01
2.047675997018814087e-01
2.050444781780242920e-01
2.053232938051223755e-01
2.056036293506622314e-01
2.058854848146438599e-01
2.061687558889389038e-01
2.064519673585891724e-01
2.067383080720901489e-01
2.070260792970657349e-01
2.073153108358383179e-01
2.076060771942138672e-01
2.078979462385177612e-01
2.081916332244873047e-01
2.084856778383255005e-01
2.087823003530502319e-01
2.090804278850555420e-01
2.093799859285354614e-01
2.096807807683944702e-01
2.099832892417907715e-01
2.102872878313064575e-01
2.105915844440460205e-01
2.108984887599945068e-01
2.112065553665161133e-01
2.115164250135421753e-01
2.118276804685592651e-01
2.121404111385345459e-01
2.124546170234680176e-01
2.127688378095626831e-01
2.130859345197677612e-01
2.134044468402862549e-01
2.137244790792465210e-01
2.140458673238754272e-01
2.143684923648834229e-01
2.146916389465332031e-01
2.150174081325531006e-01
2.153445780277252197e-01
2.156732380390167236e-01
2.160030305385589600e-01
2.163345217704772949e-01
2.166674435138702393e-01
2.170006185770034790e-01
2.173363566398620605e-01
2.176733911037445068e-01
2.180120348930358887e-01
2.183520495891571045e-01
2.186934947967529297e-01
2.190362513065338135e-01
2.193793654441833496e-01
2.197250574827194214e-01
2.200721651315689087e-01
2.204206138849258423e-01
2.207705378532409668e-01
2.211218625307083130e-01
2.214746922254562378e-01
2.218275368213653564e-01
2.221830934286117554e-01
2.225401252508163452e-01
2.228984534740447998e-01
2.232580929994583130e-01
2.236193567514419556e-01
2.239819467067718506e-01
2.243446707725524902e-01
2.247098982334136963e-01
2.250767499208450317e-01
2.254448682069778442e-01
2.258144021034240723e-01
2.261852622032165527e-01
2.265576273202896118e-01
2.269300818443298340e-01
2.273051887750625610e-01
2.276815474033355713e-01
2.280594408512115479e-01
2.284386157989501953e-01
2.288192212581634521e-01
2.292010933160781860e-01
2.295832782983779907e-01
2.299680113792419434e-01
2.303540557622909546e-01
2.307414114475250244e-01
2.311303466558456421e-01
2.315204590559005737e-01
2.319119870662689209e-01
2.323036640882492065e-01
2.326979488134384155e-01
2.330935299396514893e-01
2.335062772035598755e-01
2.339455187320709229e-01
2.343849837779998779e-01
2.348270565271377563e-01
2.352694869041442871e-01
2.357145696878433228e-01
2.361599057912826538e-01
2.366078346967697144e-01
2.370561063289642334e-01
2.375070005655288696e-01
2.379580289125442505e-01
2.384118735790252686e-01
2.388659268617630005e-01
2.393226176500320435e-01
2.397794723510742188e-01
2.402390688657760620e-01
2.406989037990570068e-01
2.411614060401916504e-01
2.416239082813262939e-01
2.420891970396041870e-01
2.425548732280731201e-01
2.430228739976882935e-01
2.434911876916885376e-01
2.439622133970260620e-01
2.444335371255874634e-01
2.449072003364562988e-01
2.453811764717102051e-01
2.458578795194625854e-01
2.463346272706985474e-01
2.468140721321105957e-01
2.472937107086181641e-01
2.477759122848510742e-01
2.482582926750183105e-01
2.487433105707168579e-01
2.492284923791885376e-01
2.497161477804183960e-01
2.502042055130004883e-01
2.506947815418243408e-01
2.511853873729705811e-01
2.516786456108093262e-01
2.521721124649047852e-01
2.526681125164031982e-01
2.531643807888031006e-01
2.536630034446716309e-01
2.541617751121520996e-01
2.546633481979370117e-01
2.551646828651428223e-01
2.556688487529754639e-01
2.561732530593872070e-01
2.566799521446228027e-01
2.571867108345031738e-01
2.576963007450103760e-01
2.582058310508728027e-01
2.587177455425262451e-01
2.592300772666931152e-01
2.597447335720062256e-01
2.602595090866088867e-01
2.607768774032592773e-01
2.612942457199096680e-01
2.618140876293182373e-01
2.623341381549835205e-01
2.628565728664398193e-01
2.633790373802185059e-01
2.639043629169464111e-01
2.644292116165161133e-01
2.649567425251007080e-01
2.654843628406524658e-01
2.660146653652191162e-01
2.665445506572723389e-01
2.670771181583404541e-01
2.676100134849548340e-01
2.681448757648468018e-01
2.686798870563507080e-01
2.692177295684814453e-01
2.697552442550659180e-01
2.702949941158294678e-01
2.708352506160736084e-01
2.713776230812072754e-01
2.719197869300842285e-01
2.724648118019104004e-01
2.730096280574798584e-01
2.735567688941955566e-01
2.741039693355560303e-01
2.746535241603851318e-01
2.752029895782470703e-01
2.757549583911895752e-01
2.763068079948425293e-01
2.768609523773193359e-01
2.774153351783752441e-01
2.779715657234191895e-01
2.785279750823974609e-01
2.790870368480682373e-01
2.796456813812255859e-01
2.802064716815948486e-01
2.807672917842864990e-01
2.813307940959930420e-01
2.818937301635742188e-01
2.824590504169464111e-01
2.830246686935424805e-01
2.835922539234161377e-01
2.841593921184539795e-01
2.847294509410858154e-01
2.852989435195922852e-01
2.858683168888092041e-01
2.864074707031250000e-01
2.869482636451721191e-01
2.874885499477386475e-01
2.880314290523529053e-01
2.885743677616119385e-01
2.891168892383575439e-01
2.896617352962493896e-01
2.902058660984039307e-01
2.907517552375793457e-01
2.912975549697875977e-01
2.918448150157928467e-01
2.923927307128906250e-01
2.929408848285675049e-01
2.934902608394622803e-01
2.940390408039093018e-01
2.945901751518249512e-01
2.951405644416809082e-01
2.956930398941040039e-01
2.962457537651062012e-01
2.967978119850158691e-01
2.973524630069732666e-01
2.979058325290679932e-01
2.984615862369537354e-01
2.990162074565887451e-01
2.995728552341461182e-01
3.001304864883422852e-01
3.006869554519653320e-01
3.012456893920898438e-01
3.018033802509307861e-01
3.023630380630493164e-01
3.029223382472991943e-01
3.034829199314117432e-01
3.040440976619720459e-01
3.046053647994995117e-01
3.051675558090209961e-01
3.057297170162200928e-01
3.062930703163146973e-01
3.068559169769287109e-01
3.074208796024322510e-01
3.079857528209686279e-01
3.085505068302154541e-01
3.091166615486145020e-01
3.096818327903747559e-01
3.102492690086364746e-01
3.108153641223907471e-01
3.113837838172912598e-01
3.119522929191589355e-01
3.125198483467102051e-01
3.130896389484405518e-01
3.136580288410186768e-01
3.142289221286773682e-01
3.147982656955718994e-01
3.153691291809082031e-01
3.159409463405609131e-01
3.165117204189300537e-01
3.170844614505767822e-01
3.176557123661041260e-01
3.182285428047180176e-01
3.188014924526214600e-01
3.193750381469726562e-01
3.199489414691925049e-01
3.205226957798004150e-01
3.210973143577575684e-01
3.216719031333923340e-01
3.222472369670867920e-01
3.228215873241424561e-01
3.233980238437652588e-01
3.239732682704925537e-01
3.245503604412078857e-01
3.251270949840545654e-01
3.257028758525848389e-01
3.262810409069061279e-01
3.268573582172393799e-01
3.274356722831726074e-01
3.280125260353088379e-01
3.285909891128540039e-01
3.291700482368469238e-01
3.297474384307861328e-01
3.303269743919372559e-01
3.309047818183898926e-01
3.314841985702514648e-01
3.320630788803100586e-01
3.326425552368164062e-01
3.332228362560272217e-01
3.338017761707305908e-01
3.343817293643951416e-01
3.349612057209014893e-01
3.355414569377899170e-01
3.361208140850067139e-01
3.367018401622772217e-01
3.372822701930999756e-01
3.378623425960540771e-01
3.384431898593902588e-01
3.390226662158966064e-01
3.396040797233581543e-01
3.401836454868316650e-01
3.407653272151947021e-01
3.413461744785308838e-01
3.419264256954193115e-01
3.425072133541107178e-01
3.430874645709991455e-01
3.436685502529144287e-01
3.442487418651580811e-01
3.448293805122375488e-01
3.454107642173767090e-01
3.459904491901397705e-01
3.465715646743774414e-01
3.471508920192718506e-01
3.477311134338378906e-01
3.483111858367919922e-01
3.488913178443908691e-01
3.494719266891479492e-01
3.500175774097442627e-01
3.505545258522033691e-01
3.510909378528594971e-01
3.516276180744171143e-01
3.521633446216583252e-01
3.526997566223144531e-01
3.532352447509765625e-01
3.537724018096923828e-01
3.543075323104858398e-01
3.548434376716613770e-01
3.553781211376190186e-01
3.559126257896423340e-01
3.564476668834686279e-01
3.569816648960113525e-01
3.575161695480346680e-01
3.580498099327087402e-01
3.585849106311798096e-01
3.591182231903076172e-01
3.596517443656921387e-01
3.601841628551483154e-01
3.607170283794403076e-01
3.612488806247711182e-01
3.617811501026153564e-01
3.623122870922088623e-01
3.628438711166381836e-01
3.633758425712585449e-01
3.639059364795684814e-01
3.644365072250366211e-01
3.649658858776092529e-01
3.654956817626953125e-01
3.660242557525634766e-01
3.665532767772674561e-01
3.670809864997863770e-01
3.676105737686157227e-01
3.681374788284301758e-01
3.686647415161132812e-01
3.691907525062561035e-01
3.697170615196228027e-01
3.702421188354492188e-01
3.707675039768218994e-01
3.712918758392333984e-01
3.718154728412628174e-01
3.723404705524444580e-01
3.728629350662231445e-01
3.733858168125152588e-01
3.739072680473327637e-01
3.744288980960845947e-01
3.749492168426513672e-01
3.754701316356658936e-01
3.759892582893371582e-01
3.765086233615875244e-01
3.770277202129364014e-01
3.775458335876464844e-01
3.780625164508819580e-01
3.785794377326965332e-01
3.790948688983917236e-01
3.796099126338958740e-01
3.801247775554656982e-01
3.806382417678833008e-01
3.811517953872680664e-01
3.816649317741394043e-01
3.821771144866943359e-01
3.826876580715179443e-01
3.831986486911773682e-01
3.837078511714935303e-01
3.842169940471649170e-01
3.847246170043945312e-01
3.852323293685913086e-01
3.857394754886627197e-01
3.862455785274505615e-01
3.867500424385070801e-01
3.872548639774322510e-01
3.877577185630798340e-01
3.882605433464050293e-01
3.887625932693481445e-01
3.892628848552703857e-01
3.897631764411926270e-01
3.902628421783447266e-01
3.907613754272460938e-01
3.912584483623504639e-01
3.917551636695861816e-01
3.922501802444458008e-01
3.927450776100158691e-01
3.932381868362426758e-01
3.937312960624694824e-01
3.942233324050903320e-01
3.947149515151977539e-01
3.952051401138305664e-01
3.956934511661529541e-01
3.961815834045410156e-01
3.966679275035858154e-01
3.971540629863739014e-01
3.976383209228515625e-01
3.981223702430725098e-01
3.986048996448516846e-01
3.990879654884338379e-01
3.995688259601593018e-01
4.000478982925415039e-01
4.005266129970550537e-01
4.010034501552581787e-01
4.014800488948822021e-01
4.019546210765838623e-01
4.024292230606079102e-01
4.029015302658081055e-01
4.033746719360351562e-01
4.038446843624114990e-01
4.043144285678863525e-01
4.047830402851104736e-01
4.052495360374450684e-01
4.057160317897796631e-01
4.061801433563232422e-01
4.066439270973205566e-01
4.071066379547119141e-01
4.075679779052734375e-01
4.080271720886230469e-01
4.084860086441040039e-01
4.089435636997222900e-01
4.093993306159973145e-01
4.098543524742126465e-01
4.103071689605712891e-01
4.107596874237060547e-01
4.112109243869781494e-01
4.116490185260772705e-01
4.120549857616424561e-01
4.124597609043121338e-01
4.128635525703430176e-01
4.132656157016754150e-01
4.136678576469421387e-01
4.140668809413909912e-01
4.144662916660308838e-01
4.148628115653991699e-01
4.152599871158599854e-01
4.156537055969238281e-01
4.160483479499816895e-01
4.164407849311828613e-01
4.168314933776855469e-01
4.172213673591613770e-01
4.176097214221954346e-01
4.179975390434265137e-01
4.183823466300964355e-01
4.187677800655364990e-01
4.191496670246124268e-01
4.195324182510375977e-01
4.199118912220001221e-01
4.202916324138641357e-01
4.206683039665222168e-01
4.210453331470489502e-01
4.214192926883697510e-01
4.217936992645263672e-01
4.221654832363128662e-01
4.225362539291381836e-01
4.229064583778381348e-01
4.232731461524963379e-01
4.236405193805694580e-01
4.240045249462127686e-01
4.243687391281127930e-01
4.247307479381561279e-01
4.250914454460144043e-01
4.254502654075622559e-01
4.258079826831817627e-01
4.261641502380371094e-01
4.265195429325103760e-01
4.268718361854553223e-01
4.272244870662689209e-01
4.275743961334228516e-01
4.279231429100036621e-01
4.282712340354919434e-01
4.286165535449981689e-01
4.289607405662536621e-01
4.293032586574554443e-01
4.296440780162811279e-01
4.299834966659545898e-01
4.303223192691802979e-01
4.306575357913970947e-01
4.309932291507720947e-01
4.313263297080993652e-01
4.316578209400177002e-01
4.319877326488494873e-01
4.323162138462066650e-01
4.326427876949310303e-01
4.329689145088195801e-01
4.332925677299499512e-01
4.336142539978027344e-01
4.339355826377868652e-01
4.342533946037292480e-01
4.345711469650268555e-01
4.348865747451782227e-01
4.352004528045654297e-01
4.355123043060302734e-01
4.358228743076324463e-01
4.361316561698913574e-01
4.364395141601562500e-01
4.367441236972808838e-01
4.370488524436950684e-01
4.373507201671600342e-01
4.376511871814727783e-01
4.379509091377258301e-01
4.382468461990356445e-01
4.385430812835693359e-01
4.388367235660552979e-01
4.391284883022308350e-01
4.394186735153198242e-01
4.397080838680267334e-01
4.399937689304351807e-01
4.402796924114227295e-01
4.405629634857177734e-01
4.408444166183471680e-01
4.411242008209228516e-01
4.414023160934448242e-01
4.416784346103668213e-01
4.419538974761962891e-01
4.422256648540496826e-01
4.424976408481597900e-01
4.427677989006042480e-01
4.430342912673950195e-01
4.433009326457977295e-01
4.435640275478363037e-01
4.438268840312957764e-01
4.440872669219970703e-01
4.443459510803222656e-01
4.446025788784027100e-01
4.448584914207458496e-01
4.451108574867248535e-01
4.453630149364471436e-01
4.456126093864440918e-01
4.458605349063873291e-01
4.461063146591186523e-01
4.463505744934082031e-01
4.465938210487365723e-01
4.468342065811157227e-01
4.470730423927307129e-01
4.473099112510681152e-01
4.475457370281219482e-01
4.477781653404235840e-01
4.480104744434356689e-01
4.482398927211761475e-01
4.484677314758300781e-01
4.486936330795288086e-01
4.489176571369171143e-01
4.491398632526397705e-01
4.493611156940460205e-01
4.495787024497985840e-01
4.497962892055511475e-01
4.500120282173156738e-01
4.502240717411041260e-01
4.504361152648925781e-01
4.506453871726989746e-01
4.508527815341949463e-01
4.510583281517028809e-01
4.512629210948944092e-01
4.514646232128143311e-01
4.516647160053253174e-01
4.518628120422363281e-01
4.520598649978637695e-01
4.522534608840942383e-01
4.524468779563903809e-01
4.526325166225433350e-01
4.527717232704162598e-01
4.529075026512145996e-01
4.530429244041442871e-01
4.531765580177307129e-01
4.533066153526306152e-01
4.534365236759185791e-01
4.535635411739349365e-01
4.536896646022796631e-01
4.538121819496154785e-01
4.539345502853393555e-01
4.540540575981140137e-01
4.541726410388946533e-01
4.542885124683380127e-01
4.544024467468261719e-01
4.545153081417083740e-01
4.546247422695159912e-01
4.547337889671325684e-01
4.548401832580566406e-01
4.549455046653747559e-01
4.550473988056182861e-01
4.551489055156707764e-01
4.552477598190307617e-01
4.553447961807250977e-01
4.554407298564910889e-01
4.555338621139526367e-01
4.556260406970977783e-01
4.557146430015563965e-01
4.558030664920806885e-01
4.558886587619781494e-01
4.559732973575592041e-01
4.560543894767761230e-01
4.561352729797363281e-01
4.562142193317413330e-01
4.562897384166717529e-01
4.563649296760559082e-01
4.564374387264251709e-01
4.565088748931884766e-01
4.565769135951995850e-01
4.566445946693420410e-01
4.567096233367919922e-01
4.567728638648986816e-01
4.568341374397277832e-01
4.568943679332733154e-01
4.569527804851531982e-01
4.570077061653137207e-01
4.570623934268951416e-01
