6.772760152816772461e-01
6.717566847801208496e-01
6.678910851478576660e-01
6.657519340515136719e-01
6.651682853698730469e-01
6.660456061363220215e-01
6.680592298507690430e-01
6.709514856338500977e-01
6.745219230651855469e-01
6.786130070686340332e-01
6.834068894386291504e-01
6.887829899787902832e-01
6.946775317192077637e-01
7.011740803718566895e-01
7.084502577781677246e-01
7.167436480522155762e-01
7.262346744537353516e-01
7.369037866592407227e-01
7.487819194793701172e-01
7.618264555931091309e-01
7.759029269218444824e-01
7.905764579772949219e-01
8.056511878967285156e-01
8.206614255905151367e-01
8.350697159767150879e-01
8.481604456901550293e-01
8.597744703292846680e-01
8.698918223381042480e-01
8.787583112716674805e-01
8.867271542549133301e-01
8.939687609672546387e-01
9.003193974494934082e-01
9.053405523300170898e-01
9.087441563606262207e-01
9.103165864944458008e-01
9.098244309425354004e-01
9.071463346481323242e-01
9.023385643959045410e-01
8.954756855964660645e-01
8.867510557174682617e-01
8.764514327049255371e-01
8.648948073387145996e-01
8.524223566055297852e-01
8.393792510032653809e-01
8.260914087295532227e-01
8.128522634506225586e-01
7.999191880226135254e-01
7.874892354011535645e-01
7.756826877593994141e-01
7.646967172622680664e-01
7.544763088226318359e-01
7.447796463966369629e-01
7.358852624893188477e-01
7.278633713722229004e-01
7.207662463188171387e-01
7.146357297897338867e-01
7.094982266426086426e-01
7.053738236427307129e-01
7.021147012710571289e-01
6.992003321647644043e-01
6.968164443969726562e-01
6.955364346504211426e-01
6.950775384902954102e-01
6.951870918273925781e-01
6.956771612167358398e-01
6.965005397796630859e-01
6.976009011268615723e-01
6.989060640335083008e-01
7.003528475761413574e-01
7.018944025039672852e-01
7.034925818443298340e-01
7.050789594650268555e-01
7.067047357559204102e-01
7.084366083145141602e-01
7.103293538093566895e-01
7.124652266502380371e-01
7.149287462234497070e-01
7.177843451499938965e-01
7.211508750915527344e-01
7.261009812355041504e-01
7.302465438842773438e-01
7.345708012580871582e-01
7.395258545875549316e-01
7.444806694984436035e-01
7.491205334663391113e-01
7.532719373703002930e-01
7.569255828857421875e-01
7.602236866950988770e-01
7.633658647537231445e-01
7.666069269180297852e-01
7.701784372329711914e-01
7.742275595664978027e-01
7.788355946540832520e-01
7.840443253517150879e-01
7.897884845733642578e-01
7.961458563804626465e-01
8.030557036399841309e-01
8.104370236396789551e-01
8.182423114776611328e-01
8.263669013977050781e-01
8.346923589706420898e-01
8.431543111801147461e-01
8.515896201133728027e-01
8.598775267601013184e-01
8.678732514381408691e-01
8.754814267158508301e-01
8.825395107269287109e-01
8.889508843421936035e-01
8.945688009262084961e-01
8.993071913719177246e-01
9.030447602272033691e-01
9.057214856147766113e-01
9.072675704956054688e-01
9.076548218727111816e-01
9.068715572357177734e-01
9.049327969551086426e-01
9.018960595130920410e-01
8.978324532508850098e-01
8.928232789039611816e-01
8.869658708572387695e-01
8.804063796997070312e-01
8.732482790946960449e-01
8.656383156776428223e-01
8.577114343643188477e-01
8.496130108833312988e-01
8.414342403411865234e-01
8.333036303520202637e-01
8.253402113914489746e-01
8.177061080932617188e-01
8.104075789451599121e-01
8.034787178039550781e-01
7.970120906829833984e-01
7.910197973251342773e-01
7.855405211448669434e-01
7.805804014205932617e-01
7.761363387107849121e-01
7.722171545028686523e-01
7.686617970466613770e-01
7.655140757560729980e-01
7.627319097518920898e-01
7.601870298385620117e-01
7.577232718467712402e-01
7.551797628402709961e-01
7.524020671844482422e-01
7.492969036102294922e-01
7.458844780921936035e-01
7.422807216644287109e-01
7.386937737464904785e-01
7.352834343910217285e-01
7.322025299072265625e-01
7.276645898818969727e-01
7.259657979011535645e-01
7.247378826141357422e-01
7.239467501640319824e-01
7.235462069511413574e-01
7.234874367713928223e-01
7.237210273742675781e-01
7.242943048477172852e-01
7.250615358352661133e-01
7.259634137153625488e-01
7.269513607025146484e-01
7.279745936393737793e-01
7.289777398109436035e-01
7.299120426177978516e-01
7.307337522506713867e-01
7.314028143882751465e-01
7.318786978721618652e-01
7.321507334709167480e-01
7.322073578834533691e-01
7.320202589035034180e-01
7.315950989723205566e-01
7.309475541114807129e-01
7.301013469696044922e-01
7.290925979614257812e-01
7.279602885246276855e-01
7.267485260963439941e-01
7.255012989044189453e-01
7.242700457572937012e-01
7.231093645095825195e-01
7.220606207847595215e-01
7.211477160453796387e-01
7.204053401947021484e-01
7.198586463928222656e-01
7.195342183113098145e-01
7.194506525993347168e-01
7.196240425109863281e-01
7.200686335563659668e-01
7.207914590835571289e-01
7.218042016029357910e-01
7.231104373931884766e-01
7.246685624122619629e-01
7.265216708183288574e-01
7.286619544029235840e-01
7.311015725135803223e-01
7.338251471519470215e-01
7.368375062942504883e-01
7.401245832443237305e-01
7.436895370483398438e-01
7.475237250328063965e-01
7.516180276870727539e-01
7.559581995010375977e-01
7.605271935462951660e-01
7.652489542961120605e-01
7.701380252838134766e-01
7.751464247703552246e-01
7.802026271820068359e-01
7.852137088775634766e-01
7.900028824806213379e-01
7.943746447563171387e-01
7.980698347091674805e-01
8.008348345756530762e-01
8.025688529014587402e-01
8.035427927970886230e-01
8.045064210891723633e-01
8.063707351684570312e-01
8.097301125526428223e-01
8.146499395370483398e-01
8.207162618637084961e-01
8.274179100990295410e-01
8.343920111656188965e-01
8.413586020469665527e-01
8.481600880622863770e-01
8.546884655952453613e-01
8.609260320663452148e-01
8.668258786201477051e-01
8.723567724227905273e-01
8.775351643562316895e-01
8.823559284210205078e-01
8.868143558502197266e-01
8.908995389938354492e-01
8.945972323417663574e-01
8.979246020317077637e-01
9.008877277374267578e-01
9.035139679908752441e-01
9.058123826980590820e-01
9.078140258789062500e-01
9.095401763916015625e-01
9.110268950462341309e-01
9.123090505599975586e-01
9.134297370910644531e-01
9.144405722618103027e-01
9.154054522514343262e-01
9.164010286331176758e-01
9.175096750259399414e-01
9.188674688339233398e-01
9.206527471542358398e-01
9.231868386268615723e-01
9.270639419555664062e-01
9.338889718055725098e-01
9.612496495246887207e-01
9.616320133209228516e-01
9.598196744918823242e-01
9.575043320655822754e-01
9.548804759979248047e-01
9.520202279090881348e-01
9.489678740501403809e-01
9.457851052284240723e-01
9.425082206726074219e-01
9.392057657241821289e-01
9.359094500541687012e-01
9.326881766319274902e-01
9.295829534530639648e-01
9.266352653503417969e-01
9.239177703857421875e-01
9.214869737625122070e-01
9.194653034210205078e-01
9.180369377136230469e-01
9.175835251808166504e-01
9.188008308410644531e-01
9.225965738296508789e-01
9.275321364402770996e-01
9.263721108436584473e-01
9.186948537826538086e-01
9.114179015159606934e-01
9.062933325767517090e-01
9.027184844017028809e-01
9.000597000122070312e-01
8.979811072349548340e-01
8.962805867195129395e-01
8.948620557785034180e-01
8.936572670936584473e-01
8.926342725753784180e-01
8.917649388313293457e-01
8.910375833511352539e-01
8.904371261596679688e-01
8.899577260017395020e-01
8.895952105522155762e-01
8.893563151359558105e-01
8.892161250114440918e-01
8.891693949699401855e-01
8.892076611518859863e-01
8.893257379531860352e-01
8.895125389099121094e-01
8.897616863250732422e-01
8.900607824325561523e-01
8.903964161872863770e-01
8.907583355903625488e-01
8.911285400390625000e-01
8.914945125579833984e-01
8.918372392654418945e-01
8.921367526054382324e-01
8.923771977424621582e-01
8.925359845161437988e-01
8.925988674163818359e-01
8.925435543060302734e-01
8.923469185829162598e-01
8.919919133186340332e-01
8.914627432823181152e-01
8.907457590103149414e-01
8.898293375968933105e-01
8.887054920196533203e-01
8.873690366744995117e-01
8.858219981193542480e-01
8.840585350990295410e-01
8.820871710777282715e-01
8.799163699150085449e-01
8.775570988655090332e-01
8.750231266021728516e-01
8.723378181457519531e-01
8.695040941238403320e-01
8.665483593940734863e-01
8.635537624359130859e-01
8.604983091354370117e-01
8.573900461196899414e-01
8.542580008506774902e-01
8.511015176773071289e-01
8.479459881782531738e-01
8.448080420494079590e-01
8.417102694511413574e-01
8.386558890342712402e-01
8.356477022171020508e-01
8.327125310897827148e-01
8.298496007919311523e-01
8.270657062530517578e-01
8.243672847747802734e-01
8.217586278915405273e-01
8.192351460456848145e-01
8.168158531188964844e-01
8.144941329956054688e-01
8.122843503952026367e-01
8.102210164070129395e-01
8.082557916641235352e-01
8.063878417015075684e-01
8.046107888221740723e-01
8.029351234436035156e-01
8.013531565666198730e-01
7.998641133308410645e-01
7.984659075736999512e-01
7.971565127372741699e-01
7.959344983100891113e-01
7.947974205017089844e-01
7.937470078468322754e-01
7.927742600440979004e-01
7.918835878372192383e-01
7.910677790641784668e-01
7.903269529342651367e-01
7.896614074707031250e-01
7.890653014183044434e-01
7.885405421257019043e-01
7.881361842155456543e-01
7.878437042236328125e-01
7.876125574111938477e-01
7.874426841735839844e-01
7.873313426971435547e-01
7.872778177261352539e-01
7.872802019119262695e-01
7.873371243476867676e-01
7.874475121498107910e-01
7.876100540161132812e-01
7.878225445747375488e-01
7.880853414535522461e-01
7.883953452110290527e-01
7.887522578239440918e-01
7.891550064086914062e-01
7.896019816398620605e-01
7.900933623313903809e-01
7.906274199485778809e-01
7.912033796310424805e-01
7.918201684951782227e-01
7.924768328666687012e-01
7.931246757507324219e-01
7.937880754470825195e-01
7.944870591163635254e-01
7.952196598052978516e-01
7.959861755371093750e-01
7.967848777770996094e-01
7.976158261299133301e-01
7.984774112701416016e-01
7.993697524070739746e-01
8.002911210060119629e-01
8.012417554855346680e-01
8.022198677062988281e-01
8.032256960868835449e-01
8.042573928833007812e-01
8.053150773048400879e-01
8.063923120498657227e-01
8.074986934661865234e-01
8.086226582527160645e-01
8.097742199897766113e-01
8.109414577484130859e-01
8.121346831321716309e-01
8.133417367935180664e-01
8.145244717597961426e-01
8.156874179840087891e-01
8.168711662292480469e-01
8.180640339851379395e-01
8.192709684371948242e-01
8.204964995384216309e-01
8.217278122901916504e-01
8.229768276214599609e-01
8.242290019989013672e-01
8.254964351654052734e-01
8.267655968666076660e-01
8.280476927757263184e-01
8.293287754058837891e-01
8.306210041046142578e-01
8.319095969200134277e-01
8.332063555717468262e-01
8.344978094100952148e-01
8.357879519462585449e-01
8.370766639709472656e-01
8.383614420890808105e-01
8.396417498588562012e-01
8.409159183502197266e-01
8.421826958656311035e-01
8.434278964996337891e-01
8.445788025856018066e-01
8.457320332527160645e-01
8.468732833862304688e-01
8.480075001716613770e-01
8.491332530975341797e-01
8.502491712570190430e-01
8.513535857200622559e-01
8.524456024169921875e-01
8.535235524177551270e-01
8.545858860015869141e-01
8.556315302848815918e-01
8.566590547561645508e-01
8.576673269271850586e-01
8.586550951004028320e-01
8.596212267875671387e-01
8.605645895004272461e-01
8.614845275878906250e-01
8.623800277709960938e-01
8.632448911666870117e-01
8.640894293785095215e-01
8.649074435234069824e-01
8.656935691833496094e-01
8.664578199386596680e-01
8.671946525573730469e-01
8.679016828536987305e-01
8.685995340347290039e-01
8.692679405212402344e-01
8.699029684066772461e-01
8.705136179924011230e-01
8.710960149765014648e-01
8.716470003128051758e-01
8.721752166748046875e-01
8.726739883422851562e-01
8.731517195701599121e-01
8.736058473587036133e-01
8.740347027778625488e-01
8.744459748268127441e-01
8.748381733894348145e-01
8.752098679542541504e-01
8.755689859390258789e-01
8.759140968322753906e-01
8.762447237968444824e-01
8.765681982040405273e-01
8.768813610076904297e-01
8.771890997886657715e-01
8.774936199188232422e-01
8.777995705604553223e-01
8.781045079231262207e-01
8.784132599830627441e-01
8.787305951118469238e-01
8.790542483329772949e-01
8.793914914131164551e-01
8.797453641891479492e-01
8.801186680793762207e-01
8.805086016654968262e-01
8.809205889701843262e-01
8.813595175743103027e-01
8.818231225013732910e-01
8.823161721229553223e-01
8.828446269035339355e-01
8.834049105644226074e-01
8.840027451515197754e-01
8.846408724784851074e-01
8.853250145912170410e-01
8.860514760017395020e-01
8.868256211280822754e-01
8.876544833183288574e-01
8.885324001312255859e-01
8.894659876823425293e-01
8.904571533203125000e-01
8.915088176727294922e-01
8.926227092742919922e-01
8.938015103340148926e-01
8.950464129447937012e-01
8.963597416877746582e-01
8.977428674697875977e-01
8.991973996162414551e-01
9.007239341735839844e-01
9.023237824440002441e-01
9.039893746376037598e-01
9.057049751281738281e-01
9.074946045875549316e-01
9.093583822250366211e-01
9.112948179244995117e-01
9.133026003837585449e-01
9.153786897659301758e-01
9.175199270248413086e-01
9.197215437889099121e-01
9.219789505004882812e-01
9.242858886718750000e-01
9.266350865364074707e-01
9.290180802345275879e-01
9.314260482788085938e-01
9.338487982749938965e-01
9.362747073173522949e-01
9.386916756629943848e-01
9.410762786865234375e-01
9.434347152709960938e-01
9.457422494888305664e-01
9.479743242263793945e-01
9.501338601112365723e-01
9.521954655647277832e-01
9.541354179382324219e-01
9.559548497200012207e-01
9.576300382614135742e-01
9.591469168663024902e-01
9.604867696762084961e-01
9.616491198539733887e-01
9.626176953315734863e-01
9.633805751800537109e-01
9.639363884925842285e-01
9.642759561538696289e-01
9.643971920013427734e-01
9.643000364303588867e-01
9.639843106269836426e-01
9.634554982185363770e-01
9.627135396003723145e-01
9.617663025856018066e-01
9.606263041496276855e-01
9.592929482460021973e-01
9.577804207801818848e-01
9.560991525650024414e-01
9.542684555053710938e-01
9.522926211357116699e-01
9.501754641532897949e-01
9.479455351829528809e-01
9.455965757369995117e-01
9.431591033935546875e-01
9.406248331069946289e-01
9.380249977111816406e-01
9.353599548339843750e-01
9.326270818710327148e-01
9.298588633537292480e-01
9.270408153533935547e-01
9.242040514945983887e-01
9.213322401046752930e-01
9.184546470642089844e-01
9.155550599098205566e-01
9.126617908477783203e-01
9.097673296928405762e-01
9.068650603294372559e-01
9.039810895919799805e-01
9.010964632034301758e-01
8.981807827949523926e-01
8.952338695526123047e-01
8.923134207725524902e-01
8.894105553627014160e-01
8.865151405334472656e-01
8.836502432823181152e-01
8.807961940765380859e-01
8.779747486114501953e-01
8.751754164695739746e-01
8.723884820938110352e-01
8.696356415748596191e-01
8.669055700302124023e-01
8.641981482505798340e-01
8.615142107009887695e-01
8.588429689407348633e-01
8.562036156654357910e-01
8.535870909690856934e-01
8.509922027587890625e-01
8.484185338020324707e-01
8.458551764488220215e-01
8.433222770690917969e-01
8.408091664314270020e-01
8.383144140243530273e-01
8.358387351036071777e-01
8.333718180656433105e-01
8.309317827224731445e-01
8.285075426101684570e-01
8.261003494262695312e-01
8.237088322639465332e-01
8.213229775428771973e-01
8.189613223075866699e-01
8.166139721870422363e-01
8.142803907394409180e-01
8.119592070579528809e-01
8.096428513526916504e-01
8.073673844337463379e-01
8.051495552062988281e-01
8.029436469078063965e-01
8.007508516311645508e-01
7.985697984695434570e-01
7.964003682136535645e-01
7.942423224449157715e-01
7.920948863029479980e-01
7.899588942527770996e-01
7.878335118293762207e-01
7.857188582420349121e-01
7.836144566535949707e-01
7.815195918083190918e-01
7.794355750083923340e-01
7.773616909980773926e-01
7.752977609634399414e-01
7.732439637184143066e-01
7.711992263793945312e-01
7.691652178764343262e-01
7.671414017677307129e-01
7.651273608207702637e-01
7.631236314773559570e-01
7.611292600631713867e-01
7.591457962989807129e-01
7.571729421615600586e-01
7.552105784416198730e-01
7.532588243484497070e-01
7.513169646263122559e-01
7.493870854377746582e-01
7.474682927131652832e-01
7.455608248710632324e-01
7.436648607254028320e-01
7.417796850204467773e-01
7.399073243141174316e-01
7.380470037460327148e-01
7.361988425254821777e-01
7.343688011169433594e-01
7.325457930564880371e-01
7.307066321372985840e-01
7.287279963493347168e-01
7.267626523971557617e-01
7.248114347457885742e-01
7.228788137435913086e-01
7.209541797637939453e-01
7.190434932708740234e-01
7.158356308937072754e-01
7.139689922332763672e-01
7.121222019195556641e-01
7.102845311164855957e-01
7.084618806838989258e-01
7.066547870635986328e-01
7.048618197441101074e-01
7.030835747718811035e-01
7.013250589370727539e-01
6.995764970779418945e-01
6.978424787521362305e-01
6.961230039596557617e-01
6.944180727005004883e-01
6.927272677421569824e-01
6.910560131072998047e-01
6.893928647041320801e-01
6.877433061599731445e-01
6.861069798469543457e-01
6.844834089279174805e-01
6.828764677047729492e-01
6.812774538993835449e-01
6.796899437904357910e-01
6.781178116798400879e-01
6.765530705451965332e-01
6.749978661537170410e-01
6.734561324119567871e-01
6.719197034835815430e-01
6.703921556472778320e-01
6.688762307167053223e-01
6.673643589019775391e-01
6.658593416213989258e-01
6.643643379211425781e-01
6.628729701042175293e-01
6.613855957984924316e-01
6.599064469337463379e-01
6.585947871208190918e-01
6.573210954666137695e-01
6.560545563697814941e-01
6.547874212265014648e-01
6.535223722457885742e-01
6.522629857063293457e-01
6.510012745857238770e-01
6.497409343719482422e-01
6.484842300415039062e-01
6.472246050834655762e-01
6.459646821022033691e-01
6.447078585624694824e-01
6.434468030929565430e-01
6.421848535537719727e-01
6.409247517585754395e-01
6.396601796150207520e-01
6.383969783782958984e-01
6.371289491653442383e-01
6.358620524406433105e-01
6.345900297164916992e-01
6.333191394805908203e-01
6.320429444313049316e-01
6.307643651962280273e-01
6.294881105422973633e-01
6.282054781913757324e-01
6.269240975379943848e-01
6.256374120712280273e-01
6.243520379066467285e-01
6.230618357658386230e-01
6.217731237411499023e-01
6.204798221588134766e-01
6.191883683204650879e-01
6.178925633430480957e-01
6.165991425514221191e-01
6.153017282485961914e-01
6.140072345733642578e-01
6.127092242240905762e-01
6.114144325256347656e-01
6.101169586181640625e-01
6.088232398033142090e-01
6.075273156166076660e-01
6.062357425689697266e-01
6.049425601959228516e-01
6.036546230316162109e-01
6.023657917976379395e-01
6.010802388191223145e-01
5.998006463050842285e-01
5.985220670700073242e-01
5.972501039505004883e-01
5.959802865982055664e-01
5.947176814079284668e-01
5.934615135192871094e-01
5.922070741653442383e-01
5.909630060195922852e-01
5.897235274314880371e-01
5.884943008422851562e-01
5.872748494148254395e-01
5.860608220100402832e-01
5.848616957664489746e-01
5.836697220802307129e-01
5.824932456016540527e-01
5.813314914703369141e-01
5.801813006401062012e-01
5.790511369705200195e-01
5.779353976249694824e-01
5.768432021141052246e-01
5.757719874382019043e-01
5.747229456901550293e-01
5.737033486366271973e-01
5.727100968360900879e-01
5.717520713806152344e-01
5.708290338516235352e-01
5.699440836906433105e-01
5.691027045249938965e-01
5.683075189590454102e-01
5.675657391548156738e-01
5.668794512748718262e-01
5.662543177604675293e-01
5.656940340995788574e-01
5.652053356170654297e-01
5.647898912429809570e-01
5.644516944885253906e-01
5.641967654228210449e-01
5.640212297439575195e-01
5.639283061027526855e-01
5.639179348945617676e-01
5.639808177947998047e-01
5.641119480133056641e-01
5.643032789230346680e-01
5.645492076873779297e-01
5.648251175880432129e-01
5.651224255561828613e-01
5.654282569885253906e-01
5.657190084457397461e-01
5.661215782165527344e-01
5.664969682693481445e-01
5.668248534202575684e-01
5.670872926712036133e-01
5.672835707664489746e-01
5.674111247062683105e-01
5.674647092819213867e-01
5.674480199813842773e-01
5.673674345016479492e-01
5.672224164009094238e-01
5.670226812362670898e-01
5.667725801467895508e-01
5.664823651313781738e-01
5.661553144454956055e-01
5.658007264137268066e-01
5.654234886169433594e-01
5.650302767753601074e-01
5.646260976791381836e-01
5.642172098159790039e-01
5.638063549995422363e-01
5.633989572525024414e-01
5.629963278770446777e-01
5.626044869422912598e-01
5.622233152389526367e-01
5.618570446968078613e-01
5.615066885948181152e-01
5.611730813980102539e-01
5.608593821525573730e-01
5.605650544166564941e-01
5.602928400039672852e-01
5.600418448448181152e-01
5.598150491714477539e-01
5.596104860305786133e-01
5.594307780265808105e-01
5.592747330665588379e-01
5.591443181037902832e-01
5.590394735336303711e-01
5.589598417282104492e-01
5.589051246643066406e-01
5.588772296905517578e-01
5.588746070861816406e-01
5.588985085487365723e-01
5.589512586593627930e-01
5.590289831161499023e-01
5.591326355934143066e-01
5.592634081840515137e-01
5.594209432601928711e-01
5.596097111701965332e-01
5.598217844963073730e-01
5.600619912147521973e-01
5.603281855583190918e-01
5.606234073638916016e-01
5.609496831893920898e-01
5.613011717796325684e-01
5.616834759712219238e-01
5.620930790901184082e-01
5.625298023223876953e-01
5.629974603652954102e-01
5.634893774986267090e-01
5.640088319778442383e-01
5.645561814308166504e-01
5.651313066482543945e-01
5.657337307929992676e-01
5.663701295852661133e-01
5.670297741889953613e-01
5.677178502082824707e-01
5.684343576431274414e-01
5.691788792610168457e-01
5.699521303176879883e-01
5.707547664642333984e-01
5.715864896774291992e-01
5.724471807479858398e-01
5.733443498611450195e-01
5.742623805999755859e-01
5.752109885215759277e-01
5.761892199516296387e-01
5.771968960762023926e-01
5.782341361045837402e-01
5.793005228042602539e-01
5.803964734077453613e-01
5.815230011940002441e-01
5.826882123947143555e-01
5.838745236396789551e-01
5.850902199745178223e-01
5.863355994224548340e-01
5.876117348670959473e-01
5.889177918434143066e-01
5.902535319328308105e-01
5.916192531585693359e-01
5.930133461952209473e-01
5.944489240646362305e-01
5.959038138389587402e-01
5.973882079124450684e-01
5.989019274711608887e-01
6.004443168640136719e-01
6.020156741142272949e-01
6.036165356636047363e-01
6.052459478378295898e-01
6.069039702415466309e-01
6.086018085479736328e-01
6.103150248527526855e-01
6.120569109916687012e-01
6.138259172439575195e-01
6.156219840049743652e-01
6.174441576004028320e-01
6.192919611930847168e-01
6.211664080619812012e-01
6.230660080909729004e-01
6.249904632568359375e-01
6.269391775131225586e-01
6.289109587669372559e-01
6.309057474136352539e-01
6.329260468482971191e-01
6.349769830703735352e-01
6.370487213134765625e-01
6.391387581825256348e-01
6.412481665611267090e-01
6.433752775192260742e-01
6.455188989639282227e-01
6.476795673370361328e-01
6.498545408248901367e-01
6.520450115203857422e-01
6.542484164237976074e-01
6.564801335334777832e-01
6.587082147598266602e-01
6.609473824501037598e-01
6.631961464881896973e-01
6.654546260833740234e-01
6.677195429801940918e-01
6.699925661087036133e-01
6.722701191902160645e-01
6.745532155036926270e-01
6.768392920494079590e-01
6.791281700134277344e-01
6.814180612564086914e-01
6.837084889411926270e-01
6.859980821609497070e-01
6.882850527763366699e-01
6.905445456504821777e-01
6.927984356880187988e-01
6.950478553771972656e-01
6.972918510437011719e-01
6.995294094085693359e-01
7.017588019371032715e-01
7.039796113967895508e-01
7.061904668807983398e-01
7.083899974822998047e-01
7.105775475502014160e-01
7.127513289451599121e-01
7.149109840393066406e-01
7.170553207397460938e-01
7.191827297210693359e-01
7.212929129600524902e-01
7.233841419219970703e-01
7.254561781883239746e-01
7.275076508522033691e-01
7.295371890068054199e-01
7.315449714660644531e-01
7.335289716720581055e-01
7.354892492294311523e-01
7.374244928359985352e-01
7.393337488174438477e-01
7.412168979644775391e-01
7.430726289749145508e-01
7.448942661285400391e-01
7.466816902160644531e-01
7.484390735626220703e-01
7.501668930053710938e-01
7.518640160560607910e-01
7.535302639007568359e-01
7.551656961441040039e-01
7.567580342292785645e-01
7.583305239677429199e-01
7.598710060119628906e-01
7.613793015480041504e-01
7.628555297851562500e-01
7.642994523048400879e-01
7.657108902931213379e-01
7.670900225639343262e-01
7.684366106986999512e-01
7.697508931159973145e-01
7.710329294204711914e-01
7.722826004028320312e-01
7.735003829002380371e-01
7.746859788894653320e-01
7.758401036262512207e-01
7.769624590873718262e-01
7.780538201332092285e-01
7.791141271591186523e-01
7.801436185836791992e-01
7.811353802680969238e-01
7.821045517921447754e-01
7.830427289009094238e-01
7.839522361755371094e-01
7.848334908485412598e-01
7.856869697570800781e-01
7.865129709243774414e-01
7.873119115829467773e-01
7.880843281745910645e-01
7.888305187225341797e-01
7.895511984825134277e-01
7.902466058731079102e-01
7.909173369407653809e-01
7.915638089179992676e-01
7.921864986419677734e-01
7.927812337875366211e-01
7.933581471443176270e-01
7.939128875732421875e-01
7.944458723068237305e-01
7.949575781822204590e-01
7.954486608505249023e-01
7.959195971488952637e-01
7.963708043098449707e-01
7.968027591705322266e-01
7.972160577774047852e-01
7.976114749908447266e-01
7.979890704154968262e-01
7.983494997024536133e-01
7.986934185028076172e-01
7.990185022354125977e-01
7.993400692939758301e-01
7.996628284454345703e-01
7.999731302261352539e-01
8.002711534500122070e-01
8.005573749542236328e-01
8.008320927619934082e-01
8.010957837104797363e-01
8.013491034507751465e-01
8.015902638435363770e-01
8.018239140510559082e-01
8.020477294921875000e-01
8.022625446319580078e-01
8.024688959121704102e-01
8.026666641235351562e-01
8.028565049171447754e-01
8.030390143394470215e-01
8.032138347625732422e-01
8.033819198608398438e-01
8.035418987274169922e-01
8.036966323852539062e-01
8.038455247879028320e-01
8.039885163307189941e-01
8.041260242462158203e-01
8.042579889297485352e-01
8.043848872184753418e-01
8.045072555541992188e-01
8.046247959136962891e-01
8.047379851341247559e-01
8.048471212387084961e-01
8.049524426460266113e-01
8.050665855407714844e-01
8.051934838294982910e-01
8.053174614906311035e-01
8.054383993148803711e-01
8.055568933486938477e-01
8.056729435920715332e-01
8.057863712310791016e-01
8.058972954750061035e-01
8.060066699981689453e-01
8.061141371726989746e-01
8.062195181846618652e-01
8.063233494758605957e-01
8.064255714416503906e-01
8.065261244773864746e-01
8.066253662109375000e-01
8.067233562469482422e-01
8.068193793296813965e-01
8.069149255752563477e-01
8.070093393325805664e-01
8.071027398109436035e-01
8.071949481964111328e-01
8.072866797447204590e-01
8.073773384094238281e-01
8.074671030044555664e-01
8.075563311576843262e-01
8.076448440551757812e-01
8.077319860458374023e-01
8.078192472457885742e-01
8.079062700271606445e-01
8.079922199249267578e-01
8.080779314041137695e-01
8.081744909286499023e-01
8.083415031433105469e-01
8.085086345672607422e-01
8.086760640144348145e-01
8.088446259498596191e-01
8.090123534202575684e-01
8.091803193092346191e-01
8.093485236167907715e-01
8.095166683197021484e-01
8.096856474876403809e-01
8.098542094230651855e-01
8.100231289863586426e-01
8.101917505264282227e-01
8.103604316711425781e-01
8.105295300483703613e-01
8.106981515884399414e-01
8.108665943145751953e-01
8.110193610191345215e-01
8.111708164215087891e-01
8.113202452659606934e-01
8.114683628082275391e-01
8.116144537925720215e-01
8.117596507072448730e-01
8.119033575057983398e-01
8.120447397232055664e-01
8.121859431266784668e-01
8.123248219490051270e-01
8.124613761901855469e-01
8.125968575477600098e-01
8.127304911613464355e-01
8.128623962402343750e-01
8.129926323890686035e-01
8.131208419799804688e-01
8.132820129394531250e-01
8.135014176368713379e-01
8.137186169624328613e-01
8.139333724975585938e-01
8.141466379165649414e-01
8.143566250801086426e-01
8.145633339881896973e-01
8.147681951522827148e-01
8.149703145027160645e-01
8.151698112487792969e-01
8.153674602508544922e-01
8.155613541603088379e-01
8.157516717910766602e-01
8.159397244453430176e-01
8.161247968673706055e-01
8.163068294525146484e-01
8.164868354797363281e-01
8.165295124053955078e-01
8.163717389106750488e-01
8.162044286727905273e-01
8.160259127616882324e-01
8.158377408981323242e-01
8.156394958496093750e-01
8.154301047325134277e-01
8.152099847793579102e-01
8.149782419204711914e-01
8.147363662719726562e-01
8.144827485084533691e-01
8.142203092575073242e-01
8.139452338218688965e-01
8.136581778526306152e-01
8.133605718612670898e-01
8.130507469177246094e-01
8.127301931381225586e-01
8.123865723609924316e-01
8.117814064025878906e-01
8.111646175384521484e-01
8.105351328849792480e-01
8.098923563957214355e-01
8.092378973960876465e-01
8.085719347000122070e-01
8.078923225402832031e-01
8.071993589401245117e-01
8.064945936203002930e-01
8.057772517204284668e-01
8.050487041473388672e-01
8.043062686920166016e-01
8.035503625869750977e-01
8.027828931808471680e-01
8.020018339157104492e-01
8.012115359306335449e-01
8.004062771797180176e-01
7.995504140853881836e-01
7.985807061195373535e-01
7.976018190383911133e-01
7.966116070747375488e-01
7.956145405769348145e-01
7.946048974990844727e-01
7.935844659805297852e-01
7.925547957420349121e-01
7.915142178535461426e-01
7.904673814773559570e-01
7.894083261489868164e-01
7.883384227752685547e-01
7.872596979141235352e-01
7.861713767051696777e-01
7.850756049156188965e-01
7.839682102203369141e-01
7.828504443168640137e-01
7.817245125770568848e-01
7.805981636047363281e-01
7.796565294265747070e-01
7.787120938301086426e-01
7.777585983276367188e-01
7.768007516860961914e-01
7.758362293243408203e-01
7.748656272888183594e-01
7.738927602767944336e-01
7.729111909866333008e-01
7.719236612319946289e-01
7.709308266639709473e-01
7.699318528175354004e-01
7.689278125762939453e-01
7.679211497306823730e-01
7.669054269790649414e-01
7.658845186233520508e-01
7.648589015007019043e-01
7.638263106346130371e-01
7.627918720245361328e-01
7.617481350898742676e-01
7.606992125511169434e-01
7.596446871757507324e-01
7.585841417312622070e-01
7.575218677520751953e-01
7.564505934715270996e-01
7.553732991218566895e-01
7.542908191680908203e-01
7.532023191452026367e-01
7.521122097969055176e-01
7.510138750076293945e-01
7.499085068702697754e-01
7.487980127334594727e-01
7.476819157600402832e-01
7.465633153915405273e-01
7.454359531402587891e-01
7.443029880523681641e-01
7.431638240814208984e-01
7.420195341110229492e-01
7.409202456474304199e-01
7.399538159370422363e-01
7.389832735061645508e-01
7.380064129829406738e-01
7.370263934135437012e-01
7.360448241233825684e-01
7.350545525550842285e-01
7.340590953826904297e-01
7.330591082572937012e-01
7.320542335510253906e-01
7.310481667518615723e-01
7.300335168838500977e-01
7.290139198303222656e-01
7.279899120330810547e-01
7.269594073295593262e-01
7.259296774864196777e-01
7.248901724815368652e-01
7.238456010818481445e-01
7.227955460548400879e-01
7.217408418655395508e-01
7.206810712814331055e-01
7.196201682090759277e-01
7.185502052307128906e-01
7.174750566482543945e-01
7.163953781127929688e-01
7.153090238571166992e-01
7.142235636711120605e-01
7.131277918815612793e-01
7.120268344879150391e-01
7.109202146530151367e-01
7.098088860511779785e-01
7.086968421936035156e-01
7.075756192207336426e-01
7.064475417137145996e-01
7.053151726722717285e-01
7.041781544685363770e-01
7.030390501022338867e-01
7.018914222717285156e-01
7.007379531860351562e-01
6.995791792869567871e-01
6.983731985092163086e-01
6.971119046211242676e-01
6.958439350128173828e-01
6.945700049400329590e-01
6.932905912399291992e-01
6.920096278190612793e-01
6.907181143760681152e-01
6.894199848175048828e-01
6.881158351898193359e-01
6.868062615394592285e-01
6.854952573776245117e-01
6.841737031936645508e-01
6.828462481498718262e-01
6.815119981765747070e-01
6.801723837852478027e-01
6.788313984870910645e-01
6.774798035621643066e-01
6.761214137077331543e-01
6.747571825981140137e-01
6.733875274658203125e-01
6.720168590545654297e-01
6.706354022026062012e-01
6.692472100257873535e-01
6.678531765937805176e-01
6.664538979530334473e-01
6.650536060333251953e-01
6.636426448822021484e-01
6.622248888015747070e-01
6.608014702796936035e-01
6.593737602233886719e-01
6.579443812370300293e-01
6.565041542053222656e-01
6.550573706626892090e-01
6.536056399345397949e-01
6.521472334861755371e-01
6.506891250610351562e-01
6.492201685905456543e-01
6.477447152137756348e-01
6.462643742561340332e-01
6.447776556015014648e-01
6.432912945747375488e-01
6.417942643165588379e-01
6.402871012687683105e-01
6.387738585472106934e-01
6.372545957565307617e-01
6.357364058494567871e-01
6.342078447341918945e-01
6.326732039451599121e-01
6.311343908309936523e-01
6.295899152755737305e-01
6.280474662780761719e-01
6.264929175376892090e-01
6.249343752861022949e-01
6.233700513839721680e-01
6.218017935752868652e-01
6.202343106269836426e-01
6.186566352844238281e-01
6.170732378959655762e-01
6.154859662055969238e-01
6.138933300971984863e-01
6.123025417327880859e-01
6.107017397880554199e-01
6.090953350067138672e-01
6.074854731559753418e-01
6.058703660964965820e-01
6.042584180831909180e-01
6.026344299316406250e-01
6.010072231292724609e-01
5.993748903274536133e-01
5.977393984794616699e-01
5.961054563522338867e-01
5.944616794586181641e-01
5.928128957748413086e-01
5.911611914634704590e-01
5.895045995712280273e-01
5.878517627716064453e-01
5.861874818801879883e-01
5.845194458961486816e-01
5.828487277030944824e-01
5.811733007431030273e-01
5.795021653175354004e-01
5.778196454048156738e-01
5.761346817016601562e-01
5.744453072547912598e-01
5.727534890174865723e-01
5.710633993148803711e-01
5.693564414978027344e-01
5.676414370536804199e-01
5.659223794937133789e-01
5.642018914222717285e-01
5.624850988388061523e-01
5.607584714889526367e-01
5.590305328369140625e-01
5.572990775108337402e-01
5.555654168128967285e-01
5.538305640220642090e-01
5.520995259284973145e-01
5.503594875335693359e-01
5.486171841621398926e-01
5.468739271163940430e-01
5.451288819313049316e-01
5.433871746063232422e-01
5.416383743286132812e-01
5.398879647254943848e-01
5.381348729133605957e-01
5.363804101943969727e-01
5.346313714981079102e-01
5.328749418258666992e-01
5.311170220375061035e-01
5.293559432029724121e-01
5.275955796241760254e-01
5.258402824401855469e-01
5.240776538848876953e-01
5.223133563995361328e-01
5.205478072166442871e-01
5.187824964523315430e-01
5.170224308967590332e-01
5.152547359466552734e-01
5.134873986244201660e-01
5.117181539535522461e-01
5.099497437477111816e-01
5.081871747970581055e-01
5.064167976379394531e-01
5.046473145484924316e-01
5.028764009475708008e-01
5.011056065559387207e-01
4.993355572223663330e-01
4.975716769695281982e-01
4.958018064498901367e-01
4.940299987792968750e-01
4.922604560852050781e-01
4.904910922050476074e-01
4.887311458587646484e-01
4.870031774044036865e-01
4.852752387523651123e-01
4.835501909255981445e-01
4.818243682384490967e-01
4.801089167594909668e-01
4.783862531185150146e-01
4.766653180122375488e-01
4.749451279640197754e-01
4.732258319854736328e-01
4.715170562267303467e-01
4.698015749454498291e-01
4.680878520011901855e-01
4.663755595684051514e-01
4.646654427051544189e-01
4.629566967487335205e-01
4.612562656402587891e-01
4.595523774623870850e-01
4.578493833541870117e-01
4.561489522457122803e-01
4.544501900672912598e-01
4.527598321437835693e-01
4.510665535926818848e-01
4.493744671344757080e-01
4.476851224899291992e-01
4.459977149963378906e-01
4.443133175373077393e-01
4.426380097866058350e-01
4.409581720829010010e-01
4.392814040184020996e-01
4.376069903373718262e-01
4.359356164932250977e-01
4.342738091945648193e-01
4.326089024543762207e-01
4.309449195861816406e-01
4.292847812175750732e-01
4.276279509067535400e-01
4.259738028049468994e-01
4.243308603763580322e-01
4.226824045181274414e-01
4.210376739501953125e-01
4.193967282772064209e-01
4.177586734294891357e-01
4.161311686038970947e-01
4.144998490810394287e-01
4.128732085227966309e-01
4.112479686737060547e-01
4.096271097660064697e-01
4.080103635787963867e-01
4.064033925533294678e-01
4.049088954925537109e-01
4.034373462200164795e-01
4.019687473773956299e-01
4.005032479763031006e-01
3.990492820739746094e-01
3.975923955440521240e-01
3.961378633975982666e-01
3.946880102157592773e-01
3.932422995567321777e-01
3.917993605136871338e-01
3.903678953647613525e-01
3.889339268207550049e-01
3.875020146369934082e-01
3.860757648944854736e-01
3.846520781517028809e-01
3.832339644432067871e-01
3.818261325359344482e-01
3.804140686988830566e-01
3.790077567100524902e-01
3.776055276393890381e-01
3.762063682079315186e-01
3.748123943805694580e-01
3.734283447265625000e-01
3.720412850379943848e-01
3.706596791744232178e-01
3.692824542522430420e-01
3.679075241088867188e-01
3.665384650230407715e-01
3.651788234710693359e-01
3.638183176517486572e-01
3.624621033668518066e-01
3.611084520816802979e-01
3.597607314586639404e-01
3.584173917770385742e-01
3.570832610130310059e-01
3.557486534118652344e-01
3.544175326824188232e-01
3.530903160572052002e-01
3.517687320709228516e-01
3.504512608051300049e-01
3.491431474685668945e-01
3.478340208530426025e-01
3.465286493301391602e-01
3.452289700508117676e-01
3.439335823059082031e-01
3.426414728164672852e-01
3.413603305816650391e-01
3.400780856609344482e-01
3.387992978096008301e-01
3.375260531902313232e-01
3.362571895122528076e-01
3.349911570549011230e-01
3.337506353855133057e-01
3.325117230415344238e-01
3.312765657901763916e-01
3.300475180149078369e-01
3.288211822509765625e-01
3.275995850563049316e-01
3.263880908489227295e-01
3.251757323741912842e-01
3.239670395851135254e-01
3.227623403072357178e-01
3.215623497962951660e-01
3.203679621219635010e-01
3.191817998886108398e-01
3.179947435855865479e-01
3.168129920959472656e-01
3.156346082687377930e-01
3.144606351852416992e-01
3.132903575897216797e-01
3.121261000633239746e-01
3.109704852104187012e-01
3.098132610321044922e-01
3.086618781089782715e-01
3.075132966041564941e-01
3.063693642616271973e-01
3.052298426628112793e-01
3.040951490402221680e-01
3.029693961143493652e-01
3.018420934677124023e-01
3.007207810878753662e-01
2.996024489402770996e-01
2.984879612922668457e-01
2.973780632019042969e-01
2.962731420993804932e-01
2.951769530773162842e-01
2.940797209739685059e-01
2.929874658584594727e-01
2.918985784053802490e-01
2.908136248588562012e-01
2.897331714630126953e-01
2.886580228805541992e-01
2.875905632972717285e-01
2.865224778652191162e-01
2.854581475257873535e-01
2.843995690345764160e-01
2.833437621593475342e-01
2.822918593883514404e-01
2.812455296516418457e-01
2.802072167396545410e-01
2.791673243045806885e-01
2.781321108341217041e-01
2.771015763282775879e-01
2.760742604732513428e-01
2.750510871410369873e-01
2.740327119827270508e-01
2.730222344398498535e-01
2.719923853874206543e-01
2.709509134292602539e-01
2.699135839939117432e-01
2.688791155815124512e-01
2.678497135639190674e-01
2.668247222900390625e-01
2.658085525035858154e-01
2.647905945777893066e-01
2.637776732444763184e-01
2.627686262130737305e-01
2.617627978324890137e-01
2.607620954513549805e-01
2.597652673721313477e-01
2.587760984897613525e-01
2.577872276306152344e-01
2.568021714687347412e-01
2.558211982250213623e-01
2.548430562019348145e-01
2.538700997829437256e-01
2.529008686542510986e-01
2.519387304782867432e-01
2.509772479534149170e-01
2.500195205211639404e-01
2.490646690130233765e-01
2.481147199869155884e-01
2.471684366464614868e-01
2.462257146835327148e-01
2.452859431505203247e-01
2.443509995937347412e-01
2.434242218732833862e-01
2.424956858158111572e-01
2.415715456008911133e-01
2.406513392925262451e-01
2.397348135709762573e-01
2.388207614421844482e-01
2.379115372896194458e-01
2.370058149099349976e-01
2.361024320125579834e-01
2.352081984281539917e-01
2.343132495880126953e-01
2.334206849336624146e-01
2.325326949357986450e-01
2.316478788852691650e-01
2.307669073343276978e-01
2.298882752656936646e-01
2.290141433477401733e-01
2.281476408243179321e-01
2.272792309522628784e-01
2.264150530099868774e-01
2.255543470382690430e-01
2.246959954500198364e-01
2.238421589136123657e-01
2.229913920164108276e-01
2.221437692642211914e-01
2.212986350059509277e-01
2.204617559909820557e-01
2.196241617202758789e-01
2.187885791063308716e-01
2.179573327302932739e-01
2.171495109796524048e-01
2.163499295711517334e-01
2.155535072088241577e-01
2.147598266601562500e-01
2.139691412448883057e-01
2.131854146718978882e-01
2.124005258083343506e-01
2.116186767816543579e-01
2.108394950628280640e-01
2.100631892681121826e-01
2.092896103858947754e-01
2.085189223289489746e-01
2.077510654926300049e-01
2.069898247718811035e-01
2.062273323535919189e-01
2.054676115512847900e-01
2.047106623649597168e-01
2.039563208818435669e-01
2.032047063112258911e-01
2.024556696414947510e-01
2.017090469598770142e-01
2.009652405977249146e-01
2.002279013395309448e-01
1.994892507791519165e-01
1.987530738115310669e-01
1.980194896459579468e-01
1.972883492708206177e-01
1.965596526861190796e-01
1.958334892988204956e-01
1.951098293066024780e-01
1.943885535001754761e-01
1.936694830656051636e-01
1.929529160261154175e-01
1.922387778759002686e-01
1.915306746959686279e-01
1.908212304115295410e-01
1.901140660047531128e-01
1.894091516733169556e-01
1.887065768241882324e-01
1.880062222480773926e-01
1.873072981834411621e-01
1.866111755371093750e-01
1.859174817800521851e-01
1.852260380983352661e-01
1.845366209745407104e-01
1.838494241237640381e-01
1.831679493188858032e-01
1.824850142002105713e-01
1.818041503429412842e-01
1.811253130435943604e-01
1.804485172033309937e-01
1.797736883163452148e-01
1.791009008884429932e-01
1.784302890300750732e-01
1.777615398168563843e-01
1.770947277545928955e-01
1.764299571514129639e-01
1.757670938968658447e-01
1.751096844673156738e-01
1.744507104158401489e-01
1.737934798002243042e-01
1.731382161378860474e-01
1.724882274866104126e-01
1.718481332063674927e-01
1.712097078561782837e-01
1.705731451511383057e-01
1.699381321668624878e-01
1.693048626184463501e-01
1.686732172966003418e-01
1.680431365966796875e-01
1.674180775880813599e-01
1.667913198471069336e-01
1.661660820245742798e-01
1.655423343181610107e-01
1.649202257394790649e-01
1.642996966838836670e-01
1.636803746223449707e-01
1.630628407001495361e-01
1.624468117952346802e-01
1.618321388959884644e-01
1.612190455198287964e-01
1.606073975563049316e-01
1.600004881620407104e-01
1.593916565179824829e-01
1.587842851877212524e-01
1.581783890724182129e-01
1.575737893581390381e-01
1.569706797599792480e-01
1.563688069581985474e-01
1.557683646678924561e-01
1.551693826913833618e-01
1.545717716217041016e-01
1.539754271507263184e-01
1.533805280923843384e-01
1.527868807315826416e-01
1.521946638822555542e-01
1.516029387712478638e-01
1.510134190320968628e-01
1.504252105951309204e-01
1.498382538557052612e-01
1.492525041103363037e-01
1.486715674400329590e-01
1.480885744094848633e-01
1.475069522857666016e-01
1.469266563653945923e-01
1.463477313518524170e-01
1.457698345184326172e-01
1.451934725046157837e-01
1.446184962987899780e-01
1.440447568893432617e-01
1.434724032878875732e-01
1.429013907909393311e-01
1.423314511775970459e-01
1.417631357908248901e-01
1.411961317062377930e-01
1.406304091215133667e-01
1.400661319494247437e-01
1.395032405853271484e-01
1.389416903257369995e-01
1.383812725543975830e-01
1.378225237131118774e-01
1.372651308774948120e-01
1.367121934890747070e-01
1.361576616764068604e-01
1.356045156717300415e-01
1.350525766611099243e-01
1.345023512840270996e-01
1.339535713195800781e-01
1.334062963724136353e-01
1.328889429569244385e-01
1.323873400688171387e-01
1.318873614072799683e-01
1.313878148794174194e-01
1.308905333280563354e-01
1.303949505090713501e-01
1.299006342887878418e-01
1.294081062078475952e-01
1.289169639348983765e-01
1.284272968769073486e-01
1.279395371675491333e-01
1.274531781673431396e-01
1.269686967134475708e-01
1.264884620904922485e-01
1.260063797235488892e-01
1.255269348621368408e-01
1.250489354133605957e-01
1.245729997754096985e-01
1.240986287593841553e-01
1.236260086297988892e-01
1.231554746627807617e-01
1.226865798234939575e-01
1.222197264432907104e-01
1.217545270919799805e-01
1.212908253073692322e-01
1.208295226097106934e-01
1.203701272606849670e-01
1.199129670858383179e-01
1.194576397538185120e-01
1.190044358372688293e-01
1.185531094670295715e-01
1.181039065122604370e-01
1.176568567752838135e-01
1.172118112444877625e-01
1.167683601379394531e-01
1.163275539875030518e-01
1.158888563513755798e-01
1.154525503516197205e-01
1.150182709097862244e-01
1.145863160490989685e-01
1.141564548015594482e-01
1.137290149927139282e-01
1.133035942912101746e-01
1.128804832696914673e-01
1.124591603875160217e-01
1.120406463742256165e-01
1.116245612502098083e-01
1.112106814980506897e-01
1.107991337776184082e-01
1.103900447487831116e-01
1.099831983447074890e-01
1.095789000391960144e-01
1.091767624020576477e-01
1.087770462036132812e-01
1.083791926503181458e-01
1.079842448234558105e-01
1.075919270515441895e-01
1.072018444538116455e-01
1.068142130970954895e-01
1.064291074872016907e-01
1.060463190078735352e-01
1.056661605834960938e-01
1.052882298827171326e-01
1.049129664897918701e-01
1.045392677187919617e-01
1.041686683893203735e-01
1.038007736206054688e-01
1.034351289272308350e-01
1.030721440911293030e-01
1.027113944292068481e-01
1.023531332612037659e-01
1.020184904336929321e-01
1.017163619399070740e-01
1.014168262481689453e-01
1.011194884777069092e-01
1.008251607418060303e-01
1.005325019359588623e-01
1.002421826124191284e-01
9.995415061712265015e-02
9.966850280761718750e-02
9.938584268093109131e-02
9.910481423139572144e-02
9.882601350545883179e-02
9.854954481124877930e-02
9.827534109354019165e-02
9.800404310226440430e-02
9.773435443639755249e-02
9.746691584587097168e-02
9.720163792371749878e-02
9.693862497806549072e-02
9.667852520942687988e-02
9.641989320516586304e-02
9.616342931985855103e-02
9.590912610292434692e-02
9.565699100494384766e-02
9.540766477584838867e-02
9.515978395938873291e-02
9.491401165723800659e-02
9.467030316591262817e-02
9.442872554063796997e-02
9.418988972902297974e-02
9.395250678062438965e-02
9.371706098318099976e-02
9.348364919424057007e-02
9.325223416090011597e-02
9.302277863025665283e-02
9.279601275920867920e-02
9.256921708583831787e-02
9.234566986560821533e-02
9.212405979633331299e-02
9.190440177917480469e-02
9.168726950883865356e-02
9.147137403488159180e-02
9.125735610723495483e-02
9.104519337415695190e-02
9.083483368158340454e-02
9.062700718641281128e-02
9.042029827833175659e-02
9.021537750959396362e-02
9.001225233078002930e-02
8.981089293956756592e-02
8.961191028356552124e-02
8.941403776407241821e-02
8.921786397695541382e-02
8.902338147163391113e-02
8.883061259984970093e-02
8.864017575979232788e-02
8.845072984695434570e-02
8.826290071010589600e-02
8.807685971260070801e-02
8.789229393005371094e-02
8.770997077226638794e-02
8.752860128879547119e-02
8.734880387783050537e-02
8.717053383588790894e-02
8.699288964271545410e-02
8.681838959455490112e-02
8.664474636316299438e-02
8.647258579730987549e-02
8.630194514989852905e-02
8.613277226686477661e-02
8.596569299697875977e-02
8.579942584037780762e-02
8.563461154699325562e-02
8.547118306159973145e-02
8.530919253826141357e-02
8.514925092458724976e-02
8.499090373516082764e-02
8.484337478876113892e-02
8.469766378402709961e-02
8.455261588096618652e-02
8.440948277711868286e-02
8.426699787378311157e-02
8.412640541791915894e-02
8.398705720901489258e-02
8.384834229946136475e-02
8.371148258447647095e-02
8.357448130846023560e-02
8.344007283449172974e-02
8.330686390399932861e-02
8.317422121763229370e-02
8.304336667060852051e-02
8.291307836771011353e-02
8.278460055589675903e-02
8.265724033117294312e-02
8.253042399883270264e-02
8.240537345409393311e-02
8.228082209825515747e-02
8.215802162885665894e-02
8.203522115945816040e-02
8.191464841365814209e-02
8.179517835378646851e-02
8.167617768049240112e-02
8.155888319015502930e-02
8.144204318523406982e-02
8.132689446210861206e-02
8.121280372142791748e-02
8.109913766384124756e-02
8.098715543746948242e-02
8.087559789419174194e-02
8.076567202806472778e-02
8.065569400787353516e-02
8.054784685373306274e-02
8.044102042913436890e-02
8.033457398414611816e-02
8.022975921630859375e-02
8.012533932924270630e-02
8.002250641584396362e-02
7.992067933082580566e-02
7.981932163238525391e-02
7.971944659948348999e-02
7.961995154619216919e-02
7.952202856540679932e-02
7.942406833171844482e-02
7.932807505130767822e-02
7.923305034637451172e-02
7.913837581872940063e-02
7.904523611068725586e-02
7.895245403051376343e-02
7.886121422052383423e-02
7.877089828252792358e-02
7.868093997240066528e-02
7.859250903129577637e-02
7.850439846515655518e-02
7.841782271862030029e-02
7.833186537027359009e-02
7.824655622243881226e-02
7.816272974014282227e-02
7.807925343513488770e-02
7.799727469682693481e-02
7.791569828987121582e-02
7.783554494380950928e-02
7.775630056858062744e-02
7.767736166715621948e-02
7.759992033243179321e-02
7.752280682325363159e-02
7.744697481393814087e-02
7.737224549055099487e-02
7.729783654212951660e-02
7.722491770982742310e-02
7.715230435132980347e-02
7.708118855953216553e-02
7.701037824153900146e-02
7.694104313850402832e-02
7.687260955572128296e-02
7.680450379848480225e-02
7.673773914575576782e-02
7.667143642902374268e-02
7.660660892724990845e-02
7.654456794261932373e-02
7.650755345821380615e-02
7.647138088941574097e-02
7.643596082925796509e-02
7.640203833580017090e-02
7.636834681034088135e-02
7.633555680513381958e-02
7.630352675914764404e-02
7.627301663160324097e-02
7.624278962612152100e-02
7.621341198682785034e-02
7.618538290262222290e-02
7.615774124860763550e-02
7.613097131252288818e-02
7.610507309436798096e-02
7.608061283826828003e-02
7.605638355016708374e-02
7.603311538696289062e-02
7.601130008697509766e-02
7.598987966775894165e-02
7.596920430660247803e-02
7.594951242208480835e-02
7.593128830194473267e-02
7.591341435909271240e-02
7.589644193649291992e-02
7.588030397891998291e-02
7.586587965488433838e-02
7.585168629884719849e-02
7.583842426538467407e-02
7.582657784223556519e-02
7.581520080566406250e-02
7.580477744340896606e-02
7.579530030488967896e-02
7.578735053539276123e-02
7.577994465827941895e-02
7.577338814735412598e-02
7.576780766248703003e-02
7.576376944780349731e-02
7.576009631156921387e-02
7.575750350952148438e-02
7.575646787881851196e-02
7.575619220733642578e-02
7.575657963752746582e-02
7.575807720422744751e-02
7.576116174459457397e-02
7.576474547386169434e-02
7.576937973499298096e-02
7.577499747276306152e-02
7.578270137310028076e-02
7.579056173563003540e-02
7.579951733350753784e-02
7.581004500389099121e-02
7.582120597362518311e-02
7.583348453044891357e-02
7.584689557552337646e-02
7.586198300123214722e-02
7.587806135416030884e-02
7.589492946863174438e-02
7.591350376605987549e-02
7.593270391225814819e-02
7.595302164554595947e-02
7.597461342811584473e-02
7.599796354770660400e-02
7.602255791425704956e-02
7.604774832725524902e-02
7.607426494359970093e-02
7.610259205102920532e-02
7.613163441419601440e-02
7.616195827722549438e-02
7.619469612836837769e-02
7.622764259576797485e-02
7.626190036535263062e-02
7.629749923944473267e-02
7.633491605520248413e-02
7.637394219636917114e-02
7.641363143920898438e-02
7.645472139120101929e-02
7.649775594472885132e-02
7.654158771038055420e-02
7.658692449331283569e-02
7.663507759571075439e-02
7.668334990739822388e-02
7.673300802707672119e-02
7.678426802158355713e-02
7.683756947517395020e-02
7.689274102449417114e-02
7.694860547780990601e-02
7.700593024492263794e-02
7.706546783447265625e-02
7.714013010263442993e-02
7.722162455320358276e-02
7.730323076248168945e-02
7.738694548606872559e-02
7.747240364551544189e-02
7.755951583385467529e-02
7.764942198991775513e-02
7.773992419242858887e-02
7.783221453428268433e-02
7.792571932077407837e-02
7.802156358957290649e-02
7.812030613422393799e-02
7.821977138519287109e-02
7.832109928131103516e-02
7.842430472373962402e-02
7.852931320667266846e-02
7.863703370094299316e-02
7.874601334333419800e-02
7.885691523551940918e-02
7.896979898214340210e-02
7.908465713262557983e-02
7.920300215482711792e-02
7.932202517986297607e-02
7.944260537624359131e-02
7.956574857234954834e-02
7.969111204147338867e-02
7.981861382722854614e-02
7.994991540908813477e-02
8.008179813623428345e-02
8.021602034568786621e-02
8.035197108983993530e-02
8.049076050519943237e-02
8.063349872827529907e-02
8.077704906463623047e-02
8.092295378446578979e-02
8.107129484415054321e-02
8.122204989194869995e-02
8.137663453817367554e-02
8.153248578310012817e-02
8.169088512659072876e-02
8.185184746980667114e-02
8.201544731855392456e-02
8.218369632959365845e-02
8.235217630863189697e-02
8.252384513616561890e-02
8.269833773374557495e-02
8.287568390369415283e-02
8.305793255567550659e-02
8.324091881513595581e-02
8.342690020799636841e-02
8.361528068780899048e-02
8.380719274282455444e-02
8.400440216064453125e-02
8.420249074697494507e-02
8.440366387367248535e-02
8.460801094770431519e-02
8.481797575950622559e-02
8.502824604511260986e-02
8.524236828088760376e-02
8.545981347560882568e-02
8.568324148654937744e-02
8.590754121541976929e-02
8.613530546426773071e-02
8.636667579412460327e-02
8.660367131233215332e-02
8.684221655130386353e-02
8.708448708057403564e-02
8.733039349317550659e-02
8.758303523063659668e-02
8.783661574125289917e-02
8.809410780668258667e-02
8.835489302873611450e-02
8.862339705228805542e-02
8.889288455247879028e-02
8.916646987199783325e-02
8.944423496723175049e-02
8.972955495119094849e-02
9.001582860946655273e-02
9.030586481094360352e-02
9.060096740722656250e-02
9.090398997068405151e-02
9.120804816484451294e-02
9.151672571897506714e-02
9.183012694120407104e-02
9.215191751718521118e-02
9.247419983148574829e-02
9.280206263065338135e-02
9.313478320837020874e-02
9.347643703222274780e-02
9.381935745477676392e-02
9.416732937097549438e-02
9.452060610055923462e-02
9.488278627395629883e-02
9.524670988321304321e-02
9.561613947153091431e-02
9.600260108709335327e-02
9.640172123908996582e-02
9.680605679750442505e-02
9.721705317497253418e-02
9.763813763856887817e-02
9.806136786937713623e-02
9.849023818969726562e-02
9.892612695693969727e-02
9.937270730733871460e-02
9.982153028249740601e-02
1.002763882279396057e-01
1.007386893033981323e-01
1.012123227119445801e-01
1.016883775591850281e-01
1.021709367632865906e-01
1.026612296700477600e-01
1.031636595726013184e-01
1.036687120795249939e-01
1.041804626584053040e-01
1.047004759311676025e-01
1.052336543798446655e-01
1.057692617177963257e-01
1.063121557235717773e-01
1.068639010190963745e-01
1.074294894933700562e-01
1.079977080225944519e-01
1.085737049579620361e-01
1.091591566801071167e-01
1.097590774297714233e-01
1.103620380163192749e-01
1.109732985496520996e-01
1.115942895412445068e-01
1.122309565544128418e-01
1.128707379102706909e-01
1.135193705558776855e-01
1.141783893108367920e-01
1.148540377616882324e-01
1.155330389738082886e-01
1.162212789058685303e-01
1.169284284114837646e-01
1.176377758383750916e-01
1.183582469820976257e-01
1.190970763564109802e-01
1.198394969105720520e-01
1.205921247601509094e-01
1.213654428720474243e-01
1.221408993005752563e-01
1.229290217161178589e-01
1.237370669841766357e-01
1.245487779378890991e-01
1.253721266984939575e-01
1.262178868055343628e-01
1.270662248134613037e-01
1.279280036687850952e-01
1.288118362426757812e-01
1.296997666358947754e-01
1.306002736091613770e-01
1.315255612134933472e-01
1.324535012245178223e-01
1.333960145711898804e-01
1.343630254268646240e-01
1.353342533111572266e-01
1.363192647695541382e-01
1.373316049575805664e-01
1.383465230464935303e-01
1.393775939941406250e-01
1.404235064983367920e-01
1.414978802204132080e-01
1.425753533840179443e-01
1.436699181795120239e-01
1.447929441928863525e-01
1.459206491708755493e-01
1.470643728971481323e-01
1.482397168874740601e-01
1.494183689355850220e-01
1.506153345108032227e-01
1.518434286117553711e-01
1.530768275260925293e-01
1.543276309967041016e-01
1.556124687194824219e-01
1.569014638662338257e-01
1.582103371620178223e-01
1.595526486635208130e-01
1.609011739492416382e-01
1.622686386108398438e-01
1.636730134487152100e-01
1.650817990303039551e-01
1.665121018886566162e-01
1.679790765047073364e-01
1.694519370794296265e-01
1.709460616111755371e-01
1.724802404642105103e-01
1.740188598632812500e-01
1.755807101726531982e-01
1.771644651889801025e-01
1.787907332181930542e-01
1.804215610027313232e-01
1.820767223834991455e-01
1.837745457887649536e-01
1.854787915945053101e-01
1.872058510780334473e-01
1.889794319868087769e-01
1.907573193311691284e-01
1.925584971904754639e-01
1.943642199039459229e-01
1.961744129657745361e-01
1.980079114437103271e-01
1.998891532421112061e-01
2.017727792263031006e-01
2.036809921264648438e-01
2.056379169225692749e-01
2.075970172882080078e-01
2.095826268196105957e-01
2.116168886423110962e-01
2.136545926332473755e-01
2.157181352376937866e-01
2.178329676389694214e-01
2.199504673480987549e-01
2.220933437347412109e-01
2.242902815341949463e-01
2.264882475137710571e-01
2.287404537200927734e-01
2.309942543506622314e-01
2.332741469144821167e-01
2.356106191873550415e-01
2.379465550184249878e-01
2.403399199247360229e-01
2.427318990230560303e-01
2.451533973217010498e-01
2.476324737071990967e-01
2.501093149185180664e-01
2.526452243328094482e-01
2.551790773868560791e-01
2.577422261238098145e-01
2.603633403778076172e-01
2.629828751087188721e-01
2.656309008598327637e-01
2.683385014533996582e-01
2.710422575473785400e-01
2.738063931465148926e-01
2.765667438507080078e-01
2.793537080287933350e-01
2.822030782699584961e-01
2.850455939769744873e-01
2.879488766193389893e-01
2.908463180065155029e-01
2.937683463096618652e-01
2.967533767223358154e-01
2.997273802757263184e-01
3.027648031711578369e-01
3.057915568351745605e-01
3.088415563106536865e-01
3.119541406631469727e-01
3.150519728660583496e-01
3.182127177715301514e-01
3.213573396205902100e-01
3.245242238044738770e-01
3.277508020401000977e-01
3.309600949287414551e-01
3.342295289039611816e-01
3.374772369861602783e-01
3.407447934150695801e-01
3.440706431865692139e-01
3.473726212978363037e-01
3.506909906864166260e-01
3.540647327899932861e-01
3.574126064777374268e-01
3.608140647411346436e-01
3.641879856586456299e-01
3.675712347030639648e-01
3.710061013698577881e-01
3.744091093540191650e-01
3.778612911701202393e-01
3.812782168388366699e-01
3.846990764141082764e-01
3.881673216819763184e-01
3.915943801403045654e-01
3.950645625591278076e-01
3.984928131103515625e-01
4.019200205802917480e-01
4.053847789764404297e-01
4.088019728660583496e-01
4.122557640075683594e-01
4.156583547592163086e-01
4.190526604652404785e-01
4.224760532379150391e-01
4.258449673652648926e-01
4.292403161525726318e-01
4.325789213180541992e-01
4.358987212181091309e-01
4.392380118370056152e-01
4.425166845321655273e-01
4.457714855670928955e-01
4.490403532981872559e-01
4.522422552108764648e-01
4.554544389247894287e-01
4.585976004600524902e-01
4.617071747779846191e-01
4.648209512233734131e-01
4.678600132465362549e-01
4.708991348743438721e-01
4.738613963127136230e-01
4.768169820308685303e-01
4.796939492225646973e-01
4.825602769851684570e-01
4.853469133377075195e-01
4.881170690059661865e-01
4.908039569854736328e-01
4.934725463390350342e-01
4.960551857948303223e-01
4.986136555671691895e-01
5.010854601860046387e-01
5.034990310668945312e-01
5.058841109275817871e-01
5.081791281700134277e-01
5.104396939277648926e-01
5.125862360000610352e-01
5.146908164024353027e-01
5.167070031166076660e-01
5.186832547187805176e-01
5.205696821212768555e-01
5.224140286445617676e-01
5.241683721542358398e-01
5.258768200874328613e-01
5.274960398674011230e-01
5.290664434432983398e-01
5.305473804473876953e-01
5.319589972496032715e-01
5.333178639411926270e-01
5.345886349678039551e-01
5.358040332794189453e-01
5.369331836700439453e-01
5.380043387413024902e-01
5.389909148216247559e-01
5.399178862571716309e-01
5.407613515853881836e-01
5.415437817573547363e-01
5.422450304031372070e-01
5.428838133811950684e-01
5.434435606002807617e-01
5.439399480819702148e-01
5.443599224090576172e-01
5.447109341621398926e-01
5.449974536895751953e-01
5.452116727828979492e-01
5.453609228134155273e-01
5.454409122467041016e-01
5.454556941986083984e-01
5.454044938087463379e-01
5.452878475189208984e-01
5.451087951660156250e-01
5.448648333549499512e-01
5.445616245269775391e-01
5.441940426826477051e-01
5.437708497047424316e-01
5.432837605476379395e-01
5.427446365356445312e-01
5.421497225761413574e-01
5.414921641349792480e-01
5.407885909080505371e-01
5.400231480598449707e-01
5.392153859138488770e-01
5.383474230766296387e-01
5.374404788017272949e-01
5.364740490913391113e-01
5.354730486869812012e-01
5.344144701957702637e-01
5.333243012428283691e-01
5.321783423423767090e-01
5.310046672821044922e-01
5.297761559486389160e-01
5.285238027572631836e-01
5.272338390350341797e-01
5.258923172950744629e-01
5.245317220687866211e-01
5.231208801269531250e-01
5.216945409774780273e-01
5.202194452285766602e-01
5.187325477600097656e-01
5.171977877616882324e-01
5.156545639038085938e-01
5.140665173530578613e-01
5.124723315238952637e-01
5.108345150947570801e-01
5.091940760612487793e-01
5.075117349624633789e-01
5.058292746543884277e-01
5.041057467460632324e-01
5.023856163024902344e-01
5.006272196769714355e-01
4.988519549369812012e-01
4.970834255218505859e-01
4.952787160873413086e-01
4.934828579425811768e-01
4.916523098945617676e-01
4.898321330547332764e-01
4.879797995090484619e-01
4.861401319503784180e-01
4.842692613601684570e-01
4.824133217334747314e-01
4.805269241333007812e-01
4.786347746849060059e-01
4.767591357231140137e-01
4.748562276363372803e-01
4.729725420475006104e-01
4.710624516010284424e-01
4.691727459430694580e-01
4.672579169273376465e-01
4.653651714324951172e-01
4.634485244750976562e-01
4.615535140037536621e-01
4.596369862556457520e-01
4.577215611934661865e-01
4.558304548263549805e-01
4.539185762405395508e-01
4.520323574542999268e-01
4.501257538795471191e-01
4.482463300228118896e-01
4.463464617729187012e-01
4.444752931594848633e-01
4.425856173038482666e-01
4.407243132591247559e-01
4.388453960418701172e-01
4.369721412658691406e-01
4.351284503936767578e-01
4.332673549652099609e-01
4.314370751380920410e-01
4.295912086963653564e-01
4.277758598327636719e-01
4.259453415870666504e-01
4.241453111171722412e-01
4.223311245441436768e-01
4.205258786678314209e-01
4.187498390674591064e-01
4.169620275497436523e-01
4.152056276798248291e-01
4.134360253810882568e-01
4.116987586021423340e-01
4.099538922309875488e-01
4.082575142383575439e-01
4.065483510494232178e-01
4.048702418804168701e-01
4.031815826892852783e-01
4.015018045902252197e-01
3.998526930809020996e-01
3.981944322586059570e-01
3.965654671192169189e-01
3.949267268180847168e-01
3.933192789554595947e-01
3.917011618614196777e-01
3.901139497756958008e-01
3.885177671909332275e-01
3.869512975215911865e-01
3.853754997253417969e-01
3.838120400905609131e-01
3.822772502899169922e-01
3.807341456413269043e-01
3.792217075824737549e-01
3.777003288269042969e-01
3.762081265449523926e-01
3.747095167636871338e-01
3.732391297817230225e-01
3.717620372772216797e-01
3.703129291534423828e-01
3.688572347164154053e-01
3.674126267433166504e-01
3.659961521625518799e-01
3.645729124546051025e-01
3.631782829761505127e-01
3.617765009403228760e-01
3.604024946689605713e-01
3.590232431888580322e-01
3.576532602310180664e-01
3.563115298748016357e-01
3.549638986587524414e-01
3.536432087421417236e-01
3.523156344890594482e-01
3.510004878044128418e-01
3.497103154659271240e-01
3.484150171279907227e-01
3.471304774284362793e-01
3.458718955516815186e-01
3.446078002452850342e-01
3.433543145656585693e-01
3.421260118484497070e-01
3.408918082714080811e-01
3.396846652030944824e-01
3.384706377983093262e-01
3.372673094272613525e-01
3.360887765884399414e-01
3.349052667617797852e-01
3.337309956550598145e-01
3.325820267200469971e-01
3.314272165298461914e-01
3.302966654300689697e-01
3.291615247726440430e-01
3.280359208583831787e-01
3.269333839416503906e-01
3.258267939090728760e-01
3.247289955615997314e-01
3.236534297466278076e-01
3.225750923156738281e-01
3.215042054653167725e-01
3.204561471939086914e-01
3.194043338298797607e-01
3.183737099170684814e-01
3.173386156558990479e-01
3.163136243820190430e-01
3.153084218502044678e-01
3.142999410629272461e-01
3.133002519607543945e-01
3.123210966587066650e-01
3.113378286361694336e-01
3.103752434253692627e-01
3.094089627265930176e-01
3.084498047828674316e-01
3.075122833251953125e-01
3.065695464611053467e-01
3.056353628635406494e-01
3.047208189964294434e-01
3.038026392459869385e-01
3.028915226459503174e-01
3.020005226135253906e-01
3.011048436164855957e-01
3.002282977104187012e-01
2.993482649326324463e-01
2.984758317470550537e-01
2.976214587688446045e-01
2.967635095119476318e-01
2.959131598472595215e-01
2.950801551342010498e-01
2.942439317703247070e-01
2.934242486953735352e-01
2.926030755043029785e-01
2.917872071266174316e-01
2.909887433052062988e-01
2.901873886585235596e-01
2.893927991390228271e-01
2.886137068271636963e-01
2.878330945968627930e-01
2.870577573776245117e-01
2.862986624240875244e-01
2.855370640754699707e-01
2.847908735275268555e-01
2.840418815612792969e-01
2.832990586757659912e-01
2.825714647769927979e-01
2.818405032157897949e-01
2.811168432235717773e-01
2.804066538810729980e-01
2.796945273876190186e-01
2.789883315563201904e-01
2.782964110374450684e-01
2.776011824607849121e-01
2.769213616847991943e-01
2.762376666069030762e-01
2.755603790283203125e-01
2.748967111110687256e-01
2.742304503917694092e-01
2.735697627067565918e-01
2.729225158691406250e-01
2.722726464271545410e-01
2.716275453567504883e-01
2.709967195987701416e-01
2.703621685504913330e-01
2.697336077690124512e-01
2.691102027893066406e-01
2.684991657733917236e-01
2.678852379322052002e-01
2.672775983810424805e-01
2.666808664798736572e-01
2.660824358463287354e-01
2.654825150966644287e-01
2.648327648639678955e-01
2.641935348510742188e-01
2.635536491870880127e-01
2.629181742668151855e-01
2.622939944267272949e-01
2.616681158542633057e-01
2.610468864440917969e-01
2.604305148124694824e-01
2.598251104354858398e-01
2.592180073261260986e-01
2.586154341697692871e-01
2.580174207687377930e-01
2.574307620525360107e-01
2.568410933017730713e-01
2.562570273876190186e-01
2.556822299957275391e-01
2.551070153713226318e-01
2.545348107814788818e-01
2.539681196212768555e-01
2.534102201461791992e-01
2.528519928455352783e-01
2.522965669631958008e-01
2.517522275447845459e-01
2.512057721614837646e-01
2.506631910800933838e-01
2.501247227191925049e-01
2.495956271886825562e-01
2.490650266408920288e-01
2.485383301973342896e-01
2.480155825614929199e-01
2.475018054246902466e-01
2.469865828752517700e-01
2.464757561683654785e-01
2.459725588560104370e-01
2.454690486192703247e-01
2.449681013822555542e-01
2.444719672203063965e-01
2.439830750226974487e-01
2.434940785169601440e-01
2.430074512958526611e-01
2.425303012132644653e-01
2.420504838228225708e-01
2.415754795074462891e-01
2.411032915115356445e-01
2.406388819217681885e-01
2.401733994483947754e-01
