4.553163945674896240e-01
4.549713134765625000e-01
4.546235203742980957e-01
4.542722105979919434e-01
4.539193212985992432e-01
4.536875784397125244e-01
4.534862637519836426e-01
4.532777965068817139e-01
4.530625641345977783e-01
4.528404176235198975e-01
4.531153440475463867e-01
4.536651670932769775e-01
4.542035758495330811e-01
4.547293484210968018e-01
4.552448093891143799e-01
4.559054970741271973e-01
4.568443894386291504e-01
4.577777087688446045e-01
4.587034285068511963e-01
4.596225023269653320e-01
4.605358839035034180e-01
4.613301455974578857e-01
4.621120095252990723e-01
4.628913402557373047e-01
4.636682868003845215e-01
4.644421041011810303e-01
4.652827084064483643e-01
4.662779271602630615e-01
4.672734439373016357e-01
4.682692587375640869e-01
4.692653119564056396e-01
4.702615737915039062e-01
4.711183905601501465e-01
4.718495309352874756e-01
4.725822806358337402e-01
4.733163416385650635e-01
4.740522503852844238e-01
4.747895002365112305e-01
4.753386676311492920e-01
4.757398068904876709e-01
4.761415719985961914e-01
4.765451848506927490e-01
4.769482016563415527e-01
4.773518145084381104e-01
4.777510762214660645e-01
4.781434535980224609e-01
4.785363972187042236e-01
4.789299666881561279e-01
4.793241024017333984e-01
4.797188341617584229e-01
4.800845682621002197e-01
4.800164401531219482e-01
4.799467325210571289e-01
4.798774123191833496e-01
4.798065125942230225e-01
4.797360002994537354e-01
4.796639382839202881e-01
4.796675145626068115e-01
4.797441065311431885e-01
4.798204898834228516e-01
4.798969328403472900e-01
4.799728989601135254e-01
4.800486266613006592e-01
4.801241457462310791e-01
4.800922572612762451e-01
4.800222218036651611e-01
4.799503982067108154e-01
4.798782765865325928e-01
4.798055887222290039e-01
4.797321259975433350e-01
4.796594083309173584e-01
4.794598221778869629e-01
4.792133569717407227e-01
4.789665639400482178e-01
4.787193834781646729e-01
4.784718751907348633e-01
4.782240092754364014e-01
4.779757857322692871e-01
4.777305424213409424e-01
4.774908125400543213e-01
4.772495031356811523e-01
4.770078957080841064e-01
4.767671823501586914e-01
4.765249192714691162e-01
4.762822985649108887e-01
4.760406315326690674e-01
4.758054018020629883e-01
4.755711257457733154e-01
4.753355085849761963e-01
4.751006364822387695e-01
4.748641848564147949e-01
4.746287167072296143e-01
4.743919074535369873e-01
4.740916192531585693e-01
4.735549390316009521e-01
4.730188250541687012e-01
4.724832475185394287e-01
4.719482362270355225e-01
4.714135825634002686e-01
4.708796739578247070e-01
4.703463315963745117e-01
4.698613584041595459e-01
4.696153700351715088e-01
4.693703949451446533e-01
4.691244065761566162e-01
4.688794612884521484e-01
4.686335325241088867e-01
4.683875739574432373e-01
4.681426584720611572e-01
4.678967595100402832e-01
4.674497246742248535e-01
4.669564068317413330e-01
4.664633572101593018e-01
4.659720063209533691e-01
4.654799103736877441e-01
4.649884998798370361e-01
4.644984006881713867e-01
4.640079438686370850e-01
4.635349810123443604e-01
4.631546139717102051e-01
4.627757072448730469e-01
4.623963236808776855e-01
4.620182216167449951e-01
4.616397917270660400e-01
4.612628221511840820e-01
4.608861804008483887e-01
4.605091810226440430e-01
4.601548612117767334e-01
4.599190652370452881e-01
4.596834182739257812e-01
4.594478905200958252e-01
4.592125117778778076e-01
4.589782953262329102e-01
4.587431848049163818e-01
4.585082232952117920e-01
4.582733809947967529e-01
4.580386877059936523e-01
4.576180577278137207e-01
4.571534991264343262e-01
4.566898643970489502e-01
4.562258422374725342e-01
4.557637572288513184e-01
4.553022682666778564e-01
4.548407196998596191e-01
4.543807506561279297e-01
4.539207518100738525e-01
4.534699618816375732e-01
4.531103670597076416e-01
4.527502655982971191e-01
4.523916244506835938e-01
4.520295262336730957e-01
4.516706168651580811e-01
4.513133466243743896e-01
4.509555697441101074e-01
4.505992233753204346e-01
4.502431750297546387e-01
4.498867690563201904e-01
4.497351348400115967e-01
4.495919644832611084e-01
4.494485855102539062e-01
4.493051469326019287e-01
4.491627812385559082e-01
4.490192234516143799e-01
4.488757848739624023e-01
4.487321078777313232e-01
4.485883712768554688e-01
4.484447240829467773e-01
4.483397603034973145e-01
4.482881426811218262e-01
4.482362568378448486e-01
4.481841027736663818e-01
4.481317102909088135e-01
4.480792284011840820e-01
4.480263292789459229e-01
4.479731619358062744e-01
4.479197263717651367e-01
4.478660225868225098e-01
4.478120505809783936e-01
4.477652609348297119e-01
4.477283954620361328e-01
4.476911723613739014e-01
4.476539492607116699e-01
4.476163983345031738e-01
4.475787878036499023e-01
4.475410282611846924e-01
4.475028812885284424e-01
4.474647343158721924e-01
4.474261999130249023e-01
4.473876655101776123e-01
4.473488926887512207e-01
4.472653567790985107e-01
4.471803009510040283e-01
4.470941722393035889e-01
4.470088481903076172e-01
4.469223916530609131e-01
4.468367099761962891e-01
4.467499256134033203e-01
4.466638863086700439e-01
4.465767145156860352e-01
4.464902877807617188e-01
4.464026987552642822e-01
4.463158547878265381e-01
4.461725652217864990e-01
4.460274279117584229e-01
4.458819627761840820e-01
4.457370638847351074e-01
4.455908834934234619e-01
4.454441368579864502e-01
4.452981054782867432e-01
4.451507329940795898e-01
4.450029432773590088e-01
4.448547065258026123e-01
4.447069466114044189e-01
4.445576071739196777e-01
4.442638158798217773e-01
4.437958002090454102e-01
4.433278739452362061e-01
4.428601861000061035e-01
4.423923790454864502e-01
4.419256746768951416e-01
4.414578676223754883e-01
4.409900307655334473e-01
4.405222237110137939e-01
4.400541484355926514e-01
4.395869672298431396e-01
4.391185045242309570e-01
4.386497437953948975e-01
4.382550120353698730e-01
4.379964470863342285e-01
4.377381801605224609e-01
4.374779462814331055e-01
4.372178316116333008e-01
4.369555711746215820e-01
4.366931915283203125e-01
4.364283978939056396e-01
4.361632466316223145e-01
4.358953535556793213e-01
4.356266856193542480e-01
4.353548884391784668e-01
4.350817799568176270e-01
4.348049759864807129e-01
4.345718622207641602e-01
4.343632459640502930e-01
4.341503977775573730e-01
4.339330494403839111e-01
4.337105751037597656e-01
4.334833920001983643e-01
4.332511126995086670e-01
4.330228567123413086e-01
4.330171644687652588e-01
4.332973957061767578e-01
4.337233603000640869e-01
4.341784715652465820e-01
4.346174001693725586e-01
4.350137710571289062e-01
4.353438615798950195e-01
4.355718493461608887e-01
4.357414245605468750e-01
4.358544051647186279e-01
4.359183013439178467e-01
4.359370768070220947e-01
4.359186589717864990e-01
4.358675181865692139e-01
4.357874393463134766e-01
4.356848299503326416e-01
4.355612695217132568e-01
4.354220032691955566e-01
4.352675974369049072e-01
4.351023733615875244e-01
4.349271655082702637e-01
4.347416758537292480e-01
4.345398843288421631e-01
4.343330562114715576e-01
4.341205358505249023e-01
4.339037239551544189e-01
4.336836338043212891e-01
4.334613382816314697e-01
4.332359433174133301e-01
4.330084025859832764e-01
4.327792525291442871e-01
4.325498044490814209e-01
4.323182404041290283e-01
4.320859909057617188e-01
4.318537712097167969e-01
4.316203296184539795e-01
4.313863515853881836e-01
4.311649799346923828e-01
4.309941232204437256e-01
4.308222532272338867e-01
4.306511282920837402e-01
4.304790794849395752e-01
4.303081035614013672e-01
4.301361143589019775e-01
4.299651086330413818e-01
4.297933578491210938e-01
4.296225905418395996e-01
4.294511675834655762e-01
4.292807579040527344e-01
4.291099011898040771e-01
4.289390742778778076e-01
4.287693798542022705e-01
4.285990297794342041e-01
4.284298121929168701e-01
4.282825887203216553e-01
4.281602203845977783e-01
4.280386567115783691e-01
4.279165565967559814e-01
4.277945756912231445e-01
4.276736080646514893e-01
4.275517761707305908e-01
4.274302423000335693e-01
4.273097217082977295e-01
4.271884858608245850e-01
4.270673692226409912e-01
4.269462525844573975e-01
4.268262982368469238e-01
4.267055988311767578e-01
4.265850484371185303e-01
4.264654815196990967e-01
4.263450205326080322e-01
4.262248575687408447e-01
4.262993037700653076e-01
4.264109730720520020e-01
4.265221953392028809e-01
4.266332387924194336e-01
4.267439544200897217e-01
4.268533289432525635e-01
4.269633889198303223e-01
4.270730912685394287e-01
4.271822869777679443e-01
4.272913038730621338e-01
4.273999631404876709e-01
4.275082647800445557e-01
4.276151657104492188e-01
4.277227222919464111e-01
4.278299212455749512e-01
4.279365539550781250e-01
4.280429780483245850e-01
4.281490147113800049e-01
4.282684326171875000e-01
4.284390211105346680e-01
4.286101460456848145e-01
4.287805557250976562e-01
4.289506077766418457e-01
4.291207790374755859e-01
4.292905926704406738e-01
4.294604957103729248e-01
4.296302795410156250e-01
4.297997057437896729e-01
4.299692213535308838e-01
4.301383495330810547e-01
4.303075373172760010e-01
4.304763972759246826e-01
4.306452572345733643e-01
4.308146238327026367e-01
4.309831857681274414e-01
4.311515688896179199e-01
4.313195943832397461e-01
4.314876198768615723e-01
4.317359030246734619e-01
4.320530593395233154e-01
4.323703944683074951e-01
4.326879084110260010e-01
4.330056309700012207e-01
4.333235323429107666e-01
4.336415827274322510e-01
4.339598417282104492e-01
4.342782497406005859e-01
4.345968365669250488e-01
4.349155724048614502e-01
4.352344870567321777e-01
4.355535805225372314e-01
4.358728229999542236e-01
4.361922144889831543e-01
4.365109503269195557e-01
4.368306696414947510e-01
4.371505379676818848e-01
4.374705553054809570e-01
4.377907216548919678e-01
4.381110668182373047e-01
4.384029507637023926e-01
4.386821389198303223e-01
4.389626979827880859e-01
4.392425715923309326e-01
4.395238459110260010e-01
4.398044049739837646e-01
4.400863647460937500e-01
4.403676092624664307e-01
4.406502842903137207e-01
4.409322738647460938e-01
4.412156641483306885e-01
4.414983391761779785e-01
4.417824745178222656e-01
4.420658946037292480e-01
4.423507750034332275e-01
4.426349401473999023e-01
4.429205656051635742e-01
4.432055056095123291e-01
4.434919059276580811e-01
4.437776207923889160e-01
4.440647959709167480e-01
4.443513154983520508e-01
4.446154236793518066e-01
4.448652863502502441e-01
4.451147615909576416e-01
4.453642368316650391e-01
4.456149935722351074e-01
4.458648860454559326e-01
4.461152255535125732e-01
4.463664293289184570e-01
4.466172456741333008e-01
4.468680620193481445e-01
4.471201896667480469e-01
4.473714530467987061e-01
4.476229846477508545e-01
4.478758275508880615e-01
4.481278061866760254e-01
4.483802914619445801e-01
4.486336410045623779e-01
4.488865733146667480e-01
4.491403996944427490e-01
4.493938386440277100e-01
4.496472775936126709e-01
4.499020576477050781e-01
4.501559734344482422e-01
4.503688216209411621e-01
4.502896368503570557e-01
4.502095878124237061e-01
4.501287043094635010e-01
4.500469267368316650e-01
4.499642848968505859e-01
4.498807489871978760e-01
4.497965872287750244e-01
4.497112631797790527e-01
4.496250748634338379e-01
4.495379626750946045e-01
4.494499266147613525e-01
4.493609666824340820e-01
4.492710530757904053e-01
4.491802453994750977e-01
4.490884542465209961e-01
4.489948153495788574e-01
4.489010870456695557e-01
4.488064348697662354e-01
4.487107694149017334e-01
4.486141204833984375e-01
4.485164880752563477e-01
4.484180510044097900e-01
4.483184218406677246e-01
4.482177495956420898e-01
4.481097757816314697e-01
4.479566812515258789e-01
4.478029012680053711e-01
4.476484656333923340e-01
4.474933743476867676e-01
4.473375976085662842e-01
4.471811354160308838e-01
4.470240175724029541e-01
4.468661844730377197e-01
4.467076957225799561e-01
4.465485215187072754e-01
4.463886320590972900e-01
4.462271630764007568e-01
4.460659027099609375e-01
4.459039568901062012e-01
4.457413256168365479e-01
4.455781877040863037e-01
4.454141855239868164e-01
4.452494978904724121e-01
4.450840950012207031e-01
4.449180364608764648e-01
4.447512626647949219e-01
4.445838332176208496e-01
4.444157183170318604e-01
4.442468881607055664e-01
4.440774023532867432e-01
4.439072310924530029e-01
4.437467753887176514e-01
4.435964226722717285e-01
4.434461891651153564e-01
4.432940781116485596e-01
4.431422650814056396e-01
4.429887235164642334e-01
4.428353011608123779e-01
4.426801800727844238e-01
4.425252079963684082e-01
4.423685073852539062e-01
4.422110319137573242e-01
4.420535862445831299e-01
4.418945610523223877e-01
4.417357146739959717e-01
4.415751695632934570e-01
4.414148032665252686e-01
4.412527084350585938e-01
4.410908222198486328e-01
4.409271180629730225e-01
4.407637417316436768e-01
4.405986666679382324e-01
4.404338002204895020e-01
4.402672052383422852e-01
4.401008784770965576e-01
4.399328529834747314e-01
4.397649168968200684e-01
4.395954310894012451e-01
4.394261837005615234e-01
4.392552375793457031e-01
4.389378130435943604e-01
4.386144578456878662e-01
4.382904767990112305e-01
4.379647970199584961e-01
4.376393556594848633e-01
4.373130500316619873e-01
4.369861483573913574e-01
4.366575181484222412e-01
4.363290369510650635e-01
4.359999597072601318e-01
4.356701374053955078e-01
4.353395998477935791e-01
4.350072741508483887e-01
4.346753060817718506e-01
4.343426525592803955e-01
4.340092539787292480e-01
4.336750805377960205e-01
4.333392679691314697e-01
4.330037534236907959e-01
4.326674640178680420e-01
4.323305189609527588e-01
4.319919049739837646e-01
4.316535592079162598e-01
4.313144385814666748e-01
4.309746921062469482e-01
4.306342303752899170e-01
4.302920699119567871e-01
4.299501478672027588e-01
4.296075701713562012e-01
4.292642772197723389e-01
4.289297163486480713e-01
4.286086857318878174e-01
4.282861053943634033e-01
4.279638826847076416e-01
4.276410341262817383e-01
4.273166656494140625e-01
4.269925951957702637e-01
4.266670048236846924e-01
4.263417422771453857e-01
4.260158836841583252e-01
4.256884455680847168e-01
4.253613650798797607e-01
4.250336885452270508e-01
4.247043728828430176e-01
4.243754744529724121e-01
4.240449666976928711e-01
4.237148165702819824e-01
4.233840405941009521e-01
4.230516850948333740e-01
4.227196872234344482e-01
4.223870933055877686e-01
4.220528602600097656e-01
4.217190146446228027e-01
4.213835597038269043e-01
4.210484623908996582e-01
4.207127690315246582e-01
4.203754067420959473e-01
4.200384616851806641e-01
4.197008907794952393e-01
4.193616807460784912e-01
4.190228283405303955e-01
4.186823666095733643e-01
4.183422923088073730e-01
4.179098904132843018e-01
4.174231588840484619e-01
4.169349670410156250e-01
4.164473116397857666e-01
4.159591794013977051e-01
4.154695868492126465e-01
4.149805009365081787e-01
4.144909977912902832e-01
4.140000045299530029e-01
4.135095775127410889e-01
4.130186736583709717e-01
4.125273525714874268e-01
4.120345711708068848e-01
4.115423560142517090e-01
4.110496938228607178e-01
4.105556011199951172e-01
4.100621044635772705e-01
4.095681011676788330e-01
4.090737402439117432e-01
4.085779190063476562e-01
4.080826938152313232e-01
4.075870215892791748e-01
4.070900082588195801e-01
4.065935015678405762e-01
4.060966670513153076e-01
4.055993556976318359e-01
4.051007032394409180e-01
4.046025872230529785e-01
4.041041731834411621e-01
4.036042988300323486e-01
4.031050801277160645e-01
4.026054441928863525e-01
4.021055102348327637e-01
4.016041159629821777e-01
4.011034369468688965e-01
4.006303250789642334e-01
4.002203345298767090e-01
3.998090624809265137e-01
3.993986248970031738e-01
3.989878892898559570e-01
3.985770046710968018e-01
3.981659114360809326e-01
3.977535068988800049e-01
3.973419666290283203e-01
3.969301283359527588e-01
3.965182006359100342e-01
3.961059451103210449e-01
3.956926167011260986e-01
3.952799439430236816e-01
3.948672115802764893e-01
3.944541513919830322e-01
3.940410315990447998e-01
3.936266303062438965e-01
3.932131230831146240e-01
3.927993476390838623e-01
3.923854827880859375e-01
3.919713497161865234e-01
3.915561735630035400e-01
3.911416828632354736e-01
3.907271921634674072e-01
3.903123736381530762e-01
3.898975551128387451e-01
3.894814550876617432e-01
3.890663385391235352e-01
3.886509537696838379e-01
3.882355391979217529e-01
3.878198862075805664e-01
3.874032199382781982e-01
3.869872987270355225e-01
3.865713775157928467e-01
3.861552178859710693e-01
3.857381045818328857e-01
3.853217065334320068e-01
3.848734796047210693e-01
3.842583894729614258e-01
3.836437463760375977e-01
3.830304741859436035e-01
3.824166953563690186e-01
3.818033635616302490e-01
3.811904788017272949e-01
3.805765807628631592e-01
3.799646794795989990e-01
3.793532252311706543e-01
3.787422776222229004e-01
3.781317770481109619e-01
3.775227367877960205e-01
3.769131898880004883e-01
3.763041496276855469e-01
3.756955862045288086e-01
3.750874996185302734e-01
3.744799196720123291e-01
3.738728165626525879e-01
3.732661902904510498e-01
3.726600408554077148e-01
3.720553517341613770e-01
3.714501559734344482e-01
3.708454370498657227e-01
3.702411651611328125e-01
3.696373701095581055e-01
3.690339922904968262e-01
3.684310913085937500e-01
3.678286075592041016e-01
3.672265410423278809e-01
3.666258752346038818e-01
3.660246431827545166e-01
3.654238283634185791e-01
3.648234307765960693e-01
3.642233908176422119e-01
3.636237680912017822e-01
3.630245327949523926e-01
3.624256849288940430e-01
3.618272244930267334e-01
3.612303137779235840e-01
3.606326282024383545e-01
3.600353300571441650e-01
3.596113622188568115e-01
3.592232465744018555e-01
3.588357567787170410e-01
3.584486842155456543e-01
3.580617308616638184e-01
3.576754629611968994e-01
3.572893440723419189e-01
3.569038808345794678e-01
3.565185964107513428e-01
3.561339974403381348e-01
3.557495772838592529e-01
3.553658723831176758e-01
3.549823462963104248e-01
3.545995056629180908e-01
3.542169034481048584e-01
3.538350164890289307e-01
3.534533381462097168e-01
3.530723750591278076e-01
3.526916503906250000e-01
3.523116707801818848e-01
3.519318997859954834e-01
3.515528738498687744e-01
3.511740863323211670e-01
3.507969677448272705e-01
3.504194021224975586e-01
3.500421047210693359e-01
3.496655523777008057e-01
3.492892384529113770e-01
3.489136695861816406e-01
3.485383689403533936e-01
3.481637835502624512e-01
3.477894961833953857e-01
3.474159240722656250e-01
3.470426201820373535e-01
3.466700315475463867e-01
3.462977409362792969e-01
3.459261655807495117e-01
3.455548584461212158e-01
3.451842963695526123e-01
3.448139727115631104e-01
3.444443941116333008e-01
3.440750539302825928e-01
3.437064886093139648e-01
3.433381617069244385e-01
3.429705798625946045e-01
3.426028788089752197e-01
3.422350883483886719e-01
3.418686985969543457e-01
3.415019512176513672e-01
3.411368429660797119e-01
3.407711386680603027e-01
3.404068052768707275e-01
3.400421440601348877e-01
3.396782279014587402e-01
3.393154442310333252e-01
3.389523029327392578e-01
3.385905623435974121e-01
3.382284343242645264e-01
3.378679752349853516e-01
3.375068902969360352e-01
3.371463119983673096e-01
3.367871046066284180e-01
3.364277780055999756e-01
3.360695838928222656e-01
3.357110321521759033e-01
3.353538215160369873e-01
3.349962532520294189e-01
3.346394598484039307e-01
3.342837691307067871e-01
3.339277207851409912e-01
3.335730135440826416e-01
3.332182466983795166e-01
3.328645229339599609e-01
3.325104713439941406e-01
3.321568965911865234e-01
3.318046629428863525e-01
3.314523398876190186e-01
3.311010897159576416e-01
3.307494819164276123e-01
3.303992152214050293e-01
3.300488591194152832e-01
3.296987414360046387e-01
3.293499350547790527e-01
3.290007710456848145e-01
3.286529481410980225e-01
3.283050060272216797e-01
3.279581665992736816e-01
3.276109397411346436e-01
3.272641897201538086e-01
3.269190490245819092e-01
3.265732526779174805e-01
3.262287974357604980e-01
3.258839845657348633e-01
3.255404829978942871e-01
3.253231644630432129e-01
3.251180648803710938e-01
3.249137401580810547e-01
3.247090578079223633e-01
3.245054483413696289e-01
3.243012130260467529e-01
3.240977525711059570e-01
3.238939344882965088e-01
3.236911892890930176e-01
3.234878182411193848e-01
3.232854902744293213e-01
3.230822980403900146e-01
3.228803873062133789e-01
3.226778805255889893e-01
3.224764168262481689e-01
3.222743570804595947e-01
3.220730423927307129e-01
3.218713998794555664e-01
3.216707706451416016e-01
3.214695453643798828e-01
3.212693631649017334e-01
3.210682868957519531e-01
3.208685219287872314e-01
3.206681609153747559e-01
3.204688131809234619e-01
3.202696740627288818e-01
3.200696408748626709e-01
3.198709189891815186e-01
3.196716010570526123e-01
3.194732964038848877e-01
3.192743957042694092e-01
3.190762400627136230e-01
3.188777565956115723e-01
3.186802864074707031e-01
3.184822201728820801e-01
3.182851672172546387e-01
3.180872499942779541e-01
3.178906142711639404e-01
3.176933825016021729e-01
3.174971342086791992e-01
3.173003196716308594e-01
3.171042203903198242e-01
3.169078230857849121e-01
3.167124092578887939e-01
3.165164291858673096e-01
3.163211643695831299e-01
3.161255717277526855e-01
3.159309923648834229e-01
3.157358169555664062e-01
3.155416548252105713e-01
3.153465986251831055e-01
3.151528537273406982e-01
3.149584829807281494e-01
3.147721290588378906e-01
3.146089613437652588e-01
3.144459426403045654e-01
3.142830431461334229e-01
3.141191899776458740e-01
3.139565587043762207e-01
3.137940168380737305e-01
3.136315941810607910e-01
3.134693205356597900e-01
3.133063614368438721e-01
3.131440281867980957e-01
3.129821121692657471e-01
3.128203153610229492e-01
3.126586377620697021e-01
3.124963045120239258e-01
3.123345971107482910e-01
3.121733069419860840e-01
3.120121061801910400e-01
3.118510544300079346e-01
3.116901218891143799e-01
3.115282356739044189e-01
3.113675415515899658e-01
3.112069666385650635e-01
3.110465407371520996e-01
3.108862042427062988e-01
3.107252120971679688e-01
3.105648756027221680e-01
3.104049265384674072e-01
3.102450668811798096e-01
3.100853860378265381e-01
3.099250197410583496e-01
3.097652494907379150e-01
3.096059262752532959e-01
3.094466924667358398e-01
3.092876076698303223e-01
3.091286420822143555e-01
3.089687228202819824e-01
3.088099956512451172e-01
3.086513876914978027e-01
3.084929287433624268e-01
3.083345592021942139e-01
3.081755638122558594e-01
3.080171644687652588e-01
3.078591823577880859e-01
3.077013194561004639e-01
3.075435757637023926e-01
3.073851764202117920e-01
3.072274029254913330e-01
3.070700168609619141e-01
3.069127798080444336e-01
3.067556619644165039e-01
3.065978884696960449e-01
3.064407110214233398e-01
3.062839508056640625e-01
3.061273396015167236e-01
3.059708178043365479e-01
3.058144152164459229e-01
3.056573867797851562e-01
3.055009543895721436e-01
3.053535521030426025e-01
3.052415549755096436e-01
3.051299154758453369e-01
3.050180673599243164e-01
3.049065768718719482e-01
3.047951459884643555e-01
3.046834766864776611e-01
3.045721650123596191e-01
3.044606447219848633e-01
3.043487071990966797e-01
3.042373359203338623e-01
3.041262924671173096e-01
3.040150403976440430e-01
3.039041161537170410e-01
3.037929832935333252e-01
3.036822080612182617e-01
3.035712242126464844e-01
3.034605681896209717e-01
3.033497035503387451e-01
3.032384514808654785e-01
3.031277060508728027e-01
3.030173182487487793e-01
3.029067218303680420e-01
3.027964830398559570e-01
3.026863038539886475e-01
3.025759160518646240e-01
3.024338483810424805e-01
3.022892177104949951e-01
3.021439313888549805e-01
3.019987046718597412e-01
3.018543124198913574e-01
3.017092645168304443e-01
3.015643060207366943e-01
3.014201819896697998e-01
3.012753725051879883e-01
3.011306524276733398e-01
3.009860217571258545e-01
3.008421957492828369e-01
3.006977140903472900e-01
3.005533218383789062e-01
3.004097640514373779e-01
3.002655208110809326e-01
3.001213967800140381e-01
2.999780774116516113e-01
2.998340725898742676e-01
2.996901869773864746e-01
2.995471060276031494e-01
2.994033694267272949e-01
2.992596924304962158e-01
2.991168797016143799e-01
2.989733815193176270e-01
2.988299727439880371e-01
2.987341880798339844e-01
2.986778318881988525e-01
2.986215054988861084e-01
2.985651791095733643e-01
2.985095977783203125e-01
2.984533011913299561e-01
2.983970344066619873e-01
2.983407676219940186e-01
2.982845306396484375e-01
2.982290387153625488e-01
2.981728315353393555e-01
2.981166243553161621e-01
2.980604469776153564e-01
2.980050146579742432e-01
2.979488670825958252e-01
2.978927195072174072e-01
2.978366017341613770e-01
2.977804839611053467e-01
2.977251410484313965e-01
2.976690530776977539e-01
2.976129949092864990e-01
2.975569367408752441e-01
2.975016236305236816e-01
2.974455952644348145e-01
2.973895967006683350e-01
2.973335981369018555e-01
2.972775995731353760e-01
2.972217798233032227e-01
2.971579134464263916e-01
2.970940172672271729e-01
2.970308959484100342e-01
2.969670295715332031e-01
2.969034612178802490e-01
2.968395948410034180e-01
2.967757284641265869e-01
2.967126071453094482e-01
2.966487407684326172e-01
2.965848743915557861e-01
2.965210080146789551e-01
2.964578866958618164e-01
2.963940203189849854e-01
2.963304519653320312e-01
2.962665855884552002e-01
2.962034642696380615e-01
2.961395978927612305e-01
2.960757315158843994e-01
2.960118651390075684e-01
2.959487438201904297e-01
2.958848774433135986e-01
2.958212792873382568e-01
2.957574129104614258e-01
2.956942617893218994e-01
2.956303656101226807e-01
2.955664992332458496e-01
2.955026030540466309e-01
2.954394221305847168e-01
2.953975796699523926e-01
2.953902781009674072e-01
2.953836619853973389e-01
2.953760027885437012e-01
2.953693270683288574e-01
2.953618764877319336e-01
2.953543961048126221e-01
2.953476011753082275e-01
2.953400611877441406e-01
2.953329086303710938e-01
2.953253090381622314e-01
2.953176498413085938e-01
2.953107059001922607e-01
2.953029572963714600e-01
2.952952086925506592e-01
2.952878475189208984e-01
2.952800095081329346e-01
2.952728867530822754e-01
2.952649593353271484e-01
2.952570319175720215e-01
2.952497899532318115e-01
2.952414453029632568e-01
2.952341437339782715e-01
2.952260375022888184e-01
2.952179312705993652e-01
2.952104806900024414e-01
2.952022850513458252e-01
2.951944768428802490e-01
2.951861917972564697e-01
2.951778769493103027e-01
2.951677739620208740e-01
2.951544225215911865e-01
2.951409816741943359e-01
2.951277494430541992e-01
2.951140999794006348e-01
2.951003611087799072e-01
2.950865328311920166e-01
2.950721383094787598e-01
2.950581312179565430e-01
2.950439751148223877e-01
2.950300574302673340e-01
2.950157523155212402e-01
2.950013279914855957e-01
2.949871122837066650e-01
2.949725091457366943e-01
2.949578166007995605e-01
2.949425876140594482e-01
2.949276864528656006e-01
2.949126958847045898e-01
2.948976159095764160e-01
2.948827445507049561e-01
2.948674559593200684e-01
2.948521077632904053e-01
2.948369681835174561e-01
2.948214113712310791e-01
2.948057651519775391e-01
2.947896122932434082e-01
2.947737872600555420e-01
2.947578728199005127e-01
2.947421967983245850e-01
2.947261035442352295e-01
2.947175204753875732e-01
2.947544157505035400e-01
2.947914600372314453e-01
2.948280870914459229e-01
2.948653101921081543e-01
2.949019670486450195e-01
2.949381768703460693e-01
2.949742376804351807e-01
2.950105071067810059e-01
2.950470447540283203e-01
2.950827181339263916e-01
2.951185703277587891e-01
2.951539754867553711e-01
2.951892316341400146e-01
2.952254712581634521e-01
2.952604591846466064e-01
2.952956855297088623e-01
2.952294945716857910e-01
2.951570749282836914e-01
2.950844168663024902e-01
2.950108051300048828e-01
2.949358522891998291e-01
2.948610186576843262e-01
2.947855889797210693e-01
2.947091162204742432e-01
2.946324348449707031e-01
2.945551872253417969e-01
2.944765090942382812e-01
2.943980097770690918e-01
2.943192422389984131e-01
2.942394912242889404e-01
2.941583395004272461e-01
2.940773665904998779e-01
2.939983904361724854e-01
2.939241826534271240e-01
2.938483357429504395e-01
2.937715649604797363e-01
2.936931848526000977e-01
2.936135232448577881e-01
2.935321629047393799e-01
2.934499382972717285e-01
2.933667600154876709e-01
2.932819128036499023e-01
2.931961417198181152e-01
2.931086719036102295e-01
2.930194735527038574e-01
2.929293215274810791e-01
2.928382456302642822e-01
2.927454411983489990e-01
2.926512360572814941e-01
2.923525273799896240e-01
2.917564809322357178e-01
2.911572754383087158e-01
2.905533611774444580e-01
2.899463176727294922e-01
2.893349230289459229e-01
2.887199521064758301e-01
2.881009876728057861e-01
2.874773144721984863e-01
2.868504226207733154e-01
2.862187325954437256e-01
2.855838537216186523e-01
2.849449813365936279e-01
2.843017578125000000e-01
2.836548388004302979e-01
2.830031514167785645e-01
2.823481857776641846e-01
2.816804349422454834e-01
2.808459103107452393e-01
2.800104320049285889e-01
2.791723310947418213e-01
2.783312797546386719e-01
2.774893939495086670e-01
2.766440808773040771e-01
2.757974565029144287e-01
2.749484479427337646e-01
2.740976512432098389e-01
2.732447981834411621e-01
2.723895907402038574e-01
2.715326249599456787e-01
2.706728577613830566e-01
2.698123753070831299e-01
2.689485847949981689e-01
2.680841088294982910e-01
2.672171592712402344e-01
2.663394510746002197e-01
2.654372453689575195e-01
2.645364999771118164e-01
2.636345922946929932e-01
2.627336382865905762e-01
2.618328332901000977e-01
2.609320282936096191e-01
2.600316405296325684e-01
2.591307163238525391e-01
2.582307755947113037e-01
2.573316395282745361e-01
2.564314603805541992e-01
2.555323243141174316e-01
2.546334862709045410e-01
2.537347674369812012e-01
2.528365254402160645e-01
2.519379258155822754e-01
2.510409355163574219e-01
2.501542866230010986e-01
2.494856119155883789e-01
2.488175779581069946e-01
2.481496334075927734e-01
2.474836260080337524e-01
2.468175739049911499e-01
2.461516112089157104e-01
2.454868704080581665e-01
2.448228299617767334e-01
2.441588789224624634e-01
2.434961944818496704e-01
2.428336143493652344e-01
2.421722859144210815e-01
2.415116578340530396e-01
2.408511340618133545e-01
2.401919066905975342e-01
2.395340651273727417e-01
2.388756424188613892e-01
2.382185161113739014e-01
2.375615239143371582e-01
2.369058132171630859e-01
2.362508326768875122e-01
2.355960011482238770e-01
2.349424511194229126e-01
2.342896461486816406e-01
2.336369752883911133e-01
2.329856455326080322e-01
2.323344498872756958e-01
2.316845804452896118e-01
2.310361266136169434e-01
2.303871661424636841e-01
2.297395467758178711e-01
2.290926724672317505e-01
2.284459620714187622e-01
2.278006076812744141e-01
2.271560132503509521e-01
2.265115976333618164e-01
2.258685380220413208e-01
2.252654731273651123e-01
2.247819304466247559e-01
2.242995500564575195e-01
2.238164246082305908e-01
2.233351171016693115e-01
2.228537350893020630e-01
2.223729044198989868e-01
2.218925803899765015e-01
2.214128226041793823e-01
2.209336310625076294e-01
2.204549312591552734e-01
2.199768126010894775e-01
2.194992452859878540e-01
2.190228402614593506e-01
2.185457348823547363e-01
2.180704325437545776e-01
2.175950556993484497e-01
2.171202301979064941e-01
2.166459411382675171e-01
2.161722183227539062e-01
2.156990617513656616e-01
2.152264267206192017e-01
2.147543579339981079e-01
2.142828553915023804e-01
2.138125151395797729e-01
2.133415043354034424e-01
2.128722667694091797e-01
2.124029844999313354e-01
2.119342535734176636e-01
2.114660888910293579e-01
2.109984755516052246e-01
2.105314284563064575e-01
2.100655585527420044e-01
2.095990031957626343e-01
2.091336399316787720e-01
2.086694538593292236e-01
2.082045823335647583e-01
2.077415287494659424e-01
2.072784006595611572e-01
2.068158537149429321e-01
2.063128799200057983e-01
2.057712972164154053e-01
2.052296102046966553e-01
2.046884298324584961e-01
2.041483670473098755e-01
2.036082148551940918e-01
2.030691802501678467e-01
2.025300562381744385e-01
2.019914388656616211e-01
2.014539688825607300e-01
2.009163945913314819e-01
2.003799676895141602e-01
1.998440325260162354e-01
1.993080377578735352e-01
1.987732052803039551e-01
1.982382684946060181e-01
1.977045089006423950e-01
1.971706449985504150e-01
1.966373175382614136e-01
1.961051672697067261e-01
1.955729275941848755e-01
1.950418651103973389e-01
1.945107132196426392e-01
1.939801126718521118e-01
1.934506893157958984e-01
1.929211914539337158e-01
1.923928856849670410e-01
1.918645054101943970e-01
1.913366615772247314e-01
1.908105909824371338e-01
1.902838796377182007e-01
1.897583752870559692e-01
1.892327815294265747e-01
1.887084096670150757e-01
1.881839632987976074e-01
1.876600831747055054e-01
1.871374249458312988e-01
1.866146922111511230e-01
1.860931813716888428e-01
1.855716109275817871e-01
1.850506067276000977e-01
1.845308393239974976e-01
1.840142011642456055e-01
1.835004091262817383e-01
1.829867213964462280e-01
1.824737936258316040e-01
1.819622665643692017e-01
1.814508289098739624e-01
1.809407919645309448e-01
1.804308593273162842e-01
1.799223423004150391e-01
1.794139295816421509e-01
1.789069026708602905e-01
1.783999949693679810e-01
1.778945028781890869e-01
1.773891150951385498e-01
1.768851280212402344e-01
1.763812452554702759e-01
1.758787930011749268e-01
1.753764301538467407e-01
1.748748421669006348e-01
1.743746548891067505e-01
1.738745868206024170e-01
1.733759343624114990e-01
1.728773862123489380e-01
1.723802834749221802e-01
1.718832552433013916e-01
1.713876724243164062e-01
1.708921790122985840e-01
1.703981310129165649e-01
1.699041873216629028e-01
1.694116741418838501e-01
1.689192503690719604e-01
1.684282720088958740e-01
1.679373979568481445e-01
1.674479693174362183e-01
1.669586300849914551e-01
1.664700657129287720e-01
1.659829318523406982e-01
1.654959172010421753e-01
1.650103479623794556e-01
1.645248681306838989e-01
1.640408337116241455e-01
1.635569036006927490e-01
1.630744040012359619e-01
1.625915765762329102e-01
1.621096879243850708e-01
1.616285294294357300e-01
1.611476391553878784e-01
1.606683582067489624e-01
1.601895987987518311e-01
1.597115546464920044e-01
1.592351347208023071e-01
1.587589830160140991e-01
1.582839936017990112e-01
1.578104048967361450e-01
1.573371291160583496e-01
1.568649709224700928e-01
1.563935577869415283e-01
1.559237539768218994e-01
1.554548889398574829e-01
1.549858748912811279e-01
1.545189023017883301e-01
1.540528535842895508e-01
1.535871028900146484e-01
1.531224995851516724e-01
1.526586413383483887e-01
1.521963626146316528e-01
1.517350077629089355e-01
1.512735188007354736e-01
1.508140414953231812e-01
1.503548771142959595e-01
1.498972773551940918e-01
1.494401842355728149e-01
1.489838063716888428e-01
1.485290080308914185e-01
1.480745226144790649e-01
1.476211696863174438e-01
1.471691727638244629e-01
1.467174589633941650e-01
1.462673246860504150e-01
1.458177417516708374e-01
1.453688144683837891e-01
1.449214816093444824e-01
1.444744020700454712e-01
1.440285146236419678e-01
1.435839682817459106e-01
1.431397199630737305e-01
1.426970213651657104e-01
1.422542035579681396e-01
1.418133676052093506e-01
1.413734555244445801e-01
1.409356743097305298e-01
1.405229121446609497e-01
1.401107162237167358e-01
1.397005468606948853e-01
1.392902880907058716e-01
1.388820856809616089e-01
1.384741663932800293e-01
1.380674690008163452e-01
1.376614719629287720e-01
1.372560560703277588e-01
1.368526816368103027e-01
1.364495903253555298e-01
1.360477060079574585e-01
1.356465369462966919e-01
1.352466046810150146e-01
1.348473578691482544e-01
1.344487220048904419e-01
1.340520530939102173e-01
1.336557120084762573e-01
1.332605928182601929e-01
1.328661739826202393e-01
1.324723660945892334e-01
1.320805251598358154e-01
1.316889971494674683e-01
1.312987208366394043e-01
1.309091448783874512e-01
1.305208057165145874e-01
1.301331967115402222e-01
1.297465264797210693e-01
1.293611228466033936e-01
1.289764046669006348e-01
1.285929530858993530e-01
1.282102316617965698e-01
1.278290897607803345e-01
1.274479478597640991e-01
1.270681619644165039e-01
1.266896426677703857e-01
1.263118386268615723e-01
1.259356886148452759e-01
1.255595237016677856e-01
1.251847147941589355e-01
1.248112097382545471e-01
1.244384199380874634e-01
1.240669563412666321e-01
1.236962005496025085e-01
1.233271062374114990e-01
1.229580640792846680e-01
1.225903928279876709e-01
1.222240477800369263e-01
1.218584701418876648e-01
1.215531378984451294e-01
1.212586015462875366e-01
1.209646016359329224e-01
1.206711679697036743e-01
1.203792616724967957e-01
1.200882196426391602e-01
1.197974309325218201e-01
1.195078343152999878e-01
1.192194595932960510e-01
1.189313530921936035e-01
1.186447739601135254e-01
1.183590963482856750e-01
1.180733814835548401e-01
1.177895292639732361e-01
1.175059676170349121e-01
1.172239407896995544e-01
1.169428303837776184e-01
1.166617050766944885e-01
1.163824498653411865e-01
1.161041110754013062e-01
1.158260777592658997e-01
1.155495941638946533e-01
1.152736991643905640e-01
1.149984449148178101e-01
1.147247254848480225e-01
1.144519299268722534e-01
1.141791269183158875e-01
1.139081642031669617e-01
1.136374697089195251e-01
1.133683249354362488e-01
1.131000742316246033e-01
1.128318086266517639e-01
1.125653460621833801e-01
1.122997626662254333e-01
1.120343953371047974e-01
1.117705479264259338e-01
1.115072518587112427e-01
1.112444922327995300e-01
1.109831705689430237e-01
1.107226759195327759e-01
1.104623377323150635e-01
1.102031543850898743e-01
1.099444478750228882e-01
1.096871197223663330e-01
1.094305440783500671e-01
1.091741174459457397e-01
1.089186742901802063e-01
1.086642965674400330e-01
1.084100231528282166e-01
1.081570312380790710e-01
1.079047173261642456e-01
1.076521798968315125e-01
1.074084118008613586e-01
1.071670353412628174e-01
1.069259569048881531e-01
1.066863238811492920e-01
1.064463704824447632e-01
1.062072366476058960e-01
1.059685721993446350e-01
1.057307943701744080e-01
1.054932177066802979e-01
1.052558422088623047e-01
1.050192341208457947e-01
1.047836914658546448e-01
1.045476868748664856e-01
1.043124720454216003e-01
1.040780097246170044e-01
1.038436666131019592e-01
1.036097556352615356e-01
1.033760011196136475e-01
1.031435132026672363e-01
1.029108017683029175e-01
1.026782691478729248e-01
1.024469882249832153e-01
1.022152453660964966e-01
1.019841656088829041e-01
1.017534732818603516e-01
1.015234738588333130e-01
1.012935042381286621e-01
1.010636836290359497e-01
1.008350849151611328e-01
1.006062850356101990e-01
1.003775894641876221e-01
1.001495271921157837e-01
9.992215037345886230e-02
9.969480335712432861e-02
9.946785867214202881e-02
9.924159198999404907e-02
9.901539236307144165e-02
9.878929704427719116e-02
9.856383502483367920e-02
9.833931922912597656e-02
9.811432659626007080e-02
9.788998961448669434e-02
9.766577184200286865e-02
9.744276106357574463e-02
9.721956402063369751e-02
9.699648618698120117e-02
9.677462279796600342e-02
9.655255079269409180e-02
9.633063524961471558e-02
9.610935300588607788e-02
9.588878601789474487e-02
9.566829353570938110e-02
9.544818848371505737e-02
9.522879868745803833e-02
9.500947594642639160e-02
9.478044509887695312e-02
9.454333782196044922e-02
9.430668503046035767e-02
9.406992793083190918e-02
9.383393079042434692e-02
9.359864145517349243e-02
9.336380660533905029e-02
9.312887489795684814e-02
9.289496392011642456e-02
9.266126900911331177e-02
9.242772310972213745e-02
9.219520539045333862e-02
9.196314960718154907e-02
9.173100441694259644e-02
9.149988740682601929e-02
9.126900136470794678e-02
9.103882312774658203e-02
9.080856293439865112e-02
9.057933092117309570e-02
9.035057574510574341e-02
9.012150019407272339e-02
8.989369124174118042e-02
8.966635912656784058e-02
8.943895250558853149e-02
8.921258151531219482e-02
8.898667991161346436e-02
8.876103162765502930e-02
8.853553980588912964e-02
8.831107616424560547e-02
8.808709681034088135e-02
8.786305040121078491e-02
8.763980120420455933e-02
8.741726726293563843e-02
8.719521015882492065e-02
8.697308599948883057e-02
8.675199747085571289e-02
8.653137832880020142e-02
8.631048351526260376e-02
8.609083294868469238e-02
8.587166666984558105e-02
8.565244078636169434e-02
8.543423563241958618e-02
8.521629124879837036e-02
8.499905467033386230e-02
8.478175103664398193e-02
8.456546813249588013e-02
8.434966951608657837e-02
8.413381129503250122e-02
8.391875773668289185e-02
8.370439708232879639e-02
8.348997682332992554e-02
8.327657729387283325e-02
8.306364715099334717e-02
8.285099267959594727e-02
8.263848721981048584e-02
8.242699503898620605e-02
8.221597969532012939e-02
8.200490474700927734e-02
8.179483562707901001e-02
8.159653097391128540e-02
8.140175789594650269e-02
8.120741695165634155e-02
8.101352304220199585e-02
8.082006126642227173e-02
8.062703907489776611e-02
8.043445646762847900e-02
8.024231344461441040e-02
8.005059510469436646e-02
7.985932379961013794e-02
7.966827601194381714e-02
7.947786897420883179e-02
7.928789407014846802e-02
7.909835129976272583e-02
7.890924066305160522e-02
7.872055470943450928e-02
7.853230088949203491e-02
7.834447920322418213e-02
7.815708220005035400e-02
7.797011733055114746e-02
7.778337597846984863e-02
7.759726047515869141e-02
7.741156965494155884e-02
7.722630351781845093e-02
7.704146206378936768e-02
7.685703784227371216e-02
7.667303085327148438e-02
7.648944854736328125e-02
7.630629092454910278e-02
7.612354308366775513e-02
7.594121992588043213e-02
7.575912028551101685e-02
7.557762414216995239e-02
7.539654523134231567e-02
7.521588355302810669e-02
7.503563910722732544e-02
7.485579699277877808e-02
7.467636466026306152e-02
7.449734956026077271e-02
7.431874424219131470e-02
7.414003461599349976e-02
7.396205514669418335e-02
7.378467172384262085e-02
7.360769063234329224e-02
7.343111932277679443e-02
7.325494289398193359e-02
7.307918369770050049e-02
7.290381193161010742e-02
7.272884994745254517e-02
7.255428284406661987e-02
7.238011807203292847e-02
7.220616936683654785e-02
7.203280180692672729e-02
7.185982912778854370e-02
7.168725132942199707e-02
7.151506841182708740e-02
7.134327292442321777e-02
7.117187231779098511e-02
7.100087404251098633e-02
7.083025574684143066e-02
7.066003233194351196e-02
7.049018889665603638e-02
7.032128423452377319e-02
7.015468925237655640e-02
6.998834013938903809e-02
6.982257962226867676e-02
6.965722888708114624e-02
6.949228048324584961e-02
6.932774931192398071e-02
6.916362792253494263e-02
6.899974495172500610e-02
6.883642822504043579e-02
6.867352128028869629e-02
6.851102411746978760e-02
6.834892183542251587e-02
6.818722188472747803e-02
6.802576035261154175e-02
6.786485761404037476e-02
6.770435720682144165e-02
6.754425168037414551e-02
6.738454103469848633e-02
6.722523272037506104e-02
6.706614792346954346e-02
6.690762192010879517e-02
6.674948334693908691e-02
6.659173220396041870e-02
6.643437594175338745e-02
6.627740710973739624e-02
6.612066179513931274e-02
6.596446782350540161e-02
6.580865383148193359e-02
6.565322726964950562e-02
6.549818068742752075e-02
6.534351408481597900e-02
6.518907099962234497e-02
6.503516435623168945e-02
6.488115340471267700e-02
6.472800672054290771e-02
6.457523256540298462e-02
6.442283093929290771e-02
6.427065283060073853e-02
6.411899626255035400e-02
6.396771967411041260e-02
6.381680816411972046e-02
6.366626173257827759e-02
6.351608783006668091e-02
6.336612999439239502e-02
6.321669369935989380e-02
6.306762248277664185e-02
6.291890889406204224e-02
6.277056038379669189e-02
6.262257695198059082e-02
6.247480586171150208e-02
6.232754141092300415e-02
6.218063831329345703e-02
6.203409284353256226e-02
6.188790127635002136e-02
6.174207106232643127e-02
6.159659102559089661e-02
6.145132333040237427e-02
6.130655109882354736e-02
6.116213276982307434e-02
6.101806461811065674e-02
6.087434664368629456e-02
6.073097884654998779e-02
6.058781221508979797e-02
6.044513732194900513e-02
6.030280888080596924e-02
6.016082689166069031e-02
6.003720313310623169e-02
5.992279946804046631e-02
5.980882048606872559e-02
5.969451367855072021e-02
5.958094447851181030e-02
5.946778878569602966e-02
5.935476720333099365e-02
5.924215540289878845e-02
5.912968143820762634e-02
5.901747569441795349e-02
5.890567973256111145e-02
5.879401415586471558e-02
5.868275463581085205e-02
5.857162922620773315e-02
5.846031755208969116e-02
5.834986269474029541e-02
5.823953449726104736e-02
5.812960490584373474e-02
5.801980569958686829e-02
5.791027098894119263e-02
5.780113115906715393e-02
5.769212171435356140e-02
5.758350342512130737e-02
5.747501179575920105e-02
5.736647173762321472e-02
5.725849792361259460e-02
5.715078487992286682e-02
5.704345926642417908e-02
5.693625658750534058e-02
5.682944133877754211e-02
5.672274902462959290e-02
5.661631375551223755e-02
5.651025846600532532e-02
5.640432611107826233e-02
5.629833787679672241e-02
5.619290843605995178e-02
5.608772858977317810e-02
5.598292499780654907e-02
5.587824434041976929e-02
5.577393993735313416e-02
5.566975101828575134e-02
5.556593835353851318e-02
5.546224489808082581e-02
5.535879358649253845e-02
5.525528267025947571e-02
5.515231937170028687e-02
5.504972487688064575e-02
5.494724959135055542e-02
5.484501272439956665e-02
5.474314093589782715e-02
5.464138463139533997e-02
5.453999340534210205e-02
5.443871393799781799e-02
5.433767288923263550e-02
5.423656478524208069e-02
5.413600057363510132e-02
5.403579026460647583e-02
5.393569171428680420e-02
5.383583158254623413e-02
5.373632162809371948e-02
5.363692715764045715e-02
5.353788286447525024e-02
5.343895033001899719e-02
5.334036797285079956e-02
5.324147641658782959e-02
5.314323306083679199e-02
5.304533988237380981e-02
5.294755473732948303e-02
5.285011604428291321e-02
5.275278165936470032e-02
5.265567824244499207e-02
5.257141590118408203e-02
5.250528827309608459e-02
5.243941396474838257e-02
5.237356200814247131e-02
5.230825766921043396e-02
5.224267393350601196e-02
5.217722803354263306e-02
5.211191251873970032e-02
5.204673483967781067e-02
5.198210105299949646e-02
5.191719159483909607e-02
5.185241252183914185e-02
5.178776755928993225e-02
5.172325298190116882e-02
5.165928229689598083e-02
5.159503221511840820e-02
5.153091624379158020e-02
5.146692693233489990e-02
5.140307173132896423e-02
5.133974924683570862e-02
5.127615481615066528e-02
5.121268704533576965e-02
5.114934965968132019e-02
5.108613893389701843e-02
5.102346092462539673e-02
5.096050724387168884e-02
5.089768394827842712e-02
5.083498358726501465e-02
5.077241361141204834e-02
5.071036890149116516e-02
5.064816027879714966e-02
5.058596655726432800e-02
5.052389949560165405e-02
5.046195909380912781e-02
5.040014162659645081e-02
5.033884570002555847e-02
5.027727410197257996e-02
5.021582916378974915e-02
5.015450716018676758e-02
5.009330809116363525e-02
5.003262683749198914e-02
4.997167363762855530e-02
4.991084337234497070e-02
4.985013231635093689e-02
4.978954419493675232e-02
4.972947016358375549e-02
4.966912418603897095e-02
4.960889741778373718e-02
4.954878985881805420e-02
4.948880523443222046e-02
4.942932724952697754e-02
4.936957731842994690e-02
4.930995032191276550e-02
4.925043880939483643e-02
4.919104650616645813e-02
4.913215711712837219e-02
4.907299950718879700e-02
4.901395738124847412e-02
4.895514249801635742e-02
4.889633506536483765e-02
4.883802682161331177e-02
4.877945035696029663e-02
4.872099310159683228e-02
4.866264760494232178e-02
4.860441759228706360e-02
4.854668304324150085e-02
4.848868399858474731e-02
4.843079671263694763e-02
4.837302491068840027e-02
4.831536486744880676e-02
4.825819656252861023e-02
4.820076376199722290e-02
4.814344272017478943e-02
4.808623343706130981e-02
4.802913591265678406e-02
4.797252640128135681e-02
4.791623353958129883e-02
4.786667600274085999e-02
4.781747981905937195e-02
4.776799678802490234e-02
4.771897569298744202e-02
4.766967147588729858e-02
4.762082546949386597e-02
4.757206887006759644e-02
4.752302542328834534e-02
4.747444018721580505e-02
4.742557182908058167e-02
4.737716168165206909e-02
4.732883721590042114e-02
4.728022962808609009e-02
4.723207652568817139e-02
4.718364030122756958e-02
4.713565483689308167e-02
4.708775877952575684e-02
4.703957960009574890e-02
4.699185118079185486e-02
4.694383963942527771e-02
4.689628258347511292e-02
4.684853553771972656e-02
4.680114611983299255e-02
4.675383865833282471e-02
4.670624807476997375e-02
4.665910825133323669e-02
4.661168530583381653e-02
4.656470939517021179e-02
4.651781544089317322e-02
4.647064208984375000e-02
4.642391204833984375e-02
4.637690633535385132e-02
4.633034020662307739e-02
4.628349840641021729e-02
4.623709619045257568e-02
4.619077220559120178e-02
4.614417627453804016e-02
4.609801620244979858e-02
4.605158045887947083e-02
4.600558057427406311e-02
4.595966264605522156e-02
4.591356217861175537e-02
4.586780443787574768e-02
4.582176730036735535e-02
4.577616974711418152e-02
4.573029279708862305e-02
4.568485170602798462e-02
4.563948884606361389e-02
4.559385031461715698e-02
4.554864764213562012e-02
4.550316557288169861e-02
4.545811563730239868e-02
4.541314393281936646e-02
4.536790028214454651e-02
4.532308503985404968e-02
4.527799412608146667e-02
4.523333162069320679e-02
4.518874734640121460e-02
4.514389112591743469e-02
4.509945958852767944e-02
4.505475610494613647e-02
4.501047730445861816e-02
4.496601596474647522e-02
4.492188990116119385e-02
4.487783834338188171e-02
4.483351483941078186e-02
4.478961601853370667e-02
4.474544152617454529e-02
4.470169171690940857e-02
4.465801641345024109e-02
4.461406916379928589e-02
4.457054287195205688e-02
4.452674463391304016e-02
4.448336735367774963e-02
4.443972185254096985e-02
4.439648985862731934e-02
4.435333237051963806e-02
4.430990293622016907e-02
4.426689445972442627e-02
4.422361403703689575e-02
4.418074712157249451e-02
4.413915053009986877e-02
4.411261156201362610e-02
4.408610612154006958e-02
4.405954107642173767e-02
4.403343796730041504e-02
4.400702565908432007e-02
4.398064315319061279e-02
4.395420476794242859e-02
4.392822459340095520e-02
4.390193894505500793e-02
4.387568309903144836e-02
4.384970664978027344e-02
4.382351413369178772e-02
4.379735141992568970e-02
4.377122223377227783e-02
4.374545440077781677e-02
4.371929913759231567e-02
4.369326308369636536e-02
4.366758838295936584e-02
4.364160820841789246e-02
4.361557587981224060e-02
4.358966276049613953e-02
4.356410726904869080e-02
4.353825375437736511e-02
4.351243004202842712e-02
4.348655417561531067e-02
4.346111789345741272e-02
4.343538731336593628e-02
4.340968653559684753e-02
4.338425397872924805e-02
4.335861280560493469e-02
4.333300143480300903e-02
4.330741986632347107e-02
4.328219592571258545e-02
4.325658828020095825e-02
4.323109611868858337e-02
4.320563375949859619e-02
4.318052902817726135e-02
4.315504059195518494e-02
4.312966763973236084e-02
4.310464859008789062e-02
4.307933524250984192e-02
4.305396601557731628e-02
4.302871227264404297e-02
4.300380870699882507e-02
4.297861456871032715e-02
4.295344650745391846e-02
4.292822629213333130e-02
4.290343821048736572e-02
4.287835955619812012e-02
4.285331070423126221e-02
4.282852634787559509e-02
4.280353337526321411e-02
4.277857393026351929e-02
4.275364056229591370e-02
4.272905364632606506e-02
4.270409420132637024e-02
4.267924651503562927e-02
4.265474528074264526e-02
4.262995347380638123e-02
4.260510951280593872e-02
4.258037731051445007e-02
4.255598783493041992e-02
4.253131151199340820e-02
4.250658303499221802e-02
4.248196259140968323e-02
4.245768487453460693e-02
4.243312403559684753e-02
4.240858927369117737e-02
4.238431528210639954e-02
4.235983639955520630e-02
4.233538731932640076e-02
4.231096431612968445e-02
4.228679835796356201e-02
4.226243495941162109e-02
4.223809763789176941e-02
4.221378639340400696e-02
4.218981415033340454e-02
4.216547682881355286e-02
4.214125126600265503e-02
4.211735725402832031e-02
4.209318757057189941e-02
4.206896200776100159e-02
4.204484447836875916e-02
4.202106222510337830e-02
4.199700057506561279e-02
4.197296500205993652e-02
4.194887727499008179e-02
4.192520305514335632e-02
4.191071167588233948e-02
4.189909249544143677e-02
4.188716784119606018e-02
4.187547042965888977e-02
4.186385497450828552e-02
4.185223951935768127e-02
4.184062406420707703e-02
4.182892665266990662e-02
4.181731492280960083e-02
4.180540144443511963e-02
4.179378598928451538e-02
4.178209602832794189e-02
4.177048802375793457e-02
4.175887629389762878e-02
4.174726828932762146e-02
4.173558205366134644e-02
4.172367602586746216e-02
4.171206802129745483e-02
4.170046374201774597e-02
4.168885946273803711e-02
4.167718067765235901e-02
4.166557639837265015e-02
4.165397584438323975e-02
4.164208099246025085e-02
4.163040220737457275e-02
4.161880537867546082e-02
4.160720854997634888e-02
4.159561172127723694e-02
4.158394038677215576e-02
4.157234728336334229e-02
4.156045988202095032e-02
4.154887050390243530e-02
4.153720289468765259e-02
4.152561351656913757e-02
4.151402786374092102e-02
4.150244221091270447e-02
4.149077832698822021e-02
4.147890210151672363e-02
4.146732017397880554e-02
4.145573824644088745e-02
4.144408181309700012e-02
4.143250361084938049e-02
4.142092913389205933e-02
4.140906035900115967e-02
4.139741137623786926e-02
4.138583689928054810e-02
4.137426614761352539e-02
4.136269539594650269e-02
4.135105013847351074e-02
4.133948311209678650e-02
4.132762923836708069e-02
4.131606593728065491e-02
4.130442813038825989e-02
4.129286482930183411e-02
4.128130525350570679e-02
4.126974940299987793e-02
4.125811532139778137e-02
4.124627262353897095e-02
4.123472049832344055e-02
4.122316837310791016e-02
4.121154174208641052e-02
4.119999334216117859e-02
4.118844866752624512e-02
4.117690399289131165e-02
4.116499796509742737e-02
4.115345701575279236e-02
4.114191606640815735e-02
4.113037884235382080e-02
4.111884161829948425e-02
4.110722988843917847e-02
4.109570011496543884e-02
4.108388349413871765e-02
4.107235372066497803e-02
4.106075316667556763e-02
4.104922711849212646e-02
4.103770107030868530e-02
4.102617874741554260e-02
4.101458191871643066e-02
4.100278392434120178e-02
4.099126532673835754e-02
4.097975045442581177e-02
4.096816480159759521e-02
4.095665365457534790e-02
4.094514250755310059e-02
4.093363508582115173e-02
4.092177748680114746e-02
4.091027379035949707e-02
4.089877009391784668e-02
4.088727012276649475e-02
4.087569937109947205e-02
4.086420312523841858e-02
4.085271060466766357e-02
4.084094241261482239e-02
4.082937911152839661e-02
4.081789031624794006e-02
4.080867394804954529e-02
4.080305248498916626e-02
4.079714417457580566e-02
4.079157114028930664e-02
4.078563675284385681e-02
4.077996686100959778e-02
4.077401012182235718e-02
4.076838865876197815e-02
4.076240956783294678e-02
4.075669124722480774e-02
4.075076058506965637e-02
4.074501618742942810e-02
4.073898866772651672e-02
4.073322191834449768e-02
4.072724655270576477e-02
4.072145745158195496e-02
4.071538522839546204e-02
4.070957005023956299e-02
4.070354998111724854e-02
4.069771245121955872e-02
4.069159552454948425e-02
4.068580642342567444e-02
4.067966714501380920e-02
4.067378491163253784e-02
4.066762328147888184e-02
4.066178947687149048e-02
4.065560549497604370e-02
4.064967855811119080e-02
4.064354673027992249e-02
4.063759744167327881e-02
4.063136875629425049e-02
4.062539711594581604e-02
4.061922430992126465e-02
4.061323031783103943e-02
4.060696065425872803e-02
4.060101881623268127e-02
4.059472680091857910e-02
4.058869183063507080e-02
4.058237746357917786e-02
4.057639464735984802e-02
4.057006165385246277e-02
4.056398198008537292e-02
4.055763036012649536e-02
4.055160284042358398e-02
4.054522886872291565e-02
4.053911194205284119e-02
4.053279012441635132e-02
4.052664712071418762e-02
4.052023589611053467e-02
4.051407426595687866e-02
4.050771519541740417e-02
4.050153121352195740e-02
4.049507901072502136e-02
4.048895090818405151e-02
4.048248007893562317e-02
4.047625884413719177e-02
4.046976938843727112e-02
4.046359658241271973e-02
4.045708850026130676e-02
4.045082628726959229e-02
4.044437035918235779e-02
4.043808951973915100e-02
4.043154418468475342e-02
4.042524471879005432e-02
4.041874781250953674e-02
4.041242972016334534e-02
4.040584713220596313e-02
4.039951041340827942e-02
4.039297997951507568e-02
4.038662463426589966e-02
4.038000106811523438e-02
4.037369787693023682e-02
4.036705940961837769e-02
4.036066681146621704e-02
4.035401344299316406e-02
4.034767299890518188e-02
4.034099727869033813e-02
4.033456742763519287e-02
4.032794758677482605e-02
4.032150283455848694e-02
4.031479358673095703e-02
4.030833020806312561e-02
4.030167311429977417e-02
4.029519110918045044e-02
4.028844833374023438e-02
4.028201848268508911e-02
4.027526080608367920e-02
4.026874154806137085e-02
4.026196897029876709e-02
4.025550186634063721e-02
4.024871066212654114e-02
4.024215787649154663e-02
4.023535177111625671e-02
4.022885113954544067e-02
4.022202640771865845e-02
4.021544381976127625e-02
4.020867124199867249e-02
4.020207002758979797e-02
4.019521176815032959e-02
4.018859565258026123e-02
4.018179327249526978e-02
4.017515853047370911e-02
4.016827046871185303e-02
4.016238078474998474e-02
4.016435891389846802e-02
4.016656801104545593e-02
4.016851261258125305e-02
4.017061740159988403e-02
4.017277434468269348e-02
4.017467051744461060e-02
4.017679393291473389e-02
4.017858952283859253e-02
4.018067941069602966e-02
4.018250852823257446e-02
4.018456861376762390e-02
4.018661007285118103e-02
4.018831998109817505e-02
4.019032791256904602e-02
4.019207879900932312e-02
4.019405320286750793e-02
4.019569978117942810e-02
4.019764438271522522e-02
4.019957035779953003e-02
4.020123928785324097e-02
4.020306468009948730e-02
4.020470008254051208e-02
4.020655900239944458e-02
4.020816460251808167e-02
4.020992666482925415e-02
4.021174088120460510e-02
4.021329805254936218e-02
4.021507874131202698e-02
4.021660238504409790e-02
4.021828621625900269e-02
4.021978005766868591e-02
4.022149741649627686e-02
4.022319987416267395e-02
4.022457823157310486e-02
4.022625088691711426e-02
4.022766649723052979e-02
4.022930562496185303e-02
4.023062437772750854e-02
4.023223370313644409e-02
4.023382812738418579e-02
4.023516550660133362e-02
4.023665934801101685e-02
4.023797065019607544e-02
4.023950174450874329e-02
4.024077951908111572e-02
4.024228081107139587e-02
4.024370014667510986e-02
4.024493321776390076e-02
4.024638980627059937e-02
4.024759307503700256e-02
4.024894908070564270e-02
4.025012627243995667e-02
4.025151953101158142e-02
4.025289788842201233e-02
4.025396332144737244e-02
4.025531187653541565e-02
4.025641083717346191e-02
4.025773331522941589e-02
4.025873541831970215e-02
4.026002809405326843e-02
4.026130214333534241e-02
4.026233032345771790e-02
4.026357457041740417e-02
4.026450589299201965e-02
4.026572406291961670e-02
4.026669263839721680e-02
4.026788100600242615e-02
4.026875644922256470e-02
4.026991501450538635e-02
4.027105867862701416e-02
4.027195647358894348e-02
4.027300328016281128e-02
4.027387499809265137e-02
4.027496278285980225e-02
4.027580097317695618e-02
4.027679190039634705e-02
4.027783870697021484e-02
4.027863591909408569e-02
4.027965292334556580e-02
4.028042405843734741e-02
4.028134420514106750e-02
4.028208926320075989e-02
4.028304666280746460e-02
4.028399288654327393e-02
4.028462618589401245e-02
4.028554633259773254e-02
4.028622061014175415e-02
4.028711095452308655e-02
4.028768837451934814e-02
4.028855264186859131e-02
4.028939828276634216e-02
4.029000550508499146e-02
4.029076173901557922e-02
4.029133915901184082e-02
4.029213264584541321e-02
4.029268398880958557e-02
4.029338434338569641e-02
4.029413685202598572e-02
4.029465094208717346e-02
4.029537364840507507e-02
4.029586166143417358e-02
4.029649123549461365e-02
4.029695317149162292e-02
4.029762372374534607e-02
4.029828310012817383e-02
4.029863700270652771e-02
4.029926657676696777e-02
4.029966145753860474e-02
4.030026495456695557e-02
4.030056670308113098e-02
4.030114784836769104e-02
4.030171409249305725e-02
4.029925540089607239e-02
4.029598087072372437e-02
4.029263556003570557e-02
4.028934612870216370e-02
4.028605297207832336e-02
4.028275609016418457e-02
4.027945175766944885e-02
4.027636721730232239e-02
4.027305170893669128e-02
4.026966914534568787e-02
4.026634246110916138e-02
4.026301205158233643e-02
4.025967791676521301e-02
4.025633633136749268e-02
4.025299102067947388e-02
4.024963825941085815e-02
4.024650156497955322e-02
4.024307429790496826e-02
4.023970663547515869e-02
4.023633524775505066e-02
4.023295640945434570e-02
4.022957384586334229e-02
4.022618383169174194e-02
4.022279009222984314e-02
4.021939262747764587e-02
4.021614417433738708e-02
4.021273553371429443e-02
4.020931944251060486e-02
4.020589962601661682e-02
4.020247608423233032e-02
4.019904509186744690e-02
4.019561037421226501e-02
4.019217193126678467e-02
4.018887877464294434e-02
4.018542915582656860e-02
4.018197581171989441e-02
4.017851501703262329e-02
4.017505049705505371e-02
4.017157852649688721e-02
4.016810283064842224e-02
4.016456007957458496e-02
4.016107320785522461e-02
4.015780240297317505e-02
4.015430435538291931e-02
4.015080630779266357e-02
4.014730080962181091e-02
4.014379158616065979e-02
4.014027491211891174e-02
4.013669118285179138e-02
4.013316705822944641e-02
4.012963920831680298e-02
4.012631997466087341e-02
4.012278094887733459e-02
4.011923819780349731e-02
4.011568799614906311e-02
4.011213406920433044e-02
4.010851308703422546e-02
4.010495170950889587e-02
4.010138288140296936e-02
4.009781032800674438e-02
4.009444639086723328e-02
4.009086638689041138e-02
4.008727893233299255e-02
4.008362442255020142e-02
4.008002951741218567e-02
4.007642716169357300e-02
4.007282108068466187e-02
4.006921127438545227e-02
4.006581008434295654e-02
4.006219282746315002e-02
4.005856812000274658e-02
4.005487635731697083e-02
4.005124419927597046e-02
4.004760459065437317e-02
4.004396498203277588e-02
4.004031792283058167e-02
4.003666713833808899e-02
4.003322124481201172e-02
4.002956300973892212e-02
4.002583399415016174e-02
4.002216458320617676e-02
4.001849144697189331e-02
4.001481086015701294e-02
4.001113027334213257e-02
4.000744223594665527e-02
4.000375047326087952e-02
4.000020399689674377e-02
3.999650105834007263e-02
3.999279811978340149e-02
3.998908773064613342e-02
3.998537734150886536e-02
3.998165950179100037e-02
3.997793793678283691e-02
3.997420892119407654e-02
3.997041657567024231e-02
3.996688872575759888e-02
3.996315225958824158e-02
3.995940834283828735e-02
3.995566070079803467e-02
3.995190560817718506e-02
3.994815051555633545e-02
3.994439169764518738e-02
3.994056209921836853e-02
3.993679210543632507e-02
3.993322700262069702e-02
3.992944955825805664e-02
3.992566838860511780e-02
3.992188349366188049e-02
3.991809487342834473e-02
3.991423547267913818e-02
3.991043940186500549e-02
3.990663588047027588e-02
3.990303725004196167e-02
3.989922627806663513e-02
3.989541158080101013e-02
3.989159315824508667e-02
3.988776728510856628e-02
3.988387808203697205e-02
3.988004848361015320e-02
3.987621143460273743e-02
3.987237438559532166e-02
3.986873477697372437e-02
3.986360505223274231e-02
3.985565528273582458e-02
3.984743729233741760e-02
3.983942791819572449e-02
3.983127698302268982e-02
3.982327505946159363e-02
3.981506451964378357e-02
3.980712965130805969e-02
3.979892656207084656e-02
3.979093208909034729e-02
3.978279605507850647e-02
3.977480530738830566e-02
3.976681828498840332e-02
3.975868970155715942e-02
3.975070640444755554e-02
3.974252194166183472e-02
3.973460569977760315e-02
3.972642496228218079e-02
3.971845284104347229e-02
3.971033915877342224e-02
3.970237076282501221e-02
3.969420120120048523e-02
3.968629613518714905e-02
3.967813402414321899e-02
3.967023640871047974e-02
3.966207429766654968e-02
3.965412080287933350e-02
3.964602947235107422e-02
3.963807970285415649e-02
3.963012993335723877e-02
3.962204605340957642e-02
3.961410000920295715e-02
3.960596024990081787e-02
3.959808126091957092e-02
3.958994522690773010e-02
3.958201035857200623e-02
3.957394137978553772e-02
3.956601396203041077e-02
3.955788537859916687e-02
3.955002129077911377e-02
3.954190015792846680e-02
3.953398019075393677e-02
3.952592611312866211e-02
3.951800987124443054e-02
3.951009735465049744e-02
3.950205072760581970e-02
3.949414193630218506e-02
3.948603942990303040e-02
3.947819769382476807e-02
3.947009891271591187e-02
3.946220129728317261e-02
3.945416584610939026e-02
3.944627195596694946e-02
3.943818435072898865e-02
3.943035751581192017e-02
3.942226991057395935e-02
3.941438719630241394e-02
3.940637037158012390e-02
3.939849138259887695e-02
3.939061239361763000e-02
3.938260301947593689e-02
3.937473148107528687e-02
3.936666250228881836e-02
3.935885801911354065e-02
3.935079649090766907e-02
3.934293240308761597e-02
3.933493793010711670e-02
3.932707756757736206e-02
3.931902721524238586e-02
3.931123390793800354e-02
3.930318728089332581e-02
3.929533809423446655e-02
3.928735852241516113e-02
3.927951306104660034e-02
3.927167505025863647e-02
3.926369920372962952e-02
3.925586119294166565e-02
3.924783319234848022e-02
3.924006223678588867e-02
3.923203796148300171e-02
3.922421112656593323e-02
3.921625018119812012e-02
3.920843079686164856e-02
3.920041397213935852e-02
3.919265791773796082e-02
3.918464854359626770e-02
3.917683660984039307e-02
3.916889056563377380e-02
3.916108235716819763e-02
3.915314376354217529e-02
3.914533928036689758e-02
3.913754224777221680e-02
3.912960737943649292e-02
3.912181407213211060e-02
3.911382704973220825e-02
3.910609334707260132e-02
3.909811004996299744e-02
3.909032419323921204e-02
3.908240795135498047e-02
3.907462581992149353e-02
3.906665369868278503e-02
3.905893862247467041e-02
3.905097022652626038e-02
3.904319927096366882e-02
3.903529420495033264e-02
3.902752697467803955e-02
3.901976346969604492e-02
3.901186585426330566e-02
3.900410607457160950e-02
3.899615630507469177e-02
3.898845985531806946e-02
3.898051753640174866e-02
3.897276520729064941e-02
3.896488621830940247e-02
3.895713761448860168e-02
3.894920274615287781e-02
3.894152119755744934e-02
3.893359377980232239e-02
3.892585635185241699e-02
3.891798853874206543e-02
3.891025856137275696e-02
3.890252858400344849e-02
3.889467194676399231e-02
3.888694569468498230e-02
3.887903317809104919e-02
3.887137398123741150e-02
3.886346518993377686e-02
3.885575011372566223e-02
3.884790465235710144e-02
3.884019702672958374e-02
3.883229941129684448e-02
3.882465139031410217e-02
3.881675750017166138e-02
3.880905732512474060e-02
3.879985958337783813e-02
3.877869620919227600e-02
3.875730559229850769e-02
3.873618319630622864e-02
3.871501609683036804e-02
3.869374096393585205e-02
3.867261111736297607e-02
3.865137323737144470e-02
3.863028064370155334e-02
3.860908001661300659e-02
3.858802467584609985e-02
3.856686130166053772e-02
3.854584321379661560e-02
3.852490335702896118e-02
3.850373625755310059e-02
3.848282992839813232e-02
3.846170008182525635e-02
3.844083100557327271e-02
3.841973841190338135e-02
3.839890658855438232e-02
3.837784752249717712e-02
3.835705295205116272e-02
3.833603113889694214e-02
3.831527382135391235e-02
3.829447552561759949e-02
3.827356547117233276e-02
3.825280442833900452e-02
3.823193162679672241e-02
3.821120783686637878e-02
3.819037228822708130e-02
3.816968202590942383e-02
3.814888000488281250e-02
3.812822699546813965e-02
3.810764849185943604e-02
3.808684647083282471e-02
3.806630149483680725e-02
3.804553300142288208e-02
3.802502900362014771e-02
3.800429776310920715e-02
3.798382356762886047e-02
3.796312958002090454e-02
3.794269263744354248e-02
3.792203217744827271e-02
3.790163248777389526e-02
3.788119181990623474e-02
3.786064311861991882e-02
3.784023970365524292e-02
