6.856069564819335938e-01
6.853414177894592285e-01
6.850662231445312500e-01
6.847809553146362305e-01
6.844866275787353516e-01
6.842542886734008789e-01
6.840304136276245117e-01
6.837931871414184570e-01
6.835430860519409180e-01
6.832800507545471191e-01
6.833729147911071777e-01
6.836615800857543945e-01
6.839376091957092285e-01
6.842003464698791504e-01
6.844520568847656250e-01
6.848182082176208496e-01
6.854071021080017090e-01
6.859906315803527832e-01
6.865674853324890137e-01
6.871385574340820312e-01
6.877048015594482422e-01
6.882076859474182129e-01
6.887035369873046875e-01
6.891971826553344727e-01
6.896889805793762207e-01
6.901785135269165039e-01
6.907241940498352051e-01
6.914000511169433594e-01
6.920768022537231445e-01
6.927544474601745605e-01
6.934329867362976074e-01
6.941124200820922852e-01
6.947028040885925293e-01
6.952129602432250977e-01
6.957247257232666016e-01
6.962379217147827148e-01
6.967530250549316406e-01
6.972694993019104004e-01
6.976476311683654785e-01
6.979165673255920410e-01
6.981858015060424805e-01
6.984564065933227539e-01
6.987263560295104980e-01
6.989966630935668945e-01
6.992633342742919922e-01
6.995242834091186523e-01
6.997854709625244141e-01
7.000468969345092773e-01
7.003085613250732422e-01
7.005704045295715332e-01
7.008103132247924805e-01
7.007248997688293457e-01
7.006371021270751953e-01
7.005482912063598633e-01
7.004570364952087402e-01
7.003648281097412109e-01
7.002701163291931152e-01
7.002308368682861328e-01
7.002453207969665527e-01
7.002586722373962402e-01
7.002710700035095215e-01
7.002819776535034180e-01
7.002916932106018066e-01
7.003001570701599121e-01
7.002252340316772461e-01
7.001196742057800293e-01
7.000112533569335938e-01
6.999012827873229980e-01
6.997894048690795898e-01
6.996753215789794922e-01
6.995604038238525391e-01
6.993394494056701660e-01
6.990780234336853027e-01
6.988145112991333008e-01
6.985488533973693848e-01
6.982810497283935547e-01
6.980111002922058105e-01
6.977390050888061523e-01
6.974670886993408203e-01
6.971975564956665039e-01
6.969248652458190918e-01
6.966499686241149902e-01
6.963739395141601562e-01
6.960947513580322266e-01
6.958132982254028320e-01
6.955307722091674805e-01
6.952509284019470215e-01
6.949700117111206055e-01
6.946861147880554199e-01
6.944007873535156250e-01
6.941122412681579590e-01
6.938225030899047852e-01
6.935297846794128418e-01
6.931815147399902344e-01
6.926317214965820312e-01
6.920799016952514648e-01
6.915259361267089844e-01
6.909698247909545898e-01
6.904114484786987305e-01
6.898511648178100586e-01
6.892887949943542480e-01
6.887639164924621582e-01
6.884351372718811035e-01
6.881052255630493164e-01
6.877726316452026367e-01
6.874388456344604492e-01
6.871023178100585938e-01
6.867638826370239258e-01
6.864242553710937500e-01
6.860819458961486816e-01
6.855688095092773438e-01
6.850144863128662109e-01
6.844578981399536133e-01
6.839002370834350586e-01
6.833395361900329590e-01
6.827770471572875977e-01
6.822130680084228516e-01
6.816464662551879883e-01
6.810910701751708984e-01
6.806057691574096680e-01
6.801195740699768066e-01
6.796309351921081543e-01
6.791412234306335449e-01
6.786492466926574707e-01
6.781564354896545410e-01
6.776617765426635742e-01
6.771647930145263672e-01
6.766856312751770020e-01
6.763081550598144531e-01
6.759290099143981934e-01
6.755481958389282227e-01
6.751657724380493164e-01
6.747825741767883301e-01
6.743969321250915527e-01
6.740096807479858398e-01
6.736208200454711914e-01
6.732304692268371582e-01
6.726739406585693359e-01
6.720763444900512695e-01
6.714774966239929199e-01
6.708762049674987793e-01
6.702745556831359863e-01
6.696712970733642578e-01
6.690659523010253906e-01
6.684598922729492188e-01
6.678517460823059082e-01
6.672492623329162598e-01
6.667200326919555664e-01
6.661886572837829590e-01
6.656568050384521484e-01
6.649112105369567871e-01
6.643745303153991699e-01
6.638376116752624512e-01
6.632986664772033691e-01
6.627593636512756348e-01
6.622186303138732910e-01
6.616761088371276855e-01
6.613150238990783691e-01
6.609604954719543457e-01
6.606046557426452637e-01
6.602476835250854492e-01
6.598907113075256348e-01
6.595316529273986816e-01
6.591717600822448730e-01
6.588106751441955566e-01
6.584486365318298340e-01
6.580858230590820312e-01
6.577564477920532227e-01
6.574737429618835449e-01
6.571901440620422363e-01
6.569057106971740723e-01
6.566205024719238281e-01
6.563346982002258301e-01
6.560478806495666504e-01
6.557604074478149414e-01
6.554720997810363770e-01
6.551831960678100586e-01
6.548935770988464355e-01
6.546115875244140625e-01
6.543402075767517090e-01
6.540682315826416016e-01
6.537959575653076172e-01
6.535230875015258789e-01
6.532500386238098145e-01
6.529766321182250977e-01
6.527026891708374023e-01
6.524286270141601562e-01
6.521541476249694824e-01
6.518796086311340332e-01
6.516047716140747070e-01
6.512956619262695312e-01
6.509854793548583984e-01
6.506742835044860840e-01
6.503638029098510742e-01
6.500524878501892090e-01
6.497418880462646484e-01
6.494305133819580078e-01
6.491199731826782227e-01
6.488086581230163574e-01
6.484983563423156738e-01
6.481872797012329102e-01
6.478773355484008789e-01
6.475188136100769043e-01
6.471590995788574219e-01
6.467995047569274902e-01
6.464409828186035156e-01
6.460818052291870117e-01
6.457226872444152832e-01
6.453650593757629395e-01
6.450069546699523926e-01
6.446493864059448242e-01
6.442923545837402344e-01
6.439369320869445801e-01
6.435811519622802734e-01
6.430866718292236328e-01
6.424238085746765137e-01
6.417613029479980469e-01
6.410996913909912109e-01
6.404385566711425781e-01
6.397793292999267578e-01
6.391201019287109375e-01
6.384620666503906250e-01
6.378056406974792480e-01
6.371506452560424805e-01
6.364986896514892578e-01
6.358478665351867676e-01
6.351996064186096191e-01
6.346253156661987305e-01
6.341851949691772461e-01
6.337507367134094238e-01
6.333204507827758789e-01
6.328974366188049316e-01
6.324803829193115234e-01
6.320726871490478516e-01
6.316735148429870605e-01
6.312867999076843262e-01
6.309124231338500977e-01
6.305552721023559570e-01
6.302164793014526367e-01
6.299026608467102051e-01
6.296174526214599609e-01
6.294166445732116699e-01
6.292926073074340820e-01
6.292326450347900391e-01
6.292611956596374512e-01
6.294167041778564453e-01
6.297687292098999023e-01
6.304586529731750488e-01
6.318796873092651367e-01
6.385964155197143555e-01
6.344735622406005859e-01
6.332879066467285156e-01
6.326159238815307617e-01
6.322138309478759766e-01
6.319833397865295410e-01
6.318612694740295410e-01
6.317826509475708008e-01
6.317708492279052734e-01
6.318081021308898926e-01
6.318849921226501465e-01
6.319902539253234863e-01
6.321188807487487793e-01
6.322640776634216309e-01
6.324198842048645020e-01
6.325844526290893555e-01
6.327523589134216309e-01
6.329228281974792480e-01
6.330913901329040527e-01
6.332580447196960449e-01
6.334198713302612305e-01
6.335741877555847168e-01
6.337172985076904297e-01
6.338528990745544434e-01
6.339783072471618652e-01
6.340934038162231445e-01
6.341976523399353027e-01
6.342910528182983398e-01
6.343716382980346680e-01
6.344396471977233887e-01
6.344947814941406250e-01
6.345378160476684570e-01
6.345666050910949707e-01
6.345819830894470215e-01
6.345846652984619141e-01
6.345729827880859375e-01
6.345476508140563965e-01
6.345205903053283691e-01
6.345266699790954590e-01
6.345182061195373535e-01
6.344968676567077637e-01
6.344612836837768555e-01
6.344133019447326660e-01
6.343514323234558105e-01
6.342774629592895508e-01
6.341900825500488281e-01
6.340911984443664551e-01
6.339794397354125977e-01
6.338567137718200684e-01
6.337217092514038086e-01
6.335753798484802246e-01
6.334189176559448242e-01
6.332509517669677734e-01
6.330734491348266602e-01
6.329059600830078125e-01
6.327514052391052246e-01
6.325877308845520020e-01
6.324138641357421875e-01
6.322308182716369629e-01
6.320396661758422852e-01
6.318390965461730957e-01
6.316303014755249023e-01
6.314143538475036621e-01
6.311899423599243164e-01
6.309581398963928223e-01
6.307190656661987305e-01
6.304740905761718750e-01
6.302217245101928711e-01
6.299630999565124512e-01
6.296992301940917969e-01
6.294286847114562988e-01
6.291527748107910156e-01
6.290442943572998047e-01
6.289638280868530273e-01
6.288779973983764648e-01
6.287875175476074219e-01
6.286923289299011230e-01
6.285918354988098145e-01
6.284881234169006348e-01
6.283804774284362793e-01
6.282689571380615234e-01
6.281540989875793457e-01
6.280359625816345215e-01
6.279147863388061523e-01
6.277897953987121582e-01
6.276630163192749023e-01
6.275336742401123047e-01
6.274018883705139160e-01
6.272680759429931641e-01
6.271322965621948242e-01
6.270071268081665039e-01
6.269269585609436035e-01
6.268463134765625000e-01
6.267642974853515625e-01
6.266813278198242188e-01
6.265980005264282227e-01
6.265138983726501465e-01
6.264296770095825195e-01
6.263452172279357910e-01
6.262603402137756348e-01
6.261756420135498047e-01
6.260907649993896484e-01
6.260062456130981445e-01
6.259217858314514160e-01
6.258378028869628906e-01
6.257547140121459961e-01
6.256716251373291016e-01
6.255890727043151855e-01
6.255068778991699219e-01
6.254256367683410645e-01
6.254191994667053223e-01
6.254773736000061035e-01
6.255370378494262695e-01
6.255983114242553711e-01
6.256611347198486328e-01
6.257256865501403809e-01
6.257919073104858398e-01
6.258598566055297852e-01
6.259295344352722168e-01
6.260010600090026855e-01
6.260744929313659668e-01
6.261497139930725098e-01
6.262269020080566406e-01
6.263059973716735840e-01
6.263870596885681152e-01
6.264693737030029297e-01
6.265544891357421875e-01
6.266415715217590332e-01
6.267306804656982422e-01
6.268219351768493652e-01
6.269152164459228516e-01
6.269879937171936035e-01
6.270526647567749023e-01
6.271206140518188477e-01
6.271900534629821777e-01
6.272628307342529297e-01
6.273370385169982910e-01
6.274146437644958496e-01
6.274936199188232422e-01
6.275760531425476074e-01
6.276598572731018066e-01
6.277471184730529785e-01
6.278358101844787598e-01
6.279278993606567383e-01
6.280214786529541016e-01
6.281184554100036621e-01
6.282168626785278320e-01
6.283186674118041992e-01
6.284219026565551758e-01
6.285285949707031250e-01
6.286367177963256836e-01
6.287482380867004395e-01
6.288611888885498047e-01
6.289587020874023438e-01
6.290472149848937988e-01
6.291374564170837402e-01
6.292296648025512695e-01
6.293251514434814453e-01
6.294218301773071289e-01
6.295209527015686035e-01
6.296228766441345215e-01
6.297264099121093750e-01
6.298319697380065918e-01
6.299406886100769043e-01
6.300505399703979492e-01
6.301625967025756836e-01
6.302778720855712891e-01
6.303942203521728516e-01
6.305129528045654297e-01
6.306343674659729004e-01
6.307573318481445312e-01
6.308829188346862793e-01
6.310101151466369629e-01
6.311390995979309082e-01
6.312712430953979492e-01
6.314043998718261719e-01
6.315011978149414062e-01
6.313282251358032227e-01
6.311560869216918945e-01
6.309846043586730957e-01
6.308138370513916016e-01
6.306438446044921875e-01
6.304745078086853027e-01
6.303060650825500488e-01
6.301381587982177734e-01
6.299708485603332520e-01
6.298041939735412598e-01
6.296381950378417969e-01
6.294728517532348633e-01
6.293081641197204590e-01
6.291440129280090332e-01
6.289805173873901367e-01
6.288167238235473633e-01
6.286544203758239746e-01
6.284925937652587891e-01
6.283313632011413574e-01
6.281707286834716797e-01
6.280105710029602051e-01
6.278511881828308105e-01
6.276920437812805176e-01
6.275334358215332031e-01
6.273688077926635742e-01
6.271593570709228516e-01
6.269506812095642090e-01
6.267427206039428711e-01
6.265354156494140625e-01
6.263288855552673340e-01
6.261230707168579102e-01
6.259179115295410156e-01
6.257134675979614258e-01
6.255097389221191406e-01
6.253066062927246094e-01
6.251041889190673828e-01
6.249015331268310547e-01
6.247004270553588867e-01
6.244999766349792480e-01
6.243001222610473633e-01
6.241011619567871094e-01
6.239025592803955078e-01
6.237046122550964355e-01
6.235072612762451172e-01
6.233104467391967773e-01
6.231142878532409668e-01
6.229187250137329102e-01
6.227236986160278320e-01
6.225292682647705078e-01
6.223354339599609375e-01
6.221421360969543457e-01
6.219600439071655273e-01
6.217896938323974609e-01
6.216207146644592285e-01
6.214510798454284668e-01
6.212829351425170898e-01
6.211143136024475098e-01
6.209470033645629883e-01
6.207791566848754883e-01
6.206126213073730469e-01
6.204455494880676270e-01
6.202788949012756348e-01
6.201133131980895996e-01
6.199473738670349121e-01
6.197826266288757324e-01
6.196174025535583496e-01
6.194533705711364746e-01
6.192888021469116211e-01
6.191254258155822754e-01
6.189613342285156250e-01
6.187986135482788086e-01
6.186352372169494629e-01
6.184731125831604004e-01
6.183103322982788086e-01
6.181488037109375000e-01
6.179865598678588867e-01
6.178253889083862305e-01
6.176636815071105957e-01
6.175031661987304688e-01
6.173419356346130371e-01
6.170381903648376465e-01
6.167293190956115723e-01
6.164206862449645996e-01
6.161110997200012207e-01
6.158025264739990234e-01
6.154938340187072754e-01
6.151853203773498535e-01
6.148758530616760254e-01
6.145672798156738281e-01
6.142587661743164062e-01
6.139503121376037598e-01
6.136419177055358887e-01
6.133323907852172852e-01
6.130239367485046387e-01
6.127154827117919922e-01
6.124070286750793457e-01
6.120984554290771484e-01
6.117890477180480957e-01
6.114805340766906738e-01
6.111719608306884766e-01
6.108633875846862793e-01
6.105539202690124512e-01
6.102452874183654785e-01
6.099365949630737305e-01
6.096279025077819824e-01
6.093192696571350098e-01
6.090095043182373047e-01
6.087006330490112305e-01
6.083918213844299316e-01
6.080829501152038574e-01
6.077829599380493164e-01
6.074965596199035645e-01
6.072093844413757324e-01
6.069231033325195312e-01
6.066369414329528809e-01
6.063498854637145996e-01
6.060637831687927246e-01
6.057768464088439941e-01
6.054908633232116699e-01
6.052049398422241211e-01
6.049181818962097168e-01
6.046323180198669434e-01
6.043465733528137207e-01
6.040598154067993164e-01
6.037740707397460938e-01
6.034874320030212402e-01
6.032017469406127930e-01
6.029160618782043457e-01
6.026294827461242676e-01
6.023438572883605957e-01
6.020582914352416992e-01
6.017717123031616211e-01
6.014861464500427246e-01
6.011996269226074219e-01
6.009140610694885254e-01
6.006285548210144043e-01
6.003420352935791016e-01
6.000564694404602051e-01
5.997709035873413086e-01
5.994843244552612305e-01
5.991988182067871094e-01
5.989122390747070312e-01
5.986266136169433594e-01
5.982484221458435059e-01
5.978158116340637207e-01
5.973821878433227539e-01
5.969495177268981934e-01
5.965168476104736328e-01
5.960831642150878906e-01
5.956504940986633301e-01
5.952177643775939941e-01
5.947840809822082520e-01
5.943513512611389160e-01
5.939185619354248047e-01
5.934858322143554688e-01
5.930520296096801758e-01
5.926192998886108398e-01
5.921865105628967285e-01
5.917527079582214355e-01
5.913199186325073242e-01
5.908871293067932129e-01
5.904542803764343262e-01
5.900204777717590332e-01
5.895876884460449219e-01
5.891548395156860352e-01
5.887210369110107422e-01
5.882881879806518555e-01
5.878553986549377441e-01
5.874225497245788574e-01
5.869887471199035645e-01
5.865558981895446777e-01
5.861231088638305664e-01
5.856892466545104980e-01
5.852564573287963867e-01
5.848236680030822754e-01
5.843908786773681641e-01
5.839570760726928711e-01
5.835243463516235352e-01
5.831197500228881836e-01
5.827791690826416016e-01
5.824377536773681641e-01
5.820976495742797852e-01
5.817577242851257324e-01
5.814180970191955566e-01
5.810787677764892578e-01
5.807385444641113281e-01
5.803996920585632324e-01
5.800610184669494629e-01
5.797226428985595703e-01
5.793845057487487793e-01
5.790455937385559082e-01
5.787078738212585449e-01
5.783705115318298340e-01
5.780332684516906738e-01
5.776963829994201660e-01
5.773586630821228027e-01
5.770222544670104980e-01
5.766860246658325195e-01
5.763501524925231934e-01
5.760143995285034180e-01
5.756779313087463379e-01
5.753426551818847656e-01
5.750077366828918457e-01
5.746729373931884766e-01
5.743385553359985352e-01
5.740032196044921875e-01
5.736692547798156738e-01
5.733354687690734863e-01
5.730019807815551758e-01
5.726686716079711914e-01
5.723347067832946777e-01
5.720018744468688965e-01
5.716693997383117676e-01
5.713370442390441895e-01
5.710039734840393066e-01
5.706720948219299316e-01
5.703071355819702148e-01
5.697671771049499512e-01
5.692278146743774414e-01
5.686900019645690918e-01
5.681516528129577637e-01
5.676139593124389648e-01
5.670768022537231445e-01
5.666400194168090820e-01
5.661046504974365234e-01
5.655698180198669434e-01
5.650355815887451172e-01
5.645019412040710449e-01
5.639698505401611328e-01
5.634373426437377930e-01
5.629054903984069824e-01
5.623741745948791504e-01
5.618434548377990723e-01
5.613133311271667480e-01
5.607838034629821777e-01
5.602549314498901367e-01
5.597266554832458496e-01
5.591999888420104980e-01
5.586729049682617188e-01
5.581464767456054688e-01
5.576207041740417480e-01
5.570955276489257812e-01
5.565709471702575684e-01
5.560470819473266602e-01
5.555238127708435059e-01
5.550011396408081055e-01
5.544801950454711914e-01
5.539588928222656250e-01
5.534382462501525879e-01
5.529182553291320801e-01
5.523988604545593262e-01
5.518801808357238770e-01
5.513622164726257324e-01
5.508449077606201172e-01
5.503281950950622559e-01
5.498134493827819824e-01
5.492982268333435059e-01
5.487836003303527832e-01
5.484524965286254883e-01
5.481598973274230957e-01
5.478684902191162109e-01
5.475781559944152832e-01
5.472885370254516602e-01
5.470001101493835449e-01
5.467125177383422852e-01
5.464261770248413086e-01
5.461405515670776367e-01
5.458561778068542480e-01
5.455726385116577148e-01
5.452902317047119141e-01
5.450086593627929688e-01
5.447283387184143066e-01
5.444487333297729492e-01
5.441703796386718750e-01
5.438928008079528809e-01
5.436164736747741699e-01
5.433408617973327637e-01
5.430665612220764160e-01
5.427929759025573730e-01
5.425206422805786133e-01
5.422490835189819336e-01
5.419797897338867188e-01
5.417104959487915039e-01
5.414419174194335938e-01
5.411745905876159668e-01
5.409080386161804199e-01
5.406427383422851562e-01
5.403782129287719727e-01
5.401149392127990723e-01
5.398523807525634766e-01
5.395911335945129395e-01
5.393306016921997070e-01
5.390713810920715332e-01
5.388128161430358887e-01
5.385555624961853027e-01
5.382990837097167969e-01
5.380437970161437988e-01
5.377892851829528809e-01
5.375360846519470215e-01
5.372835993766784668e-01
5.370324254035949707e-01
5.367819070816040039e-01
5.365327000617980957e-01
5.362837910652160645e-01
5.360351800918579102e-01
5.357886552810668945e-01
5.355421304702758789e-01
5.352979898452758789e-01
5.350536108016967773e-01
5.348112583160400391e-01
5.345689654350280762e-01
5.343280434608459473e-01
5.340888500213623047e-01
5.338497161865234375e-01
5.336125493049621582e-01
5.333755612373352051e-01
5.331408381462097168e-01
5.329059362411499023e-01
5.326721072196960449e-01
5.324401855468750000e-01
5.322087407112121582e-01
5.319789648056030273e-01
5.317493677139282227e-01
5.315216779708862305e-01
5.312941074371337891e-01
5.310679674148559570e-01
5.308434367179870605e-01
5.306190848350524902e-01
5.303966999053955078e-01
5.301746726036071777e-01
5.299544334411621094e-01
5.297342538833618164e-01
5.295151472091674805e-01
5.292980074882507324e-01
5.290812253952026367e-01
5.288662910461425781e-01
5.286513566970825195e-01
5.284384489059448242e-01
5.282259583473205566e-01
5.280141830444335938e-01
5.278044342994689941e-01
5.275948047637939453e-01
5.273871421813964844e-01
5.271799564361572266e-01
5.269743800163269043e-01
5.267689824104309082e-01
5.265645980834960938e-01
5.263625979423522949e-01
5.261602997779846191e-01
5.259600281715393066e-01
5.257599353790283203e-01
5.255617499351501465e-01
5.255039930343627930e-01
5.254603624343872070e-01
5.254181623458862305e-01
5.253761410713195801e-01
5.253359079360961914e-01
5.252956151962280273e-01
5.252566933631896973e-01
5.252180099487304688e-01
5.251811146736145020e-01
5.251441001892089844e-01
5.251087546348571777e-01
5.250730514526367188e-01
5.250394940376281738e-01
5.250057578086853027e-01
5.249737501144409180e-01
5.249416828155517578e-01
5.249110460281372070e-01
5.248805880546569824e-01
5.248518586158752441e-01
5.248230695724487305e-01
5.247960090637207031e-01
5.247685313224792480e-01
5.247430801391601562e-01
5.247175693511962891e-01
5.246937274932861328e-01
5.246707201004028320e-01
5.246473550796508789e-01
5.246259570121765137e-01
5.246044993400573730e-01
5.245847105979919434e-01
5.245648622512817383e-01
5.245464444160461426e-01
5.245282649993896484e-01
5.245116949081420898e-01
5.244951248168945312e-01
5.244801640510559082e-01
5.244649052619934082e-01
5.244516134262084961e-01
5.244382023811340332e-01
5.244265198707580566e-01
5.244147777557373047e-01
5.244043469429016113e-01
5.243942141532897949e-01
5.243857502937316895e-01
5.243771672248840332e-01
5.243699550628662109e-01
5.243629813194274902e-01
5.243577361106872559e-01
5.243524312973022461e-01
5.243486762046813965e-01
5.243446230888366699e-01
5.243424773216247559e-01
5.243403911590576172e-01
5.243469476699829102e-01
5.243777632713317871e-01
5.244092345237731934e-01
5.244413018226623535e-01
5.244728326797485352e-01
5.245062112808227539e-01
5.245402455329895020e-01
5.245748758316040039e-01
5.246101021766662598e-01
5.246451497077941895e-01
5.246814489364624023e-01
5.247185826301574707e-01
5.247563719749450684e-01
5.247948169708251953e-01
5.248330235481262207e-01
5.248724222183227539e-01
5.249127149581909180e-01
5.249536633491516113e-01
5.249952673912048340e-01
5.250375270843505859e-01
5.250791907310485840e-01
5.251226425170898438e-01
5.251667499542236328e-01
5.252114534378051758e-01
5.252567529678344727e-01
5.253018736839294434e-01
5.253481268882751465e-01
5.253953337669372559e-01
5.254432559013366699e-01
5.254916548728942871e-01
5.255398750305175781e-01
5.255891680717468262e-01
5.256394743919372559e-01
5.256904363632202148e-01
5.257419347763061523e-01
5.257940888404846191e-01
5.258456468582153320e-01
5.258991122245788574e-01
5.259530544281005859e-01
5.260076522827148438e-01
5.260629057884216309e-01
5.261178612709045410e-01
5.261739492416381836e-01
5.262309908866882324e-01
5.262886285781860352e-01
5.263468623161315918e-01
5.264049768447875977e-01
5.264640450477600098e-01
5.265241265296936035e-01
5.265848040580749512e-01
5.266461372375488281e-01
5.267071723937988281e-01
5.267692804336547852e-01
5.268323421478271484e-01
5.268960595130920410e-01
5.269603729248046875e-01
5.270252227783203125e-01
5.270898938179016113e-01
5.271555781364440918e-01
5.272313952445983887e-01
5.273453593254089355e-01
5.274600982666015625e-01
5.275750160217285156e-01
5.276907086372375488e-01
5.278069376945495605e-01
5.279232859611511230e-01
5.280404686927795410e-01
5.281577706336975098e-01
5.282751321792602539e-01
5.283934473991394043e-01
5.285126566886901855e-01
5.286318659782409668e-01
5.287519097328186035e-01
5.288721323013305664e-01
5.289932489395141602e-01
5.291143059730529785e-01
5.292363762855529785e-01
5.293584465980529785e-01
5.294805765151977539e-01
5.296036601066589355e-01
5.297275185585021973e-01
5.298514962196350098e-01
5.299763083457946777e-01
5.301015973091125488e-01
5.302270054817199707e-01
5.303163528442382812e-01
5.304031372070312500e-01
5.304895639419555664e-01
5.305764675140380859e-01
5.306646227836608887e-01
5.307524204254150391e-01
5.308407545089721680e-01
5.309303402900695801e-01
5.310196280479431152e-01
5.311093926429748535e-01
5.311995744705200195e-01
5.312910079956054688e-01
5.313822031021118164e-01
5.314738154411315918e-01
5.315666794776916504e-01
5.316592454910278320e-01
5.317522883415222168e-01
5.318465828895568848e-01
5.319404602050781250e-01
5.320349335670471191e-01
5.321305394172668457e-01
5.322259068489074707e-01
5.323217511177062988e-01
5.324187278747558594e-01
5.325154662132263184e-01
5.326126217842102051e-01
5.327605605125427246e-01
5.329505205154418945e-01
5.331406593322753906e-01
5.333312153816223145e-01
5.335227847099304199e-01
5.337138772010803223e-01
5.339052677154541016e-01
5.340968370437622070e-01
5.342888236045837402e-01
5.344818830490112305e-01
5.346744060516357422e-01
5.348672866821289062e-01
5.350604057312011719e-01
5.352545976638793945e-01
5.354483127593994141e-01
5.356422662734985352e-01
5.358365178108215332e-01
5.360310673713684082e-01
5.362266302108764648e-01
5.364217758178710938e-01
5.366171002388000488e-01
5.368127822875976562e-01
5.370094776153564453e-01
5.372056961059570312e-01
5.374021530151367188e-01
5.375988483428955078e-01
5.377957820892333984e-01
5.379930138587951660e-01
5.381789803504943848e-01
5.383651852607727051e-01
5.385524034500122070e-01
5.387390851974487305e-01
5.389263629913330078e-01
5.391134619712829590e-01
5.393008589744567871e-01
5.394892096519470215e-01
5.396770238876342773e-01
5.398650765419006348e-01
5.400533080101013184e-01
5.402426123619079590e-01
5.404312610626220703e-01
5.406205654144287109e-01
5.408096909523010254e-01
5.409998297691345215e-01
5.411894321441650391e-01
5.413792729377746582e-01
5.415692925453186035e-01
5.417602658271789551e-01
5.419507026672363281e-01
5.421417951583862305e-01
5.423326492309570312e-01
5.425245165824890137e-01
5.427157878875732422e-01
5.429072380065917969e-01
5.430989861488342285e-01
5.432915687561035156e-01
5.435035824775695801e-01
5.437469482421875000e-01
5.439910888671875000e-01
5.442341566085815430e-01
5.444784164428710938e-01
5.447219610214233398e-01
5.449655652046203613e-01
5.452099442481994629e-01
5.454535484313964844e-01
5.456976294517517090e-01
5.459414124488830566e-01
5.461852550506591797e-01
5.464298129081726074e-01
5.466737151145935059e-01
5.469176769256591797e-01
5.471619367599487305e-01
5.474060177803039551e-01
5.476507544517517090e-01
5.478947162628173828e-01
5.481387972831726074e-01
5.483836531639099121e-01
5.486274361610412598e-01
5.488722920417785645e-01
5.491164922714233398e-01
5.493606925010681152e-01
5.496056675910949707e-01
5.498498678207397461e-01
5.500944256782531738e-01
5.503386259078979492e-01
5.505829453468322754e-01
5.508208274841308594e-01
5.510494112968444824e-01
5.512778759002685547e-01
5.515066385269165039e-01
5.517348647117614746e-01
5.519629716873168945e-01
5.521908998489379883e-01
5.524185299873352051e-01
5.526462793350219727e-01
5.528739094734191895e-01
5.531018376350402832e-01
5.533292293548583984e-01
5.535565018653869629e-01
5.537840723991394043e-01
5.540109872817993164e-01
5.542378425598144531e-01
5.544642210006713867e-01
5.546908378601074219e-01
5.549172759056091309e-01
5.551436543464660645e-01
5.553702712059020996e-01
5.555961728096008301e-01
5.558220744132995605e-01
5.560482740402221680e-01
5.562738776206970215e-01
5.564993619918823242e-01
5.567243099212646484e-01
5.569494366645812988e-01
5.571743845939636230e-01
5.573996305465698242e-01
5.576243400573730469e-01
5.578542947769165039e-01
5.581162571907043457e-01
5.583783388137817383e-01
5.586395859718322754e-01
5.589011907577514648e-01
5.591621398925781250e-01
5.594223737716674805e-01
5.596821904182434082e-01
5.599421262741088867e-01
5.602019429206848145e-01
5.604606866836547852e-01
5.607194304466247559e-01
5.609773993492126465e-01
5.612350106239318848e-01
5.614935159683227539e-01
5.617503523826599121e-01
5.620073080062866211e-01
5.621427297592163086e-01
5.622703433036804199e-01
5.623976588249206543e-01
5.625236034393310547e-01
5.626478195190429688e-01
5.627719759941101074e-01
5.628951787948608398e-01
5.630171895027160645e-01
5.631384849548339844e-01
5.632589459419250488e-01
5.633776783943176270e-01
5.634962320327758789e-01
5.636144280433654785e-01
5.637311339378356934e-01
5.638460516929626465e-01
5.639609098434448242e-01
5.640657544136047363e-01
5.641549825668334961e-01
5.642420053482055664e-01
5.643276572227478027e-01
5.644109249114990234e-01
5.644924640655517578e-01
5.645719766616821289e-01
5.646498203277587891e-01
5.647263526916503906e-01
5.648005604743957520e-01
5.648732781410217285e-01
5.649437308311462402e-01
5.650120973587036133e-01
5.650787353515625000e-01
5.651440024375915527e-01
5.652068257331848145e-01
5.652676224708557129e-01
5.651088953018188477e-01
5.646306276321411133e-01
5.641479492187500000e-01
5.636593699455261230e-01
5.631662607192993164e-01
5.626676678657531738e-01
5.621641278266906738e-01
5.616552829742431641e-01
5.611403584480285645e-01
5.606209039688110352e-01
5.600952506065368652e-01
5.595649480819702148e-01
5.590292811393737793e-01
5.584880709648132324e-01
5.579414963722229004e-01
5.573886632919311523e-01
5.568311214447021484e-01
5.562610030174255371e-01
5.555561780929565430e-01
5.548493862152099609e-01
5.541385412216186523e-01
5.534235239028930664e-01
5.527064800262451172e-01
5.519846081733703613e-01
5.512601733207702637e-01
5.505322813987731934e-01
5.498010516166687012e-01
5.490664839744567871e-01
5.483283400535583496e-01
5.475870370864868164e-01
5.468415617942810059e-01
5.460941791534423828e-01
5.453419685363769531e-01
5.445877909660339355e-01
5.438296198844909668e-01
5.430721640586853027e-01
5.423238873481750488e-01
5.415766835212707520e-01
5.408275723457336426e-01
5.400787591934204102e-01
5.393297076225280762e-01
5.385802984237670898e-01
5.378305315971374512e-01
5.370798110961914062e-01
5.363293290138244629e-01
5.355795621871948242e-01
5.348280668258666992e-01
5.340770483016967773e-01
5.333258509635925293e-01
5.325744748115539551e-01
5.318229794502258301e-01
5.310706496238708496e-01
5.303197503089904785e-01
5.295808911323547363e-01
5.291087031364440918e-01
5.286372900009155273e-01
5.281661748886108398e-01
5.276975035667419434e-01
5.272290706634521484e-01
5.267608165740966797e-01
5.262941122055053711e-01
5.258286595344543457e-01
5.253633260726928711e-01
5.248997807502746582e-01
5.244365334510803223e-01
5.239750742912292480e-01
5.235145688056945801e-01
5.230544209480285645e-01
5.225961208343505859e-01
5.221396088600158691e-01
5.216826796531677246e-01
5.212275385856628418e-01
5.207728147506713867e-01
5.203200578689575195e-01
5.198684334754943848e-01
5.194171071052551270e-01
5.189676880836486816e-01
5.185195803642272949e-01
5.180717110633850098e-01
5.176259279251098633e-01
5.171805620193481445e-01
5.167370438575744629e-01
5.162956118583679199e-01
5.158538818359375000e-01
5.154142379760742188e-01
5.149758458137512207e-01
5.145377516746520996e-01
5.141019821166992188e-01
5.136674046516418457e-01
5.132333636283874512e-01
5.128014683723449707e-01
5.124168395996093750e-01
5.121737718582153320e-01
5.119326114654541016e-01
5.116912126541137695e-01
5.114523768424987793e-01
5.112137794494628906e-01
5.109764933586120605e-01
5.107406973838806152e-01
5.105057954788208008e-01
5.102720856666564941e-01
5.100396871566772461e-01
5.098083615303039551e-01
5.095782876014709473e-01
5.093503594398498535e-01
5.091221332550048828e-01
5.088964104652404785e-01
5.086712241172790527e-01
5.084472298622131348e-01
5.082249045372009277e-01
5.080034136772155762e-01
5.077831745147705078e-01
5.075644254684448242e-01
5.073467493057250977e-01
5.071303248405456543e-01
5.069161057472229004e-01
5.067016482353210449e-01
5.064898133277893066e-01
5.062785148620605469e-01
5.060684680938720703e-01
5.058602094650268555e-01
5.056527256965637207e-01
5.054464936256408691e-01
5.052426457405090332e-01
5.050386190414428711e-01
5.048364400863647461e-01
5.046365261077880859e-01
5.044363737106323242e-01
5.042391419410705566e-01
5.040422677993774414e-01
5.038468241691589355e-01
5.035955309867858887e-01
5.032911300659179688e-01
5.029869079589843750e-01
5.026837587356567383e-01
5.023828148841857910e-01
5.020818710327148438e-01
5.017833113670349121e-01
5.014849305152893066e-01
5.011876821517944336e-01
5.008926987648010254e-01
5.005977153778076172e-01
5.003050565719604492e-01
5.000132918357849121e-01
4.997221231460571289e-01
4.994332194328308105e-01
4.991444051265716553e-01
4.988579750061035156e-01
4.985719025135040283e-01
4.982870519161224365e-01
4.980044662952423096e-01
4.977219998836517334e-01
4.974419772624969482e-01
4.971623420715332031e-01
4.968839585781097412e-01
4.966079294681549072e-01
4.963320195674896240e-01
4.960586130619049072e-01
4.957855939865112305e-01
4.955138564109802246e-01
4.952449798583984375e-01
4.949758052825927734e-01
4.947091937065124512e-01
4.944429695606231689e-01
4.941790997982025146e-01
4.939156770706176758e-01
4.936534762382507324e-01
4.933938384056091309e-01
4.931346476078033447e-01
4.928779006004333496e-01
4.926215410232543945e-01
4.923664927482604980e-01
4.921139776706695557e-01
4.918786883354187012e-01
4.916538596153259277e-01
4.914298355579376221e-01
4.912074208259582520e-01
4.909880459308624268e-01
4.907695651054382324e-01
4.905539155006408691e-01
4.903390407562255859e-01
4.901269078254699707e-01
4.899158179759979248e-01
4.897075891494750977e-01
4.895002543926239014e-01
4.892958104610443115e-01
4.890920221805572510e-01
4.888913333415985107e-01
4.886915981769561768e-01
4.884948134422302246e-01
4.882988631725311279e-01
4.881046414375305176e-01
4.879135787487030029e-01
4.877234697341918945e-01
4.875363111495971680e-01
4.873500466346740723e-01
4.871665537357330322e-01
4.869842827320098877e-01
4.868049621582031250e-01
4.866265654563903809e-01
4.864511787891387939e-01
4.862765371799468994e-01
4.861051738262176514e-01
4.859347641468048096e-01
4.857673645019531250e-01
4.856009483337402344e-01
4.854374229907989502e-01
4.852750599384307861e-01
4.851146936416625977e-01
4.849574267864227295e-01
4.848011732101440430e-01
4.846477210521697998e-01
4.844955801963806152e-01
4.843464791774749756e-01
4.841984212398529053e-01
4.840534627437591553e-01
4.839090704917907715e-01
4.837820827960968018e-01
4.836677014827728271e-01
4.835548996925354004e-01
4.834455549716949463e-01
4.833380877971649170e-01
4.832326471805572510e-01
4.831306934356689453e-01
4.830302298069000244e-01
4.829330444335937500e-01
4.828385412693023682e-01
4.827452600002288818e-01
4.826554954051971436e-01
4.825675189495086670e-01
4.824830591678619385e-01
4.824010431766510010e-01
4.823200106620788574e-01
4.822430610656738281e-01
4.821685850620269775e-01
4.820955991744995117e-01
4.820259511470794678e-01
4.819577336311340332e-01
4.818933010101318359e-01
4.818314313888549805e-01
4.817708432674407959e-01
4.817140102386474609e-01
4.816583096981048584e-01
4.816065728664398193e-01
4.815570712089538574e-01
4.815092980861663818e-01
4.814650714397430420e-01
4.814220666885375977e-01
4.813827276229858398e-01
4.813460409641265869e-01
4.813109636306762695e-01
4.812793433666229248e-01
4.812498092651367188e-01
4.812222421169281006e-01
4.811982214450836182e-01
4.811757206916809082e-01
4.811566174030303955e-01
4.811402559280395508e-01
4.811249971389770508e-01
4.811136126518249512e-01
4.811036288738250732e-01
4.810973107814788818e-01
4.810935258865356445e-01
4.810947477817535400e-01
4.811491966247558594e-01
4.812061190605163574e-01
4.812667965888977051e-01
4.813288450241088867e-01
4.813942015171051025e-01
4.814614653587341309e-01
4.815321266651153564e-01
4.816045165061950684e-01
4.816792011260986328e-01
4.817571938037872314e-01
4.818370044231414795e-01
4.819203317165374756e-01
4.820051491260528564e-01
4.820933640003204346e-01
4.821831285953521729e-01
4.822748601436614990e-01
4.823705852031707764e-01
4.824677109718322754e-01
4.825681447982788086e-01
4.826701283454895020e-01
4.827740490436553955e-01
4.828818440437316895e-01
4.829910099506378174e-01
4.831034839153289795e-01
4.832174181938171387e-01
4.833345711231231689e-01
4.834527671337127686e-01
4.835737049579620361e-01
4.836979210376739502e-01
4.838234782218933105e-01
4.839523136615753174e-01
4.840819537639617920e-01
4.842153489589691162e-01
4.843499958515167236e-01
4.844868481159210205e-01
4.846269488334655762e-01
4.847682714462280273e-01
4.849123358726501465e-01
4.850579500198364258e-01
4.852058291435241699e-01
4.853568375110626221e-01
4.855089485645294189e-01
4.856637418270111084e-01
4.858200848102569580e-01
4.859794676303863525e-01
4.861400425434112549e-01
4.863025844097137451e-01
4.864681363105773926e-01
4.866342842578887939e-01
4.868757128715515137e-01
4.871308803558349609e-01
4.873873889446258545e-01
4.876443147659301758e-01
4.879030287265777588e-01
4.881635308265686035e-01
4.884244203567504883e-01
4.886873960494995117e-01
4.889517128467559814e-01
4.892162382602691650e-01
4.894824922084808350e-01
4.897502660751342773e-01
4.900183081626892090e-01
4.902884364128112793e-01
4.905588030815124512e-01
4.908309876918792725e-01
4.911038279533386230e-01
4.913772940635681152e-01
4.916526675224304199e-01
4.919290244579315186e-01
4.922053515911102295e-01
4.924835264682769775e-01
4.927621781826019287e-01
4.930413067340850830e-01
4.933221638202667236e-01
4.936037659645080566e-01
4.938853681087493896e-01
4.941686391830444336e-01
4.944511950016021729e-01
4.947358965873718262e-01
4.950212836265563965e-01
4.953064918518066406e-01
4.955932199954986572e-01
4.958805441856384277e-01
4.961670637130737305e-01
4.964554905891418457e-01
4.967446327209472656e-01
4.970332682132720947e-01
4.973232150077819824e-01
4.976137280464172363e-01
4.979032278060913086e-01
4.981945753097534180e-01
4.984853565692901611e-01
4.987773001194000244e-01
4.990696012973785400e-01
4.993613660335540771e-01
4.996537566184997559e-01
4.999468922615051270e-01
5.002393126487731934e-01
5.005327463150024414e-01
5.008264183998107910e-01
5.011193752288818359e-01
5.014166831970214844e-01
5.017151236534118652e-01
5.020136833190917969e-01
5.023128986358642578e-01
5.026112198829650879e-01
5.029094815254211426e-01
5.032070279121398926e-01
5.035058259963989258e-01
5.038036704063415527e-01
5.041012763977050781e-01
5.043986439704895020e-01
5.046964287757873535e-01
5.049927830696105957e-01
5.052893161773681641e-01
5.055861473083496094e-01
5.058819651603698730e-01
5.061773657798767090e-01
5.064724683761596680e-01
5.067677497863769531e-01
5.070613026618957520e-01
5.073549151420593262e-01
5.076487660408020020e-01
5.079413056373596191e-01
5.082332491874694824e-01
5.085245966911315918e-01
5.088161230087280273e-01
5.091056823730468750e-01
5.093951821327209473e-01
5.096846222877502441e-01
5.099726319313049316e-01
5.102599263191223145e-01
5.105465054512023926e-01
5.108330249786376953e-01
5.111173391342163086e-01
5.114014148712158203e-01
5.116853713989257812e-01
5.119677186012268066e-01
5.122491717338562012e-01
5.125296711921691895e-01
5.128099322319030762e-01
5.130879878997802734e-01
5.133656263351440430e-01
5.136422514915466309e-01
5.139183998107910156e-01
5.141929388046264648e-01
5.144663453102111816e-01
5.147393345832824707e-01
5.150098800659179688e-01
5.152800679206848145e-01
5.155488848686218262e-01
5.158172845840454102e-01
5.160838365554809570e-01
5.163490772247314453e-01
5.166137814521789551e-01
5.168760418891906738e-01
5.171288251876831055e-01
5.173729658126831055e-01
5.176158547401428223e-01
5.178569555282592773e-01
5.180974006652832031e-01
5.183364748954772949e-01
5.185738205909729004e-01
5.188096761703491211e-01
5.190449953079223633e-01
5.192788839340209961e-01
5.195107460021972656e-01
5.197418928146362305e-01
5.199716687202453613e-01
5.201988220214843750e-01
5.204257965087890625e-01
5.206512212753295898e-01
5.208752751350402832e-01
5.210972428321838379e-01
5.213183164596557617e-01
5.215378999710083008e-01
5.217548012733459473e-01
5.219713449478149414e-01
5.221864581108093262e-01
5.223993062973022461e-01
5.226112008094787598e-01
5.228215456008911133e-01
5.230303406715393066e-01
5.232369303703308105e-01
5.234425067901611328e-01
5.236458778381347656e-01
5.238476395606994629e-01
5.240483283996582031e-01
5.242474079132080078e-01
5.244448781013488770e-01
5.246400833129882812e-01
5.248341560363769531e-01
5.250266194343566895e-01
5.252168178558349609e-01
5.254053473472595215e-01
5.255926847457885742e-01
5.257778167724609375e-01
5.259618163108825684e-01
5.261440873146057129e-01
5.263246297836303711e-01
5.265029072761535645e-01
5.266800522804260254e-01
5.268548727035522461e-01
5.270279645919799805e-01
5.271999239921569824e-01
5.273700952529907227e-01
5.275380611419677734e-01
5.277046561241149902e-01
5.278696417808532715e-01
5.280328989028930664e-01
5.281937718391418457e-01
5.283529758453369141e-01
5.285108685493469238e-01
5.286665558815002441e-01
5.288209915161132812e-01
5.289846062660217285e-01
5.291491746902465820e-01
5.293118953704833984e-01
5.294728875160217285e-01
5.296320915222167969e-01
5.297888517379760742e-01
5.299444198608398438e-01
5.300980806350708008e-01
5.302500128746032715e-01
5.304000973701477051e-01
5.305483341217041016e-01
5.306948423385620117e-01
5.308395028114318848e-01
5.309818983078002930e-01
5.311230421066284180e-01
5.312623381614685059e-01
5.313997864723205566e-01
5.315355062484741211e-01
5.316693782806396484e-01
5.318015217781066895e-01
5.319318175315856934e-01
5.320603847503662109e-01
5.321865677833557129e-01
5.323115587234497070e-01
5.324347615242004395e-01
5.325561165809631348e-01
5.326757431030273438e-01
5.327936410903930664e-01
5.329096913337707520e-01
5.330239534378051758e-01
5.331364870071411133e-01
5.332472324371337891e-01
5.333562493324279785e-01
5.334634184837341309e-01
5.335684418678283691e-01
5.336720943450927734e-01
5.337740182876586914e-01
5.338742136955261230e-01
5.339726209640502930e-01
5.340692996978759766e-01
5.341636538505554199e-01
5.342568159103393555e-01
5.343481898307800293e-01
5.344378352165222168e-01
5.345257520675659180e-01
5.346118807792663574e-01
5.346958041191101074e-01
5.347784161567687988e-01
5.348593592643737793e-01
5.349385142326354980e-01
5.350159406661987305e-01
5.350915789604187012e-01
5.351655483245849609e-01
5.352377295494079590e-01
5.353082418441772461e-01
5.353769659996032715e-01
5.354439616203308105e-01
5.355092287063598633e-01
5.355723500251770020e-01
5.356341004371643066e-01
5.356942415237426758e-01
5.357525348663330078e-01
5.358116030693054199e-01
5.358746051788330078e-01
5.359356999397277832e-01
5.359950065612792969e-01
5.360525250434875488e-01
5.361081957817077637e-01
5.361620783805847168e-01
5.362141132354736328e-01
5.362638235092163086e-01
5.363121628761291504e-01
5.363587141036987305e-01
5.364034771919250488e-01
5.364463329315185547e-01
5.364874005317687988e-01
5.365266203880310059e-01
5.365640521049499512e-01
5.365996956825256348e-01
5.366334915161132812e-01
5.366654992103576660e-01
5.366956591606140137e-01
5.367234945297241211e-01
5.367500782012939453e-01
5.367748141288757324e-01
5.367977619171142578e-01
5.368189215660095215e-01
5.368382334709167480e-01
5.368556976318359375e-01
5.368714928627014160e-01
5.368854403495788574e-01
5.368975996971130371e-01
5.369079709053039551e-01
5.369165539741516113e-01
5.369232892990112305e-01
5.369283556938171387e-01
5.369312167167663574e-01
5.369327068328857422e-01
5.369324684143066406e-01
5.369305014610290527e-01
5.369266867637634277e-01
5.369207859039306641e-01
5.369135737419128418e-01
5.369045734405517578e-01
5.368939042091369629e-01
5.368815064430236816e-01
5.368673205375671387e-01
5.368514657020568848e-01
5.368339419364929199e-01
5.368146896362304688e-01
5.367937684059143066e-01
5.367711782455444336e-01
5.367467999458312988e-01
5.367208719253540039e-01
5.366932749748229980e-01
5.366640090942382812e-01
5.366331338882446289e-01
5.366005897521972656e-01
5.365663766860961914e-01
5.365305542945861816e-01
5.364931225776672363e-01
5.364541411399841309e-01
5.364131927490234375e-01
5.363709330558776855e-01
5.363271832466125488e-01
5.362817049026489258e-01
5.362347960472106934e-01
5.361862778663635254e-01
5.361362099647521973e-01
5.360987782478332520e-01
5.360665917396545410e-01
5.360327363014221191e-01
5.359966158866882324e-01
5.359590649604797363e-01
5.359198451042175293e-01
5.358787178993225098e-01
5.358358621597290039e-01
5.357911586761474609e-01
5.357447266578674316e-01
5.356965661048889160e-01
5.356464982032775879e-01
5.355948209762573242e-01
5.355409979820251465e-01
5.354852676391601562e-01
5.354282259941101074e-01
5.353693366050720215e-01
5.353087186813354492e-01
5.352462530136108398e-01
5.351819396018981934e-01
5.351159572601318359e-01
5.350480675697326660e-01
5.349783897399902344e-01
5.349068641662597656e-01
5.348332524299621582e-01
5.347580313682556152e-01
5.346809029579162598e-01
5.346020460128784180e-01
5.345211625099182129e-01
5.344384312629699707e-01
5.343537330627441406e-01
5.342670679092407227e-01
5.341785550117492676e-01
5.340879559516906738e-01
5.339950919151306152e-01
5.339004397392272949e-01
5.338037014007568359e-01
5.337049961090087891e-01
5.336040854454040527e-01
5.335010886192321777e-01
5.333958268165588379e-01
5.332884788513183594e-01
5.331787467002868652e-01
5.330667495727539062e-01
5.329522490501403809e-01
5.328356027603149414e-01
5.327166318893432617e-01
5.325950980186462402e-01
5.324710607528686523e-01
5.323446393013000488e-01
5.322154760360717773e-01
5.320838093757629395e-01
5.319494009017944336e-01
5.318121910095214844e-01
5.316721200942993164e-01
5.315293073654174805e-01
5.313837528228759766e-01
5.312350392341613770e-01
5.310833454132080078e-01
5.309287905693054199e-01
5.307708978652954102e-01
5.306099653244018555e-01
5.304455757141113281e-01
5.302780270576477051e-01
5.301067233085632324e-01
5.299321413040161133e-01
5.297542214393615723e-01
5.295724868774414062e-01
5.293872356414794922e-01
5.291980504989624023e-01
5.290050506591796875e-01
5.288163423538208008e-01
5.286353230476379395e-01
5.284505486488342285e-01
5.282614231109619141e-01
5.280683636665344238e-01
5.278708338737487793e-01
5.276690125465393066e-01
5.274627804756164551e-01
5.272521972656250000e-01
5.270372629165649414e-01
5.268175601959228516e-01
5.265932083129882812e-01
5.263641476631164551e-01
5.261302590370178223e-01
5.258917808532714844e-01
5.256481170654296875e-01
5.253995060920715332e-01
5.251457691192626953e-01
5.248869657516479492e-01
5.246231555938720703e-01
5.243538618087768555e-01
5.240792036056518555e-01
5.237991213798522949e-01
5.235136151313781738e-01
5.232227444648742676e-01
5.229260325431823730e-01
5.226236581802368164e-01
5.223155617713928223e-01
5.220016241073608398e-01
5.216820240020751953e-01
5.213566422462463379e-01
5.210248827934265137e-01
5.206871032714843750e-01
5.203431248664855957e-01
5.199930071830749512e-01
5.196368098258972168e-01
5.192730426788330078e-01
5.189039111137390137e-01
5.185284018516540527e-01
5.181464552879333496e-01
5.177581906318664551e-01
5.173630714416503906e-01
5.169613361358642578e-01
5.165529251098632812e-01
5.161377787590026855e-01
5.157161355018615723e-01
5.152873396873474121e-01
5.148516893386840820e-01
5.144091844558715820e-01
5.139597058296203613e-01
5.135034322738647461e-01
5.130399465560913086e-01
5.125693082809448242e-01
5.120915770530700684e-01
5.116067528724670410e-01
5.111150741577148438e-01
5.106158852577209473e-01
5.101094245910644531e-01
5.095962882041931152e-01
5.090753436088562012e-01
5.085473656654357910e-01
5.080118775367736816e-01
5.074689388275146484e-01
5.069187283515930176e-01
5.063592195510864258e-01
5.057945251464843750e-01
5.052221417427062988e-01
5.046423077583312988e-01
5.040551424026489258e-01
5.034605264663696289e-01
5.028588175773620605e-01
5.022493600845336914e-01
5.016325712203979492e-01
5.010082721710205078e-01
5.003766417503356934e-01
4.997379481792449951e-01
4.990932047367095947e-01
4.984663128852844238e-01
4.978322982788085938e-01
4.971911609172821045e-01
4.965435564517974854e-01
4.958888590335845947e-01
4.952278137207031250e-01
4.945600032806396484e-01
4.938851892948150635e-01
4.932040572166442871e-01
4.925133585929870605e-01
4.918189942836761475e-01
4.911180436611175537e-01
4.904101192951202393e-01
4.896960258483886719e-01
4.889750778675079346e-01
4.882481396198272705e-01
4.875147044658660889e-01
4.867745339870452881e-01
4.860284626483917236e-01
4.852755963802337646e-01
4.845170080661773682e-01
4.837498366832733154e-01
4.829788208007812500e-01
4.822017252445220947e-01
4.814181029796600342e-01
4.806289672851562500e-01
4.798333048820495605e-01
4.790323078632354736e-01
4.782254397869110107e-01
4.774121642112731934e-01
4.765937626361846924e-01
4.757691025733947754e-01
4.749393165111541748e-01
4.741005599498748779e-01
4.732596874237060547e-01
4.724134504795074463e-01
4.715611040592193604e-01
4.707041084766387939e-01
4.698412716388702393e-01
4.689737260341644287e-01
4.681011736392974854e-01
4.672238230705261230e-01
4.663410782814025879e-01
4.654528796672821045e-01
4.645604193210601807e-01
4.636593461036682129e-01
4.627573192119598389e-01
4.618507027626037598e-01
4.609388411045074463e-01
4.600229859352111816e-01
4.591021239757537842e-01
4.581775665283203125e-01
4.572485983371734619e-01
4.563148617744445801e-01
4.553776383399963379e-01
4.544355869293212891e-01
4.534902572631835938e-01
4.525377452373504639e-01
4.515839815139770508e-01
4.506269991397857666e-01
4.496657252311706543e-01
4.487015604972839355e-01
4.477339684963226318e-01
4.467627704143524170e-01
4.457882046699523926e-01
4.448094666004180908e-01
4.438282549381256104e-01
4.428431987762451172e-01
4.418524801731109619e-01
4.408619403839111328e-01
4.398677945137023926e-01
4.388715624809265137e-01
4.378716945648193359e-01
4.368700385093688965e-01
4.358648657798767090e-01
4.348579049110412598e-01
4.338485598564147949e-01
4.328360259532928467e-01
4.318184852600097656e-01
4.308013617992401123e-01
4.297828376293182373e-01
4.287668764591217041e-01
4.278031587600708008e-01
4.268381297588348389e-01
4.258706569671630859e-01
4.249037206172943115e-01
4.239314496517181396e-01
4.229614138603210449e-01
4.219891130924224854e-01
4.210177958011627197e-01
4.200446307659149170e-01
4.190705418586730957e-01
4.180953800678253174e-01
4.171163141727447510e-01
4.161399304866790771e-01
4.151627421379089355e-01
4.141860008239746094e-01
4.132067859172821045e-01
4.122279584407806396e-01
4.112497866153717041e-01
4.102669656276702881e-01
4.092860519886016846e-01
4.083059728145599365e-01
4.073266983032226562e-01
4.063463211059570312e-01
4.053657650947570801e-01
4.043841361999511719e-01
4.034013748168945312e-01
4.024208784103393555e-01
4.014406204223632812e-01
4.004604220390319824e-01
3.994804918766021729e-01
3.985009193420410156e-01
3.975216746330261230e-01
3.965438604354858398e-01
3.955610394477844238e-01
3.945831060409545898e-01
3.936056494712829590e-01
3.926297128200531006e-01
3.916524648666381836e-01
3.906769156455993652e-01
3.897030055522918701e-01
3.887257874011993408e-01
3.877514004707336426e-01
3.867788910865783691e-01
3.858083784580230713e-01
3.848377764225006104e-01
3.838681578636169434e-01
3.828983306884765625e-01
3.819287121295928955e-01
3.809622526168823242e-01
3.799968063831329346e-01
3.790326118469238281e-01
3.780696392059326172e-01
3.771078288555145264e-01
3.761473894119262695e-01
3.751893639564514160e-01
3.742274940013885498e-01
3.732709884643554688e-01
3.723171353340148926e-01
3.713636398315429688e-01
3.704105317592620850e-01
3.694600462913513184e-01
3.685121834278106689e-01
3.675617575645446777e-01
3.666150569915771484e-01
3.656709492206573486e-01
3.647295832633972168e-01
3.637888431549072266e-01
3.628498911857604980e-01
3.619098961353302002e-01
3.609744310379028320e-01
3.600408434867858887e-01
3.591091036796569824e-01
3.581792414188385010e-01
3.572484254837036133e-01
3.563223481178283691e-01
3.553981482982635498e-01
3.544771075248718262e-01
3.535559475421905518e-01
3.526377975940704346e-01
3.517199456691741943e-01
3.508058786392211914e-01
3.498930037021636963e-01
3.489829897880554199e-01
3.480763733386993408e-01
3.471680581569671631e-01
3.462644815444946289e-01
3.453622460365295410e-01
3.444643020629882812e-01
3.436309099197387695e-01
3.428163826465606689e-01
3.420053720474243164e-01
3.411966860294342041e-01
3.403908908367156982e-01
3.395873308181762695e-01
3.387831747531890869e-01
3.379827141761779785e-01
3.371854126453399658e-01
3.363890945911407471e-01
3.355959653854370117e-01
3.348015546798706055e-01
3.340128362178802490e-01
3.332262039184570312e-01
3.324416577816009521e-01
3.316584527492523193e-01
3.308747708797454834e-01
3.300967514514923096e-01
3.293210864067077637e-01
3.285476267337799072e-01
3.277753293514251709e-01
3.270037770271301270e-01
3.262369334697723389e-01
3.254710435867309570e-01
3.247078061103820801e-01
3.239476382732391357e-01
3.231897950172424316e-01
3.224315941333770752e-01
3.216773569583892822e-01
3.209261894226074219e-01
3.201760649681091309e-01
3.194294869899749756e-01
3.186819255352020264e-01
3.179397881031036377e-01
3.172000646591186523e-01
3.164625763893127441e-01
3.157264292240142822e-01
3.149899542331695557e-01
3.142593204975128174e-01
3.135309815406799316e-01
3.128039836883544922e-01
3.120802640914916992e-01
3.113565742969512939e-01
3.106361627578735352e-01
3.099184334278106689e-01
3.092038631439208984e-01
3.084915280342102051e-01
3.077794015407562256e-01
3.070709407329559326e-01
3.063655495643615723e-01
3.056612610816955566e-01
3.049605488777160645e-01
3.042590916156768799e-01
3.035629093647003174e-01
3.028691112995147705e-01
3.021775782108306885e-01
3.014853596687316895e-01
3.007972538471221924e-01
3.001126348972320557e-01
2.994303405284881592e-01
2.987473607063293457e-01
2.980696558952331543e-01
2.973942458629608154e-01
2.967210114002227783e-01
2.960461974143981934e-01
2.953776419162750244e-01
2.947112917900085449e-01
2.940473556518554688e-01
2.933836877346038818e-01
2.927234172821044922e-01
2.920662462711334229e-01
2.914102971553802490e-01
2.907557487487792969e-01
2.901045978069305420e-01
2.894565761089324951e-01
2.888107597827911377e-01
2.881652712821960449e-01
2.875232398509979248e-01
2.868831157684326172e-01
2.862462699413299561e-01
2.856099009513854980e-01
2.849768698215484619e-01
2.843468785285949707e-01
2.837190330028533936e-01
2.830916643142700195e-01
2.824664711952209473e-01
2.818452715873718262e-01
2.812264263629913330e-01
2.806079983711242676e-01
2.799926996231079102e-01
2.793805301189422607e-01
2.787704765796661377e-01
2.781596481800079346e-01
2.775533199310302734e-01
2.769498825073242188e-01
2.763503491878509521e-01
2.757603824138641357e-01
2.751716077327728271e-01
2.745869457721710205e-01
2.740009725093841553e-01
2.734201550483703613e-01
2.728404104709625244e-01
2.722647786140441895e-01
2.716878950595855713e-01
2.711161077022552490e-01
2.705461084842681885e-01
2.699786722660064697e-01
2.694107592105865479e-01
2.688478529453277588e-01
2.682866156101226807e-01
2.677280604839324951e-01
2.671689987182617188e-01
2.666147947311401367e-01
2.660624086856842041e-01
2.655126154422760010e-01
2.649621665477752686e-01
2.644174098968505859e-01
2.638729810714721680e-01
2.633317410945892334e-01
2.627899348735809326e-01
2.622537016868591309e-01
2.617178261280059814e-01
2.611850202083587646e-01
2.606525123119354248e-01
2.601239979267120361e-01
2.595964372158050537e-01
2.590721249580383301e-01
2.585479617118835449e-01
2.580277621746063232e-01
2.575085163116455078e-01
2.569930851459503174e-01
2.564765214920043945e-01
2.559644877910614014e-01
2.554534971714019775e-01
2.549448311328887939e-01
2.544377744197845459e-01
2.539338767528533936e-01
2.534295320510864258e-01
2.529302239418029785e-01
2.524312734603881836e-01
2.519339919090270996e-01
2.514396309852600098e-01
2.509475946426391602e-01
2.504551410675048828e-01
2.499671429395675659e-01
2.494805157184600830e-01
2.489950507879257202e-01
2.485117167234420776e-01
2.480319887399673462e-01
2.475512176752090454e-01
2.470747530460357666e-01
2.465991228818893433e-01
2.461256831884384155e-01
2.456538230180740356e-01
2.451849430799484253e-01
2.447160929441452026e-01
2.442509531974792480e-01
2.437866181135177612e-01
2.433238029479980469e-01
2.428637444972991943e-01
2.424059957265853882e-01
2.419489622116088867e-01
2.414935976266860962e-01
2.410408407449722290e-01
2.405903488397598267e-01
2.401393353939056396e-01
2.396930158138275146e-01
2.392469197511672974e-01
2.388023287057876587e-01
2.383597344160079956e-01
2.379205077886581421e-01
2.374802529811859131e-01
2.370439767837524414e-01
2.366089671850204468e-01
2.361750602722167969e-01
2.357429265975952148e-01
2.353135943412780762e-01
2.348843961954116821e-01
2.344584465026855469e-01
2.340332418680191040e-01
2.336101531982421875e-01
2.331882864236831665e-01
2.327691614627838135e-01
2.323496490716934204e-01
2.319344282150268555e-01
2.315192669630050659e-01
2.311057299375534058e-01
2.306939065456390381e-01
2.302852421998977661e-01
2.298767417669296265e-01
2.294698059558868408e-01
2.290650010108947754e-01
2.286624014377593994e-01
2.282592952251434326e-01
2.278598248958587646e-01
2.274615615606307983e-01
2.270642817020416260e-01
2.266686558723449707e-01
2.262811809778213501e-01
2.259550690650939941e-01
2.256320714950561523e-01
2.253092527389526367e-01
2.249870449304580688e-01
2.246675342321395874e-01
2.243480980396270752e-01
2.240298241376876831e-01
2.237122058868408203e-01
2.233971506357192993e-01
2.230812460184097290e-01
2.227684408426284790e-01
2.224567830562591553e-01
2.221437245607376099e-01
2.218342125415802002e-01
2.215248644351959229e-01
2.212166041135787964e-01
2.209089398384094238e-01
2.206028848886489868e-01
2.202988117933273315e-01
2.199949175119400024e-01
2.196916490793228149e-01
2.193898856639862061e-01
2.190891802310943604e-01
2.187895625829696655e-01
2.184914946556091309e-01
2.181939780712127686e-01
2.178975194692611694e-01
2.176021784543991089e-01
2.173077911138534546e-01
2.170149832963943481e-01
2.167218178510665894e-01
2.164315432310104370e-01
2.161422669887542725e-01
2.158517390489578247e-01
2.155645638704299927e-01
2.152765393257141113e-01
2.149913609027862549e-01
2.147058397531509399e-01
2.144218087196350098e-01
2.141396850347518921e-01
2.138567566871643066e-01
2.135761678218841553e-01
2.132961004972457886e-01
2.130171060562133789e-01
2.127390652894973755e-01
2.124620378017425537e-01
2.121864259243011475e-01
2.119112759828567505e-01
2.116371989250183105e-01
2.113640457391738892e-01
2.110914885997772217e-01
2.108202129602432251e-01
2.105508744716644287e-01
2.102817147970199585e-01
2.100129276514053345e-01
2.097455859184265137e-01
2.094791680574417114e-01
2.092145830392837524e-01
2.089487463235855103e-01
2.086860686540603638e-01
2.084242999553680420e-01
2.081617414951324463e-01
2.079018205404281616e-01
2.076407670974731445e-01
2.073826640844345093e-01
2.071246206760406494e-01
2.068676799535751343e-01
2.066110372543334961e-01
2.063558846712112427e-01
2.061023861169815063e-01
2.058489173650741577e-01
2.055960744619369507e-01
2.053443938493728638e-01
2.050938010215759277e-01
2.048438787460327148e-01
2.045953571796417236e-01
2.043474316596984863e-01
2.041002064943313599e-01
2.038540095090866089e-01
2.036085426807403564e-01
2.033644467592239380e-01
2.031200081110000610e-01
2.028780579566955566e-01
2.026362866163253784e-01
2.023947387933731079e-01
2.021553665399551392e-01
2.019153088331222534e-01
2.016776055097579956e-01
2.014395296573638916e-01
2.012028992176055908e-01
2.009677886962890625e-01
2.007319480180740356e-01
2.004981189966201782e-01
2.002646476030349731e-01
2.000322192907333374e-01
1.998004168272018433e-01
1.995692998170852661e-01
1.993399858474731445e-01
1.991100609302520752e-01
1.988824307918548584e-01
1.986541599035263062e-01
1.984277367591857910e-01
1.982011049985885620e-01
1.979767233133316040e-01
1.977525055408477783e-01
1.975285112857818604e-01
1.973059922456741333e-01
1.970839202404022217e-01
1.968635767698287964e-01
1.966421753168106079e-01
1.964233666658401489e-01
1.962048262357711792e-01
1.959799677133560181e-01
1.957532614469528198e-01
1.955274939537048340e-01
1.953023523092269897e-01
1.950785368680953979e-01
1.948549002408981323e-01
1.946326047182083130e-01
1.944113820791244507e-01
1.941905766725540161e-01
1.939696669578552246e-01
1.937504112720489502e-01
1.935319006443023682e-01
1.933135986328125000e-01
1.930965930223464966e-01
1.928798258304595947e-01
1.926642507314682007e-01
1.924498081207275391e-01
1.922353953123092651e-01
1.920215636491775513e-01
1.918089836835861206e-01
1.915966719388961792e-01
1.913855373859405518e-01
1.911746561527252197e-01
1.909650266170501709e-01
1.907556205987930298e-01
1.905478388071060181e-01
1.903403699398040771e-01
1.901330947875976562e-01
1.899270415306091309e-01
1.897212117910385132e-01
1.895165890455245972e-01
1.893121600151062012e-01
1.891089826822280884e-01
1.889064460992813110e-01
1.887046396732330322e-01
1.885030716657638550e-01
1.883026510477066040e-01
1.881024986505508423e-01
1.879034936428070068e-01
1.877047121524810791e-01
1.875067502260208130e-01
1.873097866773605347e-01
1.871138811111450195e-01
1.869183331727981567e-01
1.867229640483856201e-01
1.865287572145462036e-01
1.863348335027694702e-01
1.861419677734375000e-01
1.859490126371383667e-01
1.857575178146362305e-01
1.855662614107131958e-01
1.853768825531005859e-01
1.851869970560073853e-01
1.849981546401977539e-01
1.848095655441284180e-01
1.846220493316650391e-01
1.844348907470703125e-01
1.842483133077621460e-01
1.840627491474151611e-01
1.838774830102920532e-01
1.836940348148345947e-01
1.835100650787353516e-01
1.833271384239196777e-01
1.831441670656204224e-01
1.829624921083450317e-01
1.827811598777770996e-01
1.826007962226867676e-01
1.824207007884979248e-01
1.822424083948135376e-01
1.820636242628097534e-01
1.818858087062835693e-01
1.817079633474349976e-01
1.815314143896102905e-01
1.813551783561706543e-01
1.811795383691787720e-01
1.810048818588256836e-01
1.808305084705352783e-01
1.806578636169433594e-01
1.804847419261932373e-01
1.803122758865356445e-01
1.801404058933258057e-01
1.799694448709487915e-01
1.797988116741180420e-01
1.796291023492813110e-01
1.794596612453460693e-01
1.792908906936645508e-01
1.791234463453292847e-01
1.789558678865432739e-01
1.787891834974288940e-01
1.786228269338607788e-01
1.784573346376419067e-01
1.782921850681304932e-01
1.781279146671295166e-01
1.779639869928359985e-01
1.778005659580230713e-01
1.776385456323623657e-01
1.774764060974121094e-01
1.773150563240051270e-01
1.771540939807891846e-01
1.769939512014389038e-01
1.768341362476348877e-01
1.766751706600189209e-01
1.765162646770477295e-01
1.763584613800048828e-01
1.762017160654067993e-01
1.760450750589370728e-01
1.758887767791748047e-01
1.757330298423767090e-01
1.755781024694442749e-01
1.754232496023178101e-01
1.752694696187973022e-01
1.751160323619842529e-01
1.749641299247741699e-01
1.748118251562118530e-01
1.746603101491928101e-01
1.745091527700424194e-01
1.743585914373397827e-01
1.742084473371505737e-01
1.740589737892150879e-01
1.739102900028228760e-01
1.737619042396545410e-01
1.736150532960891724e-01
1.734637916088104248e-01
1.733048111200332642e-01
1.731452494859695435e-01
1.729871183633804321e-01
1.728289574384689331e-01
1.726717352867126465e-01
1.725145429372787476e-01
1.723587363958358765e-01
1.722026467323303223e-01
1.720476597547531128e-01
1.718929260969161987e-01
1.717390120029449463e-01
1.715858280658721924e-01
1.714325845241546631e-01
1.712804436683654785e-01
1.711280196905136108e-01
1.709771156311035156e-01
1.708259135484695435e-01
1.706757992506027222e-01
1.705259382724761963e-01
1.703768968582153320e-01
1.702277958393096924e-01
1.700800955295562744e-01
1.699320971965789795e-01
1.697854250669479370e-01
1.696384549140930176e-01
1.694926321506500244e-01
1.693468838930130005e-01
1.692021638154983521e-01
1.690579056739807129e-01
1.689138114452362061e-01
1.687705665826797485e-01
1.686272770166397095e-01
1.684853434562683105e-01
1.683429628610610962e-01
1.682019084692001343e-01
1.680608242750167847e-01
1.679207980632781982e-01
1.677804738283157349e-01
1.676416546106338501e-01
1.675024330615997314e-01
1.673643589019775391e-01
1.672263592481613159e-01
1.670893579721450806e-01
1.669528186321258545e-01
1.668163537979125977e-01
1.666808575391769409e-01
1.665451228618621826e-01
1.664109081029891968e-01
1.662761867046356201e-01
1.661426573991775513e-01
1.660092025995254517e-01
1.658766865730285645e-01
1.657439768314361572e-01
1.656126827001571655e-01
1.654809862375259399e-01
1.653504520654678345e-01
1.652199327945709229e-01
1.650903820991516113e-01
1.649613082408905029e-01
1.648323088884353638e-01
1.647041887044906616e-01
1.645759046077728271e-01
1.644490212202072144e-01
1.643217056989669800e-01
1.641955375671386719e-01
1.640694439411163330e-01
1.639442145824432373e-01
1.638188511133193970e-01
1.636948436498641968e-01
1.635703891515731812e-01
1.634471118450164795e-01
1.633238941431045532e-01
1.632015407085418701e-01
1.630796641111373901e-01
1.629578173160552979e-01
1.628369390964508057e-01
1.627158075571060181e-01
1.625960469245910645e-01
1.624758839607238770e-01
1.623568385839462280e-01
1.622377932071685791e-01
1.621197164058685303e-01
1.620014309883117676e-01
1.618844121694564819e-01
1.617670655250549316e-01
1.616507619619369507e-01
1.615345329046249390e-01
1.614192277193069458e-01
1.613038629293441772e-01
1.611894369125366211e-01
1.610755175352096558e-01
1.609614938497543335e-01
1.608484536409378052e-01
1.607351154088973999e-01
1.606232374906539917e-01
1.605108976364135742e-01
1.603995710611343384e-01
1.602883636951446533e-01
1.601780503988265991e-01
1.600674092769622803e-01
1.599581837654113770e-01
1.598485708236694336e-01
1.597398817539215088e-01
1.596313714981079102e-01
1.595235913991928101e-01
1.594163924455642700e-01
1.593091785907745361e-01
1.592027097940444946e-01
1.590961813926696777e-01
1.589909195899963379e-01
1.588851213455200195e-01
1.587805598974227905e-01
1.586759835481643677e-01
1.585721224546432495e-01
1.584682017564773560e-01
1.583653986454010010e-01
1.582623571157455444e-01
1.581603735685348511e-01
1.580582261085510254e-01
1.579570919275283813e-01
1.578563749790191650e-01
1.577555239200592041e-01
1.576556563377380371e-01
1.575556099414825439e-01
1.574566215276718140e-01
1.573574095964431763e-01
1.572592705488204956e-01
1.571611016988754272e-01
1.570635885000228882e-01
1.569660604000091553e-01
1.568697690963745117e-01
1.567728966474533081e-01
1.566772311925888062e-01
1.565770655870437622e-01
1.564379036426544189e-01
1.562982201576232910e-01
1.561601310968399048e-01
1.560224145650863647e-01
1.558845192193984985e-01
1.557478755712509155e-01
1.556113064289093018e-01
1.554757207632064819e-01
1.553399711847305298e-01
1.552054584026336670e-01
1.550710350275039673e-01
1.549375504255294800e-01
1.548045426607131958e-01
1.546715348958969116e-01
1.545398235321044922e-01
1.544075906276702881e-01
1.542769521474838257e-01
1.541460454463958740e-01
1.540164351463317871e-01
1.538862884044647217e-01
1.537577509880065918e-01
1.536289155483245850e-01
1.535011082887649536e-01
1.533739566802978516e-01
1.532468497753143311e-01
1.531207114458084106e-01
1.529943645000457764e-01
1.528692394495010376e-01
1.527442336082458496e-01
1.526201516389846802e-01
1.524958461523056030e-01
1.523727774620056152e-01
1.522503942251205444e-01
1.521274447441101074e-01
1.520060598850250244e-01
1.518844515085220337e-01
1.517640948295593262e-01
1.516431272029876709e-01
1.515237838029861450e-01
1.514041870832443237e-01
1.512855142354965210e-01
1.511668860912322998e-01
1.510495692491531372e-01
1.509325653314590454e-01
1.508152484893798828e-01
1.506992280483245850e-01
