7.672503590583801270e-01
7.704827189445495605e-01
7.740995287895202637e-01
7.778532505035400391e-01
7.815759778022766113e-01
7.852112650871276855e-01
7.886967062950134277e-01
7.921521663665771484e-01
7.958251237869262695e-01
8.000231385231018066e-01
8.052713274955749512e-01
8.116850256919860840e-01
8.192262053489685059e-01
8.277169466018676758e-01
8.368054032325744629e-01
8.458787798881530762e-01
8.541381359100341797e-01
8.611985445022583008e-01
8.675971031188964844e-01
8.738552927970886230e-01
8.802546858787536621e-01
8.867805004119873047e-01
8.932773470878601074e-01
8.993166685104370117e-01
9.044100046157836914e-01
9.080647826194763184e-01
9.100496768951416016e-01
9.102334976196289062e-01
9.085854291915893555e-01
9.052385091781616211e-01
9.004407525062561035e-01
8.945175409317016602e-01
8.878109455108642578e-01
8.806555867195129395e-01
8.733430504798889160e-01
8.661450743675231934e-01
8.592466711997985840e-01
8.528717160224914551e-01
8.469715118408203125e-01
8.416572809219360352e-01
8.370872735977172852e-01
8.333208560943603516e-01
8.301904797554016113e-01
8.271971940994262695e-01
8.244612812995910645e-01
8.223983049392700195e-01
8.210049867630004883e-01
8.201480507850646973e-01
8.197027444839477539e-01
8.195618391036987305e-01
8.196021318435668945e-01
8.195673823356628418e-01
8.195524811744689941e-01
8.194965720176696777e-01
8.193760514259338379e-01
8.192209005355834961e-01
8.191173076629638672e-01
8.192321658134460449e-01
8.197225928306579590e-01
8.206882476806640625e-01
8.221837282180786133e-01
8.241590857505798340e-01
8.264600634574890137e-01
8.289063572883605957e-01
8.313311934471130371e-01
8.340677022933959961e-01
8.360846042633056641e-01
8.368787169456481934e-01
8.376211524009704590e-01
8.384765982627868652e-01
8.395874500274658203e-01
8.410565257072448730e-01
8.430119156837463379e-01
8.455294370651245117e-01
8.486033082008361816e-01
8.522057533264160156e-01
8.562905788421630859e-01
8.607989549636840820e-01
8.656826615333557129e-01
8.710970282554626465e-01
8.776336908340454102e-01
8.840231299400329590e-01
8.870860934257507324e-01
8.924059867858886719e-01
8.972162008285522461e-01
9.015236496925354004e-01
9.052589535713195801e-01
9.083485603332519531e-01
9.107069373130798340e-01
9.123102426528930664e-01
9.131551980972290039e-01
9.132460355758666992e-01
9.126159548759460449e-01
9.112989306449890137e-01
9.093109965324401855e-01
9.067893624305725098e-01
9.038348197937011719e-01
9.005578160285949707e-01
8.970515727996826172e-01
8.934264779090881348e-01
8.897891044616699219e-01
8.862358331680297852e-01
8.829532861709594727e-01
8.798946142196655273e-01
8.771149516105651855e-01
8.746325373649597168e-01
8.724550008773803711e-01
8.705302476882934570e-01
8.687685728073120117e-01
8.670061230659484863e-01
8.649793863296508789e-01
8.625391721725463867e-01
8.595830798149108887e-01
8.561054468154907227e-01
8.522633910179138184e-01
8.482775092124938965e-01
8.444139361381530762e-01
8.408568501472473145e-01
8.377290368080139160e-01
8.351223468780517578e-01
8.330121040344238281e-01
8.313689231872558594e-01
8.301572799682617188e-01
8.293242454528808594e-01
8.288092017173767090e-01
8.285433053970336914e-01
8.284503221511840820e-01
8.284548521041870117e-01
8.284974694252014160e-01
8.284511566162109375e-01
8.282328844070434570e-01
8.277639746665954590e-01
8.269838690757751465e-01
8.258488178253173828e-01
8.243372440338134766e-01
8.224474787712097168e-01
8.202095627784729004e-01
8.175858855247497559e-01
8.146824836730957031e-01
8.115995526313781738e-01
8.084097504615783691e-01
8.051882982254028320e-01
8.020201325416564941e-01
7.989694476127624512e-01
7.960941195487976074e-01
7.934551239013671875e-01
7.911002039909362793e-01
7.891077399253845215e-01
7.874643206596374512e-01
7.861911654472351074e-01
7.849746942520141602e-01
7.848793268203735352e-01
7.852075099945068359e-01
7.859574556350708008e-01
7.871342897415161133e-01
7.887355089187622070e-01
7.907542586326599121e-01
7.932709455490112305e-01
7.961769700050354004e-01
7.994221448898315430e-01
8.029702305793762207e-01
8.067601919174194336e-01
8.106959462165832520e-01
8.146643638610839844e-01
8.185327649116516113e-01
8.221403956413269043e-01
8.252956867218017578e-01
8.279070258140563965e-01
8.300233483314514160e-01
8.319013714790344238e-01
8.340672254562377930e-01
8.370812535285949707e-01
8.412857651710510254e-01
8.466224670410156250e-01
8.527824282646179199e-01
8.593493103981018066e-01
8.659590482711791992e-01
8.722907304763793945e-01
8.781403303146362305e-01
8.833984136581420898e-01
8.879994750022888184e-01
8.918927311897277832e-01
8.950814008712768555e-01
8.975509405136108398e-01
8.993323445320129395e-01
9.004455804824829102e-01
9.009383916854858398e-01
9.008557200431823730e-01
9.002543091773986816e-01
8.991926312446594238e-01
8.977451920509338379e-01
8.959615230560302734e-01
8.939066529273986816e-01
8.916274309158325195e-01
8.891847133636474609e-01
8.866193294525146484e-01
8.839766383171081543e-01
8.812851309776306152e-01
8.785721063613891602e-01
8.758617043495178223e-01
8.731725811958312988e-01
8.705222606658935547e-01
8.679127693176269531e-01
8.653703927993774414e-01
8.629118800163269043e-01
8.605553507804870605e-01
8.583143353462219238e-01
8.562193512916564941e-01
8.542861938476562500e-01
8.525332808494567871e-01
8.509786128997802734e-01
8.496366143226623535e-01
8.485200405120849609e-01
8.476306796073913574e-01
8.469144105911254883e-01
8.463612198829650879e-01
8.460268974304199219e-01
8.458914160728454590e-01
8.459233045578002930e-01
8.460838794708251953e-01
8.463172912597656250e-01
8.465543389320373535e-01
8.467060327529907227e-01
8.466662168502807617e-01
8.463029265403747559e-01
8.454712629318237305e-01
8.440334200859069824e-01
8.419539332389831543e-01
8.394204974174499512e-01
8.369012475013732910e-01
8.351588249206542969e-01
8.346623778343200684e-01
8.351518511772155762e-01
8.358802199363708496e-01
8.361685276031494141e-01
8.356744647026062012e-01
8.343235254287719727e-01
8.321700096130371094e-01
8.293359875679016113e-01
8.259301781654357910e-01
8.220900297164916992e-01
8.179246187210083008e-01
8.135614395141601562e-01
8.090696334838867188e-01
8.045781850814819336e-01
8.001705408096313477e-01
7.960050702095031738e-01
7.922464013099670410e-01
7.893263697624206543e-01
7.910161614418029785e-01
7.894594073295593262e-01
7.862709164619445801e-01
7.830208539962768555e-01
7.798953652381896973e-01
7.769494652748107910e-01
7.742022871971130371e-01
7.716702222824096680e-01
7.693786025047302246e-01
7.673498988151550293e-01
7.655767798423767090e-01
7.640731930732727051e-01
7.628350853919982910e-01
7.618581652641296387e-01
7.611489295959472656e-01
7.607010006904602051e-01
7.605166435241699219e-01
7.605933547019958496e-01
7.609333992004394531e-01
7.615419030189514160e-01
7.624329328536987305e-01
7.636300325393676758e-01
7.651951313018798828e-01
7.671548724174499512e-01
7.694967985153198242e-01
7.716213464736938477e-01
7.692515850067138672e-01
7.584404945373535156e-01
7.586637139320373535e-01
7.636920213699340820e-01
7.682563662528991699e-01
7.722671031951904297e-01
7.759664654731750488e-01
7.795423269271850586e-01
7.830694913864135742e-01
7.866168618202209473e-01
7.901946306228637695e-01
7.938440442085266113e-01
7.975623011589050293e-01
8.013538122177124023e-01
8.052093982696533203e-01
8.091144561767578125e-01
8.130877614021301270e-01
8.171012401580810547e-01
8.211732506752014160e-01
8.252846598625183105e-01
8.294171690940856934e-01
8.335866928100585938e-01
8.377616405487060547e-01
8.419582843780517578e-01
8.461568951606750488e-01
8.503360152244567871e-01
8.545127511024475098e-01
8.586538434028625488e-01
8.627884984016418457e-01
8.668960332870483398e-01
8.709419965744018555e-01
8.749433755874633789e-01
8.788688182830810547e-01
8.827248811721801758e-01
8.865051269531250000e-01
8.902040719985961914e-01
8.938167691230773926e-01
8.973274230957031250e-01
9.007551670074462891e-01
9.040846824645996094e-01
9.073129892349243164e-01
9.104371666908264160e-01
9.134553670883178711e-01
9.163565039634704590e-01
9.191579222679138184e-01
9.218487739562988281e-01
9.244332909584045410e-01
9.269050955772399902e-01
9.292633533477783203e-01
9.315015077590942383e-01
9.336358308792114258e-01
9.356600642204284668e-01
9.375759959220886230e-01
9.393795728683471680e-01
9.410795569419860840e-01
9.426838159561157227e-01
9.441841244697570801e-01
9.455890059471130371e-01
9.469012618064880371e-01
9.481244683265686035e-01
9.492617845535278320e-01
9.503205418586730957e-01
9.512965083122253418e-01
9.521972537040710449e-01
9.530279040336608887e-01
9.537963867187500000e-01
9.545006752014160156e-01
9.551439881324768066e-01
9.557318091392517090e-01
9.562623500823974609e-01
9.567411541938781738e-01
9.571711421012878418e-01
9.575549364089965820e-01
9.578952193260192871e-01
9.581944942474365234e-01
9.584552049636840820e-01
9.586779475212097168e-01
9.588681459426879883e-01
9.590246677398681641e-01
9.591524600982666016e-01
9.592515826225280762e-01
9.593224525451660156e-01
9.593692421913146973e-01
9.593905806541442871e-01
9.593952298164367676e-01
9.593802094459533691e-01
9.593438506126403809e-01
9.592844247817993164e-01
9.592042565345764160e-01
9.591010808944702148e-01
9.589763879776000977e-01
9.588273167610168457e-01
9.586541652679443359e-01
9.584541320800781250e-01
9.582240581512451172e-01
9.579622149467468262e-01
9.576637744903564453e-01
9.573250412940979004e-01
9.569408893585205078e-01
9.565058350563049316e-01
9.560136198997497559e-01
9.554575085639953613e-01
9.548301696777343750e-01
9.541239738464355469e-01
9.533309936523437500e-01
9.524432420730590820e-01
9.514559507369995117e-01
9.503619670867919922e-01
9.491540789604187012e-01
9.478254914283752441e-01
9.463699460029602051e-01
9.447824954986572266e-01
9.430583119392395020e-01
9.411948919296264648e-01
9.391900897026062012e-01
9.370436072349548340e-01
9.347560405731201172e-01
9.323300123214721680e-01
9.297692179679870605e-01
9.270791411399841309e-01
9.242747426033020020e-01
9.213460683822631836e-01
9.183199405670166016e-01
9.151868224143981934e-01
9.119763970375061035e-01
9.086787700653076172e-01
9.053251743316650391e-01
9.019199013710021973e-01
8.984901905059814453e-01
8.950139880180358887e-01
8.915246129035949707e-01
8.880214095115661621e-01
8.845009803771972656e-01
8.809967041015625000e-01
8.774935007095336914e-01
8.740225434303283691e-01
8.705682158470153809e-01
8.671610951423645020e-01
8.637828826904296875e-01
8.604634404182434082e-01
8.571850061416625977e-01
8.539738655090332031e-01
8.508126139640808105e-01
8.477262258529663086e-01
8.447064161300659180e-01
8.417562842369079590e-01
8.388773202896118164e-01
8.360714316368103027e-01
8.333412408828735352e-01
8.306857943534851074e-01
8.280810117721557617e-01
8.253638744354248047e-01
8.227093219757080078e-01
8.201348185539245605e-01
8.176323175430297852e-01
8.152021169662475586e-01
8.128440976142883301e-01
8.105584979057312012e-01
8.083446025848388672e-01
8.062023520469665527e-01
8.041315674781799316e-01
8.021315336227416992e-01
8.002019524574279785e-01
7.983418703079223633e-01
7.965509891510009766e-01
7.948284149169921875e-01
7.931728363037109375e-01
7.915847301483154297e-01
7.900626659393310547e-01
7.886105179786682129e-01
7.872178554534912109e-01
7.858887910842895508e-01
7.846263647079467773e-01
7.834212779998779297e-01
7.822771072387695312e-01
7.811911106109619141e-01
7.801260948181152344e-01
7.791196703910827637e-01
7.781736850738525391e-01
7.772814631462097168e-01
7.764449119567871094e-01
7.756652235984802246e-01
7.749369144439697266e-01
7.742630839347839355e-01
7.736389636993408203e-01
7.730654478073120117e-01
7.725427150726318359e-01
7.720662951469421387e-01
7.716380953788757324e-01
7.712569832801818848e-01
7.709201574325561523e-01
7.706277370452880859e-01
7.703784704208374023e-01
7.701708078384399414e-01
7.700039744377136230e-01
7.698766589164733887e-01
7.697877883911132812e-01
7.697366476058959961e-01
7.697215080261230469e-01
7.697414755821228027e-01
7.697964906692504883e-01
7.698838710784912109e-01
7.700105309486389160e-01
7.701755166053771973e-01
7.703723907470703125e-01
7.705960869789123535e-01
7.708484530448913574e-01
7.711287140846252441e-01
7.714343070983886719e-01
7.717644572257995605e-01
7.721216678619384766e-01
7.724999785423278809e-01
7.729011774063110352e-01
7.733253240585327148e-01
7.737725973129272461e-01
7.742393612861633301e-01
7.747256159782409668e-01
7.752348780632019043e-01
7.757601737976074219e-01
7.763049006462097168e-01
7.768670320510864258e-01
7.774477005004882812e-01
7.780450582504272461e-01
7.786601781845092773e-01
7.792910933494567871e-01
7.799389362335205078e-01
7.806020379066467285e-01
7.812814712524414062e-01
7.819754481315612793e-01
7.826851606369018555e-01
7.834052443504333496e-01
7.840391993522644043e-01
7.846847176551818848e-01
7.853450775146484375e-01
7.860193252563476562e-01
7.867087125778198242e-01
7.874121069908142090e-01
7.881295084953308105e-01
7.888596057891845703e-01
7.896037101745605469e-01
7.903607487678527832e-01
7.911303639411926270e-01
7.919120788574218750e-01
7.927051186561584473e-01
7.935102581977844238e-01
7.943263649940490723e-01
7.951530814170837402e-01
7.959851622581481934e-01
7.968308329582214355e-01
7.976862192153930664e-01
7.985455393791198730e-01
7.994174361228942871e-01
8.002960085868835449e-01
8.011770248413085938e-01
8.020691871643066406e-01
8.029667139053344727e-01
8.038690090179443359e-01
8.047696352005004883e-01
8.056793212890625000e-01
8.065916299819946289e-01
8.075007796287536621e-01
8.084231019020080566e-01
8.093560338020324707e-01
8.102827668190002441e-01
8.112141489982604980e-01
8.121435046195983887e-01
8.130642175674438477e-01
8.139874339103698730e-01
8.149059414863586426e-01
8.158153295516967773e-01
8.167245984077453613e-01
8.176273703575134277e-01
8.185245394706726074e-01
8.194099068641662598e-01
8.202878832817077637e-01
8.211640715599060059e-01
8.220273256301879883e-01
8.228887319564819336e-01
8.237379193305969238e-01
8.245838880538940430e-01
8.254188299179077148e-01
8.262470364570617676e-01
8.270736336708068848e-01
8.278906345367431641e-01
8.287071585655212402e-01
8.295159339904785156e-01
8.303270936012268066e-01
8.311317563056945801e-01
8.319420218467712402e-01
8.327492475509643555e-01
8.335595130920410156e-01
8.343806862831115723e-01
8.352040052413940430e-01
8.360425829887390137e-01
8.368397355079650879e-01
8.376285433769226074e-01
8.384295105934143066e-01
8.392517566680908203e-01
8.401030898094177246e-01
8.409756422042846680e-01
8.418844342231750488e-01
8.428217172622680664e-01
8.437954187393188477e-01
8.448169231414794922e-01
8.458769917488098145e-01
8.469857573509216309e-01
8.481461405754089355e-01
8.493635058403015137e-01
8.506482243537902832e-01
8.519896268844604492e-01
8.533994555473327637e-01
8.548809289932250977e-01
8.564378619194030762e-01
8.580821752548217773e-01
8.598007559776306152e-01
8.616044521331787109e-01
8.634957671165466309e-01
8.654780983924865723e-01
8.675637841224670410e-01
8.697324991226196289e-01
8.719959855079650879e-01
8.743546605110168457e-01
8.768079876899719238e-01
8.793668746948242188e-01
8.820050358772277832e-01
8.847307562828063965e-01
8.875404000282287598e-01
8.904283046722412109e-01
8.934039473533630371e-01
8.964411616325378418e-01
8.995579481124877930e-01
9.027171134948730469e-01
9.059083461761474609e-01
9.091192483901977539e-01
9.123369455337524414e-01
9.155470728874206543e-01
9.187341332435607910e-01
9.218844175338745117e-01
9.249815344810485840e-01
9.280093908309936523e-01
9.309523105621337891e-01
9.337947964668273926e-01
9.365216493606567383e-01
9.391184449195861816e-01
9.415714740753173828e-01
9.438681602478027344e-01
9.459972977638244629e-01
9.479489922523498535e-01
9.497143626213073730e-01
9.512870907783508301e-01
9.526611566543579102e-01
9.538332223892211914e-01
9.548009037971496582e-01
9.555634260177612305e-01
9.561216235160827637e-01
9.564775824546813965e-01
9.566347002983093262e-01
9.565972089767456055e-01
9.563707709312438965e-01
9.559612870216369629e-01
9.553760290145874023e-01
9.546220898628234863e-01
9.537077546119689941e-01
9.526407718658447266e-01
9.514299631118774414e-01
9.500886201858520508e-01
9.486159086227416992e-01
9.470182657241821289e-01
9.452738761901855469e-01
9.434187412261962891e-01
9.414603114128112793e-01
9.394140839576721191e-01
9.372721314430236816e-01
9.350485801696777344e-01
9.305366277694702148e-01
9.281202554702758789e-01
9.256568551063537598e-01
9.231327176094055176e-01
9.205628633499145508e-01
9.179518818855285645e-01
9.153040051460266113e-01
9.126232862472534180e-01
9.099246263504028320e-01
9.071906208992004395e-01
9.044348597526550293e-01
9.016606807708740234e-01
8.988717198371887207e-01
8.960698843002319336e-01
8.932701945304870605e-01
8.904513716697692871e-01
8.876278400421142578e-01
8.848017454147338867e-01
8.819748759269714355e-01
8.791607022285461426e-01
8.763387799263000488e-01
8.735218048095703125e-01
8.707233667373657227e-01
8.679227232933044434e-01
8.651322126388549805e-01
8.623641729354858398e-01
8.595988154411315918e-01
8.568487763404846191e-01
8.541256785392761230e-01
8.514102697372436523e-01
8.487139940261840820e-01
8.460491299629211426e-01
8.433972597122192383e-01
8.407683968544006348e-01
8.381747603416442871e-01
8.357003927230834961e-01
8.332801461219787598e-01
8.309046626091003418e-01
8.285557627677917480e-01
8.262444734573364258e-01
8.239811658859252930e-01
8.217481970787048340e-01
8.195563554763793945e-01
8.174148201942443848e-01
8.153073787689208984e-01
8.132440447807312012e-01
8.112331032752990723e-01
8.092597723007202148e-01
8.073324561119079590e-01
8.054592013359069824e-01
8.036260008811950684e-01
8.018472194671630859e-01
8.001096844673156738e-01
7.984267473220825195e-01
7.967855930328369141e-01
7.951990365982055664e-01
7.936544418334960938e-01
7.921579480171203613e-01
7.907150387763977051e-01
7.893128395080566406e-01
7.879620194435119629e-01
7.866516113281250000e-01
7.853901386260986328e-01
7.841678261756896973e-01
7.829917669296264648e-01
7.818526625633239746e-01
7.807567119598388672e-01
7.796950936317443848e-01
7.786732316017150879e-01
7.776826620101928711e-01
7.767280340194702148e-01
7.758014202117919922e-01
7.749065756797790527e-01
7.740362882614135742e-01
7.731935381889343262e-01
7.723715901374816895e-01
7.715728878974914551e-01
7.707911133766174316e-01
7.700285315513610840e-01
7.692790031433105469e-01
7.685410380363464355e-01
7.678158879280090332e-01
7.670989036560058594e-01
7.663908004760742188e-01
7.656875848770141602e-01
7.649896740913391113e-01
7.642953395843505859e-01
7.635993957519531250e-01
7.629054784774780273e-01
7.622086405754089355e-01
7.615103721618652344e-01
7.608090639114379883e-01
7.601001262664794922e-01
7.593883872032165527e-01
7.586669921875000000e-01
7.579404115676879883e-01
7.572066187858581543e-01
7.564613819122314453e-01
7.557100057601928711e-01
7.549460530281066895e-01
7.541754245758056641e-01
7.533941268920898438e-01
7.526002526283264160e-01
7.517992258071899414e-01
7.509845495223999023e-01
7.501628994941711426e-01
7.493305802345275879e-01
7.484859228134155273e-01
7.476335763931274414e-01
7.467687726020812988e-01
7.458982467651367188e-01
7.450183033943176270e-01
7.441272735595703125e-01
7.432305812835693359e-01
7.423239946365356445e-01
7.414129376411437988e-01
7.404953837394714355e-01
7.395696043968200684e-01
7.386412620544433594e-01
7.377095818519592285e-01
7.367705702781677246e-01
7.358331680297851562e-01
7.348935008049011230e-01
7.339536547660827637e-01
7.330124378204345703e-01
7.320759296417236328e-01
7.311441302299499512e-01
7.302138805389404297e-01
7.292951941490173340e-01
7.284942269325256348e-01
7.277160882949829102e-01
7.269508242607116699e-01
7.262065410614013672e-01
7.254850864410400391e-01
7.247865796089172363e-01
7.241224050521850586e-01
7.234941124916076660e-01
7.229076027870178223e-01
7.223728895187377930e-01
7.218977808952331543e-01
7.214903831481933594e-01
7.211634516716003418e-01
7.209296822547912598e-01
7.208043336868286133e-01
7.208037376403808594e-01
7.209454178810119629e-01
7.212483286857604980e-01
7.217336893081665039e-01
7.224252223968505859e-01
7.233317494392395020e-01
7.244680523872375488e-01
7.258480191230773926e-01
7.274426221847534180e-01
7.292329072952270508e-01
7.311668395996093750e-01
7.331793904304504395e-01
7.351484298706054688e-01
7.369679808616638184e-01
7.385188937187194824e-01
7.396902441978454590e-01
7.404037117958068848e-01
7.406030893325805664e-01
7.402924299240112305e-01
7.395045757293701172e-01
7.383025288581848145e-01
7.367541193962097168e-01
7.349562644958496094e-01
7.329781055450439453e-01
7.308877706527709961e-01
7.287387847900390625e-01
7.265756130218505859e-01
7.244181632995605469e-01
7.223114371299743652e-01
7.202581763267517090e-01
7.182691097259521484e-01
7.163482904434204102e-01
7.144901752471923828e-01
7.127106189727783203e-01
7.110007405281066895e-01
7.093557715415954590e-01
7.077749967575073242e-01
7.062458992004394531e-01
7.047891020774841309e-01
7.034118771553039551e-01
7.020831108093261719e-01
7.007999420166015625e-01
6.995522975921630859e-01
6.983509659767150879e-01
6.971865892410278320e-01
6.960566043853759766e-01
6.949588060379028320e-01
6.938902735710144043e-01
6.928459405899047852e-01
6.918330192565917969e-01
6.908448338508605957e-01
6.898800730705261230e-01
6.889362931251525879e-01
6.880139112472534180e-01
6.871114373207092285e-01
6.862274408340454102e-01
6.853610277175903320e-01
6.845077872276306152e-01
6.836728453636169434e-01
6.828542351722717285e-01
6.820498704910278320e-01
6.812592148780822754e-01
6.804817914962768555e-01
6.797160506248474121e-01
6.789629459381103516e-01
6.782216429710388184e-01
6.774886250495910645e-01
6.767692565917968750e-01
6.760592460632324219e-01
6.753598451614379883e-01
6.746702194213867188e-01
6.739898324012756348e-01
6.733185052871704102e-01
6.726558208465576172e-01
6.720004081726074219e-01
6.713519096374511719e-01
6.707137823104858398e-01
6.700833439826965332e-01
6.694603562355041504e-01
6.688438653945922852e-01
6.682349443435668945e-01
6.676332950592041016e-01
6.670383810997009277e-01
6.664500832557678223e-01
6.658653616905212402e-01
6.652895212173461914e-01
6.647200584411621094e-01
6.641566753387451172e-01
6.635991334915161133e-01
6.630465388298034668e-01
6.625001430511474609e-01
6.619595885276794434e-01
6.614245176315307617e-01
6.608946919441223145e-01
6.603701710700988770e-01
6.598500013351440430e-01
6.593353152275085449e-01
6.588353514671325684e-01
6.583787798881530762e-01
6.579272747039794922e-01
6.574802398681640625e-01
6.570380926132202148e-01
6.566005349159240723e-01
6.561670899391174316e-01
6.557384133338928223e-01
6.553137898445129395e-01
6.548929810523986816e-01
6.544768810272216797e-01
6.540642380714416504e-01
6.536564826965332031e-01
6.532532572746276855e-01
6.528536677360534668e-01
6.524583697319030762e-01
6.520667672157287598e-01
6.516793966293334961e-01
6.512955427169799805e-01
6.509149670600891113e-01
6.505387425422668457e-01
6.501666307449340820e-01
6.497978568077087402e-01
6.494331359863281250e-01
6.490721106529235840e-01
6.487143039703369141e-01
6.483223438262939453e-01
6.479306221008300781e-01
6.475415229797363281e-01
6.471558809280395508e-01
6.467744112014770508e-01
6.463955640792846680e-01
6.460200548171997070e-01
6.456487774848937988e-01
6.452800035476684570e-01
6.449145078659057617e-01
6.445523500442504883e-01
6.441943645477294922e-01
6.438388228416442871e-01
6.434865593910217285e-01
6.431384086608886719e-01
6.427927017211914062e-01
6.424502134323120117e-01
6.421118974685668945e-01
6.417759656906127930e-01
6.414433121681213379e-01
6.411147713661193848e-01
6.407886147499084473e-01
6.404657363891601562e-01
6.401469707489013672e-01
6.398305892944335938e-01
6.395175457000732422e-01
6.392606496810913086e-01
6.390508413314819336e-01
6.388441920280456543e-01
6.386407613754272461e-01
6.384413838386535645e-01
6.382443904876708984e-01
6.380505561828613281e-01
6.378598213195800781e-01
6.376724839210510254e-01
6.374892592430114746e-01
6.373084783554077148e-01
6.371309757232666016e-01
6.369568109512329102e-01
6.367867588996887207e-01
6.366192102432250977e-01
6.364550590515136719e-01
6.362943053245544434e-01
6.361369490623474121e-01
6.359837651252746582e-01
6.358332633972167969e-01
6.356862783432006836e-01
6.355427503585815430e-01
6.354036331176757812e-01
6.352671980857849121e-01
6.351343393325805664e-01
6.350051164627075195e-01
6.348788142204284668e-01
6.347568035125732422e-01
6.346248388290405273e-01
6.344965696334838867e-01
6.343728303909301758e-01
6.342519521713256836e-01
6.341353654861450195e-01
6.340221166610717773e-01
6.339126825332641602e-01
6.338080167770385742e-01
6.337064504623413086e-01
6.336088776588439941e-01
6.335153579711914062e-01
6.334266662597656250e-01
6.333413720130920410e-01
6.332595348358154297e-01
6.331825852394104004e-01
6.331107616424560547e-01
6.330424547195434570e-01
6.329785585403442383e-01
6.329190731048583984e-01
6.328649520874023438e-01
6.328145861625671387e-01
6.327693462371826172e-01
6.327282786369323730e-01
6.326928138732910156e-01
6.326613426208496094e-01
6.326347589492797852e-01
6.326131224632263184e-01
6.325956583023071289e-01
6.326030492782592773e-01
6.326448321342468262e-01
6.326922178268432617e-01
6.327431797981262207e-01
6.328004002571105957e-01
6.328618526458740234e-01
6.329283714294433594e-01
6.330008506774902344e-01
6.330757141113281250e-01
6.331581473350524902e-01
6.332457065582275391e-01
6.333386898040771484e-01
6.334379315376281738e-01
6.335420608520507812e-01
6.336518526077270508e-01
6.337676048278808594e-01
6.338889598846435547e-01
6.340169310569763184e-01
6.341477036476135254e-01
6.342869400978088379e-01
6.344330906867980957e-01
6.345841884613037109e-01
6.347428560256958008e-01
6.349071860313415527e-01
6.350780129432678223e-01
6.352560520172119141e-01
6.354400515556335449e-01
6.356281042098999023e-01
6.358255743980407715e-01
6.360299587249755859e-01
6.362299919128417969e-01
6.364213824272155762e-01
6.366195678710937500e-01
6.368250846862792969e-01
6.370369791984558105e-01
6.372559070587158203e-01
6.374785304069519043e-01
6.377115249633789062e-01
6.379519104957580566e-01
6.381996870040893555e-01
6.384553909301757812e-01
6.387181282043457031e-01
6.389883756637573242e-01
6.392669081687927246e-01
6.395487189292907715e-01
6.398421525955200195e-01
6.401433348655700684e-01
6.404526233673095703e-01
6.407699584960937500e-01
6.410954594612121582e-01
6.414297223091125488e-01
6.417672634124755859e-01
6.421174407005310059e-01
6.424765586853027344e-01
6.428435444831848145e-01
6.432191133499145508e-01
6.436030268669128418e-01
6.439957022666931152e-01
6.443923115730285645e-01
6.448029279708862305e-01
6.452217102050781250e-01
6.456511020660400391e-01
6.460984945297241211e-01
6.465542316436767578e-01
6.470171809196472168e-01
6.474835276603698730e-01
6.479627490043640137e-01
6.484493613243103027e-01
6.489439010620117188e-01
6.494468450546264648e-01
6.499578952789306641e-01
6.504761576652526855e-01
6.509973406791687012e-01
6.515314579010009766e-01
6.520734429359436035e-01
6.526247262954711914e-01
6.531825065612792969e-01
6.537489295005798340e-01
6.541893482208251953e-01
6.546239256858825684e-01
6.550735831260681152e-01
6.555306911468505859e-01
6.559954881668090820e-01
6.564692258834838867e-01
6.569509506225585938e-01
6.574411392211914062e-01
6.579326391220092773e-01
6.584390997886657715e-01
6.589531302452087402e-01
6.594757437705993652e-01
6.600072383880615234e-01
6.605463027954101562e-01
6.610856056213378906e-01
6.616405844688415527e-01
6.621755361557006836e-01
6.626709699630737305e-01
6.631726026535034180e-01
6.636815071105957031e-01
6.641891002655029297e-01
6.647108197212219238e-01
6.652394533157348633e-01
6.657745838165283203e-01
6.663169860839843750e-01
6.668654084205627441e-01
6.674131751060485840e-01
6.679748892784118652e-01
6.685432195663452148e-01
6.691178679466247559e-01
6.696996688842773438e-01
6.702871918678283691e-01
6.708729863166809082e-01
6.713105440139770508e-01
6.715220212936401367e-01
6.717460155487060547e-01
6.719816923141479492e-01
6.722297668457031250e-01
6.724817752838134766e-01
6.727543473243713379e-01
6.730396151542663574e-01
6.733370423316955566e-01
6.736474633216857910e-01
6.739703416824340820e-01
6.742971539497375488e-01
6.746460795402526855e-01
6.750081181526184082e-01
6.753828525543212891e-01
6.757705807685852051e-01
6.761714816093444824e-01
6.765766143798828125e-01
6.770137548446655273e-01
6.774687767028808594e-01
6.779404878616333008e-01
6.784285902976989746e-01
6.789343953132629395e-01
6.794459223747253418e-01
6.799840331077575684e-01
6.805386543273925781e-01
6.811087727546691895e-01
6.816946864128112793e-01
6.822858452796936035e-01
6.829020380973815918e-01
6.835328340530395508e-01
6.841787695884704590e-01
6.848378181457519531e-01
6.855006814002990723e-01
6.861866116523742676e-01
6.869071125984191895e-01
6.876972317695617676e-01
6.884977817535400391e-01
6.893067955970764160e-01
6.901135444641113281e-01
6.909382343292236328e-01
6.917694807052612305e-01
6.926054954528808594e-01
6.934458017349243164e-01
6.942785978317260742e-01
6.951245069503784180e-01
6.959705948829650879e-01
6.968164443969726562e-01
6.976609230041503906e-01
6.984927654266357422e-01
6.993305683135986328e-01
7.001631259918212891e-01
7.009896039962768555e-01
7.018117904663085938e-01
7.027029395103454590e-01
7.035688161849975586e-01
7.044273614883422852e-01
7.052683234214782715e-01
7.060902714729309082e-01
7.068920731544494629e-01
7.076643705368041992e-01
7.084235548973083496e-01
7.091593742370605469e-01
7.098715305328369141e-01
7.105587720870971680e-01
7.112202048301696777e-01
7.118478417396545410e-01
7.124553322792053223e-01
7.130347490310668945e-01
7.135854959487915039e-01
7.141061425209045410e-01
7.145903706550598145e-01
7.150499820709228516e-01
7.154783010482788086e-01
7.158744335174560547e-01
7.162379026412963867e-01
7.165634632110595703e-01
7.168609499931335449e-01
7.171245813369750977e-01
7.173542380332946777e-01
7.175496220588684082e-01
7.177065014839172363e-01
7.178333401679992676e-01
7.179250121116638184e-01
7.179818153381347656e-01
7.180037498474121094e-01
7.179879546165466309e-01
7.179404497146606445e-01
7.178581953048706055e-01
7.177413702011108398e-01
7.175901532173156738e-01
7.174187898635864258e-01
7.172648906707763672e-01
7.170812487602233887e-01
7.168677449226379395e-01
7.166259884834289551e-01
7.163550853729248047e-01
7.160573601722717285e-01
7.157319188117980957e-01
7.153803706169128418e-01
7.150027155876159668e-01
7.145990133285522461e-01
7.141710519790649414e-01
7.137188315391540527e-01
7.132429480552673340e-01
7.127433419227600098e-01
7.122226953506469727e-01
7.116796374320983887e-01
7.111153006553649902e-01
7.105298042297363281e-01
7.099250555038452148e-01
7.093009948730468750e-01
7.086590528488159180e-01
7.079983949661254883e-01
7.073202729225158691e-01
7.066254615783691406e-01
7.059136629104614258e-01
7.051890492439270020e-01
7.044475078582763672e-01
7.036916017532348633e-01
7.029211521148681641e-01
7.021382451057434082e-01
7.013448476791381836e-01
7.005373835563659668e-01
6.997173428535461426e-01
6.988871097564697266e-01
6.980466246604919434e-01
6.971976161003112793e-01
6.963376998901367188e-01
6.954686641693115234e-01
6.945911049842834473e-01
6.936829686164855957e-01
6.927389502525329590e-01
6.917850971221923828e-01
6.908221840858459473e-01
6.898508667945861816e-01
6.888738870620727539e-01
6.878864169120788574e-01
6.868912577629089355e-01
6.858890652656555176e-01
6.848804950714111328e-01
6.838682889938354492e-01
6.828475594520568848e-01
6.818217039108276367e-01
6.807897686958312988e-01
6.797533035278320312e-01
6.787148714065551758e-01
6.776696443557739258e-01
6.766198873519897461e-01
6.755665540695190430e-01
6.745102405548095703e-01
6.734535694122314453e-01
6.723914146423339844e-01
6.713261008262634277e-01
6.702585816383361816e-01
6.691894531250000000e-01
6.681210994720458984e-01
6.670485734939575195e-01
6.659741401672363281e-01
6.648985743522644043e-01
6.638235449790954590e-01
6.627491712570190430e-01
6.616718173027038574e-01
6.605935096740722656e-01
6.595155596733093262e-01
6.584368944168090820e-01
6.573612689971923828e-01
6.562836170196533203e-01
6.552056670188903809e-01
6.541289687156677246e-01
6.530522704124450684e-01
6.519792079925537109e-01
6.509049534797668457e-01
6.498235464096069336e-01
6.487413048744201660e-01
6.476604938507080078e-01
6.465845704078674316e-01
6.455090641975402832e-01
6.444351673126220703e-01
6.433645486831665039e-01
6.422958374023437500e-01
6.412330865859985352e-01
6.401696801185607910e-01
6.391099095344543457e-01
6.380522251129150391e-01
6.369982361793518066e-01
6.359489560127258301e-01
6.349010467529296875e-01
6.338552832603454590e-01
6.328135132789611816e-01
6.317741274833679199e-01
6.307402253150939941e-01
6.297081112861633301e-01
6.286783218383789062e-01
6.276527047157287598e-01
6.266294717788696289e-01
6.256127953529357910e-01
6.245961785316467285e-01
6.235838532447814941e-01
6.225739717483520508e-01
6.215683817863464355e-01
6.205673813819885254e-01
6.195685267448425293e-01
6.185720562934875488e-01
6.175799965858459473e-01
6.165902614593505859e-01
6.156069040298461914e-01
6.146238446235656738e-01
6.136441230773925781e-01
6.126687526702880859e-01
6.116956472396850586e-01
6.107288002967834473e-01
6.097622513771057129e-01
6.087999939918518066e-01
6.078399419784545898e-01
6.068841218948364258e-01
6.059314608573913574e-01
6.049770712852478027e-01
6.040239334106445312e-01
6.030736565589904785e-01
6.021285057067871094e-01
6.011883020401000977e-01
6.002500057220458984e-01
5.993166565895080566e-01
5.983860492706298828e-01
5.974595546722412109e-01
5.965376496315002441e-01
5.956200957298278809e-01
5.947048664093017578e-01
5.937929749488830566e-01
5.928857922554016113e-01
5.919822454452514648e-01
5.910819768905639648e-01
5.901854038238525391e-01
5.892922878265380859e-01
5.884014368057250977e-01
5.875143408775329590e-01
5.866317749023437500e-01
5.857520103454589844e-01
5.848754644393920898e-01
5.840001702308654785e-01
5.831298828125000000e-01
5.822631120681762695e-01
5.813989639282226562e-01
5.805370807647705078e-01
5.796776413917541504e-01
5.788222551345825195e-01
5.779700875282287598e-01
5.771196484565734863e-01
5.762726068496704102e-01
5.754271149635314941e-01
5.745853781700134277e-01
5.737471580505371094e-01
5.729093551635742188e-01
5.720752477645874023e-01
5.712423920631408691e-01
5.704124569892883301e-01
5.695855021476745605e-01
5.687611699104309082e-01
5.679387450218200684e-01
5.671166777610778809e-01
5.662986040115356445e-01
5.654826164245605469e-01
5.646726489067077637e-01
5.639123320579528809e-01
5.631539225578308105e-01
5.623998045921325684e-01
5.616462826728820801e-01
5.608984827995300293e-01
5.601502060890197754e-01
5.594048500061035156e-01
5.586609840393066406e-01
5.579187273979187012e-01
5.571818947792053223e-01
5.564443469047546387e-01
5.557094216346740723e-01
5.549757480621337891e-01
5.542446970939636230e-01
5.535147190093994141e-01
5.527876019477844238e-01
5.520624518394470215e-01
5.513376593589782715e-01
5.506153106689453125e-01
5.498937368392944336e-01
5.491748452186584473e-01
5.484576225280761719e-01
5.477405190467834473e-01
5.470256209373474121e-01
5.463113188743591309e-01
5.455990433692932129e-01
5.448889732360839844e-01
5.441784262657165527e-01
5.434699058532714844e-01
5.427616238594055176e-01
5.420553088188171387e-01
5.413509607315063477e-01
5.406471490859985352e-01
5.399425029754638672e-01
5.392393469810485840e-01
5.385378003120422363e-01
5.378363132476806641e-01
5.371387600898742676e-01
5.364384055137634277e-01
5.357392430305480957e-01
5.350416302680969238e-01
5.343437790870666504e-01
5.336493253707885742e-01
5.329526662826538086e-01
5.322579145431518555e-01
5.315619707107543945e-01
5.308668613433837891e-01
5.301731824874877930e-01
5.294809341430664062e-01
5.289003252983093262e-01
5.283388495445251465e-01
5.277771353721618652e-01
5.272145867347717285e-01
5.266553759574890137e-01
5.260941982269287109e-01
5.255316495895385742e-01
5.249700546264648438e-01
5.244086980819702148e-01
5.238459110260009766e-01
5.232864022254943848e-01
5.227246880531311035e-01
5.221611261367797852e-01
5.215989351272583008e-01
5.210351943969726562e-01
5.204725861549377441e-01
5.199118256568908691e-01
5.193469524383544922e-01
5.187833309173583984e-01
5.182193517684936523e-01
5.176537036895751953e-01
5.170889496803283691e-01
5.165258049964904785e-01
5.159588456153869629e-01
5.153927803039550781e-01
5.148262381553649902e-01
5.142576098442077637e-01
5.136899948120117188e-01
5.131230354309082031e-01
5.125543475151062012e-01
5.119851231575012207e-01
5.114137530326843262e-01
5.108433365821838379e-01
5.102723240852355957e-01
5.097019672393798828e-01
5.091297030448913574e-01
5.085565447807312012e-01
5.079816579818725586e-01
5.074074268341064453e-01
5.068324208259582520e-01
5.062581896781921387e-01
5.056816339492797852e-01
5.051032900810241699e-01
5.045255422592163086e-01
5.039470791816711426e-01
5.033665895462036133e-01
5.027891397476196289e-01
5.022084116935729980e-01
5.016257166862487793e-01
5.010434985160827637e-01
5.004604458808898926e-01
4.998752474784851074e-01
4.993036389350891113e-01
4.987302422523498535e-01
4.981557428836822510e-01
4.975818097591400146e-01
4.970055222511291504e-01
4.964284598827362061e-01
4.958534836769104004e-01
4.952756762504577637e-01
4.946958422660827637e-01
4.941149652004241943e-01
4.935332536697387695e-01
4.929519891738891602e-01
4.923714101314544678e-01
4.917869567871093750e-01
4.912028610706329346e-01
4.906165897846221924e-01
4.900294244289398193e-01
4.894411563873291016e-01
4.888534247875213623e-01
4.882667362689971924e-01
4.876758158206939697e-01
4.870854020118713379e-01
4.864927530288696289e-01
4.858992695808410645e-01
4.853049814701080322e-01
4.847109019756317139e-01
4.841181337833404541e-01
4.835210740566253662e-01
4.829246103763580322e-01
4.823259711265563965e-01
4.817264080047607422e-01
4.811260402202606201e-01
4.805260598659515381e-01
4.799275100231170654e-01
4.793246984481811523e-01
4.787223339080810547e-01
4.781179130077362061e-01
4.775127172470092773e-01
4.769067764282226562e-01
4.763013422489166260e-01
4.756973087787628174e-01
4.750890731811523438e-01
4.744800329208374023e-01
4.738716483116149902e-01
4.732611477375030518e-01
4.726500213146209717e-01
4.720394611358642578e-01
4.714306294918060303e-01
4.708173274993896484e-01
4.702035188674926758e-01
4.695902466773986816e-01
4.689750373363494873e-01
4.683592915534973145e-01
4.677441716194152832e-01
4.671307802200317383e-01
4.664958417415618896e-01
4.658455252647399902e-01
4.651948511600494385e-01
4.645424187183380127e-01
4.638909995555877686e-01
4.632392227649688721e-01
4.625909030437469482e-01
4.619372189044952393e-01
4.612843692302703857e-01
4.606313705444335938e-01
4.599768221378326416e-01
4.593232274055480957e-01
4.586692750453948975e-01
4.580178856849670410e-01
4.573635160923004150e-01
4.567091166973114014e-01
4.560543298721313477e-01
4.553981721401214600e-01
4.547431766986846924e-01
4.540879130363464355e-01
4.534353911876678467e-01
4.527799189090728760e-01
4.521242380142211914e-01
4.514673650264739990e-01
4.508116245269775391e-01
4.501557350158691406e-01
4.494999051094055176e-01
4.488427340984344482e-01
4.481867849826812744e-01
4.475348889827728271e-01
4.468777477741241455e-01
4.462218582630157471e-01
4.455659091472625732e-01
4.449099898338317871e-01
4.442528486251831055e-01
4.435970783233642578e-01
4.429413378238677979e-01
4.422846436500549316e-01
4.416333138942718506e-01
4.409779310226440430e-01
4.403214454650878906e-01
4.396662712097167969e-01
4.390113353729248047e-01
4.383565485477447510e-01
4.377006590366363525e-01
4.370462000370025635e-01
4.363961815834045410e-01
4.357408881187438965e-01
4.350872039794921875e-01
4.344334602355957031e-01
4.337788224220275879e-01
4.331257939338684082e-01
4.324727654457092285e-01
4.318202733993530273e-01
4.311667382717132568e-01
4.305188655853271484e-01
4.298671483993530273e-01
4.292143583297729492e-01
4.285632073879241943e-01
4.279341399669647217e-01
4.273103475570678711e-01
4.266868531703948975e-01
4.260632693767547607e-01
4.254398941993713379e-01
4.248211085796356201e-01
4.241980016231536865e-01
4.235752224922180176e-01
4.229523539543151855e-01
4.223296940326690674e-01
4.217075109481811523e-01
4.210851490497589111e-01
4.204629659652709961e-01
4.198454022407531738e-01
4.192233979701995850e-01
4.186016023159027100e-01
4.179800152778625488e-01
4.173584878444671631e-01
4.167371988296508789e-01
4.161159694194793701e-01
4.154950380325317383e-01
4.148740768432617188e-01
4.142579138278961182e-01
4.136371910572052002e-01
4.130165278911590576e-01
4.123960435390472412e-01
4.117756187915802002e-01
4.111551940441131592e-01
4.105349481105804443e-01
4.099148809909820557e-01
4.092948138713836670e-01
4.086750149726867676e-01
4.080549478530883789e-01
4.074349999427795410e-01
4.068197309970855713e-01
4.061998724937438965e-01
4.055799841880798340e-01
4.049600064754486084e-01
4.043401181697845459e-01
4.037201404571533203e-01
4.030992388725280762e-01
4.024793505668640137e-01
4.018591940402984619e-01
4.012390375137329102e-01
4.006185531616210938e-01
3.999980688095092773e-01
3.993822336196899414e-01
3.987615108489990234e-01
3.981405496597290039e-01
3.975193500518798828e-01
3.968978524208068848e-01
3.962765634059906006e-01
3.956544697284698486e-01
3.950323760509490967e-01
3.944097757339477539e-01
3.937867879867553711e-01
3.931635618209838867e-01
3.925399184226989746e-01
3.919208347797393799e-01
3.912964165210723877e-01
3.906713724136352539e-01
3.900459408760070801e-01
3.894315659999847412e-01
3.888413310050964355e-01
3.882507085800170898e-01
3.876588940620422363e-01
3.870659768581390381e-01
3.864721953868865967e-01
3.858773410320281982e-01
3.852813243865966797e-01
3.846898376941680908e-01
3.840917348861694336e-01
3.834923207759857178e-01
3.828915059566497803e-01
3.822895288467407227e-01
3.816862702369689941e-01
3.810815811157226562e-01
3.804753720760345459e-01
3.798676431179046631e-01
3.792581260204315186e-01
3.786471188068389893e-01
3.780344426631927490e-01
3.774258196353912354e-01
3.768095076084136963e-01
3.761914074420928955e-01
3.755714893341064453e-01
3.749494254589080811e-01
3.743254840373992920e-01
3.736997842788696289e-01
3.730714619159698486e-01
3.724410831928253174e-01
3.718084990978240967e-01
3.711733818054199219e-01
3.705360889434814453e-01
3.698967397212982178e-01
3.692545294761657715e-01
3.686089217662811279e-01
3.679615557193756104e-01
3.673115372657775879e-01
3.666585683822631836e-01
3.660032153129577637e-01
3.653506934642791748e-01
3.646892309188842773e-01
3.640249073505401611e-01
3.633575737476348877e-01
3.626872301101684570e-01
3.620137274265289307e-01
3.613368868827819824e-01
3.606568872928619385e-01
3.599734008312225342e-01
3.592866063117980957e-01
3.585964143276214600e-01
3.579027652740478516e-01
3.572055697441101074e-01
3.565046787261962891e-01
3.557999432086944580e-01
3.550917208194732666e-01
3.543797731399536133e-01
3.536639213562011719e-01
3.529441654682159424e-01
3.522205650806427002e-01
3.514929115772247314e-01
3.507675230503082275e-01
3.500318825244903564e-01
3.492920398712158203e-01
3.485480248928070068e-01
3.477999269962310791e-01
3.470474779605865479e-01
3.462908267974853516e-01
3.455517888069152832e-01
3.448193669319152832e-01
3.440820276737213135e-01
3.433391451835632324e-01
3.425920307636260986e-01
3.418399989604949951e-01
3.410830199718475342e-01
3.403212130069732666e-01
3.395546674728393555e-01
3.387829661369323730e-01
3.380066454410552979e-01
3.372254371643066406e-01
3.364394009113311768e-01
3.356553316116333008e-01
3.348591625690460205e-01
3.340587615966796875e-01
3.332533836364746094e-01
3.324435353279113770e-01
3.316289484500885010e-01
3.308095932006835938e-01
3.299857676029205322e-01
3.291573226451873779e-01
3.283243477344512939e-01
3.274866938591003418e-01
3.266444504261016846e-01
3.257981240749359131e-01
3.249473273754119873e-01
3.240925073623657227e-01
3.232334554195404053e-01
3.223701119422912598e-01
3.215026557445526123e-01
3.206313848495483398e-01
3.197559416294097900e-01
3.188768029212951660e-01
3.179934322834014893e-01
3.171067237854003906e-01
3.162162601947784424e-01
3.153224885463714600e-01
3.144251704216003418e-01
3.135244250297546387e-01
3.126204311847686768e-01
3.117134273052215576e-01
3.108030259609222412e-01
3.098897039890289307e-01
3.089732229709625244e-01
3.080543279647827148e-01
3.071327209472656250e-01
3.062085211277008057e-01
3.052818477153778076e-01
3.043528199195861816e-01
3.034215271472930908e-01
3.024882972240447998e-01
3.015527427196502686e-01
3.006153702735900879e-01
2.996758520603179932e-01
2.987349331378936768e-01
2.977927923202514648e-01
2.968489825725555420e-01
2.959039509296417236e-01
2.949577271938323975e-01
2.940103709697723389e-01
2.930623292922973633e-01
2.921131551265716553e-01
2.911636233329772949e-01
2.902126312255859375e-01
2.892616689205169678e-01
2.883108854293823242e-01
2.873595356941223145e-01
2.864085435867309570e-01
2.854571342468261719e-01
2.845060229301452637e-01
2.835773229598999023e-01
2.826810181140899658e-01
2.817867100238800049e-01
2.808938026428222656e-01
2.800031900405883789e-01
2.791138589382171631e-01
2.782265245914459229e-01
2.773410975933074951e-01
2.764581143856048584e-01
2.755781412124633789e-01
2.746999561786651611e-01
2.738240361213684082e-01
2.729509472846984863e-01
2.720805108547210693e-01
2.712135612964630127e-01
2.703489661216735840e-01
2.694873809814453125e-01
2.686286866664886475e-01
2.677734196186065674e-01
2.669222950935363770e-01
2.660736739635467529e-01
2.652284204959869385e-01
2.643867731094360352e-01
2.635487914085388184e-01
2.627153098583221436e-01
2.618847787380218506e-01
2.610581219196319580e-01
2.602352499961853027e-01
2.594165802001953125e-01
2.586028277873992920e-01
2.577923536300659180e-01
2.569859921932220459e-01
2.561839222908020020e-01
2.553860843181610107e-01
2.545925080776214600e-01
2.538043558597564697e-01
2.530131042003631592e-01
2.522329688072204590e-01
2.514574229717254639e-01
2.506866455078125000e-01
2.499212175607681274e-01
2.491596937179565430e-01
2.484029382467269897e-01
2.476509064435958862e-01
2.469035685062408447e-01
2.461621463298797607e-01
2.454245984554290771e-01
2.446919083595275879e-01
2.439641952514648438e-01
2.432414889335632324e-01
2.425245344638824463e-01
2.418118119239807129e-01
2.411039918661117554e-01
2.404011636972427368e-01
2.397035360336303711e-01
2.390119433403015137e-01
2.383244037628173828e-01
2.376418560743331909e-01
2.369647324085235596e-01
2.362924963235855103e-01
2.356262952089309692e-01
2.349643409252166748e-01
2.343074977397918701e-01
2.336556911468505859e-01
2.330033332109451294e-01
2.323629707098007202e-01
2.317266911268234253e-01
2.310954630374908447e-01
2.304694950580596924e-01
2.298486381769180298e-01
2.292338460683822632e-01
2.286231964826583862e-01
2.280177175998687744e-01
2.274171561002731323e-01
2.268218249082565308e-01
2.262326329946517944e-01
2.256486415863037109e-01
2.250830382108688354e-01
2.245230972766876221e-01
2.239669412374496460e-01
2.234165519475936890e-01
2.228699177503585815e-01
2.223290652036666870e-01
2.217928618192672729e-01
2.212604284286499023e-01
2.207336574792861938e-01
2.202052623033523560e-01
2.196878790855407715e-01
2.191751003265380859e-01
2.186658382415771484e-01
2.181620746850967407e-01
2.176619172096252441e-01
2.171674221754074097e-01
2.166772186756134033e-01
2.161905467510223389e-01
2.157094031572341919e-01
2.152315378189086914e-01
2.147592157125473022e-01
2.142854183912277222e-01
2.138217687606811523e-01
2.133625149726867676e-01
2.129064649343490601e-01
2.124557793140411377e-01
2.120081931352615356e-01
2.115659713745117188e-01
2.111279368400573730e-01
2.106928378343582153e-01
2.102631181478500366e-01
2.098363339900970459e-01
2.094146609306335449e-01
2.089916020631790161e-01
2.085781097412109375e-01
2.081686854362487793e-01
2.077619433403015137e-01
2.073603570461273193e-01
2.069616317749023438e-01
2.065677195787429810e-01
2.061778157949447632e-01
2.057905644178390503e-01
2.054081559181213379e-01
2.050285190343856812e-01
2.046537250280380249e-01
2.042772173881530762e-01
2.039097845554351807e-01
2.035460919141769409e-01
2.031849026679992676e-01
2.028282731771469116e-01
2.024742215871810913e-01
2.021248489618301392e-01
2.017788290977478027e-01
2.014353722333908081e-01
2.010964602231979370e-01
2.007597982883453369e-01
2.004276961088180542e-01
2.000949382781982422e-01
1.997685581445693970e-01
1.994463801383972168e-01
1.991265863180160522e-01
1.988111585378646851e-01
1.984976083040237427e-01
1.981886029243469238e-01
1.978828012943267822e-01
1.975790113210678101e-01
1.972794383764266968e-01
1.969819962978363037e-01
1.966848671436309814e-01
1.963945031166076660e-01
1.961061954498291016e-01
1.958219856023788452e-01
1.955396085977554321e-01
1.952613741159439087e-01
1.949849426746368408e-01
1.947124004364013672e-01
1.944428533315658569e-01
1.941751390695571899e-01
1.939075142145156860e-01
1.936454474925994873e-01
1.933871805667877197e-01
1.931343674659729004e-01
1.929207593202590942e-01
1.927096545696258545e-01
1.925011128187179565e-01
1.922957152128219604e-01
1.920882165431976318e-01
1.918866187334060669e-01
1.916874349117279053e-01
1.914914548397064209e-01
1.912966817617416382e-01
1.911041438579559326e-01
1.909149885177612305e-01
1.907234191894531250e-01
1.905375123023986816e-01
1.903536617755889893e-01
1.901730298995971680e-01
1.899937391281127930e-01
1.898161917924880981e-01
1.896417886018753052e-01
1.894650459289550781e-01
1.892938911914825439e-01
1.891245394945144653e-01
1.889581978321075439e-01
1.887927949428558350e-01
1.886292397975921631e-01
1.884678751230239868e-01
1.883058995008468628e-01
1.881480365991592407e-01
1.879921108484268188e-01
1.878392100334167480e-01
1.876868456602096558e-01
1.875363737344741821e-01
1.873876452445983887e-01
1.872416734695434570e-01
1.870933771133422852e-01
1.869498640298843384e-01
1.868080496788024902e-01
1.866687685251235962e-01
1.865305602550506592e-01
1.863937228918075562e-01
1.862593591213226318e-01
1.861226111650466919e-01
1.859908103942871094e-01
1.858603060245513916e-01
1.857323050498962402e-01
1.856049597263336182e-01
1.854791194200515747e-01
1.853549182415008545e-01
1.852298378944396973e-01
1.851084679365158081e-01
1.849883943796157837e-01
1.848710030317306519e-01
1.847538799047470093e-01
1.846380829811096191e-01
1.845237016677856445e-01
1.844116300344467163e-01
1.842971742153167725e-01
1.841867417097091675e-01
1.840786188840866089e-01
1.839708983898162842e-01
1.838646978139877319e-01
1.837594956159591675e-01
1.836564093828201294e-01
1.835505962371826172e-01
1.834494471549987793e-01
1.833491176366806030e-01
1.832508295774459839e-01
1.831528395414352417e-01
1.830560564994812012e-01
1.829585731029510498e-01
1.828639805316925049e-01
1.827705502510070801e-01
1.826782077550888062e-01
1.825880408287048340e-01
1.824948489665985107e-01
1.824056655168533325e-01
1.823174655437469482e-01
1.822311580181121826e-01
1.821453571319580078e-01
1.820602118968963623e-01
1.819738298654556274e-01
1.818906068801879883e-01
1.818087100982666016e-01
1.817272305488586426e-01
1.816475838422775269e-01
1.815651506185531616e-01
1.814863532781600952e-01
1.814088970422744751e-01
1.813327521085739136e-01
1.812577843666076660e-01
1.811807453632354736e-01
1.811062842607498169e-01
1.810335516929626465e-01
1.809608340263366699e-01
1.808887273073196411e-01
1.808141171932220459e-01
1.807431578636169434e-01
1.806723624467849731e-01
1.806012243032455444e-01
1.805312186479568481e-01
1.804591417312622070e-01
1.803900003433227539e-01
1.803211867809295654e-01
1.802526861429214478e-01
1.801849752664566040e-01
1.801136732101440430e-01
1.800461560487747192e-01
1.799790859222412109e-01
1.799123287200927734e-01
1.798461228609085083e-01
1.797770261764526367e-01
1.797110736370086670e-01
1.796445548534393311e-01
1.795794963836669922e-01
1.795142441987991333e-01
1.794492900371551514e-01
1.793815195560455322e-01
1.793172955513000488e-01
1.792528480291366577e-01
1.791878044605255127e-01
1.791237145662307739e-01
1.790573000907897949e-01
1.789933890104293823e-01
1.789297312498092651e-01
1.788661479949951172e-01
1.788029968738555908e-01
1.787359714508056641e-01
1.786726415157318115e-01
1.786093860864639282e-01
1.785464584827423096e-01
1.784833222627639771e-01
1.784173250198364258e-01
1.783534437417984009e-01
1.782906651496887207e-01
1.782275289297103882e-01
1.781642735004425049e-01
1.780982762575149536e-01
1.780354231595993042e-01
1.779720932245254517e-01
1.779080182313919067e-01
1.778445839881896973e-01
1.777785718441009521e-01
1.777148693799972534e-01
1.776511371135711670e-01
1.775872409343719482e-01
1.775207221508026123e-01
1.774559170007705688e-01
1.773915886878967285e-01
1.773271113634109497e-01
1.772599071264266968e-01
1.771950423717498779e-01
1.771299988031387329e-01
1.770645827054977417e-01
1.769960373640060425e-01
1.769302785396575928e-01
1.768641620874404907e-01
1.767979264259338379e-01
1.767285615205764771e-01
1.766620278358459473e-01
1.765948385000228882e-01
1.765268594026565552e-01
1.764562875032424927e-01
1.763884872198104858e-01
1.763200610876083374e-01
1.762512624263763428e-01
1.761792302131652832e-01
1.761100590229034424e-01
1.760396212339401245e-01
1.759692430496215820e-01
1.758957058191299438e-01
1.758249402046203613e-01
1.757533997297286987e-01
1.756813377141952515e-01
1.756060719490051270e-01
1.755330264568328857e-01
1.754595488309860229e-01
1.753856986761093140e-01
1.753085404634475708e-01
1.752339601516723633e-01
1.751586347818374634e-01
1.750826984643936157e-01
1.750028729438781738e-01
1.749263107776641846e-01
1.748487949371337891e-01
1.747789531946182251e-01
1.747286319732666016e-01
1.746770292520523071e-01
1.746246665716171265e-01
1.745684593915939331e-01
1.745147258043289185e-01
1.744596064090728760e-01
1.744036674499511719e-01
1.743439137935638428e-01
1.742865741252899170e-01
1.742274612188339233e-01
1.741681396961212158e-01
1.741046756505966187e-01
1.740435063838958740e-01
1.739804744720458984e-01
1.739172935485839844e-01
1.738498955965042114e-01
1.737846583127975464e-01
1.737177371978759766e-01
1.736505478620529175e-01
1.735789179801940918e-01
1.735093146562576294e-01
1.734385788440704346e-01
1.733671128749847412e-01
1.732912957668304443e-01
1.732174158096313477e-01
1.731423586606979370e-01
1.730664670467376709e-01
1.729860603809356689e-01
1.729080379009246826e-01
1.728284806013107300e-01
1.727482378482818604e-01
1.726632714271545410e-01
1.725807040929794312e-01
1.724966019392013550e-01
1.724113523960113525e-01
1.723221242427825928e-01
1.722348332405090332e-01
1.721461266279220581e-01
1.720534116029739380e-01
1.719621866941452026e-01
1.718702167272567749e-01
1.717738658189773560e-01
1.716790795326232910e-01
1.715831756591796875e-01
1.714835613965988159e-01
1.713848859071731567e-01
1.712855100631713867e-01
1.711818575859069824e-01
1.710801720619201660e-01
1.709764897823333740e-01
1.708694994449615479e-01
1.707636862993240356e-01
1.706566512584686279e-01
1.705455780029296875e-01
1.704363822937011719e-01
1.703256219625473022e-01
1.702107340097427368e-01
1.700974553823471069e-01
1.699832677841186523e-01
1.698643118143081665e-01
1.697476059198379517e-01
1.696293503046035767e-01
1.695071905851364136e-01
1.693861335515975952e-01
1.692643761634826660e-01
1.691410094499588013e-01
1.690139472484588623e-01
1.688878685235977173e-01
1.687610745429992676e-01
1.686299145221710205e-01
1.685003638267517090e-01
1.683696210384368896e-01
1.682350039482116699e-01
1.681017130613327026e-01
1.679672151803970337e-01
1.678286790847778320e-01
1.676919758319854736e-01
1.675535291433334351e-01
1.674116551876068115e-01
1.672709882259368896e-01
1.671294122934341431e-01
1.669834405183792114e-01
1.668394058942794800e-01
1.666940003633499146e-01
1.665446609258651733e-01
1.663968414068222046e-01
1.662481576204299927e-01
1.660953760147094727e-01
1.659441590309143066e-01
1.657917201519012451e-01
1.656356900930404663e-01
1.654809862375259399e-01
1.653251945972442627e-01
1.651683151721954346e-01
1.650078594684600830e-01
1.648484766483306885e-01
1.646885573863983154e-01
1.645245850086212158e-01
1.643624305725097656e-01
1.641989201307296753e-01
1.640320271253585815e-01
1.638665944337844849e-01
1.636982709169387817e-01
1.635028123855590820e-01
1.633098423480987549e-01
1.631163060665130615e-01
1.629201769828796387e-01
1.627262681722640991e-01
1.625317186117172241e-01
1.623345017433166504e-01
1.621395945549011230e-01
1.619443893432617188e-01
1.617460846900939941e-01
1.615503728389739990e-01
1.613544672727584839e-01
1.611555516719818115e-01
1.609590798616409302e-01
1.607622355222702026e-01
1.605627685785293579e-01
1.603656411170959473e-01
1.601658165454864502e-01
1.599683612585067749e-01
1.597705930471420288e-01
1.595704704523086548e-01
1.593723893165588379e-01
1.591717749834060669e-01
1.589734703302383423e-01
1.587754040956497192e-01
1.585744768381118774e-01
1.583758592605590820e-01
1.581748872995376587e-01
1.579761207103729248e-01
1.577776968479156494e-01
1.575763821601867676e-01
1.573777347803115845e-01
1.571790426969528198e-01
1.569778174161911011e-01
1.567792147397994995e-01
1.565779000520706177e-01
1.563792824745178223e-01
1.561806797981262207e-01
1.559797227382659912e-01
1.557813286781311035e-01
1.555803567171096802e-01
1.553822159767150879e-01
1.551838964223861694e-01
1.549834758043289185e-01
1.547854393720626831e-01
1.545852869749069214e-01
1.543878167867660522e-01
1.541901677846908569e-01
1.539905369281768799e-01
1.537933051586151123e-01
1.535942107439041138e-01
1.533973217010498047e-01
1.532009243965148926e-01
1.530025005340576172e-01
1.528064608573913574e-01
1.526084393262863159e-01
1.524128913879394531e-01
1.522177904844284058e-01
1.520205289125442505e-01
1.518260836601257324e-01
1.516319215297698975e-01
1.514355689287185669e-01
1.512420773506164551e-01
1.510466188192367554e-01
1.508537828922271729e-01
1.506611853837966919e-01
1.504670381546020508e-01
1.502752900123596191e-01
1.500819325447082520e-01
1.498911678791046143e-01
1.497006416320800781e-01
1.495086848735809326e-01
1.493190824985504150e-01
1.491280645132064819e-01
1.489393562078475952e-01
1.487514674663543701e-01
1.485619544982910156e-01
1.483748257160186768e-01
1.481863260269165039e-01
1.480002701282501221e-01
1.478150486946105957e-01
1.476280391216278076e-01
1.474439203739166260e-01
1.472583562135696411e-01
1.470751911401748657e-01
1.468928307294845581e-01
1.467089504003524780e-01
1.465277969837188721e-01
1.463471800088882446e-01
1.461654454469680786e-01
1.459863334894180298e-01
1.458057165145874023e-01
1.456280052661895752e-01
1.454507261514663696e-01
1.452724933624267578e-01
1.450966447591781616e-01
1.449199616909027100e-01
1.447457820177078247e-01
1.445703953504562378e-01
1.443977952003479004e-01
1.442239880561828613e-01
1.440529227256774902e-01
1.438807398080825806e-01
1.437113434076309204e-01
1.435409635305404663e-01
1.433730125427246094e-01
1.432044357061386108e-01
1.430381089448928833e-01
1.428729891777038574e-01
1.427067816257476807e-01
1.425433605909347534e-01
1.423792541027069092e-01
1.422126144170761108e-01
1.420438885688781738e-01
1.418777555227279663e-01
1.417110413312911987e-01
1.415469199419021606e-01
1.413821876049041748e-01
1.412200629711151123e-01
1.410576850175857544e-01
1.408975869417190552e-01
1.407370716333389282e-01
1.405791193246841431e-01
1.404222100973129272e-01
1.402649134397506714e-01
1.401101797819137573e-01
1.399551331996917725e-01
1.398025453090667725e-01
1.396500021219253540e-01
1.394996941089630127e-01
1.393491625785827637e-01
1.392011791467666626e-01
1.390530467033386230e-01
1.389073878526687622e-01
1.387616246938705444e-01
1.386183947324752808e-01
1.384750753641128540e-01
1.383344531059265137e-01
1.381948888301849365e-01
1.380552947521209717e-01
1.379182189702987671e-01
1.377812027931213379e-01
1.376466900110244751e-01
1.375122666358947754e-01
1.373803764581680298e-01
1.372488737106323242e-01
1.371196210384368896e-01
1.369906216859817505e-01
1.368640661239624023e-01
1.367378532886505127e-01
1.366140842437744141e-01
1.364906877279281616e-01
1.363697350025177002e-01
1.362501829862594604e-01
1.361313909292221069e-01
1.360147893428802490e-01
1.358986794948577881e-01
1.357850432395935059e-01
1.356720477342605591e-01
1.355614215135574341e-01
1.354514658451080322e-01
1.353439539670944214e-01
1.352372020483016968e-01
1.351331025362014771e-01
1.350296139717102051e-01
1.349284797906875610e-01
1.348282545804977417e-01
1.347304284572601318e-01
1.346342563629150391e-01
1.345391422510147095e-01
1.344463676214218140e-01
1.343547403812408447e-01
1.342657357454299927e-01
1.341776549816131592e-01
1.340919584035873413e-01
1.340075284242630005e-01
1.339254528284072876e-01
1.338447928428649902e-01
1.337664574384689331e-01
1.336895823478698730e-01
1.336153447628021240e-01
1.335424035787582397e-01
1.334718018770217896e-01
1.334028244018554688e-01
1.333362162113189697e-01
1.332713961601257324e-01
1.332086622714996338e-01
1.331482529640197754e-01
1.330897808074951172e-01
1.330339014530181885e-01
1.329797953367233276e-01
1.329279839992523193e-01
1.328783631324768066e-01
1.328310370445251465e-01
1.327859908342361450e-01
1.327432692050933838e-01
1.327029317617416382e-01
1.326650381088256836e-01
1.326296925544738770e-01
1.325966864824295044e-01
1.325659900903701782e-01
1.325380355119705200e-01
1.325123906135559082e-01
1.324896067380905151e-01
1.324691325426101685e-01
1.324516832828521729e-01
1.324364989995956421e-01
1.324247866868972778e-01
1.324156224727630615e-01
1.324087679386138916e-01
1.324053108692169189e-01
1.324041932821273804e-01
1.324066221714019775e-01
1.324113905429840088e-01
1.324198246002197266e-01
1.324306726455688477e-01
1.324456930160522461e-01
1.324627846479415894e-01
1.324839442968368530e-01
1.325084120035171509e-01
1.325352787971496582e-01
1.325664371252059937e-01
1.326000541448593140e-01
1.326382160186767578e-01
1.326791048049926758e-01
1.327244341373443604e-01
1.327722221612930298e-01
1.328249722719192505e-01
1.328815221786499023e-01
1.329405307769775391e-01
1.330048888921737671e-01
1.330717206001281738e-01
1.331441104412078857e-01
1.332193315029144287e-01
1.332975327968597412e-01
1.333723217248916626e-01
1.334526836872100830e-01
1.335358917713165283e-01
1.336249858140945435e-01
1.337189078330993652e-01
1.338150352239608765e-01
1.339181214570999146e-01
1.340234577655792236e-01
1.341360062360763550e-01
1.342508792877197266e-01
1.343732774257659912e-01
1.344983130693435669e-01
1.346305459737777710e-01
1.347658336162567139e-01
1.349085867404937744e-01
1.350571364164352417e-01
1.352081149816513062e-01
1.353677958250045776e-01
1.355299651622772217e-01
1.357011795043945312e-01
1.358749419450759888e-01
1.360581517219543457e-01
1.362438946962356567e-01
1.364395469427108765e-01
1.366378068923950195e-01
1.368462443351745605e-01
1.370610594749450684e-01
1.372793614864349365e-01
1.375081390142440796e-01
1.377398073673248291e-01
1.379827857017517090e-01
1.382286250591278076e-01
1.384863406419754028e-01
1.387512981891632080e-01
1.390199959278106689e-01
1.393005549907684326e-01
1.395849287509918213e-01
1.398817300796508789e-01
1.401872336864471436e-01
1.404960453510284424e-01
1.408188045024871826e-01
1.411500871181488037e-01
1.414855271577835083e-01
1.418354064226150513e-01
1.421943604946136475e-01
1.425577253103256226e-01
1.429361253976821899e-01
1.433188766241073608e-01
1.437173932790756226e-01
1.441267430782318115e-01
1.445400416851043701e-01
1.449707746505737305e-01
1.454122215509414673e-01
1.458586901426315308e-01
1.463228315114974976e-01
1.467920839786529541e-01
1.472800672054290771e-01
1.477806121110916138e-01
1.482861340045928955e-01
1.488113850355148315e-01
1.493503302335739136e-01
1.498938500881195068e-01
1.504593342542648315e-01
1.510384380817413330e-01
1.516233086585998535e-01
1.522305905818939209e-01
1.528441309928894043e-01
1.534811258316040039e-01
1.541339159011840820e-01
1.547921895980834961e-01
1.554764062166213989e-01
1.561764031648635864e-01
1.568829864263534546e-01
1.576170772314071655e-01
1.583568155765533447e-01
1.591252088546752930e-01
1.599116474390029907e-01
1.607046872377395630e-01
1.615276634693145752e-01
1.623702943325042725e-01
1.632191240787506104e-01
1.641004681587219238e-01
1.650017350912094116e-01
1.659107208251953125e-01
1.668531745672225952e-01
1.678034514188766479e-01
1.687889099121093750e-01
1.697968393564224243e-01
1.708118617534637451e-01
1.718653738498687744e-01
1.729417294263839722e-01
1.740258932113647461e-01
1.751502901315689087e-01
1.762823313474655151e-01
1.774554699659347534e-01
1.786542236804962158e-01
1.798617094755172729e-01
1.811119168996810913e-01
1.823893636465072632e-01
1.836750209331512451e-01
1.850065886974334717e-01
1.863657385110855103e-01
1.877343356609344482e-01
1.891496032476425171e-01
1.905742287635803223e-01
1.920483559370040894e-01
1.935521066188812256e-01
1.950643956661224365e-01
1.966279894113540649e-01
1.982230991125106812e-01
1.998255103826522827e-01
2.014822810888290405e-01
2.031701505184173584e-01
2.048660218715667725e-01
2.066177874803543091e-01
2.083763927221298218e-01
2.101920694112777710e-01
2.120405435562133789e-01
2.138944119215011597e-01
2.158082723617553711e-01
2.177546918392181396e-01
2.197043001651763916e-01
2.217156738042831421e-01
2.237589955329895020e-01
2.258050143718719482e-01
2.279124855995178223e-01
2.300515621900558472e-01
2.322216182947158813e-01
2.343927472829818726e-01
2.366248220205307007e-01
2.388872206211090088e-01
2.411461621522903442e-01
2.434672713279724121e-01
2.458152323961257935e-01
2.481911629438400269e-01
2.505620718002319336e-01
2.529937624931335449e-01
2.554517686367034912e-01
2.579007148742675781e-01
2.604082226753234863e-01
2.629387974739074707e-01
2.654909789562225342e-01
2.680269777774810791e-01
2.706175446510314941e-01
2.732244133949279785e-01
2.758473455905914307e-01
2.784452140331268311e-01
2.810913324356079102e-01
2.837466597557067871e-01
2.863707244396209717e-01
2.890355885028839111e-01
2.917031049728393555e-01
2.943694293498992920e-01
2.969950735569000244e-01
2.996509671211242676e-01
3.022992312908172607e-01
3.048966526985168457e-01
3.075164258480072021e-01
3.101181387901306152e-01
3.126985132694244385e-01
3.152172863483428955e-01
3.177449405193328857e-01
3.202402889728546143e-01
3.227008283138275146e-01
3.250888288021087646e-01
3.274702131748199463e-01
3.298053741455078125e-01
3.320603966712951660e-01
3.342959284782409668e-01
3.364761769771575928e-01
3.385968804359436035e-01
3.406277596950531006e-01
3.426219522953033447e-01
3.445485830307006836e-01
3.463765680789947510e-01
3.481594324111938477e-01
3.498633503913879395e-01
3.514883220195770264e-01
3.530101180076599121e-01
3.544698059558868408e-01
