6.820115447044372559e-01
6.818288564682006836e-01
6.816921234130859375e-01
6.816176772117614746e-01
6.816228628158569336e-01
6.818015575408935547e-01
6.820722818374633789e-01
6.823775768280029297e-01
6.826722621917724609e-01
6.829019784927368164e-01
6.833827495574951172e-01
6.839025020599365234e-01
6.842225193977355957e-01
6.843274831771850586e-01
6.842228174209594727e-01
6.840411424636840820e-01
6.839073300361633301e-01
6.836239695549011230e-01
6.832138299942016602e-01
6.827029585838317871e-01
6.821173429489135742e-01
6.814114451408386230e-01
6.806730031967163086e-01
6.799286007881164551e-01
6.791952848434448242e-01
6.785004734992980957e-01
6.779050827026367188e-01
6.774937510490417480e-01
6.771441102027893066e-01
6.768595576286315918e-01
6.766427755355834961e-01
6.764947175979614258e-01
6.763061881065368652e-01
6.760852336883544922e-01
6.759291887283325195e-01
6.758403778076171875e-01
6.758226752281188965e-01
6.758870482444763184e-01
6.758854389190673828e-01
6.758565306663513184e-01
6.759110689163208008e-01
6.760216355323791504e-01
6.761584877967834473e-01
6.763088703155517578e-01
6.764667034149169922e-01
6.766327619552612305e-01
6.768167614936828613e-01
6.770209670066833496e-01
6.772466301918029785e-01
6.774929165840148926e-01
6.777359247207641602e-01
6.776405572891235352e-01
6.775639057159423828e-01
6.775068044662475586e-01
6.774669885635375977e-01
6.774455904960632324e-01
6.774399280548095703e-01
6.775139570236206055e-01
6.776642799377441406e-01
6.778292059898376465e-01
6.780077219009399414e-01
6.781975626945495605e-01
6.783961057662963867e-01
6.786041259765625000e-01
6.787319183349609375e-01
6.788356900215148926e-01
6.789464950561523438e-01
6.790664196014404297e-01
6.791960000991821289e-01
6.793347597122192383e-01
6.794751286506652832e-01
6.794831156730651855e-01
6.793615221977233887e-01
6.791574358940124512e-01
6.793025135993957520e-01
6.797850728034973145e-01
6.802600026130676270e-01
6.806977391242980957e-01
6.811324954032897949e-01
6.815842390060424805e-01
6.820527911186218262e-01
6.825388073921203613e-01
6.830338835716247559e-01
6.835272312164306641e-01
6.840075254440307617e-01
6.844617724418640137e-01
6.848800778388977051e-01
6.852455735206604004e-01
6.855393648147583008e-01
6.857550144195556641e-01
6.858863830566406250e-01
6.859289407730102539e-01
6.858773827552795410e-01
6.856816411018371582e-01
6.852007508277893066e-01
6.846279501914978027e-01
6.839662790298461914e-01
6.832204461097717285e-01
6.823950409889221191e-01
6.814964413642883301e-01
6.805313825607299805e-01
6.795443892478942871e-01
6.787040233612060547e-01
6.778197288513183594e-01
6.768975853919982910e-01
6.759434342384338379e-01
6.749640703201293945e-01
6.739637851715087891e-01
6.729515194892883301e-01
6.719284057617187500e-01
6.707291007041931152e-01
6.694875955581665039e-01
6.682507991790771484e-01
6.670213341712951660e-01
6.658032536506652832e-01
6.645983457565307617e-01
6.634137630462646484e-01
6.622492671012878418e-01
6.611202955245971680e-01
6.600909233093261719e-01
6.590891480445861816e-01
6.581121683120727539e-01
6.571635603904724121e-01
6.562426686286926270e-01
6.553522944450378418e-01
6.544899344444274902e-01
6.536559462547302246e-01
6.528716087341308594e-01
6.522254943847656250e-01
6.516084671020507812e-01
6.510187983512878418e-01
6.504575610160827637e-01
6.499238610267639160e-01
6.494154930114746094e-01
6.489320993423461914e-01
6.484724879264831543e-01
6.480364799499511719e-01
6.474489569664001465e-01
6.468410491943359375e-01
6.462543010711669922e-01
6.456860899925231934e-01
6.451376080513000488e-01
6.446065902709960938e-01
6.440913677215576172e-01
6.435922384262084961e-01
6.431066393852233887e-01
6.426415443420410156e-01
6.422681808471679688e-01
6.419045925140380859e-01
6.415513753890991211e-01
6.412014961242675781e-01
6.408694982528686523e-01
6.405451297760009766e-01
6.402257084846496582e-01
6.399131417274475098e-01
6.396068334579467773e-01
6.393068432807922363e-01
6.392048001289367676e-01
6.391200423240661621e-01
6.390454769134521484e-01
6.389829516410827637e-01
6.389350295066833496e-01
6.389001607894897461e-01
6.388800740242004395e-01
6.388746500015258789e-01
6.388839483261108398e-01
6.389059424400329590e-01
6.389745473861694336e-01
6.391016840934753418e-01
6.392347812652587891e-01
6.393721699714660645e-01
6.395116448402404785e-01
6.396519541740417480e-01
6.397896409034729004e-01
6.399240493774414062e-01
6.400540471076965332e-01
6.401792168617248535e-01
6.402977705001831055e-01
6.404174566268920898e-01
6.405418515205383301e-01
6.406596302986145020e-01
6.407707333564758301e-01
6.408761739730834961e-01
6.409755349159240723e-01
6.410701274871826172e-01
6.411589980125427246e-01
6.412441134452819824e-01
6.413244009017944336e-01
6.414018273353576660e-01
6.414760351181030273e-01
6.415114402770996094e-01
6.415438055992126465e-01
6.415724158287048340e-01
6.416003704071044922e-01
6.416250467300415039e-01
6.416489481925964355e-01
6.416699886322021484e-01
6.416903734207153320e-01
6.417084932327270508e-01
6.417260766029357910e-01
6.417412161827087402e-01
6.417557001113891602e-01
6.417188048362731934e-01
6.416783928871154785e-01
6.416357159614562988e-01
6.415912508964538574e-01
6.415435671806335449e-01
6.414919495582580566e-01
6.414377689361572266e-01
6.413787603378295898e-01
6.413153409957885742e-01
6.412470936775207520e-01
6.411740183830261230e-01
6.410943269729614258e-01
6.408723592758178711e-01
6.404786705970764160e-01
6.400785446166992188e-01
6.396713852882385254e-01
6.392560601234436035e-01
6.388342976570129395e-01
6.384034752845764160e-01
6.379645466804504395e-01
6.375174522399902344e-01
6.370626091957092285e-01
6.366011500358581543e-01
6.361314654350280762e-01
6.356555223464965820e-01
6.352430582046508789e-01
6.349530816078186035e-01
6.346614360809326172e-01
6.343677639961242676e-01
6.340761184692382812e-01
6.337867379188537598e-01
6.335042715072631836e-01
6.332300901412963867e-01
6.329696178436279297e-01
6.327255964279174805e-01
6.325049996376037598e-01
6.323128342628479004e-01
6.321588754653930664e-01
6.320521831512451172e-01
6.320534348487854004e-01
6.321648955345153809e-01
6.323865056037902832e-01
6.327633261680603027e-01
6.333656311035156250e-01
6.343228220939636230e-01
6.358951926231384277e-01
6.387889385223388672e-01
6.507707238197326660e-01
6.406114697456359863e-01
6.372292637825012207e-01
6.351546049118041992e-01
6.338539123535156250e-01
6.330507397651672363e-01
6.325197219848632812e-01
6.320639252662658691e-01
6.316377520561218262e-01
6.311976313591003418e-01
6.307424306869506836e-01
6.302753090858459473e-01
6.298098564147949219e-01
6.293541193008422852e-01
6.289128065109252930e-01
6.284928321838378906e-01
6.280940175056457520e-01
6.277201771736145020e-01
6.273689270019531250e-01
6.270424127578735352e-01
6.267390847206115723e-01
6.264556050300598145e-01
6.261815428733825684e-01
6.259291768074035645e-01
6.256958246231079102e-01
6.254812479019165039e-01
6.252846717834472656e-01
6.251059174537658691e-01
6.249424815177917480e-01
6.247943639755249023e-01
6.246606111526489258e-01
6.245419979095458984e-01
6.244352459907531738e-01
6.243412494659423828e-01
6.242597103118896484e-01
6.241887807846069336e-01
6.241282820701599121e-01
6.240918040275573730e-01
6.241188049316406250e-01
6.241540312767028809e-01
6.241987347602844238e-01
6.242504715919494629e-01
6.243111491203308105e-01
6.243780255317687988e-01
6.244530081748962402e-01
6.245338916778564453e-01
6.246219873428344727e-01
6.247156262397766113e-01
6.248160600662231445e-01
6.249217987060546875e-01
6.250331401824951172e-01
6.251507997512817383e-01
6.252732872962951660e-01
6.254019737243652344e-01
6.255596280097961426e-01
6.257491111755371094e-01
6.259444355964660645e-01
6.261445879936218262e-01
6.263499259948730469e-01
6.265616416931152344e-01
6.267778873443603516e-01
6.269999146461486816e-01
6.272286772727966309e-01
6.274622082710266113e-01
6.277021169662475586e-01
6.279480457305908203e-01
6.282014846801757812e-01
6.284605860710144043e-01
6.287264823913574219e-01
6.289999485015869141e-01
6.292797923088073730e-01
6.295670270919799805e-01
6.300639510154724121e-01
6.306066513061523438e-01
6.311559677124023438e-01
6.317119598388671875e-01
6.322753429412841797e-01
6.328448653221130371e-01
6.334226727485656738e-01
6.340073347091674805e-01
6.345992684364318848e-01
6.351991891860961914e-01
6.358061432838439941e-01
6.364206075668334961e-01
6.370415091514587402e-01
6.376708149909973145e-01
6.383075118064880371e-01
6.389520168304443359e-01
6.396033167839050293e-01
6.402617096900939941e-01
6.409389376640319824e-01
6.416671276092529297e-01
6.424022912979125977e-01
6.431427597999572754e-01
6.438895463943481445e-01
6.446412801742553711e-01
6.453981995582580566e-01
6.461601257324218750e-01
6.469265818595886230e-01
6.476972103118896484e-01
6.484717726707458496e-01
6.492496728897094727e-01
6.500298380851745605e-01
6.508132815361022949e-01
6.515981554985046387e-01
6.523860096931457520e-01
6.531743407249450684e-01
6.539624333381652832e-01
6.547511816024780273e-01
6.555386781692504883e-01
6.563943624496459961e-01
6.573054194450378418e-01
6.582140326499938965e-01
6.591181159019470215e-01
6.600186228752136230e-01
6.609134078025817871e-01
6.618034839630126953e-01
6.626866459846496582e-01
6.635640263557434082e-01
6.644341945648193359e-01
6.652960181236267090e-01
6.661502718925476074e-01
6.669951677322387695e-01
6.678310036659240723e-01
6.686573624610900879e-01
6.694729924201965332e-01
6.702790260314941406e-01
6.710743904113769531e-01
6.718588471412658691e-01
6.726320981979370117e-01
6.733938455581665039e-01
6.741060018539428711e-01
6.747901439666748047e-01
6.754637956619262695e-01
6.761251688003540039e-01
6.767758131027221680e-01
6.774141788482666016e-01
6.780418157577514648e-01
6.786571741104125977e-01
6.792620420455932617e-01
6.798547506332397461e-01
6.804372072219848633e-01
6.810079216957092285e-01
6.815687417984008789e-01
6.821181178092956543e-01
6.826581358909606934e-01
6.831872463226318359e-01
6.837075948715209961e-01
6.842177510261535645e-01
6.847196817398071289e-01
6.852121353149414062e-01
6.856970191001892090e-01
6.861733198165893555e-01
6.866143941879272461e-01
6.870310306549072266e-01
6.874402165412902832e-01
6.878432631492614746e-01
6.882412433624267578e-01
6.886327266693115234e-01
6.890195012092590332e-01
6.894019246101379395e-01
6.897798776626586914e-01
6.901534795761108398e-01
6.905248165130615234e-01
6.908919811248779297e-01
6.912568211555480957e-01
6.916198730468750000e-01
6.919805407524108887e-01
6.923394799232482910e-01
6.926981210708618164e-01
6.930553913116455078e-01
6.934127807617187500e-01
6.937693953514099121e-01
6.941260695457458496e-01
6.944839954376220703e-01
6.948418021202087402e-01
6.951676607131958008e-01
6.952621340751647949e-01
6.953578591346740723e-01
6.954556107521057129e-01
6.955553293228149414e-01
6.956572532653808594e-01
6.957615613937377930e-01
6.958686113357543945e-01
6.959782838821411133e-01
6.960909366607666016e-01
6.962066292762756348e-01
6.963256001472473145e-01
6.964478492736816406e-01
6.965736150741577148e-01
6.967028379440307617e-01
6.968356966972351074e-01
6.969714760780334473e-01
6.971117258071899414e-01
6.972557306289672852e-01
6.974034905433654785e-01
6.975549459457397461e-01
6.977101564407348633e-01
6.978691816329956055e-01
6.980317831039428711e-01
6.981979608535766602e-01
6.983637809753417969e-01
6.985057592391967773e-01
6.986514329910278320e-01
6.988005042076110840e-01
6.989531517028808594e-01
6.991090774536132812e-01
6.992679238319396973e-01
6.994299292564392090e-01
6.995944976806640625e-01
6.997619271278381348e-01
6.999316811561584473e-01
7.001034617424011230e-01
7.002766728401184082e-01
7.004523873329162598e-01
7.006292939186096191e-01
7.008078098297119141e-01
7.009873390197753906e-01
7.011672258377075195e-01
7.013478875160217285e-01
7.015284299850463867e-01
7.017089128494262695e-01
7.018889784812927246e-01
7.020686864852905273e-01
7.022471427917480469e-01
7.024242877960205078e-01
7.026002407073974609e-01
7.027739882469177246e-01
7.029523849487304688e-01
7.031353712081909180e-01
7.033165097236633301e-01
7.034935355186462402e-01
7.036678791046142578e-01
7.038381099700927734e-01
7.040048241615295410e-01
7.041665315628051758e-01
7.043245434761047363e-01
7.044768333435058594e-01
7.046239376068115234e-01
7.047662734985351562e-01
7.049023509025573730e-01
7.050330638885498047e-01
7.051568031311035156e-01
7.052748203277587891e-01
7.053853869438171387e-01
7.054896354675292969e-01
7.055858969688415527e-01
7.056754827499389648e-01
7.057567834854125977e-01
7.058309912681579590e-01
7.058963775634765625e-01
7.059542536735534668e-01
7.060030698776245117e-01
7.060438990592956543e-01
7.060754299163818359e-01
7.060987949371337891e-01
7.061128616333007812e-01
7.060120701789855957e-01
7.058978676795959473e-01
7.057739496231079102e-01
7.056394815444946289e-01
7.054956555366516113e-01
7.053416371345520020e-01
7.051775455474853516e-01
7.050024867057800293e-01
7.048177719116210938e-01
7.046228647232055664e-01
7.044175267219543457e-01
7.042019367218017578e-01
7.039751410484313965e-01
7.037388682365417480e-01
7.034922838211059570e-01
7.032354474067687988e-01
7.029693126678466797e-01
7.026915550231933594e-01
7.024044990539550781e-01
7.021084427833557129e-01
7.018017172813415527e-01
7.014846205711364746e-01
7.011598348617553711e-01
7.008244395256042480e-01
7.004799842834472656e-01
7.001264691352844238e-01
6.997646093368530273e-01
6.993935108184814453e-01
6.990140676498413086e-01
6.986276507377624512e-01
6.982388496398925781e-01
6.978530287742614746e-01
6.974605917930603027e-01
6.970603466033935547e-01
6.966533064842224121e-01
6.962404847145080566e-01
6.958206295967102051e-01
6.953940391540527344e-01
6.949639320373535156e-01
6.945269107818603516e-01
6.940839886665344238e-01
6.936369538307189941e-01
6.931869387626647949e-01
6.927317380905151367e-01
6.922718286514282227e-01
6.918090581893920898e-01
6.913419961929321289e-01
6.908734440803527832e-01
6.903997063636779785e-01
6.899257302284240723e-01
6.894496083259582520e-01
6.889690756797790527e-01
6.884892582893371582e-01
6.880056858062744141e-01
6.875233650207519531e-01
6.870386600494384766e-01
6.865540742874145508e-01
6.860685348510742188e-01
6.855844259262084961e-01
6.850997209548950195e-01
6.846148371696472168e-01
6.841312646865844727e-01
6.836481094360351562e-01
6.830865144729614258e-01
6.824769973754882812e-01
6.818693876266479492e-01
6.812642812728881836e-01
6.806595921516418457e-01
6.800575852394104004e-01
6.794573664665222168e-01
6.788612008094787598e-01
6.782668828964233398e-01
6.776752471923828125e-01
6.770882010459899902e-01
6.765046119689941406e-01
6.759237647056579590e-01
6.753477454185485840e-01
6.747745871543884277e-01
6.742060184478759766e-01
6.736428141593933105e-01
6.730841398239135742e-01
6.725303530693054199e-01
6.719794273376464844e-01
6.714356541633605957e-01
6.708970069885253906e-01
6.703628897666931152e-01
6.698351502418518066e-01
6.693121790885925293e-01
6.687958240509033203e-01
6.682844758033752441e-01
6.677798628807067871e-01
6.672814488410949707e-01
6.667873859405517578e-01
6.663014292716979980e-01
6.658215522766113281e-01
6.653482317924499512e-01
6.648803353309631348e-01
6.644193530082702637e-01
6.639925837516784668e-01
6.636341214179992676e-01
6.632815003395080566e-01
6.629369258880615234e-01
6.625990867614746094e-01
6.622683405876159668e-01
6.619445085525512695e-01
6.616264581680297852e-01
6.613164544105529785e-01
6.610130667686462402e-01
6.607167720794677734e-01
6.604270339012145996e-01
6.601433753967285156e-01
6.598671078681945801e-01
6.595977544784545898e-01
6.593347787857055664e-01
6.590786576271057129e-01
6.588278412818908691e-01
6.585847139358520508e-01
6.583476662635803223e-01
6.581171751022338867e-01
6.578927040100097656e-01
6.576737761497497559e-01
6.574615240097045898e-01
6.572555899620056152e-01
6.570552587509155273e-01
6.568610668182373047e-01
6.566714048385620117e-01
6.564886569976806641e-01
6.563110947608947754e-01
6.561393141746520996e-01
6.559725999832153320e-01
6.558105945587158203e-01
6.556543111801147461e-01
6.555033922195434570e-01
6.553571224212646484e-01
6.552147269248962402e-01
6.550780534744262695e-01
6.549211144447326660e-01
6.546374559402465820e-01
6.543601751327514648e-01
6.540899872779846191e-01
6.538246273994445801e-01
6.535660028457641602e-01
6.533135175704956055e-01
6.533551216125488281e-01
6.531182527542114258e-01
6.528865098953247070e-01
6.526612639427185059e-01
6.524417996406555176e-01
6.522288322448730469e-01
6.520206928253173828e-01
6.518183350563049316e-01
6.516208648681640625e-01
6.514298915863037109e-01
6.512446999549865723e-01
6.510653495788574219e-01
6.508918404579162598e-01
6.507243514060974121e-01
6.505627036094665527e-01
6.504075527191162109e-01
6.502588391304016113e-01
6.501166820526123047e-01
6.499814987182617188e-01
6.498522758483886719e-01
6.497316360473632812e-01
6.496188640594482422e-01
6.495130062103271484e-01
6.494176983833312988e-01
6.493307948112487793e-01
6.492523550987243652e-01
6.491854190826416016e-01
6.491293907165527344e-01
6.490835547447204590e-01
6.490513682365417480e-01
6.490324139595031738e-01
6.490257978439331055e-01
6.490365266799926758e-01
6.490619182586669922e-01
6.491022109985351562e-01
6.493116617202758789e-01
6.495681405067443848e-01
6.498396992683410645e-01
6.501305103302001953e-01
6.504388451576232910e-01
6.507636904716491699e-01
6.511091589927673340e-01
6.514738798141479492e-01
6.518548727035522461e-01
6.522574424743652344e-01
6.526780724525451660e-01
6.531141996383666992e-01
6.535694599151611328e-01
6.540409922599792480e-01
6.545237302780151367e-01
6.550224423408508301e-01
6.555289030075073242e-01
6.560475230216979980e-01
6.565695405006408691e-01
6.570994853973388672e-01
6.576277613639831543e-01
6.581591367721557617e-01
6.586871147155761719e-01
6.592075824737548828e-01
6.597228050231933594e-01
6.602246165275573730e-01
6.607176661491394043e-01
6.611936688423156738e-01
6.616569757461547852e-01
6.621001362800598145e-01
6.625277400016784668e-01
6.629330515861511230e-01
6.633207798004150391e-01
6.636848449707031250e-01
6.640301346778869629e-01
6.643511652946472168e-01
6.646527647972106934e-01
6.649304032325744629e-01
6.651884913444519043e-01
6.654232740402221680e-01
6.656388640403747559e-01
6.658321619033813477e-01
6.660069823265075684e-01
6.661605834960937500e-01
6.662966012954711914e-01
6.664150953292846680e-01
6.665142178535461426e-01
6.665973663330078125e-01
6.666622757911682129e-01
6.667123436927795410e-01
6.667451262474060059e-01
6.667631864547729492e-01
6.667666435241699219e-01
6.667554378509521484e-01
6.667311787605285645e-01
6.666926145553588867e-01
6.666415929794311523e-01
6.665778160095214844e-01
6.665022373199462891e-01
6.664142608642578125e-01
6.663146615028381348e-01
6.662042737007141113e-01
6.660827398300170898e-01
6.659508347511291504e-01
6.658079028129577637e-01
6.656554341316223145e-01
6.654925346374511719e-01
6.653199195861816406e-01
6.651383042335510254e-01
6.649465560913085938e-01
6.647464632987976074e-01
6.645371317863464355e-01
6.643188595771789551e-01
6.640918850898742676e-01
6.638559699058532715e-01
6.636126637458801270e-01
6.633609533309936523e-01
6.631007790565490723e-01
6.628328561782836914e-01
6.625570058822631836e-01
6.622738242149353027e-01
6.619829535484313965e-01
6.616843938827514648e-01
6.613788604736328125e-01
6.610666513442993164e-01
6.607462763786315918e-01
6.604201197624206543e-01
6.600867509841918945e-01
6.597467064857482910e-01
6.593998074531555176e-01
6.590468287467956543e-01
6.586880087852478027e-01
6.583215594291687012e-01
6.579505205154418945e-01
6.576440930366516113e-01
6.573387384414672852e-01
6.570272445678710938e-01
6.567113399505615234e-01
6.563908457756042480e-01
6.560637354850769043e-01
6.557334065437316895e-01
6.553980708122253418e-01
6.550575494766235352e-01
6.547135114669799805e-01
6.543658375740051270e-01
6.540135145187377930e-01
6.536566615104675293e-01
6.532970070838928223e-01
6.529343724250793457e-01
6.525664925575256348e-01
6.521971225738525391e-01
6.518244147300720215e-01
6.514493227005004883e-01
6.510696411132812500e-01
6.506893038749694824e-01
6.503059267997741699e-01
6.499195694923400879e-01
6.495320796966552734e-01
6.491431593894958496e-01
6.487525105476379395e-01
6.483582258224487305e-01
6.479645967483520508e-01
6.475691795349121094e-01
6.471731662750244141e-01
6.467756032943725586e-01
6.463763117790222168e-01
6.459773778915405273e-01
6.455785632133483887e-01
6.451787948608398438e-01
6.447794437408447266e-01
6.443779468536376953e-01
6.439787149429321289e-01
6.435791850090026855e-01
6.431806087493896484e-01
6.427820920944213867e-01
6.423847675323486328e-01
6.419864296913146973e-01
6.415911316871643066e-01
6.411963701248168945e-01
6.408033370971679688e-01
6.404113173484802246e-01
6.400200724601745605e-01
6.396313309669494629e-01
6.392450332641601562e-01
6.388600468635559082e-01
6.384778022766113281e-01
6.380959749221801758e-01
6.377246379852294922e-01
6.373764276504516602e-01
6.370308399200439453e-01
6.366880536079406738e-01
6.363461613655090332e-01
6.360092163085937500e-01
6.356753706932067871e-01
6.353447437286376953e-01
6.350173354148864746e-01
6.346927285194396973e-01
6.343709826469421387e-01
6.340540647506713867e-01
6.337407231330871582e-01
6.334311366081237793e-01
6.331247091293334961e-01
6.328226923942565918e-01
6.325247287750244141e-01
6.322308182716369629e-01
6.319410204887390137e-01
6.316545605659484863e-01
6.313723921775817871e-01
6.310953497886657715e-01
6.308226585388183594e-01
6.305543780326843262e-01
6.302906274795532227e-01
6.300307512283325195e-01
6.297758817672729492e-01
6.295257806777954102e-01
6.292797327041625977e-01
6.290390491485595703e-01
6.288024783134460449e-01
6.285710930824279785e-01
6.283446550369262695e-01
6.281231045722961426e-01
6.279063820838928223e-01
6.276944875717163086e-01
6.274866461753845215e-01
6.272841691970825195e-01
6.270869970321655273e-01
6.268947124481201172e-01
6.267073154449462891e-01
6.265242099761962891e-01
6.263464093208312988e-01
6.261737346649169922e-01
6.260058879852294922e-01
6.258429288864135742e-01
6.256840825080871582e-01
6.255305409431457520e-01
6.253820061683654785e-01
6.252381801605224609e-01
6.250991225242614746e-01
6.249640583992004395e-01
6.248340606689453125e-01
6.247088313102722168e-01
6.245880722999572754e-01
6.244718432426452637e-01
6.243599653244018555e-01
6.242518424987792969e-01
6.241483092308044434e-01
6.240559816360473633e-01
6.239955425262451172e-01
6.239391565322875977e-01
6.238862276077270508e-01
6.238371133804321289e-01
6.237914562225341797e-01
6.237489581108093262e-01
6.237099170684814453e-01
6.236737966537475586e-01
6.236402988433837891e-01
6.236100792884826660e-01
6.235833764076232910e-01
6.235584616661071777e-01
6.235362887382507324e-01
6.235162019729614258e-01
6.234984993934631348e-01
6.234825253486633301e-01
6.234687566757202148e-01
6.234563589096069336e-01
6.234451532363891602e-01
6.234356760978698730e-01
6.234275698661804199e-01
6.234202980995178223e-01
6.234140396118164062e-01
6.234084963798522949e-01
6.234031319618225098e-01
6.233717799186706543e-01
6.233382821083068848e-01
6.233043074607849121e-01
6.232700943946838379e-01
6.232360005378723145e-01
6.232008337974548340e-01
6.231648325920104980e-01
6.231284737586975098e-01
6.230903267860412598e-01
6.230508685111999512e-01
6.230098605155944824e-01
6.229675412178039551e-01
6.229227781295776367e-01
6.228757500648498535e-01
6.228269338607788086e-01
6.227749586105346680e-01
6.227201819419860840e-01
6.226629018783569336e-01
6.226019263267517090e-01
6.225374937057495117e-01
6.224699020385742188e-01
6.223980188369750977e-01
6.223220229148864746e-01
6.222422719001770020e-01
6.221575736999511719e-01
6.220682263374328613e-01
6.220043897628784180e-01
6.219601035118103027e-01
6.219098567962646484e-01
6.218534708023071289e-01
6.217912435531616211e-01
6.217220425605773926e-01
6.216462254524230957e-01
6.215630769729614258e-01
6.214733719825744629e-01
6.213769912719726562e-01
6.212728619575500488e-01
6.211612820625305176e-01
6.210420727729797363e-01
6.209155917167663574e-01
6.207807660102844238e-01
6.206379532814025879e-01
6.204870343208312988e-01
6.203278899192810059e-01
6.201608777046203613e-01
6.199849247932434082e-01
6.198005676269531250e-01
6.196075677871704102e-01
6.194062829017639160e-01
6.191958785057067871e-01
6.189765930175781250e-01
6.187485456466674805e-01
6.185118556022644043e-01
6.182658672332763672e-01
6.180038452148437500e-01
6.177330613136291504e-01
6.174537539482116699e-01
6.171652674674987793e-01
6.168681979179382324e-01
6.165620684623718262e-01
6.162471175193786621e-01
6.159238219261169434e-01
6.155913472175598145e-01
6.152501702308654785e-01
6.149003505706787109e-01
6.145423650741577148e-01
6.141754388809204102e-01
6.138012409210205078e-01
6.134174466133117676e-01
6.130257844924926758e-01
6.126254200935363770e-01
6.122169494628906250e-01
6.118003726005554199e-01
6.113762855529785156e-01
6.109440326690673828e-01
6.105041503906250000e-01
6.100565791130065918e-01
6.096017956733703613e-01
6.091393828392028809e-01
6.086697578430175781e-01
6.081929802894592285e-01
6.077114939689636230e-01
6.072337627410888672e-01
6.067695021629333496e-01
6.062998175621032715e-01
6.058239340782165527e-01
6.053431034088134766e-01
6.048566102981567383e-01
6.043649315834045410e-01
6.038687825202941895e-01
6.033693552017211914e-01
6.028637290000915527e-01
6.023533940315246582e-01
6.018388867378234863e-01
6.013207435607910156e-01
6.007983088493347168e-01
6.002721786499023438e-01
5.997430086135864258e-01
5.992100834846496582e-01
5.986745953559875488e-01
5.981380939483642578e-01
5.975964665412902832e-01
5.970527529716491699e-01
5.965060591697692871e-01
5.959578156471252441e-01
5.954071283340454102e-01
5.948544740676879883e-01
5.943008065223693848e-01
5.937450528144836426e-01
5.931907892227172852e-01
5.926326513290405273e-01
5.920734405517578125e-01
5.915158987045288086e-01
5.909604430198669434e-01
5.904048085212707520e-01
5.898493528366088867e-01
5.892937779426574707e-01
5.887385010719299316e-01
5.881861448287963867e-01
5.876313447952270508e-01
5.870776176452636719e-01
5.865246653556823730e-01
5.859727859497070312e-01
5.854216217994689941e-01
5.848717093467712402e-01
5.843231678009033203e-01
5.837784409523010254e-01
5.832325816154479980e-01
5.826879739761352539e-01
5.821454524993896484e-01
5.816047191619873047e-01
5.810657739639282227e-01
5.805289745330810547e-01
5.799967646598815918e-01
5.794641375541687012e-01
5.789338350296020508e-01
5.784057974815368652e-01
5.778800845146179199e-01
5.773565769195556641e-01
5.768359899520874023e-01
5.763205885887145996e-01
5.758054256439208984e-01
5.752930045127868652e-01
5.747914910316467285e-01
5.743418335914611816e-01
5.738956928253173828e-01
5.734529495239257812e-01
5.730167031288146973e-01
5.725812315940856934e-01
5.721490979194641113e-01
5.717206597328186035e-01
5.712960958480834961e-01
5.708755254745483398e-01
5.704581737518310547e-01
5.700469017028808594e-01
5.696369409561157227e-01
5.692307949066162109e-01
5.688289999961853027e-01
5.684304237365722656e-01
5.680357217788696289e-01
5.675853490829467773e-01
5.671370625495910645e-01
5.666895508766174316e-01
5.662448406219482422e-01
5.658023953437805176e-01
5.653634071350097656e-01
5.649273991584777832e-01
5.644936561584472656e-01
5.640653967857360840e-01
5.636377930641174316e-01
5.632124543190002441e-01
5.627906322479248047e-01
5.623716711997985840e-01
5.619553327560424805e-01
5.615431070327758789e-01
5.611323118209838867e-01
5.607386231422424316e-01
5.603727102279663086e-01
5.600087642669677734e-01
5.596471428871154785e-01
5.592892765998840332e-01
5.589315891265869141e-01
5.585753321647644043e-01
5.582215785980224609e-01
5.578698515892028809e-01
5.575197935104370117e-01
5.571735501289367676e-01
5.568270087242126465e-01
5.564816594123840332e-01
5.561385750770568848e-01
5.557972192764282227e-01
5.554572939872741699e-01
5.551205277442932129e-01
5.546213388442993164e-01
5.538860559463500977e-01
5.531485080718994141e-01
5.524073243141174316e-01
5.516638755798339844e-01
5.509185194969177246e-01
5.501690506935119629e-01
5.494163632392883301e-01
5.486598610877990723e-01
5.479009151458740234e-01
5.471379756927490234e-01
5.463740825653076172e-01
5.456053018569946289e-01
5.448326468467712402e-01
5.440571904182434082e-01
5.432774424552917480e-01
5.424950718879699707e-01
5.417009592056274414e-01
5.407218337059020996e-01
5.397409200668334961e-01
5.387568473815917969e-01
5.377693176269531250e-01
5.367798805236816406e-01
5.357880592346191406e-01
5.347926616668701172e-01
5.337939858436584473e-01
5.327929854393005371e-01
5.317890644073486328e-01
5.307834148406982422e-01
5.297738909721374512e-01
5.287607908248901367e-01
5.277459621429443359e-01
5.267272591590881348e-01
5.257081985473632812e-01
5.246846675872802734e-01
5.236395001411437988e-01
5.225421786308288574e-01
5.214450955390930176e-01
5.203460454940795898e-01
5.192481875419616699e-01
5.181481838226318359e-01
5.170469880104064941e-01
5.159455537796020508e-01
5.148425698280334473e-01
5.137410759925842285e-01
5.126380324363708496e-01
5.115333199501037598e-01
5.104288458824157715e-01
5.093238949775695801e-01
5.082194209098815918e-01
5.071136951446533203e-01
5.060068964958190918e-01
5.049009919166564941e-01
5.038037896156311035e-01
5.029006600379943848e-01
5.020003914833068848e-01
5.011003613471984863e-01
5.002033710479736328e-01
4.993075430393218994e-01
4.984131455421447754e-01
4.975222051143646240e-01
4.966322481632232666e-01
4.957439005374908447e-01
4.948581457138061523e-01
4.939739704132080078e-01
4.930925965309143066e-01
4.922141730785369873e-01
4.913367629051208496e-01
4.904621243476867676e-01
4.895906150341033936e-01
4.887202680110931396e-01
4.878535866737365723e-01
4.869881868362426758e-01
4.861257672309875488e-01
4.852660000324249268e-01
4.844083487987518311e-01
4.835544228553771973e-01
4.827026128768920898e-01
4.818530976772308350e-01
4.810068607330322266e-01
4.801629483699798584e-01
4.793229401111602783e-01
4.784861207008361816e-01
4.776509702205657959e-01
4.768194258213043213e-01
4.759909510612487793e-01
4.751653671264648438e-01
4.743431210517883301e-01
4.735241234302520752e-01
4.727077484130859375e-01
4.718952775001525879e-01
4.711267650127410889e-01
4.704840183258056641e-01
4.698455929756164551e-01
4.692096114158630371e-01
4.685786962509155273e-01
4.679509401321411133e-01
4.673269391059875488e-01
4.667066335678100586e-01
4.660902619361877441e-01
4.654777050018310547e-01
4.648688733577728271e-01
4.642640352249145508e-01
4.636631011962890625e-01
4.630666971206665039e-01
4.624729156494140625e-01
4.618842005729675293e-01
4.612990021705627441e-01
4.607177674770355225e-01
4.601404964923858643e-01
4.595672786235809326e-01
4.589980840682983398e-01
4.584325253963470459e-01
4.578714072704315186e-01
4.573143720626831055e-01
4.567620754241943359e-01
4.562125504016876221e-01
4.556679427623748779e-01
4.551272988319396973e-01
4.545907974243164062e-01
4.540584683418273926e-01
4.535303115844726562e-01
4.530056118965148926e-01
4.524864256381988525e-01
4.519701600074768066e-01
4.514587223529815674e-01
4.509521722793579102e-01
4.504477679729461670e-01
4.499496817588806152e-01
4.494551420211791992e-01
4.489648640155792236e-01
4.484331905841827393e-01
4.478636980056762695e-01
4.472974538803100586e-01
4.467351734638214111e-01
4.461776316165924072e-01
4.456223249435424805e-01
4.450727999210357666e-01
4.445266127586364746e-01
4.439845383167266846e-01
4.434472620487213135e-01
4.429122209548950195e-01
4.423831999301910400e-01
4.418581724166870117e-01
4.413367509841918945e-01
4.408202767372131348e-01
4.403059482574462891e-01
4.397978782653808594e-01
4.392933547496795654e-01
4.387930631637573242e-01
4.382978081703186035e-01
4.378046691417694092e-01
4.373179972171783447e-01
4.368349015712738037e-01
4.363561570644378662e-01
4.358825087547302246e-01
4.354108870029449463e-01
4.349459409713745117e-01
4.344846606254577637e-01
4.340277314186096191e-01
4.335764646530151367e-01
4.331266283988952637e-01
4.326836466789245605e-01
4.322443306446075439e-01
4.318102002143859863e-01
4.313797652721405029e-01
4.309518933296203613e-01
4.305309951305389404e-01
4.301137924194335938e-01
4.297017753124237061e-01
4.292933940887451172e-01
4.288874864578247070e-01
4.284886717796325684e-01
4.281035661697387695e-01
4.277287125587463379e-01
4.273579120635986328e-01
4.269898533821105957e-01
4.266293644905090332e-01
4.262728989124298096e-01
4.259219467639923096e-01
4.255748689174652100e-01
4.252310991287231445e-01
4.248933196067810059e-01
4.245608747005462646e-01
4.242322146892547607e-01
4.239087998867034912e-01
4.235868453979492188e-01
4.232722222805023193e-01
4.229612052440643311e-01
4.226552248001098633e-01
4.223526418209075928e-01
4.220519065856933594e-01
4.217582643032073975e-01
4.214679002761840820e-01
4.211821258068084717e-01
4.208994209766387939e-01
4.206188321113586426e-01
4.203434586524963379e-01
4.200723469257354736e-01
4.198039174079895020e-01
4.195394814014434814e-01
4.192751348018646240e-01
4.190169274806976318e-01
4.187609553337097168e-01
4.185084402561187744e-01
4.182578623294830322e-01
4.180081486701965332e-01
4.177624285221099854e-01
4.175188839435577393e-01
4.172780215740203857e-01
4.170383214950561523e-01
4.167986214160919189e-01
4.165620207786560059e-01
4.163273572921752930e-01
4.160930514335632324e-01
4.158602654933929443e-01
4.156250655651092529e-01
4.154027998447418213e-01
4.151878356933593750e-01
4.149722456932067871e-01
4.147569537162780762e-01
4.145388901233673096e-01
4.143214821815490723e-01
4.141034781932830811e-01
4.138832688331604004e-01
4.136616289615631104e-01
4.134378135204315186e-01
4.132089614868164062e-01
4.129794538021087646e-01
4.127460420131683350e-01
4.125093817710876465e-01
4.122685194015502930e-01
4.120208919048309326e-01
4.117703735828399658e-01
4.115143716335296631e-01
4.112518727779388428e-01
4.109834134578704834e-01
4.107065200805664062e-01
4.104239940643310547e-01
4.101335704326629639e-01
4.098342359066009521e-01
4.095266163349151611e-01
4.092085361480712891e-01
4.088817238807678223e-01
4.085444509983062744e-01
4.081958234310150146e-01
4.078361093997955322e-01
4.074638485908508301e-01
4.070795178413391113e-01
4.066821038722991943e-01
4.062705039978027344e-01
4.058450162410736084e-01
4.054051935672760010e-01
4.049491584300994873e-01
4.044774770736694336e-01
4.039888679981231689e-01
4.034833312034606934e-01
4.029601514339447021e-01
4.024198651313781738e-01
4.018597602844238281e-01
4.012797772884368896e-01
4.006803035736083984e-01
4.000602662563323975e-01
3.994221687316894531e-01
3.987702727317810059e-01
3.980948626995086670e-01
3.973959386348724365e-01
3.966723680496215820e-01
3.959277868270874023e-01
3.951546847820281982e-01
3.943560719490051270e-01
3.935313224792480469e-01
3.926802575588226318e-01
3.918071687221527100e-01
3.909029662609100342e-01
3.899713158607482910e-01
3.890123069286346436e-01
3.880256712436676025e-01
3.870112001895904541e-01
3.859741091728210449e-01
3.849038183689117432e-01
3.838053047657012939e-01
3.826785683631896973e-01
3.815236687660217285e-01
3.803467750549316406e-01
3.791358470916748047e-01
3.778969347476959229e-01
3.766298890113830566e-01
3.753353357315063477e-01
3.740132749080657959e-01
3.726718723773956299e-01
3.712961077690124512e-01
3.698934614658355713e-01
3.684650957584381104e-01
3.670104146003723145e-01
3.655396699905395508e-01
3.640356361865997314e-01
3.625066280364990234e-01
3.609544932842254639e-01
3.593786358833312988e-01
3.577807247638702393e-01
3.561705052852630615e-01
3.545292317867279053e-01
3.528676629066467285e-01
3.511859178543090820e-01
3.494856357574462891e-01
3.477764725685119629e-01
3.460404574871063232e-01
3.442879021167755127e-01
3.425183892250061035e-01
3.407346606254577637e-01
3.389363288879394531e-01
3.371356129646301270e-01
3.353530764579772949e-01
3.335678577423095703e-01
3.317735493183135986e-01
3.299720883369445801e-01
3.281750679016113281e-01
3.263615667819976807e-01
3.245426416397094727e-01
3.227198719978332520e-01
3.208941817283630371e-01
3.190661072731018066e-01
3.172475695610046387e-01
3.154178857803344727e-01
3.135872781276702881e-01
3.117585778236389160e-01
3.099310100078582764e-01
3.081069588661193848e-01
3.062966465950012207e-01
3.044785261154174805e-01
3.026660680770874023e-01
3.008590936660766602e-01
2.990579903125762939e-01
2.972639501094818115e-01
2.954869568347930908e-01
2.937075495719909668e-01
2.919372916221618652e-01
2.901764512062072754e-01
2.884238660335540771e-01
2.866826057434082031e-01
2.849617004394531250e-01
2.832424044609069824e-01
2.815348505973815918e-01
2.798382043838500977e-01
2.781552374362945557e-01
2.764852941036224365e-01
2.748374938964843750e-01
2.731946706771850586e-01
2.715648412704467773e-01
2.699497938156127930e-01
2.683501541614532471e-01
2.667652070522308350e-01
2.652038335800170898e-01
2.636491060256958008e-01
2.621102631092071533e-01
2.605882287025451660e-01
2.590823471546173096e-01
2.575923204421997070e-01
2.561268508434295654e-01
2.546707093715667725e-01
2.532311379909515381e-01
2.518093287944793701e-01
2.504047751426696777e-01
2.490163594484329224e-01
2.476666718721389771e-01
2.463303804397583008e-01
2.450110614299774170e-01
2.437109351158142090e-01
2.424273788928985596e-01
2.411622256040573120e-01
2.399215102195739746e-01
2.386922240257263184e-01
2.374808937311172485e-01
2.362871766090393066e-01
2.351121008396148682e-01
2.339560389518737793e-01
2.328223586082458496e-01
2.317016422748565674e-01
2.305995821952819824e-01
2.295152992010116577e-01
2.284492999315261841e-01
2.274007946252822876e-01
2.263718843460083008e-01
2.253651171922683716e-01
2.243711203336715698e-01
2.233965247869491577e-01
2.224387824535369873e-01
2.214995622634887695e-01
2.205784171819686890e-01
2.196754068136215210e-01
2.187938094139099121e-01
2.179256677627563477e-01
2.170766144990921021e-01
2.162444144487380981e-01
2.154293656349182129e-01
2.146322280168533325e-01
2.138528674840927124e-01
2.130933851003646851e-01
2.123480588197708130e-01
2.116201370954513550e-01
2.109087407588958740e-01
2.102137655019760132e-01
2.095357775688171387e-01
2.088750004768371582e-01
2.082313299179077148e-01
2.076019048690795898e-01
2.069879323244094849e-01
2.063907533884048462e-01
2.058080881834030151e-01
2.052402049303054810e-01
2.046882510185241699e-01
2.041514068841934204e-01
2.036269158124923706e-01
2.031167447566986084e-01
2.026204615831375122e-01
2.021369338035583496e-01
2.016662061214447021e-01
2.012082636356353760e-01
2.007624953985214233e-01
2.003144472837448120e-01
1.998667269945144653e-01
1.994299441576004028e-01
1.990028172731399536e-01
1.985860317945480347e-01
1.981789171695709229e-01
1.977808177471160889e-01
1.973899602890014648e-01
1.970074027776718140e-01
1.966315805912017822e-01
1.962617784738540649e-01
1.958984136581420898e-01
1.955401450395584106e-01
1.951857060194015503e-01
1.948356926441192627e-01
1.944885551929473877e-01
1.941441446542739868e-01
1.938009113073348999e-01
1.934594660997390747e-01
1.931184828281402588e-01
1.927764713764190674e-01
1.924345195293426514e-01
1.920911222696304321e-01
1.917450875043869019e-01
1.913970112800598145e-01
1.910456866025924683e-01
1.906902790069580078e-01
1.903302818536758423e-01
1.899660825729370117e-01
1.895969808101654053e-01
1.892212480306625366e-01
1.888396441936492920e-01
1.884518563747406006e-01
1.880572289228439331e-01
1.876548677682876587e-01
1.872456818819046021e-01
1.868288516998291016e-01
1.864032894372940063e-01
1.859716176986694336e-01
1.855309456586837769e-01
1.850814968347549438e-01
1.846243739128112793e-01
1.841586232185363770e-01
1.836850494146347046e-01
1.832027286291122437e-01
1.827128827571868896e-01
1.822165995836257935e-01
1.817104518413543701e-01
1.811968237161636353e-01
1.806760877370834351e-01
1.801475286483764648e-01
1.796126067638397217e-01
1.790708303451538086e-01
1.785221695899963379e-01
1.779671311378479004e-01
1.774087399244308472e-01
1.768428534269332886e-01
1.762709915637969971e-01
1.756948083639144897e-01
1.751272529363632202e-01
1.745593845844268799e-01
1.739878356456756592e-01
1.734127700328826904e-01
1.728346198797225952e-01
1.722560375928878784e-01
1.716727018356323242e-01
1.710873246192932129e-01
1.705000698566436768e-01
1.699113398790359497e-01
1.693210303783416748e-01
1.687302142381668091e-01
1.681388318538665771e-01
1.675494760274887085e-01
1.669576466083526611e-01
1.663660407066345215e-01
1.657749265432357788e-01
1.651844531297683716e-01
1.645949333906173706e-01
1.640065312385559082e-01
1.634190082550048828e-01
1.628334969282150269e-01
1.622520536184310913e-01
1.616701930761337280e-01
1.610903739929199219e-01
1.605128496885299683e-01
1.599376946687698364e-01
1.593650579452514648e-01
1.587951332330703735e-01
1.582280248403549194e-01
1.576638370752334595e-01
1.571022421121597290e-01
1.565441787242889404e-01
1.559893637895584106e-01
1.554399281740188599e-01
1.548918187618255615e-01
1.543471664190292358e-01
1.538060307502746582e-01
1.532685309648513794e-01
1.527346819639205933e-01
1.522038131952285767e-01
1.516769975423812866e-01
1.511543989181518555e-01
1.506356745958328247e-01
1.501207351684570312e-01
1.496097445487976074e-01
1.491044014692306519e-01
1.486012488603591919e-01
1.481020301580429077e-01
1.476067602634429932e-01
1.471154540777206421e-01
1.466278135776519775e-01
1.461444646120071411e-01
1.456651836633682251e-01
1.451898366212844849e-01
1.447184681892395020e-01
1.442511230707168579e-01
1.437877267599105835e-01
1.433297395706176758e-01
1.428742706775665283e-01
1.424227058887481689e-01
1.419750899076461792e-01
1.415312886238098145e-01
1.410925835371017456e-01
1.406578123569488525e-01
1.402276009321212769e-01
1.398015469312667847e-01
1.393796801567077637e-01
1.389619559049606323e-01
1.385483294725418091e-01
1.381396353244781494e-01
1.377341747283935547e-01
1.373327374458312988e-01
1.369352936744689941e-01
1.365418583154678345e-01
1.361523866653442383e-01
1.357665061950683594e-01
1.353848576545715332e-01
1.350070685148239136e-01
1.346330940723419189e-01
1.342629641294479370e-01
1.338966041803359985e-01
1.335345804691314697e-01
1.331756711006164551e-01
1.328204572200775146e-01
1.324689388275146484e-01
1.321210116147994995e-01
1.317767351865768433e-01
1.314357668161392212e-01
1.310985982418060303e-01
1.307649761438369751e-01
1.304348409175872803e-01
1.301081478595733643e-01
1.297849267721176147e-01
1.294648945331573486e-01
1.291484832763671875e-01
1.288346052169799805e-01
1.285248845815658569e-01
1.282184720039367676e-01
1.279153227806091309e-01
1.276152133941650391e-01
1.273190528154373169e-01
1.270255744457244873e-01
1.267352998256683350e-01
1.264481842517852783e-01
1.261642128229141235e-01
1.258831173181533813e-01
1.256053298711776733e-01
1.253306120634078979e-01
1.250589191913604736e-01
1.247902587056159973e-01
1.245245933532714844e-01
1.242617070674896240e-01
1.240019798278808594e-01
1.237451806664466858e-01
1.234912872314453125e-01
1.232402995228767395e-01
1.229921802878379822e-01
1.227469146251678467e-01
1.225043013691902161e-01
1.222646906971931458e-01
1.220278739929199219e-01
1.217939630150794983e-01
1.215626746416091919e-01
1.213341206312179565e-01
1.211081370711326599e-01
1.208850294351577759e-01
1.206646114587783813e-01
1.204468756914138794e-01
1.202635839581489563e-01
1.200987920165061951e-01
1.199367865920066833e-01
1.197764575481414795e-01
1.196195334196090698e-01
1.194653362035751343e-01
1.193135753273963928e-01
1.191645115613937378e-01
1.190178692340850830e-01
1.188737452030181885e-01
1.187322810292243958e-01
1.185932010412216187e-01
1.184567287564277649e-01
1.183224841952323914e-01
1.181900575757026672e-01
1.180609762668609619e-01
1.179342344403266907e-01
1.178100332617759705e-01
1.176881492137908936e-01
1.175686791539192200e-01
1.174517199397087097e-01
1.173370480537414551e-01
1.172248572111129761e-01
1.171149387955665588e-01
1.170067191123962402e-01
1.169015318155288696e-01
1.167986914515495300e-01
1.166982725262641907e-01
1.166001111268997192e-01
1.165043488144874573e-01
1.164108291268348694e-01
1.163196265697479248e-01
1.162307858467102051e-01
1.161441802978515625e-01
1.160591691732406616e-01
1.159771382808685303e-01
1.158973872661590576e-01
1.158199757337570190e-01
1.157447695732116699e-01
1.156718805432319641e-01
1.156012043356895447e-01
1.155328229069709778e-01
1.154666543006896973e-01
1.154027283191680908e-01
1.153403297066688538e-01
1.152808889746665955e-01
1.152237206697463989e-01
1.151687502861022949e-01
1.151160076260566711e-01
1.150655299425125122e-01
1.150172501802444458e-01
1.149712130427360535e-01
1.149273812770843506e-01
1.148857697844505310e-01
1.148456409573554993e-01
1.148084700107574463e-01
1.147735267877578735e-01
1.147407889366149902e-01
1.147102713584899902e-01
1.146819740533828735e-01
1.146558895707130432e-01
1.146320179104804993e-01
1.146103665232658386e-01
1.145909279584884644e-01
1.145729646086692810e-01
1.145579740405082703e-01
1.145451888442039490e-01
1.145346388220787048e-01
1.145262867212295532e-01
1.145201921463012695e-01
1.145163178443908691e-01
1.145351603627204895e-01
1.145853698253631592e-01
1.146375536918640137e-01
1.146917864680290222e-01
1.147487685084342957e-01
1.148070320487022400e-01
1.148673146963119507e-01
1.149296239018440247e-01
1.149939522147178650e-01
1.150610297918319702e-01
1.151294112205505371e-01
1.151998192071914673e-01
1.152722612023353577e-01
1.153467372059822083e-01
1.154239699244499207e-01
1.155025213956832886e-01
1.155831143260002136e-01
1.156657561659812927e-01
1.157504394650459290e-01
1.158378869295120239e-01
1.159266829490661621e-01
1.160175278782844543e-01
1.161104366183280945e-01
1.162054091691970825e-01
1.163031682372093201e-01
1.164022833108901978e-01
1.165034696459770203e-01
1.166067421436309814e-01
1.167120859026908875e-01
1.168202310800552368e-01
1.169296726584434509e-01
1.170412898063659668e-01
1.171550154685974121e-01
1.172708421945571899e-01
1.173887774348258972e-01
1.175095289945602417e-01
1.176328435540199280e-01
1.177571490406990051e-01
1.178835779428482056e-01
1.180121302604675293e-01
1.181435212492942810e-01
1.182763576507568359e-01
1.184113323688507080e-01
1.185484677553176880e-01
1.186877563595771790e-01
1.188298910856246948e-01
1.189735010266304016e-01
1.191192865371704102e-01
1.192672476172447205e-01
1.194173842668533325e-01
1.195703893899917603e-01
1.197248995304107666e-01
1.198816150426864624e-01
1.200405284762382507e-01
1.202016398310661316e-01
1.203656345605850220e-01
1.205311790108680725e-01
1.206989437341690063e-01
1.208687573671340942e-01
1.210409775376319885e-01
1.212160959839820862e-01
1.213927865028381348e-01
1.215717345476150513e-01
1.217529326677322388e-01
1.219378411769866943e-01
1.221242100000381470e-01
1.223121955990791321e-01
1.225024610757827759e-01
1.226949840784072876e-01
1.228897944092750549e-01
1.230875402688980103e-01
1.232869252562522888e-01
1.234885975718498230e-01
1.236925870180130005e-01
1.238988637924194336e-01
1.241080760955810547e-01
1.243191435933113098e-01
1.245306134223937988e-01
1.247450187802314758e-01
1.249608770012855530e-01
1.251794397830963135e-01
1.253994703292846680e-01
1.256221979856491089e-01
1.258470118045806885e-01
1.260733008384704590e-01
1.263022720813751221e-01
1.265344768762588501e-01
1.267676353454589844e-01
1.270029097795486450e-01
1.272396594285964966e-01
1.274791359901428223e-01
1.277200877666473389e-01
1.279637217521667480e-01
1.282094717025756836e-01
1.284567117691040039e-01
1.287066489458084106e-01
1.289580911397933960e-01
1.292122155427932739e-01
1.294694095849990845e-01
1.297277361154556274e-01
1.299881339073181152e-01
1.302500665187835693e-01
1.305146664381027222e-01
1.307807862758636475e-01
1.310495436191558838e-01
1.313203871250152588e-01
1.315927803516387939e-01
1.318677812814712524e-01
1.321443319320678711e-01
1.324235051870346069e-01
1.327061653137207031e-01
1.329894661903381348e-01
1.332748234272003174e-01
1.335617303848266602e-01
1.338512152433395386e-01
1.341422051191329956e-01
1.344357877969741821e-01
1.347313821315765381e-01
1.350281536579132080e-01
1.353278160095214844e-01
1.356289684772491455e-01
1.359326541423797607e-01
1.362399756908416748e-01
1.365476697683334351e-01
1.368573307991027832e-01
1.371685117483139038e-01
1.374821513891220093e-01
1.377972662448883057e-01
1.381148099899291992e-01
1.384343057870864868e-01
1.387552469968795776e-01
1.390785872936248779e-01
1.394033730030059814e-01
1.397305130958557129e-01
1.400617808103561401e-01
1.403922438621520996e-01
1.407250165939331055e-01
1.410591900348663330e-01
1.413956284523010254e-01
1.417330652475357056e-01
1.420731097459793091e-01
1.424149572849273682e-01
1.427581608295440674e-01
1.431035250425338745e-01
1.434502154588699341e-01
1.438013762235641479e-01
1.441519111394882202e-01
1.445037275552749634e-01
1.448576003313064575e-01
1.452127397060394287e-01
1.455698609352111816e-01
1.459282338619232178e-01
1.462885439395904541e-01
1.466504186391830444e-01
1.470134407281875610e-01
1.473807990550994873e-01
1.477468460798263550e-01
1.481147110462188721e-01
1.484840959310531616e-01
1.488584280014038086e-01
1.492335945367813110e-01
1.496100574731826782e-01
1.499871611595153809e-01
1.503671705722808838e-01
1.507454365491867065e-01
1.511248648166656494e-01
1.515047550201416016e-01
1.518849879503250122e-01
1.522658020257949829e-01
1.526479423046112061e-01
1.530323624610900879e-01
1.534147411584854126e-01
1.537975817918777466e-01
1.541810780763626099e-01
1.545651704072952271e-01
1.549491435289382935e-01
1.553336381912231445e-01
1.557206809520721436e-01
1.561059206724166870e-01
1.564908325672149658e-01
1.568761020898818970e-01
1.572612524032592773e-01
1.576464921236038208e-01
1.580322235822677612e-01
1.584201604127883911e-01
1.588053107261657715e-01
1.591903418302536011e-01
1.595758646726608276e-01
1.599605530500411987e-01
1.603449732065200806e-01
1.607291102409362793e-01
1.611130386590957642e-01
1.614995002746582031e-01
1.618824899196624756e-01
1.622650027275085449e-01
1.626471281051635742e-01
1.630290150642395020e-01
1.634098142385482788e-01
1.637900471687316895e-01
1.641719639301300049e-01
1.645510941743850708e-01
1.649289280176162720e-01
1.653059571981430054e-01
1.656819730997085571e-01
1.660570353269577026e-01
1.664315760135650635e-01
1.668070852756500244e-01
1.671789139509201050e-01
1.675496101379394531e-01
1.679195463657379150e-01
1.682876944541931152e-01
1.686545312404632568e-01
1.690199673175811768e-01
1.693839579820632935e-01
1.697493791580200195e-01
1.701103448867797852e-01
1.704696565866470337e-01
1.708273440599441528e-01
1.711837947368621826e-01
1.715380102396011353e-01
1.718903630971908569e-01
1.722432971000671387e-01
1.725923418998718262e-01
1.729389578104019165e-01
1.732834726572036743e-01
1.736259609460830688e-01
1.739663034677505493e-01
1.743071079254150391e-01
1.746429949998855591e-01
1.749765723943710327e-01
1.753077954053878784e-01
1.756369024515151978e-01
1.759654879570007324e-01
1.762892901897430420e-01
1.766105294227600098e-01
1.769289672374725342e-01
1.772452890872955322e-01
1.775584667921066284e-01
1.778708696365356445e-01
1.781783998012542725e-01
1.784834116697311401e-01
1.787851452827453613e-01
1.790836453437805176e-01
1.793813854455947876e-01
1.796739548444747925e-01
1.799637228250503540e-01
1.802497059106826782e-01
1.805132031440734863e-01
1.807696074247360229e-01
1.810211390256881714e-01
1.812696456909179688e-01
1.815146803855895996e-01
1.817564964294433594e-01
1.819970309734344482e-01
1.822327077388763428e-01
1.824647635221481323e-01
1.826937943696975708e-01
1.829192340373992920e-01
1.831434220075607300e-01
1.833620667457580566e-01
1.835773140192031860e-01
1.837891489267349243e-01
1.839977651834487915e-01
1.842046082019805908e-01
1.844059526920318604e-01
1.846037358045578003e-01
1.847979575395584106e-01
1.849888861179351807e-01
1.851775348186492920e-01
1.853609383106231689e-01
1.855410635471343994e-01
1.857173889875411987e-01
1.858898252248764038e-01
1.860585510730743408e-01
1.862250715494155884e-01
1.863865554332733154e-01
1.865440905094146729e-01
1.866982281208038330e-01
1.868482232093811035e-01
1.869959831237792969e-01
1.871383935213088989e-01
1.872769743204116821e-01
1.874117404222488403e-01
1.875428557395935059e-01
1.876715719699859619e-01
1.877948194742202759e-01
1.879141926765441895e-01
1.880298554897308350e-01
1.881414949893951416e-01
1.882503777742385864e-01
1.883546561002731323e-01
1.884547472000122070e-01
1.885508447885513306e-01
1.886430829763412476e-01
1.887323707342147827e-01
1.888168603181838989e-01
1.888973861932754517e-01
1.889744102954864502e-01
1.890471428632736206e-01
1.891169100999832153e-01
1.891818642616271973e-01
1.892428994178771973e-01
1.893000751733779907e-01
1.893541812896728516e-01
1.894039958715438843e-01
1.894495487213134766e-01
1.894912272691726685e-01
1.895297616720199585e-01
1.895637363195419312e-01
1.895938664674758911e-01
1.896202266216278076e-01
1.896436959505081177e-01
1.896623969078063965e-01
1.896773278713226318e-01
1.896884590387344360e-01
1.896962970495223999e-01
1.896998584270477295e-01
1.896997541189193726e-01
1.896963119506835938e-01
1.896891295909881592e-01
1.896778047084808350e-01
1.896628737449645996e-01
1.896443068981170654e-01
1.896223723888397217e-01
1.895964145660400391e-01
1.895673722028732300e-01
1.895343661308288574e-01
1.894979476928710938e-01
1.894576847553253174e-01
1.894140243530273438e-01
1.893668770790100098e-01
1.893163323402404785e-01
1.892624944448471069e-01
1.892049908638000488e-01
1.891440600156784058e-01
1.890797317028045654e-01
1.890119016170501709e-01
1.889408826828002930e-01
1.888665854930877686e-01
1.887892931699752808e-01
1.887082308530807495e-01
1.886241286993026733e-01
1.885288506746292114e-01
1.884180009365081787e-01
1.883040964603424072e-01
1.881866306066513062e-01
1.880656927824020386e-01
1.879412680864334106e-01
1.878139525651931763e-01
1.876832544803619385e-01
1.875491142272949219e-01
1.874117553234100342e-01
1.872719228267669678e-01
1.871283650398254395e-01
1.869816631078720093e-01
1.868320107460021973e-01
1.866800785064697266e-01
1.865245401859283447e-01
1.863659471273422241e-01
1.862046569585800171e-01
1.860412359237670898e-01
1.858743727207183838e-01
1.857045590877532959e-01
1.855326145887374878e-01
1.853580474853515625e-01
1.851805448532104492e-01
1.850001513957977295e-01
1.848179101943969727e-01
1.846331655979156494e-01
1.844456940889358521e-01
1.842557340860366821e-01
1.840634793043136597e-01
1.838692426681518555e-01
1.836724132299423218e-01
1.834732294082641602e-01
1.832719892263412476e-01
1.830688863992691040e-01
1.828638017177581787e-01
1.826556473970413208e-01
1.824460476636886597e-01
1.822347342967987061e-01
1.820206940174102783e-01
1.818055361509323120e-01
1.815882176160812378e-01
1.813683807849884033e-01
1.811478883028030396e-01
1.809254586696624756e-01
1.807000488042831421e-01
1.804746538400650024e-01
1.802469789981842041e-01
1.800168752670288086e-01
1.797859817743301392e-01
1.795542985200881958e-01
1.793193370103836060e-01
1.790842562913894653e-01
1.788479834794998169e-01
1.786089837551116943e-01
1.783695369958877563e-01
1.781290024518966675e-01
1.778863221406936646e-01
1.776432842016220093e-01
1.773988306522369385e-01
1.771527379751205444e-01
1.769059896469116211e-01
1.766583472490310669e-01
1.764082610607147217e-01
1.761590242385864258e-01
1.759081035852432251e-01
1.756564229726791382e-01
1.754023879766464233e-01
1.751493513584136963e-01
1.748947948217391968e-01
1.746383160352706909e-01
1.743826270103454590e-01
1.741258054971694946e-01
1.738668233156204224e-01
1.736085414886474609e-01
1.733499616384506226e-01
1.730890423059463501e-01
1.728286743164062500e-01
1.725683659315109253e-01
1.723054945468902588e-01
1.720435619354248047e-01
1.717809885740280151e-01
1.715171933174133301e-01
1.712536960840225220e-01
1.709898561239242554e-01
1.707246750593185425e-01
1.704600602388381958e-01
1.701949834823608398e-01
1.699282824993133545e-01
1.696631014347076416e-01
1.693972200155258179e-01
1.691295802593231201e-01
1.688632071018218994e-01
1.685970872640609741e-01
1.683302968740463257e-01
1.680618822574615479e-01
1.677953451871871948e-01
1.675280779600143433e-01
1.672593653202056885e-01
1.669919490814208984e-01
1.667250543832778931e-01
1.664561033248901367e-01
1.661886274814605713e-01
1.659271270036697388e-01
1.657325178384780884e-01
1.655394732952117920e-01
1.653466075658798218e-01
1.651518940925598145e-01
1.649593114852905273e-01
1.647669374942779541e-01
1.645732820034027100e-01
1.643807291984558105e-01
1.641889214515686035e-01
1.639958620071411133e-01
1.638044565916061401e-01
1.636132746934890747e-01
1.634203195571899414e-01
1.632295995950698853e-01
1.630391031503677368e-01
1.628474295139312744e-01
1.626568734645843506e-01
1.624657064676284790e-01
1.622762531042098999e-01
1.620870381593704224e-01
1.618961244821548462e-01
1.617074757814407349e-01
1.615176945924758911e-01
1.613296121358871460e-01
1.611413210630416870e-01
1.609524488449096680e-01
1.607652753591537476e-01
1.605770140886306763e-01
1.603904962539672852e-01
1.602037847042083740e-01
1.600164622068405151e-01
1.598309725522994995e-01
1.596458256244659424e-01
1.594589799642562866e-01
1.592745184898376465e-01
1.590889245271682739e-01
1.589052081108093262e-01
1.587212085723876953e-01
1.585367769002914429e-01
1.583541482686996460e-01
1.581703871488571167e-01
1.579879820346832275e-01
1.578064262866973877e-01
1.576239019632339478e-01
1.574431061744689941e-01
1.572613716125488281e-01
1.570809334516525269e-01
1.569013446569442749e-01
1.567208319902420044e-01
1.565420627593994141e-01
1.563618183135986328e-01
1.561838835477828979e-01
1.560064554214477539e-01
1.558280140161514282e-01
1.556508094072341919e-01
1.554732471704483032e-01
1.552974283695220947e-01
1.551221460103988647e-01
1.549452543258666992e-01
1.547708511352539062e-01
1.545968949794769287e-01
1.544218659400939941e-01
1.542488038539886475e-01
1.540741324424743652e-01
1.539019942283630371e-01
1.537301689386367798e-01
1.535575091838836670e-01
1.533860713243484497e-01
1.532143652439117432e-01
1.530445069074630737e-01
1.528749912977218628e-01
1.527041494846343994e-01
1.525355726480484009e-01
1.523662060499191284e-01
1.521985679864883423e-01
1.520310193300247192e-01
1.518630981445312500e-01
1.516968756914138794e-01
1.515299379825592041e-01
1.513646841049194336e-01
1.511995345354080200e-01
1.510338783264160156e-01
1.508702337741851807e-01
1.507057100534439087e-01
1.505423635244369507e-01
1.503801941871643066e-01
1.502169817686080933e-01
1.500557959079742432e-01
1.498944163322448730e-01
1.497328728437423706e-01
1.495731621980667114e-01
1.494124382734298706e-01
1.492532193660736084e-01
1.490948349237442017e-01
1.489357948303222656e-01
1.487784087657928467e-01
1.486198604106903076e-01
1.484636664390563965e-01
1.483064591884613037e-01
1.481512635946273804e-01
1.479950547218322754e-01
1.478403806686401367e-01
1.476851850748062134e-01
1.475320160388946533e-01
1.473780572414398193e-01
1.472252011299133301e-01
1.470722407102584839e-01
1.469209194183349609e-01
1.467702835798263550e-01
1.466181725263595581e-01
1.464685648679733276e-01
1.463181674480438232e-01
1.461795419454574585e-01
1.460427790880203247e-01
1.459072083234786987e-01
1.457712203264236450e-01
1.456368863582611084e-01
1.455016732215881348e-01
1.453681141138076782e-01
1.452338695526123047e-01
1.451010853052139282e-01
1.449669152498245239e-01
1.448348909616470337e-01
1.447032541036605835e-01
1.445707529783248901e-01
1.444398760795593262e-01
1.443081498146057129e-01
1.441780626773834229e-01
1.440473347902297974e-01
1.439175307750701904e-01
1.437873691320419312e-01
1.436588317155838013e-01
1.435294300317764282e-01
1.434016823768615723e-01
1.432730704545974731e-01
1.431460827589035034e-01
1.430182605981826782e-01
1.428918242454528809e-01
1.427659988403320312e-01
1.426393687725067139e-01
1.425143331289291382e-01
1.423884779214859009e-01
1.422642171382904053e-01
1.421391665935516357e-01
1.420156806707382202e-01
1.418911665678024292e-01
1.417684853076934814e-01
1.416449844837188721e-01
1.415230780839920044e-01
1.414003819227218628e-01
1.412792503833770752e-01
1.411573290824890137e-01
1.410365104675292969e-01
1.409165561199188232e-01
1.407960802316665649e-01
1.406768858432769775e-01
1.405569612979888916e-01
1.404385566711425781e-01
1.403193771839141846e-01
1.402017772197723389e-01
1.400829404592514038e-01
1.399661004543304443e-01
1.398485004901885986e-01
1.397327184677124023e-01
1.396158933639526367e-01
1.395006179809570312e-01
1.393845975399017334e-01
1.392701119184494019e-01
1.391555368900299072e-01
1.390406787395477295e-01
1.389273554086685181e-01
1.388132721185684204e-01
1.387009918689727783e-01
1.385876983404159546e-01
1.384759098291397095e-01
1.383629441261291504e-01
1.382519453763961792e-01
1.381402015686035156e-01
1.380299627780914307e-01
1.379190087318420410e-01
1.378098130226135254e-01
1.376996338367462158e-01
1.375909298658370972e-01
1.374810785055160522e-01
1.373731493949890137e-01
1.372645199298858643e-01
1.371562778949737549e-01
1.370494961738586426e-01
1.369420140981674194e-01
1.368362754583358765e-01
1.367295682430267334e-01
1.366238743066787720e-01
1.365179270505905151e-01
1.364134401082992554e-01
1.363082677125930786e-01
1.362045258283615112e-01
1.361001282930374146e-01
1.359960883855819702e-01
1.358933448791503906e-01
1.357900798320770264e-01
1.356882303953170776e-01
1.355857253074645996e-01
1.354846358299255371e-01
1.353828758001327515e-01
1.352825313806533813e-01
1.351815164089202881e-01
1.350815147161483765e-01
1.349815577268600464e-01
1.348816901445388794e-01
1.347832232713699341e-01
1.346841007471084595e-01
1.345863640308380127e-01
1.344880014657974243e-01
1.343910098075866699e-01
1.342929601669311523e-01
1.341966986656188965e-01
1.341001242399215698e-01
1.340046077966690063e-01
1.339084655046463013e-01
1.338127106428146362e-01
1.337182968854904175e-01
1.336228549480438232e-01
1.335291713476181030e-01
1.334348767995834351e-01
1.333422213792800903e-01
1.332486569881439209e-01
1.331564337015151978e-01
1.330635994672775269e-01
1.329711377620697021e-01
1.328795999288558960e-01
1.327878683805465698e-01
1.326974332332611084e-01
1.326064318418502808e-01
1.325170248746871948e-01
1.324275881052017212e-01
1.323435008525848389e-01
1.322579979896545410e-01
1.321740448474884033e-01
1.320895105600357056e-01
1.320051699876785278e-01
1.319217234849929810e-01
1.318383216857910156e-01
1.317554116249084473e-01
1.316721737384796143e-01
1.315901875495910645e-01
1.315075010061264038e-01
1.314259916543960571e-01
1.313439160585403442e-01
1.312629580497741699e-01
1.311810314655303955e-01
1.311000883579254150e-01
1.310196071863174438e-01
1.309388279914855957e-01
1.308592855930328369e-01
1.307790428400039673e-01
1.306996494531631470e-01
1.306203454732894897e-01
1.305414587259292603e-01
1.304627060890197754e-01
1.303843855857849121e-01
1.303057521581649780e-01
1.302274614572525024e-01
1.301502734422683716e-01
1.300724595785140991e-01
1.299958527088165283e-01
1.299185901880264282e-01
1.298421323299407959e-01
1.297657787799835205e-01
1.296889930963516235e-01
1.296136528253555298e-01
1.295377761125564575e-01
1.294629722833633423e-01
1.293872594833374023e-01
1.293125003576278687e-01
1.292381584644317627e-01
1.291635781526565552e-01
1.290892958641052246e-01
1.290160715579986572e-01
1.289422810077667236e-01
1.288687884807586670e-01
1.287963688373565674e-01
1.287230402231216431e-01
1.286514848470687866e-01
1.285786926746368408e-01
1.285064816474914551e-01
1.284354031085968018e-01
1.283637136220932007e-01
1.282919645309448242e-01
1.282219886779785156e-01
1.281507611274719238e-01
1.280809342861175537e-01
1.280106008052825928e-01
1.279404908418655396e-01
1.278714388608932495e-01
1.278018802404403687e-01
1.277325600385665894e-01
1.276639401912689209e-01
1.275954991579055786e-01
1.275266259908676147e-01
1.274591088294982910e-01
1.273910999298095703e-01
1.273241043090820312e-01
1.272562593221664429e-01
1.271893680095672607e-01
1.271228045225143433e-01
1.270560622215270996e-01
1.269895881414413452e-01
1.269241124391555786e-01
1.268581598997116089e-01
1.267932206392288208e-01
1.267277449369430542e-01
1.266622245311737061e-01
1.265983730554580688e-01
1.265333294868469238e-01
1.264688968658447266e-01
1.264054626226425171e-01
1.263415217399597168e-01
1.262775063514709473e-01
1.262151747941970825e-01
1.261516511440277100e-01
1.260894387960433960e-01
1.260267943143844604e-01
1.259643733501434326e-01
1.259029209613800049e-01
1.258410215377807617e-01
1.257793456315994263e-01
1.257186532020568848e-01
1.256574988365173340e-01
1.255969405174255371e-01
1.255366057157516479e-01
1.254758536815643311e-01
1.254163831472396851e-01
1.253564506769180298e-01
1.252967864274978638e-01
1.252377033233642578e-01
1.251788735389709473e-01
1.251195967197418213e-01
1.250616163015365601e-01
1.250031590461730957e-01
1.249456480145454407e-01
1.248876973986625671e-01
1.248299926519393921e-01
1.247732192277908325e-01
1.247156485915184021e-01
1.246590316295623779e-01
1.246026307344436646e-01
1.245461478829383850e-01
1.244898959994316101e-01
1.244345679879188538e-01
1.243784725666046143e-01
1.243239566683769226e-01
1.242683306336402893e-01
1.242133080959320068e-01
1.241591498255729675e-01
1.241046190261840820e-01
1.240503266453742981e-01
1.239968761801719666e-01
1.239430680871009827e-01
1.238891407847404480e-01
1.238367632031440735e-01
1.237833127379417419e-01
1.237304434180259705e-01
1.236777901649475098e-01
1.236260384321212769e-01
1.235735341906547546e-01
1.235219612717628479e-01
1.234705448150634766e-01
1.234191209077835083e-01
1.233644634485244751e-01
1.232811436057090759e-01
1.231980100274085999e-01
1.231151670217514038e-01
1.230322346091270447e-01
1.229501366615295410e-01
1.228676810860633850e-01
1.227854415774345398e-01
1.227034777402877808e-01
1.226223111152648926e-01
1.225408166646957397e-01
1.224595233798027039e-01
1.223785206675529480e-01
1.222986578941345215e-01
1.222177594900131226e-01
1.221377998590469360e-01
1.220579594373703003e-01
1.219784468412399292e-01
1.218985095620155334e-01
1.218194887042045593e-01
1.217405945062637329e-01
1.216620355844497681e-01
1.215830668807029724e-01
1.215055435895919800e-01
1.214273944497108459e-01
1.213494315743446350e-01
1.212717667222023010e-01
1.211948245763778687e-01
1.211176291108131409e-01
1.210406124591827393e-01
1.209638863801956177e-01
1.208878830075263977e-01
1.208116412162780762e-01
1.207359284162521362e-01
1.206603273749351501e-01
1.205850988626480103e-01
1.205094307661056519e-01
1.204346641898155212e-01
1.203600093722343445e-01
1.202857196331024170e-01
1.202109903097152710e-01
1.201376840472221375e-01
1.200634464621543884e-01
1.199900880455970764e-01
1.199166774749755859e-01
1.198439523577690125e-01
1.197710037231445312e-01
