8.731228709220886230e-01
8.698714375495910645e-01
8.659471273422241211e-01
8.639053106307983398e-01
8.652570247650146484e-01
8.708324432373046875e-01
8.805988430976867676e-01
8.940741419792175293e-01
9.102697968482971191e-01
9.274642467498779297e-01
9.433113932609558105e-01
9.556578993797302246e-01
9.633623361587524414e-01
9.664117097854614258e-01
9.658336639404296875e-01
9.628288149833679199e-01
9.577912092208862305e-01
9.495087862014770508e-01
9.373276233673095703e-01
9.239083528518676758e-01
9.113496541976928711e-01
9.011644124984741211e-01
8.938181996345520020e-01
8.891344070434570312e-01
8.866451382637023926e-01
8.857477307319641113e-01
8.856936097145080566e-01
8.856573104858398438e-01
8.847576975822448730e-01
8.824469447135925293e-01
8.786814808845520020e-01
8.739745616912841797e-01
8.691621422767639160e-01
8.651327490806579590e-01
8.620508909225463867e-01
8.591006994247436523e-01
8.601338267326354980e-01
8.645679950714111328e-01
8.711119294166564941e-01
8.794285058975219727e-01
8.891990780830383301e-01
8.999652266502380371e-01
9.112660884857177734e-01
9.227741956710815430e-01
9.343774318695068359e-01
9.459485411643981934e-01
9.567193388938903809e-01
9.651175737380981445e-01
9.697731137275695801e-01
9.704840779304504395e-01
9.683281183242797852e-01
9.647652506828308105e-01
9.574607014656066895e-01
9.496252536773681641e-01
9.422647356986999512e-01
9.355044960975646973e-01
9.295453429222106934e-01
9.245002269744873047e-01
9.203810095787048340e-01
9.170621037483215332e-01
9.143697023391723633e-01
9.120937585830688477e-01
9.100099802017211914e-01
9.078423380851745605e-01
9.052662849426269531e-01
9.021133184432983398e-01
8.994802236557006836e-01
8.954192996025085449e-01
8.910365700721740723e-01
8.867350816726684570e-01
8.828571438789367676e-01
8.796270489692687988e-01
8.772827386856079102e-01
8.759409785270690918e-01
8.756382465362548828e-01
8.763975501060485840e-01
8.779091238975524902e-01
8.787152767181396484e-01
8.837854266166687012e-01
8.893385529518127441e-01
8.961812257766723633e-01
9.039404988288879395e-01
9.122079610824584961e-01
9.207035303115844727e-01
9.289746284484863281e-01
9.378591775894165039e-01
9.457955360412597656e-01
9.530625343322753906e-01
9.593557715415954590e-01
9.644771218299865723e-01
9.682940244674682617e-01
9.707074165344238281e-01
9.717165827751159668e-01
9.714040160179138184e-01
9.698883295059204102e-01
9.673913717269897461e-01
9.641553759574890137e-01
9.604377150535583496e-01
9.564639329910278320e-01
9.524536132812500000e-01
9.485905766487121582e-01
9.450080394744873047e-01
9.418795108795166016e-01
9.391413331031799316e-01
9.367786049842834473e-01
9.347131252288818359e-01
9.328390359878540039e-01
9.309992194175720215e-01
9.290406703948974609e-01
9.268136024475097656e-01
9.241908788681030273e-01
9.212221503257751465e-01
9.180215597152709961e-01
9.145925641059875488e-01
9.107519388198852539e-01
9.062644243240356445e-01
9.012616872787475586e-01
8.960909843444824219e-01
8.910891413688659668e-01
8.865130543708801270e-01
8.824395537376403809e-01
8.788933157920837402e-01
8.758890032768249512e-01
8.734135627746582031e-01
8.714511990547180176e-01
8.699775934219360352e-01
8.689805269241333008e-01
8.684600591659545898e-01
8.684447407722473145e-01
8.688987493515014648e-01
8.698437809944152832e-01
8.712876439094543457e-01
8.732595443725585938e-01
8.757705688476562500e-01
8.788400888442993164e-01
8.824818730354309082e-01
8.866662979125976562e-01
8.913598656654357910e-01
8.965508341789245605e-01
9.021462202072143555e-01
9.080649018287658691e-01
9.142065644264221191e-01
9.204139709472656250e-01
9.265675544738769531e-01
9.325579404830932617e-01
9.382606148719787598e-01
9.436285495758056641e-01
9.486995935440063477e-01
9.535285234451293945e-01
9.582371115684509277e-01
9.667054414749145508e-01
9.694777131080627441e-01
9.704774618148803711e-01
9.699878692626953125e-01
9.686723351478576660e-01
9.670364260673522949e-01
9.653275012969970703e-01
9.636686444282531738e-01
9.620093107223510742e-01
9.603008627891540527e-01
9.584539532661437988e-01
9.563574194908142090e-01
9.538854956626892090e-01
9.508999586105346680e-01
9.472601413726806641e-01
9.428426623344421387e-01
9.375944733619689941e-01
9.315016865730285645e-01
9.246069192886352539e-01
9.170438051223754883e-01
9.089580178260803223e-01
9.005378484725952148e-01
8.919576406478881836e-01
8.834370374679565430e-01
8.751173615455627441e-01
8.671281337738037109e-01
8.595548868179321289e-01
8.524987697601318359e-01
8.460013270378112793e-01
8.400690555572509766e-01
8.347103595733642578e-01
8.299285769462585449e-01
8.256893754005432129e-01
8.219869732856750488e-01
8.187772035598754883e-01
8.160400390625000000e-01
8.137345910072326660e-01
8.118675351142883301e-01
8.105208873748779297e-01
8.099832534790039062e-01
8.106291890144348145e-01
8.125282526016235352e-01
8.150669336318969727e-01
8.177446722984313965e-01
8.204739689826965332e-01
8.233749866485595703e-01
8.265470862388610840e-01
8.300651311874389648e-01
8.339629769325256348e-01
8.382557630538940430e-01
8.429446816444396973e-01
8.480237722396850586e-01
8.534473776817321777e-01
8.592284917831420898e-01
8.653427362442016602e-01
8.717589378356933594e-01
8.784549832344055176e-01
8.853541016578674316e-01
8.924196362495422363e-01
8.995927572250366211e-01
9.068082571029663086e-01
9.139962196350097656e-01
9.210665225982666016e-01
9.279634356498718262e-01
9.346091747283935547e-01
9.409272074699401855e-01
9.469004273414611816e-01
9.524577260017395020e-01
9.575423598289489746e-01
9.621413350105285645e-01
9.662137031555175781e-01
9.697420597076416016e-01
9.727120995521545410e-01
9.751406311988830566e-01
9.770319461822509766e-01
9.784020185470581055e-01
9.792776703834533691e-01
9.796616435050964355e-01
9.794880747795104980e-01
9.785385727882385254e-01
9.767564535140991211e-01
9.745449423789978027e-01
9.720938801765441895e-01
9.692782759666442871e-01
9.660109877586364746e-01
9.622260928153991699e-01
9.579314589500427246e-01
9.531159996986389160e-01
9.478426575660705566e-01
9.421433210372924805e-01
9.361345767974853516e-01
9.299004077911376953e-01
9.236005544662475586e-01
9.173314571380615234e-01
9.112820029258728027e-01
9.055830836296081543e-01
9.004734158515930176e-01
8.962123990058898926e-01
8.934716582298278809e-01
8.985362648963928223e-01
8.960664272308349609e-01
8.923107385635375977e-01
8.886529803276062012e-01
8.852393031120300293e-01
8.820858001708984375e-01
8.791717886924743652e-01
8.764784932136535645e-01
8.739847540855407715e-01
8.716816902160644531e-01
8.695354461669921875e-01
8.675487041473388672e-01
8.658198714256286621e-01
8.651493191719055176e-01
8.656249642372131348e-01
8.646174669265747070e-01
8.633637428283691406e-01
8.623532056808471680e-01
8.615875840187072754e-01
8.610329627990722656e-01
8.606624603271484375e-01
8.604621291160583496e-01
8.604100942611694336e-01
8.605107069015502930e-01
8.607552051544189453e-01
8.611371517181396484e-01
8.616469502449035645e-01
8.622788786888122559e-01
8.630198240280151367e-01
8.638650774955749512e-01
8.648011088371276855e-01
8.658235669136047363e-01
8.669123053550720215e-01
8.680548071861267090e-01
8.692247271537780762e-01
8.703592419624328613e-01
8.709493875503540039e-01
8.753523826599121094e-01
8.768113851547241211e-01
8.785814046859741211e-01
8.805623054504394531e-01
8.826970458030700684e-01
8.849820494651794434e-01
8.873959779739379883e-01
8.899499773979187012e-01
8.926327228546142578e-01
8.954332470893859863e-01
8.983628749847412109e-01
9.014006257057189941e-01
9.045580625534057617e-01
9.078200459480285645e-01
9.111688137054443359e-01
9.146147370338439941e-01
9.181282520294189453e-01
9.217271208763122559e-01
9.253894686698913574e-01
9.290807843208312988e-01
9.328074455261230469e-01
9.365324974060058594e-01
9.402511715888977051e-01
9.439460635185241699e-01
9.476008415222167969e-01
9.511986970901489258e-01
9.547126293182373047e-01
9.581480026245117188e-01
9.614784121513366699e-01
9.646896123886108398e-01
9.677667021751403809e-01
9.706961512565612793e-01
9.734562635421752930e-01
9.760475754737854004e-01
9.784456491470336914e-01
9.806630015373229980e-01
9.826487898826599121e-01
9.843721985816955566e-01
9.858024716377258301e-01
9.869183301925659180e-01
9.876849651336669922e-01
9.880732893943786621e-01
9.880581498146057129e-01
9.876207709312438965e-01
9.867457747459411621e-01
9.854367375373840332e-01
9.837001562118530273e-01
9.815559983253479004e-01
9.790340065956115723e-01
9.761723279953002930e-01
9.730043411254882812e-01
9.695985317230224609e-01
9.659937620162963867e-01
9.622458815574645996e-01
9.584239125251770020e-01
9.545434713363647461e-01
9.506423473358154297e-01
9.467399716377258301e-01
9.428902268409729004e-01
9.391032457351684570e-01
9.354000687599182129e-01
9.317966103553771973e-01
9.283057451248168945e-01
9.249388575553894043e-01
9.217038154602050781e-01
9.186185598373413086e-01
9.156668186187744141e-01
9.128733277320861816e-01
9.102220535278320312e-01
9.077247977256774902e-01
9.053913354873657227e-01
9.032055735588073730e-01
9.011837244033813477e-01
8.993600010871887207e-01
8.977382779121398926e-01
8.962585330009460449e-01
8.949271440505981445e-01
8.937262296676635742e-01
8.926570415496826172e-01
8.917001485824584961e-01
8.908523917198181152e-01
8.900929093360900879e-01
8.894126415252685547e-01
8.888013958930969238e-01
8.882404565811157227e-01
8.877248167991638184e-01
8.872421979904174805e-01
8.867855668067932129e-01
8.863497972488403320e-01
8.859328627586364746e-01
8.855335116386413574e-01
8.851523995399475098e-01
8.847913146018981934e-01
8.844527602195739746e-01
8.841511011123657227e-01
8.838814496994018555e-01
8.836427330970764160e-01
8.834366202354431152e-01
8.832663297653198242e-01
8.831329941749572754e-01
8.830391168594360352e-01
8.829849958419799805e-01
8.829727172851562500e-01
8.830019235610961914e-01
8.830740451812744141e-01
8.831884264945983887e-01
8.833459615707397461e-01
8.835458755493164062e-01
8.837886452674865723e-01
8.840730786323547363e-01
8.844000101089477539e-01
8.847675323486328125e-01
8.851770162582397461e-01
8.856260776519775391e-01
8.861166834831237793e-01
8.866457343101501465e-01
8.872106671333312988e-01
8.878079652786254883e-01
8.884429335594177246e-01
8.891119360923767090e-01
8.898165822029113770e-01
8.905584812164306641e-01
8.913332819938659668e-01
8.921456933021545410e-01
8.929901719093322754e-01
8.938721418380737305e-01
8.947859406471252441e-01
8.957374095916748047e-01
8.967198729515075684e-01
8.977407813072204590e-01
8.987920880317687988e-01
8.998816609382629395e-01
9.010018110275268555e-01
9.021557569503784180e-01
9.033439755439758301e-01
9.045658707618713379e-01
9.058214426040649414e-01
9.071105122566223145e-01
9.084327220916748047e-01
9.097797870635986328e-01
9.111062288284301758e-01
9.124727249145507812e-01
9.138674139976501465e-01
9.152949452400207520e-01
9.167544245719909668e-01
9.182448983192443848e-01
9.197650551795959473e-01
9.213138818740844727e-01
9.228898882865905762e-01
9.244914054870605469e-01
9.261170625686645508e-01
9.277649521827697754e-01
9.294336438179016113e-01
9.311210513114929199e-01
9.328255057334899902e-01
9.345449805259704590e-01
9.362780451774597168e-01
9.380226731300354004e-01
9.397692084312438965e-01
9.415313005447387695e-01
9.432992339134216309e-01
9.450634121894836426e-01
9.468373656272888184e-01
9.486109614372253418e-01
9.503768682479858398e-01
9.521612524986267090e-01
9.539371728897094727e-01
9.556939601898193359e-01
9.574434757232666016e-01
9.591747522354125977e-01
9.608771204948425293e-01
9.625611305236816406e-01
9.642087817192077637e-01
9.658299088478088379e-01
9.674134254455566406e-01
9.689492583274841309e-01
9.704455733299255371e-01
9.718921184539794922e-01
9.732791185379028320e-01
9.746142029762268066e-01
9.758872985839843750e-01
9.770904183387756348e-01
9.782295227050781250e-01
9.792923927307128906e-01
9.802805781364440918e-01
9.811911582946777344e-01
9.820245504379272461e-01
9.827721118927001953e-01
9.834353327751159668e-01
9.840142726898193359e-01
9.845035076141357422e-01
9.849054813385009766e-01
9.852201938629150391e-01
9.854465723037719727e-01
9.855831861495971680e-01
9.856314659118652344e-01
9.855910539627075195e-01
9.854643344879150391e-01
9.852520823478698730e-01
9.849542379379272461e-01
9.845759272575378418e-01
9.841178655624389648e-01
9.835824966430664062e-01
9.829691052436828613e-01
9.822863340377807617e-01
9.815338850021362305e-01
9.807106852531433105e-01
9.798266887664794922e-01
9.788809418678283691e-01
9.778756499290466309e-01
9.768134951591491699e-01
9.756962656974792480e-01
9.745260477066040039e-01
9.733048081398010254e-01
9.720346331596374512e-01
9.707167744636535645e-01
9.693531394004821777e-01
9.679455757141113281e-01
9.664956331253051758e-01
9.650114178657531738e-01
9.634587168693542480e-01
9.618685841560363770e-01
9.602439999580383301e-01
9.585867524147033691e-01
9.568988680839538574e-01
9.551823139190673828e-01
9.534389376640319824e-01
9.516708850860595703e-01
9.498802423477172852e-01
9.480689764022827148e-01
9.462390542030334473e-01
9.443928003311157227e-01
9.425315856933593750e-01
9.406577348709106445e-01
9.387731552124023438e-01
9.368795156478881836e-01
9.349860548973083496e-01
9.330796599388122559e-01
9.311694502830505371e-01
9.292640686035156250e-01
9.273508787155151367e-01
9.254384636878967285e-01
9.235355257987976074e-01
9.216285943984985352e-01
9.197267293930053711e-01
9.178307056427001953e-01
9.159489870071411133e-01
9.140686392784118652e-01
9.121974706649780273e-01
9.103434681892395020e-01
9.084937572479248047e-01
9.066561460494995117e-01
9.048379659652709961e-01
9.030266404151916504e-01
9.012298583984375000e-01
8.994547724723815918e-01
8.976889848709106445e-01
8.959394693374633789e-01
8.942130804061889648e-01
8.924978375434875488e-01
8.908006548881530762e-01
8.891216516494750977e-01
8.874670863151550293e-01
8.858311176300048828e-01
8.842089176177978516e-01
8.826113939285278320e-01
8.810279965400695801e-01
8.794693350791931152e-01
8.779252767562866211e-01
8.764058947563171387e-01
8.749060034751892090e-01
8.734204173088073730e-01
8.719587326049804688e-01
8.705112338066101074e-01
8.690869212150573730e-01
8.676757216453552246e-01
8.662863373756408691e-01
8.649092912673950195e-01
8.635523915290832520e-01
8.622104525566101074e-01
8.608783483505249023e-01
8.595634102821350098e-01
8.582563996315002441e-01
8.569622635841369629e-01
8.556727766990661621e-01
8.543964624404907227e-01
8.531287908554077148e-01
8.518657088279724121e-01
8.506153225898742676e-01
8.493711352348327637e-01
8.481425046920776367e-01
8.469287753105163574e-01
8.457299470901489258e-01
8.445583581924438477e-01
8.434157967567443848e-01
8.423088192939758301e-01
8.412437438964843750e-01
8.402242064476013184e-01
8.392614722251892090e-01
8.383572101593017578e-01
8.375144004821777344e-01
8.367348313331604004e-01
8.360168337821960449e-01
8.353628516197204590e-01
8.347686529159545898e-01
8.342311978340148926e-01
8.337470293045043945e-01
8.333120942115783691e-01
8.329237699508666992e-01
8.325780630111694336e-01
8.322718739509582520e-01
8.320026397705078125e-01
8.317683339118957520e-01
8.315665125846862793e-01
8.313958048820495605e-01
8.312550783157348633e-01
8.311432003974914551e-01
8.310607671737670898e-01
8.310077786445617676e-01
8.309885859489440918e-01
8.309972882270812988e-01
8.310339450836181641e-01
8.310984969139099121e-01
8.311910629272460938e-01
8.313116431236267090e-01
8.314603567123413086e-01
8.316375613212585449e-01
8.318433761596679688e-01
8.320780396461486816e-01
8.323417305946350098e-01
8.326345682144165039e-01
8.329570293426513672e-01
8.333092331886291504e-01
8.336912989616394043e-01
8.341035246849060059e-01
8.345459103584289551e-01
8.350190520286560059e-01
8.355228304862976074e-01
8.360576033592224121e-01
8.366233110427856445e-01
8.372201323509216309e-01
8.378484845161437988e-01
8.385083079338073730e-01
8.391996622085571289e-01
8.399228453636169434e-01
8.406776189804077148e-01
8.414644598960876465e-01
8.422831892967224121e-01
8.431341648101806641e-01
8.440170288085937500e-01
8.449320197105407715e-01
8.458791971206665039e-01
8.468587398529052734e-01
8.478704690933227539e-01
8.489080667495727539e-01
8.499839901924133301e-01
8.510855436325073242e-01
8.521832823753356934e-01
8.533114790916442871e-01
8.544706106185913086e-01
8.556530475616455078e-01
8.568726778030395508e-01
8.581227660179138184e-01
8.608646988868713379e-01
8.622071146965026855e-01
8.635712265968322754e-01
8.649724721908569336e-01
8.664023280143737793e-01
8.678610324859619141e-01
8.693472146987915039e-01
8.708609938621520996e-01
8.723927736282348633e-01
8.739591240882873535e-01
8.755510449409484863e-01
8.771675825119018555e-01
8.788076043128967285e-01
8.804706931114196777e-01
8.821465373039245605e-01
8.838525414466857910e-01
8.855785131454467773e-01
8.873232603073120117e-01
8.890861868858337402e-01
8.908559083938598633e-01
8.926512002944946289e-01
8.944612145423889160e-01
8.962741494178771973e-01
8.981099724769592285e-01
8.999559879302978516e-01
9.018017649650573730e-01
9.036659598350524902e-01
9.055369496345520020e-01
9.074034690856933594e-01
9.092841744422912598e-01
9.111679196357727051e-01
9.130426049232482910e-01
9.149274826049804688e-01
9.168103337287902832e-01
9.186795949935913086e-01
9.206290841102600098e-01
9.225871562957763672e-01
9.245262145996093750e-01
9.264645576477050781e-01
9.283897280693054199e-01
9.302901029586791992e-01
9.321835041046142578e-01
9.340577721595764160e-01
9.359013438224792480e-01
9.377313852310180664e-01
9.395354986190795898e-01
9.413030743598937988e-01
9.430494308471679688e-01
9.447636604309082031e-01
9.464345574378967285e-01
9.480769634246826172e-01
9.496716856956481934e-01
9.512325525283813477e-01
9.527412056922912598e-01
9.542106986045837402e-01
9.556228518486022949e-01
9.569900631904602051e-01
9.583016633987426758e-01
9.595493078231811523e-01
9.607420563697814941e-01
9.618644118309020996e-01
9.629254341125488281e-01
9.639104604721069336e-01
9.648260474205017090e-01
9.656589627265930176e-01
9.664137959480285645e-01
9.670781493186950684e-01
9.676542282104492188e-01
9.681303501129150391e-01
9.685060381889343262e-01
9.687703847885131836e-01
9.689193367958068848e-01
9.689429402351379395e-01
9.688332080841064453e-01
9.685813784599304199e-01
9.681757092475891113e-01
9.676100611686706543e-01
9.668706059455871582e-01
9.659581184387207031e-01
9.648617506027221680e-01
9.635892510414123535e-01
9.621646404266357422e-01
9.606047272682189941e-01
9.589701294898986816e-01
9.573076963424682617e-01
9.557071924209594727e-01
9.542368054389953613e-01
9.529548287391662598e-01
9.519151449203491211e-01
9.511169195175170898e-01
9.505443572998046875e-01
9.501464962959289551e-01
9.498618841171264648e-01
9.496324062347412109e-01
9.494007229804992676e-01
9.491261243820190430e-01
9.487767219543457031e-01
9.483294486999511719e-01
9.477777481079101562e-01
9.471108913421630859e-01
9.463354349136352539e-01
9.454509019851684570e-01
9.444567561149597168e-01
9.433686733245849609e-01
9.421817064285278320e-01
9.409138560295104980e-01
9.395654797554016113e-01
9.381355643272399902e-01
9.366432428359985352e-01
9.350796341896057129e-01
9.334645271301269531e-01
9.317950606346130371e-01
9.300670623779296875e-01
9.283012151718139648e-01
9.264845848083496094e-01
9.246373772621154785e-01
9.227548241615295410e-01
9.208306670188903809e-01
9.188858866691589355e-01
9.169145822525024414e-01
9.149090647697448730e-01
9.128916859626770020e-01
9.108544588088989258e-01
9.087998867034912109e-01
9.067205786705017090e-01
9.046375155448913574e-01
9.025435447692871094e-01
9.004297256469726562e-01
8.983181715011596680e-01
8.962178826332092285e-01
8.941155672073364258e-01
8.920017480850219727e-01
8.898971080780029297e-01
8.877932429313659668e-01
8.856816887855529785e-01
8.835837244987487793e-01
8.814898133277893066e-01
8.793923258781433105e-01
8.773111104965209961e-01
8.752382993698120117e-01
8.731742501258850098e-01
8.711104989051818848e-01
8.690673708915710449e-01
8.670361042022705078e-01
8.650083541870117188e-01
8.630037307739257812e-01
8.610132932662963867e-01
8.590387701988220215e-01
8.570711016654968262e-01
8.551301956176757812e-01
8.532069921493530273e-01
8.512943387031555176e-01
8.494102358818054199e-01
8.475469946861267090e-01
8.457056283950805664e-01
8.438789844512939453e-01
8.420844078063964844e-01
8.403146266937255859e-01
8.385708928108215332e-01
8.368538022041320801e-01
8.351581096649169922e-01
8.334984183311462402e-01
8.318694233894348145e-01
8.302710056304931641e-01
8.287048935890197754e-01
8.271646499633789062e-01
8.256643414497375488e-01
8.241969347000122070e-01
8.227629661560058594e-01
8.213612437248229980e-01
8.199919462203979492e-01
8.186469674110412598e-01
8.173369765281677246e-01
8.160532712936401367e-01
8.147941827774047852e-01
8.135561347007751465e-01
8.123319149017333984e-01
8.111277818679809570e-01
8.099366426467895508e-01
8.087548017501831055e-01
8.075803518295288086e-01
8.064056038856506348e-01
8.052468299865722656e-01
8.041146993637084961e-01
8.029837012290954590e-01
8.018537759780883789e-01
8.007195591926574707e-01
7.995913028717041016e-01
7.984647154808044434e-01
7.973402738571166992e-01
7.962190508842468262e-01
7.951014041900634766e-01
7.939846515655517578e-01
7.928785681724548340e-01
7.917792797088623047e-01
7.906879186630249023e-01
7.896046042442321777e-01
7.885312438011169434e-01
7.874677777290344238e-01
7.864147424697875977e-01
7.853727340698242188e-01
7.843376398086547852e-01
7.833182215690612793e-01
7.823109030723571777e-01
7.813153862953186035e-01
7.803319096565246582e-01
7.793606519699096680e-01
7.784011363983154297e-01
7.774551510810852051e-01
7.765226960182189941e-01
7.756023406982421875e-01
7.747055888175964355e-01
7.738358974456787109e-01
7.730095982551574707e-01
7.722545862197875977e-01
7.716229557991027832e-01
7.711936831474304199e-01
7.710385322570800781e-01
7.710964083671569824e-01
7.710803747177124023e-01
7.707116603851318359e-01
7.700062394142150879e-01
7.691318988800048828e-01
7.682173848152160645e-01
7.673233151435852051e-01
7.664687037467956543e-01
7.656564116477966309e-01
7.648835182189941406e-01
7.641423940658569336e-01
7.634361386299133301e-01
7.627573013305664062e-01
7.621033787727355957e-01
7.614719271659851074e-01
7.608608007431030273e-01
7.602695226669311523e-01
7.596963047981262207e-01
7.591401338577270508e-01
7.586002945899963379e-01
7.580760717391967773e-01
7.575663924217224121e-01
7.570718526840209961e-01
7.565980553627014160e-01
7.561660408973693848e-01
7.557476758956909180e-01
7.553427219390869141e-01
7.549508213996887207e-01
7.545717358589172363e-01
7.542052865028381348e-01
7.538511753082275391e-01
7.535093426704406738e-01
7.531789541244506836e-01
7.528610229492187500e-01
7.525541186332702637e-01
7.522594928741455078e-01
7.519763708114624023e-01
7.517045736312866211e-01
7.514438629150390625e-01
7.511943578720092773e-01
7.509557008743286133e-01
7.507279515266418457e-01
7.505103349685668945e-01
7.503039836883544922e-01
7.501081824302673340e-01
7.499228715896606445e-01
7.497479915618896484e-01
7.495833635330200195e-01
7.494289875030517578e-01
7.492672204971313477e-01
7.491139769554138184e-01
7.489698529243469238e-01
7.488353252410888672e-01
7.487109899520874023e-01
7.485955357551574707e-01
7.484894990921020508e-01
7.483934164047241211e-01
7.483060359954833984e-01
7.482279539108276367e-01
7.481590509414672852e-01
7.480999231338500977e-01
7.480493187904357910e-01
7.480077147483825684e-01
7.479757666587829590e-01
7.479521036148071289e-01
7.479373812675476074e-01
7.479321956634521484e-01
7.479351162910461426e-01
7.479469180107116699e-01
7.479680776596069336e-01
7.479973435401916504e-01
7.480352520942687988e-01
7.480823993682861328e-01
7.481375932693481445e-01
7.482013106346130371e-01
7.483150362968444824e-01
7.484717965126037598e-01
7.486373186111450195e-01
7.488116621971130371e-01
7.489953637123107910e-01
7.491871118545532227e-01
7.493876218795776367e-01
7.495947480201721191e-01
7.498124241828918457e-01
7.500393986701965332e-01
7.502742409706115723e-01
7.505176663398742676e-01
7.507696151733398438e-01
7.510306835174560547e-01
7.512996196746826172e-01
7.515769600868225098e-01
7.518627047538757324e-01
7.521569132804870605e-01
7.524601817131042480e-01
7.527711391448974609e-01
7.530904412269592285e-01
7.534180879592895508e-01
7.537546753883361816e-01
7.540989518165588379e-01
7.544515132904052734e-01
7.548122406005859375e-01
7.551782727241516113e-01
7.555558681488037109e-01
7.559379935264587402e-01
7.563281655311584473e-01
7.567269206047058105e-01
7.571330666542053223e-01
7.575472593307495117e-01
7.579692602157592773e-01
7.583991885185241699e-01
7.588376998901367188e-01
7.592834234237670898e-01
7.597370743751525879e-01
7.601985931396484375e-01
7.606686353683471680e-01
7.611458301544189453e-01
7.616273164749145508e-01
7.621201872825622559e-01
7.626214623451232910e-01
7.631300091743469238e-01
7.636462450027465820e-01
7.641702890396118164e-01
7.647028565406799316e-01
7.652423977851867676e-01
7.657899856567382812e-01
7.663450241088867188e-01
7.669085860252380371e-01
7.674791216850280762e-01
7.680573463439941406e-01
7.686433792114257812e-01
7.692331671714782715e-01
7.698563337326049805e-01
7.705212831497192383e-01
7.711942195892333984e-01
7.718735933303833008e-01
7.725611329078674316e-01
7.732552289962768555e-01
7.739565968513488770e-01
7.746658921241760254e-01
7.753767371177673340e-01
7.761002182960510254e-01
7.768303751945495605e-01
7.775676846504211426e-01
7.783128023147583008e-01
7.790644764900207520e-01
7.798233032226562500e-01
7.805895209312438965e-01
7.813625335693359375e-01
7.821431756019592285e-01
7.829246520996093750e-01
7.837187051773071289e-01
7.845203876495361328e-01
7.853282094001770020e-01
7.861438989639282227e-01
7.869658470153808594e-01
7.877948284149169922e-01
7.886312603950500488e-01
7.894740700721740723e-01
7.903180718421936035e-01
7.911744713783264160e-01
7.920378446578979492e-01
7.929043769836425781e-01
7.937721014022827148e-01
7.946460247039794922e-01
7.955263257026672363e-01
7.964126467704772949e-01
7.973049879074096680e-01
7.981970310211181641e-01
7.991013526916503906e-01
8.000119924545288086e-01
8.009287118911743164e-01
8.018518686294555664e-01
8.027808666229248047e-01
8.037158846855163574e-01
8.046571612358093262e-01
8.055972456932067871e-01
8.065502047538757324e-01
8.075086474418640137e-01
8.084734678268432617e-01
8.094440698623657227e-01
8.104208111763000488e-01
8.114036917686462402e-01
8.123847246170043945e-01
8.133788704872131348e-01
8.143790960311889648e-01
8.153847455978393555e-01
8.163962960243225098e-01
8.174130320549011230e-01
8.184358477592468262e-01
8.194567561149597168e-01
8.204911947250366211e-01
8.215307593345642090e-01
8.225802779197692871e-01
8.236610293388366699e-01
8.247466087341308594e-01
8.258360624313354492e-01
8.269227743148803711e-01
8.280211091041564941e-01
8.291233181953430176e-01
8.302295804023742676e-01
8.313401937484741211e-01
8.324550986289978027e-01
8.335731625556945801e-01
8.346873521804809570e-01
8.358128666877746582e-01
8.369418978691101074e-01
8.380756974220275879e-01
8.392115235328674316e-01
8.403512239456176758e-01
8.413854241371154785e-01
8.424080610275268555e-01
8.434427380561828613e-01
8.444797396659851074e-01
8.455191850662231445e-01
8.465622663497924805e-01
8.476077318191528320e-01
8.486561179161071777e-01
8.496984243392944336e-01
8.507518768310546875e-01
8.518070578575134277e-01
8.528648614883422852e-01
8.539254069328308105e-01
8.549875020980834961e-01
8.560419082641601562e-01
8.571073412895202637e-01
8.581598997116088867e-01
8.591901659965515137e-01
8.602201938629150391e-01
8.612506389617919922e-01
8.622720241546630859e-01
8.633018732070922852e-01
8.643316030502319336e-01
8.653607368469238281e-01
8.663897514343261719e-01
8.674175143241882324e-01
8.684360384941101074e-01
8.694618344306945801e-01
8.704861998558044434e-01
8.715088963508605957e-01
8.725304007530212402e-01
8.735493421554565430e-01
8.745575547218322754e-01
8.754295110702514648e-01
8.760966062545776367e-01
8.767681121826171875e-01
8.774430751800537109e-01
8.781220912933349609e-01
8.787962198257446289e-01
8.794824481010437012e-01
8.801724314689636230e-01
8.808653354644775391e-01
8.815619349479675293e-01
8.822613954544067383e-01
8.829556107521057129e-01
8.836612701416015625e-01
8.843694925308227539e-01
8.850800395011901855e-01
8.857925534248352051e-01
8.865070939064025879e-01
8.872128725051879883e-01
8.878877758979797363e-01
8.885661959648132324e-01
8.892468214035034180e-01
8.899287581443786621e-01
8.906127810478210449e-01
8.912886977195739746e-01
8.919729590415954590e-01
8.926565647125244141e-01
8.933386206626892090e-01
8.940186500549316406e-01
8.946879506111145020e-01
8.953612446784973145e-01
8.960297703742980957e-01
8.966933488845825195e-01
8.973498940467834473e-01
8.979928493499755859e-01
8.986343741416931152e-01
8.992679715156555176e-01
8.998920917510986328e-01
9.005020260810852051e-01
9.010955691337585449e-01
9.016662240028381348e-01
9.022248983383178711e-01
9.027639031410217285e-01
9.032818675041198730e-01
9.037776589393615723e-01
9.042448997497558594e-01
9.046930670738220215e-01
9.051147699356079102e-01
9.055094122886657715e-01
9.058757424354553223e-01
9.062083363533020020e-01
9.065144062042236328e-01
9.067882299423217773e-01
9.070292115211486816e-01
9.072380065917968750e-01
9.074546098709106445e-01
9.076299071311950684e-01
9.077682495117187500e-01
9.078666567802429199e-01
9.079240560531616211e-01
9.079401493072509766e-01
9.079136848449707031e-01
9.078462123870849609e-01
9.077361822128295898e-01
9.075833559036254883e-01
9.073874354362487793e-01
9.071481823921203613e-01
9.068663120269775391e-01
9.065402150154113770e-01
9.061704277992248535e-01
9.057572484016418457e-01
9.053000211715698242e-01
9.048013687133789062e-01
9.042571783065795898e-01
9.036694765090942383e-01
9.030385017395019531e-01
9.023645520210266113e-01
9.016512632369995117e-01
9.008920788764953613e-01
9.000908732414245605e-01
8.992476463317871094e-01
8.983629345893859863e-01
8.974421024322509766e-01
8.964763283729553223e-01
8.954700231552124023e-01
8.944240212440490723e-01
8.933387398719787598e-01
8.922209143638610840e-01
8.910591006278991699e-01
8.898598551750183105e-01
8.886235952377319336e-01
8.873510956764221191e-01
8.860688209533691406e-01
8.848042488098144531e-01
8.835095167160034180e-01
8.821842670440673828e-01
8.808307647705078125e-01
8.794566392898559570e-01
8.780473470687866211e-01
8.766106367111206055e-01
8.751482963562011719e-01
8.736605644226074219e-01
8.721562623977661133e-01
8.706200718879699707e-01
8.690606951713562012e-01
8.674786090850830078e-01
8.658739328384399414e-01
8.642581701278686523e-01
8.626127243041992188e-01
8.609475493431091309e-01
8.592621088027954102e-01
8.575590848922729492e-01
8.558382987976074219e-01
8.541090488433837891e-01
8.523543477058410645e-01
8.505836129188537598e-01
8.487976193428039551e-01
8.469959497451782227e-01
8.451908826828002930e-01
8.433622121810913086e-01
8.415203690528869629e-01
8.396651744842529297e-01
8.377989530563354492e-01
8.359312415122985840e-01
8.340426683425903320e-01
8.321426510810852051e-01
8.302335739135742188e-01
8.283153176307678223e-01
8.263970017433166504e-01
8.244611024856567383e-01
8.225170373916625977e-01
8.205652832984924316e-01
8.185915350914001465e-01
8.165751099586486816e-01
8.145499825477600098e-01
8.125166893005371094e-01
8.104755878448486328e-01
8.084373474121093750e-01
8.063815236091613770e-01
8.043188452720642090e-01
8.022499084472656250e-01
8.001749515533447266e-01
7.981045842170715332e-01
7.960186004638671875e-01
7.939280271530151367e-01
7.918319702148437500e-01
7.897315621376037598e-01
7.876368761062622070e-01
7.855284214019775391e-01
7.834157347679138184e-01
7.812998890876770020e-01
7.791810035705566406e-01
7.770693302154541016e-01
7.749451994895935059e-01
7.728179097175598145e-01
7.706887125968933105e-01
7.685578465461730957e-01
7.664347887039184570e-01
7.643008232116699219e-01
7.621648311614990234e-01
7.600279450416564941e-01
7.578915953636169434e-01
7.557626962661743164e-01
7.536238431930541992e-01
7.514840960502624512e-01
7.493446469306945801e-01
7.472043633460998535e-01
7.450739741325378418e-01
7.429345846176147461e-01
7.407950162887573242e-01
7.386564612388610840e-01
7.365181446075439453e-01
7.343897223472595215e-01
7.322537302970886230e-01
7.301023602485656738e-01
7.279461622238159180e-01
7.257910370826721191e-01
7.236469984054565430e-01
7.214965224266052246e-01
7.193471193313598633e-01
7.172007560729980469e-01
7.150561809539794922e-01
7.129234671592712402e-01
7.107834815979003906e-01
7.086469531059265137e-01
7.065121531486511230e-01
7.043809890747070312e-01
7.022605538368225098e-01
7.001352906227111816e-01
6.980118751525878906e-01
6.958922147750854492e-01
6.937751770019531250e-01
6.916695237159729004e-01
6.895596385002136230e-01
6.874519586563110352e-01
6.853486299514770508e-01
6.832479238510131836e-01
6.811597347259521484e-01
6.790656447410583496e-01
6.769762635231018066e-01
6.748895645141601562e-01
6.728075146675109863e-01
6.707360148429870605e-01
6.686612367630004883e-01
6.665892601013183594e-01
6.645221710205078125e-01
6.624578833580017090e-01
6.604059338569641113e-01
6.583493351936340332e-01
6.562967896461486816e-01
6.542490720748901367e-01
6.522043943405151367e-01
6.501721739768981934e-01
6.481353640556335449e-01
6.461038589477539062e-01
6.440753340721130371e-01
6.420519351959228516e-01
6.400374174118041992e-01
6.380028724670410156e-01
6.359602808952331543e-01
6.339211463928222656e-01
6.318879723548889160e-01
6.298654675483703613e-01
6.278408169746398926e-01
6.258221864700317383e-01
6.238072514533996582e-01
6.217969059944152832e-01
6.197929978370666504e-01
6.177992820739746094e-01
6.158038377761840820e-01
6.138133406639099121e-01
6.118288636207580566e-01
6.098495125770568848e-01
6.078789830207824707e-01
6.059094071388244629e-01
6.039448380470275879e-01
6.019840836524963379e-01
6.000282168388366699e-01
5.980834960937500000e-01
5.961388945579528809e-01
5.941992402076721191e-01
5.922620892524719238e-01
5.903324484825134277e-01
5.884125828742980957e-01
5.864928960800170898e-01
5.845770835876464844e-01
5.826662778854370117e-01
5.807617306709289551e-01
5.788666009902954102e-01
5.769707560539245605e-01
5.750813484191894531e-01
5.731954574584960938e-01
5.713160634040832520e-01
5.694458484649658203e-01
5.675751566886901855e-01
5.657107830047607422e-01
5.638500452041625977e-01
5.619944334030151367e-01
5.601450204849243164e-01
5.583045482635498047e-01
5.564652085304260254e-01
5.546282529830932617e-01
5.527988672256469727e-01
5.509744286537170410e-01
5.491616725921630859e-01
5.473889112472534180e-01
5.456205010414123535e-01
5.438602566719055176e-01
5.421032309532165527e-01
5.403593182563781738e-01
5.386147499084472656e-01
5.368760228157043457e-01
5.351426005363464355e-01
5.334137082099914551e-01
5.316976904869079590e-01
5.299811959266662598e-01
5.282703042030334473e-01
5.265648365020751953e-01
5.248652696609497070e-01
5.231708884239196777e-01
5.214853882789611816e-01
5.198034048080444336e-01
5.181255340576171875e-01
5.164534449577331543e-01
5.147866010665893555e-01
5.131281614303588867e-01
5.114735364913940430e-01
5.098229646682739258e-01
5.081779956817626953e-01
5.065381526947021484e-01
5.049040913581848145e-01
5.032790899276733398e-01
5.016553401947021484e-01
5.000372529029846191e-01
4.984242022037506104e-01
4.968166947364807129e-01
4.952181875705718994e-01
4.936224222183227539e-01
4.920293092727661133e-01
4.904426336288452148e-01
4.888614714145660400e-01
4.872852265834808350e-01
4.857193529605865479e-01
4.841524064540863037e-01
4.825916588306427002e-01
4.810364544391632080e-01
4.794860780239105225e-01
4.779446721076965332e-01
4.764044582843780518e-01
4.748708903789520264e-01
4.733396768569946289e-01
4.718147218227386475e-01
4.702952206134796143e-01
4.687836468219757080e-01
4.674267172813415527e-01
4.661005437374114990e-01
4.647783935070037842e-01
4.634609222412109375e-01
4.621533155441284180e-01
4.608475267887115479e-01
4.595451951026916504e-01
4.582484960556030273e-01
4.569577276706695557e-01
4.556704461574554443e-01
4.543926417827606201e-01
4.531167745590209961e-01
4.518432021141052246e-01
4.505770504474639893e-01
4.493141174316406250e-01
4.480577111244201660e-01
4.468089044094085693e-01
4.455593824386596680e-01
4.443171620368957520e-01
4.430796802043914795e-01
4.418454170227050781e-01
4.406173229217529297e-01
4.393956065177917480e-01
4.381751716136932373e-01
4.369609057903289795e-01
4.357513189315795898e-01
4.345436394214630127e-01
4.333430528640747070e-01
4.321480393409729004e-01
4.309564530849456787e-01
4.297693669795989990e-01
4.285841286182403564e-01
4.274058640003204346e-01
4.262320101261138916e-01
4.250634312629699707e-01
4.238983392715454102e-01
4.227364659309387207e-01
4.215783774852752686e-01
4.204262197017669678e-01
4.192782044410705566e-01
4.181352555751800537e-01
4.169947803020477295e-01
4.158578813076019287e-01
4.147267937660217285e-01
4.135998189449310303e-01
4.124754369258880615e-01
4.113579690456390381e-01
4.102433025836944580e-01
4.091311693191528320e-01
4.080246984958648682e-01
4.069221913814544678e-01
4.058212339878082275e-01
4.047506153583526611e-01
4.036870896816253662e-01
4.026264548301696777e-01
4.015722274780273438e-01
4.005193114280700684e-01
3.994711041450500488e-01
3.984287083148956299e-01
3.973886668682098389e-01
3.963517248630523682e-01
3.953176140785217285e-01
3.942880928516387939e-01
3.932639062404632568e-01
3.922427296638488770e-01
3.912242054939270020e-01
3.902100920677185059e-01
3.891988098621368408e-01
3.881911635398864746e-01
3.871861100196838379e-01
3.861871659755706787e-01
3.851919770240783691e-01
3.841975927352905273e-01
3.832091987133026123e-01
3.822218477725982666e-01
3.812388479709625244e-01
3.802593052387237549e-01
3.792838752269744873e-01
3.783128559589385986e-01
3.773426711559295654e-01
3.763783872127532959e-01
3.754158318042755127e-01
3.744557797908782959e-01
3.734999299049377441e-01
3.725481033325195312e-01
3.716004788875579834e-01
3.706545233726501465e-01
3.697125911712646484e-01
3.687731623649597168e-01
3.678361773490905762e-01
3.669032454490661621e-01
3.659751117229461670e-01
3.650492131710052490e-01
3.641258180141448975e-01
3.632048070430755615e-01
3.622893691062927246e-01
3.613754212856292725e-01
3.604638278484344482e-01
3.595577478408813477e-01
3.586545884609222412e-01
3.577522039413452148e-01
3.568537831306457520e-01
3.559591472148895264e-01
3.550667762756347656e-01
3.541774451732635498e-01
3.532919287681579590e-01
3.524098396301269531e-01
3.515001535415649414e-01
3.505688905715942383e-01
3.496406972408294678e-01
3.487139046192169189e-01
3.477909862995147705e-01
3.468718826770782471e-01
3.459570109844207764e-01
3.450422883033752441e-01
3.441320955753326416e-01
3.432241678237915039e-01
3.423183560371398926e-01
3.414171040058135986e-01
3.405187129974365234e-01
3.396228551864624023e-01
3.387302756309509277e-01
3.378399312496185303e-01
3.369531631469726562e-01
3.360676765441894531e-01
3.351866900920867920e-01
3.343085050582885742e-01
3.334319293498992920e-01
3.325594067573547363e-01
3.316896855831146240e-01
3.308212161064147949e-01
3.299571275711059570e-01
3.290957808494567871e-01
3.282364904880523682e-01
3.273791074752807617e-01
3.265260756015777588e-01
3.256767392158508301e-01
3.248275816440582275e-01
3.239820003509521484e-01
3.231398165225982666e-01
3.223003447055816650e-01
3.214619457721710205e-01
3.206278681755065918e-01
3.197963833808898926e-01
3.189653158187866211e-01
3.181400597095489502e-01
3.173165619373321533e-01
3.164940476417541504e-01
3.156757652759552002e-01
3.148593902587890625e-01
3.140462934970855713e-01
3.132342100143432617e-01
3.124262690544128418e-01
3.116217255592346191e-01
3.108173310756683350e-01
3.100163936614990234e-01
3.092186152935028076e-01
3.084218204021453857e-01
3.076291680335998535e-01
3.068389594554901123e-01
3.060506284236907959e-01
3.052638471126556396e-01
3.044818639755249023e-01
3.037016391754150391e-01
3.029222488403320312e-01
3.021469414234161377e-01
3.014072477817535400e-01
3.006789982318878174e-01
2.999531328678131104e-01
2.992296218872070312e-01
2.985084354877471924e-01
2.977902591228485107e-01
2.970737516880035400e-01
2.963595986366271973e-01
2.956477105617523193e-01
2.949381470680236816e-01
2.942302823066711426e-01
2.935252785682678223e-01
2.928225994110107422e-01
2.921227514743804932e-01
2.914245724678039551e-01
2.907286286354064941e-01
2.900349795818328857e-01
2.893435359001159668e-01
2.886543571949005127e-01
2.879673838615417480e-01
2.872820198535919189e-01
2.865994572639465332e-01
2.859196662902832031e-01
2.852415144443511963e-01
2.845655679702758789e-01
2.838917672634124756e-01
2.832201719284057617e-01
2.825506925582885742e-01
2.818834185600280762e-01
2.812182903289794922e-01
2.805553376674652100e-01
2.798939049243927002e-01
2.792351841926574707e-01
2.785786092281341553e-01
2.779245674610137939e-01
2.772722244262695312e-01
2.766219973564147949e-01
2.759738266468048096e-01
2.753277719020843506e-01
2.746838331222534180e-01
2.740404307842254639e-01
2.734000682830810547e-01
2.727623283863067627e-01
2.721267044544219971e-01
2.714930772781372070e-01
2.708615362644195557e-01
2.702323794364929199e-01
2.696049511432647705e-01
2.689795196056365967e-01
2.683561444282531738e-01
2.677347660064697266e-01
2.671149075031280518e-01
2.664975821971893311e-01
2.658822834491729736e-01
2.652689814567565918e-01
2.646576762199401855e-01
2.640483975410461426e-01
2.634410858154296875e-01
2.628360688686370850e-01
2.622327506542205811e-01
2.616313993930816650e-01
2.610320150852203369e-01
2.604365348815917969e-01
2.598492801189422607e-01
2.592636942863464355e-01
2.586806714534759521e-01
2.580997347831726074e-01
2.575209140777587891e-01
2.569441497325897217e-01
2.563694715499877930e-01
2.557965815067291260e-01
2.552260756492614746e-01
2.546575963497161865e-01
2.540911734104156494e-01
2.535268366336822510e-01
2.529645860195159912e-01
2.524038553237915039e-01
2.518456876277923584e-01
2.512895464897155762e-01
2.507354617118835449e-01
2.501834034919738770e-01
2.496334165334701538e-01
2.490851134061813354e-01
2.485391646623611450e-01
2.479952722787857056e-01
2.474534064531326294e-01
2.469135671854019165e-01
2.463757544755935669e-01
2.458395212888717651e-01
2.453057616949081421e-01
2.447740435600280762e-01
2.442443519830703735e-01
2.437166571617126465e-01
2.431910037994384766e-01
2.426669448614120483e-01
2.421453446149826050e-01
2.416243106126785278e-01
2.411067634820938110e-01
2.405912429094314575e-01
2.400777339935302734e-01
2.395658344030380249e-01
2.390563786029815674e-01
2.385489642620086670e-01
2.380435913801193237e-01
2.375402450561523438e-01
2.370389550924301147e-01
2.365392446517944336e-01
2.360420376062393188e-01
2.355468720197677612e-01
2.350537478923797607e-01
2.345626801252365112e-01
2.340736836194992065e-01
2.335863113403320312e-01
2.331014573574066162e-01
2.326186597347259521e-01
2.321379333734512329e-01
2.316593080759048462e-01
2.311827689409255981e-01
2.307083308696746826e-01
2.302355766296386719e-01
2.297653555870056152e-01
2.292972654104232788e-01
2.288310825824737549e-01
2.283672392368316650e-01
2.279055416584014893e-01
2.274455875158309937e-01
2.269882261753082275e-01
2.265330255031585693e-01
2.260800153017044067e-01
2.256852239370346069e-01
2.253203839063644409e-01
2.249580472707748413e-01
2.245959937572479248e-01
2.242375165224075317e-01
2.238815873861312866e-01
2.235274165868759155e-01
2.231758385896682739e-01
2.228260785341262817e-01
2.224785238504409790e-01
2.221336066722869873e-01
2.217905670404434204e-01
2.214501798152923584e-01
2.211112976074218750e-01
2.207737416028976440e-01
2.204403281211853027e-01
2.201088964939117432e-01
2.197802513837814331e-01
2.194536477327346802e-01
2.191294878721237183e-01
2.188081741333007812e-01
2.184890061616897583e-01
2.181727439165115356e-01
2.178586870431900024e-01
2.175461947917938232e-01
2.172373682260513306e-01
2.169311940670013428e-01
2.166281044483184814e-01
2.163273841142654419e-01
2.160298079252243042e-01
2.157346904277801514e-01
2.154424339532852173e-01
2.151534408330917358e-01
2.148670405149459839e-01
2.145826071500778198e-01
2.143022418022155762e-01
2.140249609947204590e-01
2.137511819601058960e-01
2.134802341461181641e-01
2.132129073143005371e-01
2.129485160112380981e-01
2.126878499984741211e-01
2.124302685260772705e-01
2.121761739253997803e-01
2.119245976209640503e-01
2.116776853799819946e-01
2.114347964525222778e-01
2.111953347921371460e-01
2.109597176313400269e-01
2.107283771038055420e-01
2.105006724596023560e-01
2.102773934602737427e-01
2.100579589605331421e-01
2.098427861928939819e-01
2.096309214830398560e-01
2.094245553016662598e-01
2.092230618000030518e-01
2.090258896350860596e-01
2.088334709405899048e-01
2.086462825536727905e-01
2.084637284278869629e-01
2.082866132259368896e-01
2.081144154071807861e-01
2.079478800296783447e-01
2.077851742506027222e-01
2.076294720172882080e-01
2.074798345565795898e-01
2.073358297348022461e-01
2.071981877088546753e-01
2.070665061473846436e-01
2.069412171840667725e-01
2.068628370761871338e-01
2.068487107753753662e-01
2.068416774272918701e-01
2.068414241075515747e-01
2.068498134613037109e-01
2.068642973899841309e-01
2.068864852190017700e-01
2.069166451692581177e-01
2.069549113512039185e-01
2.070029824972152710e-01
2.070583254098892212e-01
2.071226984262466431e-01
2.071962207555770874e-01
2.072792798280715942e-01
2.073735445737838745e-01
2.074764966964721680e-01
2.075898945331573486e-01
2.077141404151916504e-01
2.078494429588317871e-01
2.079975605010986328e-01
2.081562131643295288e-01
2.083271294832229614e-01
2.085106968879699707e-01
2.087073177099227905e-01
2.089188545942306519e-01
2.091429680585861206e-01
2.093815058469772339e-01
2.096350491046905518e-01
2.099039107561111450e-01
2.101901471614837646e-01
2.104919105768203735e-01
2.108104079961776733e-01
2.111465632915496826e-01
2.115010619163513184e-01
2.118746191263198853e-01
2.122690826654434204e-01
2.126886695623397827e-01
2.131234109401702881e-01
2.135799080133438110e-01
2.140588909387588501e-01
2.145628631114959717e-01
2.150895744562149048e-01
2.156413793563842773e-01
2.162192612886428833e-01
2.168242782354354858e-01
2.174585163593292236e-01
2.181204259395599365e-01
2.188124656677246094e-01
2.195356339216232300e-01
2.202910631895065308e-01
2.210817188024520874e-01
2.219054400920867920e-01
2.227654159069061279e-01
2.236628383398056030e-01
2.245988398790359497e-01
2.255765497684478760e-01
2.265946269035339355e-01
2.276562005281448364e-01
2.287624776363372803e-01
2.299152761697769165e-01
2.311180084943771362e-01
2.323690801858901978e-01
2.336721122264862061e-01
2.350291758775711060e-01
2.364575862884521484e-01
2.379299551248550415e-01
2.394608408212661743e-01
2.410540729761123657e-01
2.427112162113189697e-01
2.444349527359008789e-01
2.462293803691864014e-01
2.480934560298919678e-01
2.500310838222503662e-01
2.520455718040466309e-01
2.541384100914001465e-01
2.563142180442810059e-01
2.585741579532623291e-01
2.609279751777648926e-01
2.633719742298126221e-01
2.659050822257995605e-01
2.685335874557495117e-01
2.712564766407012939e-01
2.740796804428100586e-01
2.770047187805175781e-01
2.800315320491790771e-01
2.831666767597198486e-01
2.864432930946350098e-01
2.897992730140686035e-01
2.932686507701873779e-01
2.968520820140838623e-01
3.005552887916564941e-01
3.043750822544097900e-01
3.083162009716033936e-01
3.123804926872253418e-01
3.165647089481353760e-01
3.208732306957244873e-01
3.253039717674255371e-01
3.298581540584564209e-01
3.345794379711151123e-01
3.393777608871459961e-01
3.442940711975097656e-01
3.493252098560333252e-01
3.544705212116241455e-01
3.597243428230285645e-01
3.650830984115600586e-01
3.705407679080963135e-01
3.760915100574493408e-01
3.817274868488311768e-01
3.874407112598419189e-01
3.932243287563323975e-01
3.991222679615020752e-01
4.050122797489166260e-01
4.109376370906829834e-01
4.168880581855773926e-01
4.228477776050567627e-01
4.288025498390197754e-01
4.347402155399322510e-01
4.406412243843078613e-01
4.464899301528930664e-01
4.522727131843566895e-01
4.579688310623168945e-01
4.635623097419738770e-01
4.690898656845092773e-01
4.744239151477813721e-01
4.796015918254852295e-01
4.846073091030120850e-01
4.894252717494964600e-01
4.940378069877624512e-01
4.984299838542938232e-01
5.025901794433593750e-01
5.065031051635742188e-01
5.101580023765563965e-01
5.135461688041687012e-01
5.166569352149963379e-01
5.195119976997375488e-01
5.220474600791931152e-01
5.242903232574462891e-01
5.262376070022583008e-01
5.278884768486022949e-01
5.292453169822692871e-01
5.303087830543518066e-01
5.310835838317871094e-01
5.315756201744079590e-01
5.317902565002441406e-01
5.317360162734985352e-01
5.314192175865173340e-01
5.308507680892944336e-01
5.300422310829162598e-01
5.290038585662841797e-01
5.277476906776428223e-01
5.262854099273681641e-01
5.246292948722839355e-01
5.227912664413452148e-01
5.207843780517578125e-01
5.186209678649902344e-01
5.162925720214843750e-01
5.138509273529052734e-01
5.112885832786560059e-01
5.086196660995483398e-01
5.058831572532653809e-01
5.030652284622192383e-01
5.001740455627441406e-01
4.972216486930847168e-01
4.941901862621307373e-01
4.911400675773620605e-01
4.880515336990356445e-01
4.849364161491394043e-01
4.817987978458404541e-01
4.786456227302551270e-01
4.754821658134460449e-01
4.722886085510253906e-01
4.691242873668670654e-01
4.659657180309295654e-01
4.628191292285919189e-01
4.596851468086242676e-01
4.565699100494384766e-01
4.534775316715240479e-01
4.503819942474365234e-01
4.473386108875274658e-01
4.443261623382568359e-01
4.413462877273559570e-01
4.383984804153442383e-01
4.354849159717559814e-01
4.326062798500061035e-01
4.297432899475097656e-01
4.269417822360992432e-01
4.241798818111419678e-01
4.214574098587036133e-01
4.187750816345214844e-01
4.161339104175567627e-01
4.135336279869079590e-01
4.109759032726287842e-01
4.084347486495971680e-01
4.059584140777587891e-01
4.035230875015258789e-01
4.011297225952148438e-01
3.987749516963958740e-01
3.964618444442749023e-01
3.941898941993713379e-01
3.919379413127899170e-01
3.897429704666137695e-01
3.875880837440490723e-01
3.854731917381286621e-01
3.833949863910675049e-01
3.813540935516357422e-01
3.793483674526214600e-01
3.773655295372009277e-01
3.754338622093200684e-01
3.735368251800537109e-01
3.716748654842376709e-01
3.698466420173645020e-01
3.680515289306640625e-01
3.662892878055572510e-01
3.645608723163604736e-01
3.628471195697784424e-01
3.611794412136077881e-01
3.595439791679382324e-01
3.579366803169250488e-01
3.563572764396667480e-01
3.548076152801513672e-01
3.532874584197998047e-01
3.517807722091674805e-01
3.503126502037048340e-01
3.488716781139373779e-01
3.474579453468322754e-01
3.460678458213806152e-01
3.447025418281555176e-01
3.433511555194854736e-01
3.420336544513702393e-01
3.407393991947174072e-01
3.394677639007568359e-01
3.382188081741333008e-01
3.369811177253723145e-01
3.357746303081512451e-01
3.345887660980224609e-01
3.334249258041381836e-01
3.322784304618835449e-01
3.311522305011749268e-01
3.300377428531646729e-01
3.289493024349212646e-01
3.278782963752746582e-01
3.268255889415740967e-01
3.257921338081359863e-01
3.247661888599395752e-01
3.237647414207458496e-01
3.227789700031280518e-01
3.218115866184234619e-01
3.209242224693298340e-01
3.200644850730895996e-01
3.192247450351715088e-01
3.183999359607696533e-01
3.175893723964691162e-01
3.167923986911773682e-01
3.160016536712646484e-01
3.152297139167785645e-01
3.144711852073669434e-01
3.137232661247253418e-01
3.129888772964477539e-01
3.122593760490417480e-01
3.115484118461608887e-01
3.108485937118530273e-01
3.101597130298614502e-01
3.094809353351593018e-01
3.088061809539794922e-01
3.081489205360412598e-01
3.075019121170043945e-01
3.068647682666778564e-01
3.062364757061004639e-01
3.056131303310394287e-01
3.050044476985931396e-01
3.044030666351318359e-01
3.038116693496704102e-01
3.032295703887939453e-01
3.026560544967651367e-01
3.020858466625213623e-01
3.015281856060028076e-01
3.009791076183319092e-01
3.004362285137176514e-01
2.999027073383331299e-01
2.993714809417724609e-01
2.988527417182922363e-01
2.983413338661193848e-01
2.978369295597076416e-01
2.973387539386749268e-01
2.968420982360839844e-01
2.963580191135406494e-01
2.958804368972778320e-01
2.954084873199462891e-01
2.949434816837310791e-01
2.944805622100830078e-01
2.940259575843811035e-01
2.935782670974731445e-01
2.931368947029113770e-01
2.927010655403137207e-01
2.922670841217041016e-01
2.918416559696197510e-01
2.914220690727233887e-01
2.910059988498687744e-01
2.905966639518737793e-01
2.901881039142608643e-01
2.897885441780090332e-01
2.893937826156616211e-01
2.890036702156066895e-01
2.886140942573547363e-01
2.882314622402191162e-01
2.878547608852386475e-01
2.874823808670043945e-01
2.871102988719940186e-01
2.867462337017059326e-01
2.863862216472625732e-01
2.860300242900848389e-01
2.856725454330444336e-01
2.853240966796875000e-01
2.849792838096618652e-01
2.846381962299346924e-01
2.842976152896881104e-01
2.839629650115966797e-01
2.836322486400604248e-01
2.833033800125122070e-01
2.829763591289520264e-01
2.826549112796783447e-01
2.823371589183807373e-01
2.820224761962890625e-01
2.817078828811645508e-01
2.813985943794250488e-01
2.810911536216735840e-01
2.807880342006683350e-01
2.804849147796630859e-01
2.801867425441741943e-01
2.798917293548583984e-01
2.795992493629455566e-01
2.793065905570983887e-01
2.790171205997467041e-01
2.787320017814636230e-01
2.784492671489715576e-01
2.781662046909332275e-01
2.778874933719635010e-01
2.776115536689758301e-01
2.773377001285552979e-01
2.770618200302124023e-01
2.767916917800903320e-01
2.765240371227264404e-01
2.762672603130340576e-01
2.760332822799682617e-01
2.757997214794158936e-01
2.755699455738067627e-01
2.753374874591827393e-01
2.751108109951019287e-01
2.748843431472778320e-01
2.746614813804626465e-01
2.744358479976654053e-01
2.742157876491546631e-01
2.739962041378021240e-01
2.737791240215301514e-01
2.735596299171447754e-01
2.733455002307891846e-01
2.731316685676574707e-01
2.729202210903167725e-01
2.727062404155731201e-01
2.724973857402801514e-01
2.722887694835662842e-01
2.720823884010314941e-01
2.718732655048370361e-01
2.716696262359619141e-01
2.714652121067047119e-01
2.712632715702056885e-01
2.710585296154022217e-01
2.708591222763061523e-01
2.706587910652160645e-01
2.704608142375946045e-01
2.702604234218597412e-01
2.700642943382263184e-01
2.698675692081451416e-01
2.696731388568878174e-01
2.694761455059051514e-01
2.692832946777343750e-01
2.690897285938262939e-01
2.688987553119659424e-01
2.687043249607086182e-01
2.685143053531646729e-01
2.683235406875610352e-01
2.681329250335693359e-01
2.679433226585388184e-01
2.677558064460754395e-01
2.675650715827941895e-01
2.673790156841278076e-01
2.671917080879211426e-01
2.670039534568786621e-01
2.668180167675018311e-01
2.666334807872772217e-01
2.664456665515899658e-01
2.662620544433593750e-01
2.660777568817138672e-01
2.658925652503967285e-01
2.657086253166198730e-01
2.655268311500549316e-01
2.653412520885467529e-01
2.651597261428833008e-01
2.649770975112915039e-01
2.647941112518310547e-01
2.646120190620422363e-01
2.644315659999847412e-01
2.642479240894317627e-01
2.640679180622100830e-01
2.638866901397705078e-01
2.637046575546264648e-01
2.635241746902465820e-01
2.633448541164398193e-01
2.631642818450927734e-01
2.629829049110412598e-01
2.628029584884643555e-01
2.626241445541381836e-01
2.624416649341583252e-01
2.622633874416351318e-01
2.620834708213806152e-01
2.619025707244873047e-01
2.617227733135223389e-01
2.615447044372558594e-01
2.613625824451446533e-01
2.611842155456542969e-01
2.610048651695251465e-01
2.608241736888885498e-01
2.606444358825683594e-01
2.604660689830780029e-01
2.602843344211578369e-01
2.601058781147003174e-01
2.599260807037353516e-01
2.597455084323883057e-01
2.595655918121337891e-01
2.593869864940643311e-01
2.592045962810516357e-01
2.590261697769165039e-01
2.588459849357604980e-01
2.586646378040313721e-01
2.584842741489410400e-01
2.583054900169372559e-01
2.581249773502349854e-01
2.579432129859924316e-01
2.577627599239349365e-01
2.575832307338714600e-01
2.573997676372528076e-01
2.572199404239654541e-01
2.570390403270721436e-01
2.568565309047698975e-01
2.566750049591064453e-01
2.564982771873474121e-01
2.563566863536834717e-01
2.562184929847717285e-01
2.560786306858062744e-01
2.559368908405303955e-01
2.557976245880126953e-01
2.556566298007965088e-01
2.555141448974609375e-01
2.553721368312835693e-01
2.552313506603240967e-01
2.550864517688751221e-01
2.549449205398559570e-01
2.548030912876129150e-01
2.546567022800445557e-01
2.545140683650970459e-01
2.543698251247406006e-01
2.542239427566528320e-01
2.540786266326904297e-01
2.539319992065429688e-01
2.537874877452850342e-01
2.536414265632629395e-01
2.534933686256408691e-01
2.533465325832366943e-01
2.531979978084564209e-01
2.530504465103149414e-01
2.529034614562988281e-01
2.527538239955902100e-01
2.526051700115203857e-01
2.524548470973968506e-01
2.523054480552673340e-01
2.521566450595855713e-01
2.520039677619934082e-01
2.518547773361206055e-01
2.517051696777343750e-01
2.515511214733123779e-01
2.514008581638336182e-01
2.512463927268981934e-01
2.510953843593597412e-01
2.509425580501556396e-01
2.507882714271545410e-01
2.506362497806549072e-01
2.504800558090209961e-01
2.503270506858825684e-01
2.501727938652038574e-01
2.500168085098266602e-01
2.498619109392166138e-01
2.497052401304244995e-01
2.495505660772323608e-01
2.493946552276611328e-01
2.492370009422302246e-01
2.490804642438888550e-01
2.489218860864639282e-01
2.487646639347076416e-01
2.486083954572677612e-01
2.484491914510726929e-01
2.482907921075820923e-01
2.481309026479721069e-01
2.479722201824188232e-01
2.478144019842147827e-01
2.476521283388137817e-01
2.474937438964843750e-01
2.473350465297698975e-01
2.471721917390823364e-01
2.470129132270812988e-01
2.468492686748504639e-01
2.466893792152404785e-01
2.465280890464782715e-01
2.463650852441787720e-01
2.462029606103897095e-01
2.460393756628036499e-01
2.458781599998474121e-01
2.457155585289001465e-01
2.455508857965469360e-01
2.453877627849578857e-01
2.452229112386703491e-01
2.450592517852783203e-01
2.448962628841400146e-01
2.447306364774703979e-01
2.445663064718246460e-01
2.444001585245132446e-01
2.442353516817092896e-01
2.440711855888366699e-01
2.439032346010208130e-01
2.437389045953750610e-01
2.435716837644577026e-01
2.434054613113403320e-01
2.432404607534408569e-01
2.430714815855026245e-01
2.429060190916061401e-01
2.427390068769454956e-01
2.425705343484878540e-01
2.424045354127883911e-01
2.422344982624053955e-01
2.420678287744522095e-01
2.419001311063766479e-01
2.417306751012802124e-01
2.415626049041748047e-01
2.413925677537918091e-01
2.412252128124237061e-01
2.410539984703063965e-01
2.408863604068756104e-01
2.407148182392120361e-01
2.405465394258499146e-01
2.403746843338012695e-01
2.402064204216003418e-01
2.400352805852890015e-01
2.398653477430343628e-01
2.396940141916275024e-01
2.395239919424057007e-01
2.393550276756286621e-01
2.391818612813949585e-01
2.390125691890716553e-01
2.388405501842498779e-01
2.386549860239028931e-01
2.384623289108276367e-01
2.382719665765762329e-01
2.380792051553726196e-01
2.378890514373779297e-01
2.376961410045623779e-01
2.375058531761169434e-01
2.373139709234237671e-01
2.371235489845275879e-01
2.369302511215209961e-01
2.367398142814636230e-01
2.365493178367614746e-01
2.363561391830444336e-01
2.361655980348587036e-01
2.359724193811416626e-01
2.357817590236663818e-01
2.355896085500717163e-01
2.353986948728561401e-01
2.352053821086883545e-01
2.350147068500518799e-01
2.348214387893676758e-01
2.346307188272476196e-01
2.344374060630798340e-01
2.342467457056045532e-01
2.340534627437591553e-01
2.338635176420211792e-01
2.336728721857070923e-01
2.334795594215393066e-01
2.332889139652252197e-01
2.330956459045410156e-01
2.329050451517105103e-01
2.327117919921875000e-01
2.325212508440017700e-01
2.323288470506668091e-01
2.321383357048034668e-01
2.319452315568923950e-01
2.317547500133514404e-01
2.315617501735687256e-01
2.313713580369949341e-01
2.311784178018569946e-01
2.309878766536712646e-01
2.307975888252258301e-01
2.306058108806610107e-01
2.304156720638275146e-01
2.302229106426239014e-01
2.300328612327575684e-01
2.298403382301330566e-01
2.296503782272338867e-01
2.294576615095138550e-01
2.292678505182266235e-01
2.290755361318588257e-01
2.288868576288223267e-01
2.286947071552276611e-01
2.285051792860031128e-01
2.283131182193756104e-01
2.281237244606018066e-01
2.279341965913772583e-01
2.277424335479736328e-01
2.275532633066177368e-01
2.273616641759872437e-01
2.271736860275268555e-01
2.269822508096694946e-01
2.267934679985046387e-01
2.266020029783248901e-01
2.264133542776107788e-01
2.262223660945892334e-01
2.260339409112930298e-01
2.258431017398834229e-01
2.256558984518051147e-01
2.254652976989746094e-01
2.252773046493530273e-01
2.250866591930389404e-01
2.248988747596740723e-01
2.247087359428405762e-01
2.245186567306518555e-01
2.243312448263168335e-01
2.241414338350296021e-01
2.239552140235900879e-01
2.237656414508819580e-01
2.235784828662872314e-01
2.233891934156417847e-01
2.232024669647216797e-01
2.230134308338165283e-01
2.228270024061203003e-01
2.226381748914718628e-01
2.224495708942413330e-01
2.222642302513122559e-01
2.220758497714996338e-01
2.218900620937347412e-01
2.217019945383071899e-01
2.215164601802825928e-01
2.213286757469177246e-01
2.211434692144393921e-01
2.209559977054595947e-01
2.207708060741424561e-01
2.205845415592193604e-01
2.203975170850753784e-01
2.202129811048507690e-01
2.200262546539306641e-01
2.198420614004135132e-01
2.196556031703948975e-01
2.194717526435852051e-01
2.192854285240173340e-01
2.191018760204315186e-01
2.189169824123382568e-01
2.187337577342987061e-01
2.185482978820800781e-01
2.183629572391510010e-01
2.181802093982696533e-01
2.179950177669525146e-01
2.178125977516174316e-01
2.176279574632644653e-01
2.174467891454696655e-01
2.172625064849853516e-01
2.170807421207427979e-01
2.168968021869659424e-01
2.167130708694458008e-01
2.165315598249435425e-01
2.163481414318084717e-01
2.161673009395599365e-01
2.159841954708099365e-01
2.158046066761016846e-01
2.156157046556472778e-01
2.154152691364288330e-01
2.152116745710372925e-01
2.150115221738815308e-01
2.148086428642272949e-01
2.146065980195999146e-01
2.144062519073486328e-01
2.142049521207809448e-01
2.140050828456878662e-01
2.138040512800216675e-01
2.136048823595046997e-01
2.134042978286743164e-01
2.132062911987304688e-01
2.130055576562881470e-01
2.128079980611801147e-01
2.126075476408004761e-01
2.124084681272506714e-01
2.122107893228530884e-01
2.120119482278823853e-01
2.118149846792221069e-01
2.116166353225708008e-01
2.114199101924896240e-01
2.112222909927368164e-01
2.110261172056198120e-01
2.108289599418640137e-01
2.106332331895828247e-01
2.104364633560180664e-01
2.102392315864562988e-01
2.100451141595840454e-01
2.098490595817565918e-01
2.096547931432723999e-01
2.094592154026031494e-01
2.092652767896652222e-01
2.090704292058944702e-01
2.088747620582580566e-01
2.086824327707290649e-01
2.084874957799911499e-01
2.082956880331039429e-01
2.081010192632675171e-01
2.079077512025833130e-01
2.077157944440841675e-01
2.075227946043014526e-01
2.073294073343276978e-01
2.071391046047210693e-01
2.069468945264816284e-01
2.067542970180511475e-01
2.065647393465042114e-01
2.063724249601364136e-01
2.061836421489715576e-01
2.059918642044067383e-01
2.058012038469314575e-01
2.056122720241546631e-01
2.054221630096435547e-01
2.052314579486846924e-01
2.050441354513168335e-01
2.048539668321609497e-01
2.046670019626617432e-01
2.044774889945983887e-01
2.042889446020126343e-01
2.041027396917343140e-01
2.039140909910202026e-01
2.037262618541717529e-01
2.035400122404098511e-01
2.033529728651046753e-01
2.031651288270950317e-01
2.029804736375808716e-01
2.027934193611145020e-01
2.026092559099197388e-01
2.024224996566772461e-01
2.022369951009750366e-01
2.020528167486190796e-01
2.018676549196243286e-01
2.016821503639221191e-01
2.014995962381362915e-01
2.013151794672012329e-01
2.011325061321258545e-01
2.009487152099609375e-01
2.007642388343811035e-01
2.005831897258758545e-01
2.003993093967437744e-01
2.002164870500564575e-01
2.000353932380676270e-01
1.998531520366668701e-01
1.996703296899795532e-01
1.994907706975936890e-01
1.993084996938705444e-01
1.991293281316757202e-01
1.989477127790451050e-01
1.987670361995697021e-01
1.985880136489868164e-01
1.984077990055084229e-01
1.982279270887374878e-01
1.980496346950531006e-01
1.978702396154403687e-01
1.976922899484634399e-01
1.975136846303939819e-01
1.973342597484588623e-01
1.971578896045684814e-01
1.969792097806930542e-01
1.968014091253280640e-01
1.966249942779541016e-01
1.964479088783264160e-01
1.962700784206390381e-01
1.960952132940292358e-01
1.959181278944015503e-01
1.957438290119171143e-01
1.955678611993789673e-01
1.953914761543273926e-01
1.952179521322250366e-01
1.950419545173645020e-01
1.948671489953994751e-01
1.946935951709747314e-01
1.945191770792007446e-01
1.943443864583969116e-01
1.941723823547363281e-01
1.939979195594787598e-01
1.938266009092330933e-01
1.936526745557785034e-01
1.934798061847686768e-01
1.933084726333618164e-01
1.931360661983489990e-01
1.929639279842376709e-01
1.927933841943740845e-01
1.926217526197433472e-01
1.924496144056320190e-01
1.922805756330490112e-01
1.921089291572570801e-01
1.919383704662322998e-01
1.917674690485000610e-01
1.915992200374603271e-01
1.914286315441131592e-01
1.912592202425003052e-01
1.910910010337829590e-01
1.909219026565551758e-01
1.907471567392349243e-01
1.905254572629928589e-01
1.903050094842910767e-01
1.900840699672698975e-01
1.898633837699890137e-01
1.896442025899887085e-01
1.894242614507675171e-01
1.892040371894836426e-01
1.889848411083221436e-01
1.887671798467636108e-01
1.885487139225006104e-01
1.883300244808197021e-01
1.881122738122940063e-01
1.878968775272369385e-01
1.876791417598724365e-01
1.874626427888870239e-01
1.872474253177642822e-01
1.870317459106445312e-01
1.868154704570770264e-01
1.866004765033721924e-01
1.863867044448852539e-01
1.861724853515625000e-01
1.859576404094696045e-01
1.857458949089050293e-01
1.855325996875762939e-01
1.853190362453460693e-01
1.851064264774322510e-01
1.848953813314437866e-01
1.846834868192672729e-01
1.844714134931564331e-01
1.842602789402008057e-01
1.840506494045257568e-01
1.838401854038238525e-01
1.836302876472473145e-01
1.834215521812438965e-01
1.832123249769210815e-01
1.830025911331176758e-01
1.827940940856933594e-01
1.825867444276809692e-01
1.823789626359939575e-01
1.821706444025039673e-01
1.819653064012527466e-01
1.817575991153717041e-01
1.815512627363204956e-01
1.813450902700424194e-01
1.811403185129165649e-01
1.809348315000534058e-01
