8.241181969642639160e-01
8.242077231407165527e-01
8.247846364974975586e-01
8.256531953811645508e-01
8.266375064849853516e-01
8.276709914207458496e-01
8.286289572715759277e-01
8.295414447784423828e-01
8.305642008781433105e-01
8.319243192672729492e-01
8.340812325477600098e-01
8.371506929397583008e-01
8.411294817924499512e-01
8.459277153015136719e-01
8.512801527976989746e-01
8.566850423812866211e-01
8.614609837532043457e-01
8.652561902999877930e-01
8.686764836311340332e-01
8.724852800369262695e-01
8.771498799324035645e-01
8.827059864997863770e-01
8.890463113784790039e-01
8.957291841506958008e-01
9.022121429443359375e-01
9.078712463378906250e-01
9.123536348342895508e-01
9.153608679771423340e-01
9.167034029960632324e-01
9.163514375686645508e-01
9.143912792205810547e-01
9.110022783279418945e-01
9.064024686813354492e-01
9.008537530899047852e-01
8.946226835250854492e-01
8.879761695861816406e-01
8.811302185058593750e-01
8.743457198143005371e-01
8.676444292068481445e-01
8.611832261085510254e-01
8.551672101020812988e-01
8.497230410575866699e-01
8.447853922843933105e-01
8.399465680122375488e-01
8.353012800216674805e-01
8.312747478485107422e-01
8.279298543930053711e-01
8.251875042915344238e-01
8.229572176933288574e-01
8.211581110954284668e-01
8.196667432785034180e-01
8.182100057601928711e-01
8.168768882751464844e-01
8.155778646469116211e-01
8.142498731613159180e-01
8.128764033317565918e-01
8.114958405494689941e-01
8.102315664291381836e-01
8.092143535614013672e-01
8.085449337959289551e-01
8.083105683326721191e-01
8.085104227066040039e-01
8.090305924415588379e-01
8.096998333930969238e-01
8.103761672973632812e-01
8.114963769912719727e-01
8.117772340774536133e-01
8.107751607894897461e-01
8.098886013031005859e-01
8.092870712280273438e-01
8.091361522674560547e-01
8.095538616180419922e-01
8.107029199600219727e-01
8.126908540725708008e-01
8.155380487442016602e-01
8.192332386970520020e-01
8.237380385398864746e-01
8.289862275123596191e-01
8.348821401596069336e-01
8.414472937583923340e-01
8.493428230285644531e-01
8.572289943695068359e-01
8.626377582550048828e-01
8.703440427780151367e-01
8.774721622467041016e-01
8.840139508247375488e-01
8.898380994796752930e-01
8.948040604591369629e-01
8.987478017807006836e-01
9.015949964523315430e-01
9.033077359199523926e-01
9.038630723953247070e-01
9.032887220382690430e-01
9.016369581222534180e-01
8.989638090133666992e-01
8.954245448112487793e-01
8.911733627319335938e-01
8.863824605941772461e-01
8.812037706375122070e-01
8.758124709129333496e-01
8.703783154487609863e-01
8.650476336479187012e-01
8.600704073905944824e-01
8.554341197013854980e-01
8.512281179428100586e-01
8.474901914596557617e-01
8.442462086677551270e-01
8.414458632469177246e-01
8.389961719512939453e-01
8.367158174514770508e-01
8.343092799186706543e-01
8.316079378128051758e-01
8.284902572631835938e-01
8.249374032020568848e-01
8.211028575897216797e-01
8.172093033790588379e-01
8.135234713554382324e-01
8.102267384529113770e-01
8.074354529380798340e-01
8.052344322204589844e-01
8.035815954208374023e-01
8.024373650550842285e-01
8.017564415931701660e-01
8.014795780181884766e-01
8.015426993370056152e-01
8.018776178359985352e-01
8.024110198020935059e-01
8.030744194984436035e-01
8.038218617439270020e-01
8.045313358306884766e-01
8.051333427429199219e-01
8.055616617202758789e-01
8.057709336280822754e-01
8.057305812835693359e-01
8.054318428039550781e-01
8.048846721649169922e-01
8.041229844093322754e-01
8.031084537506103516e-01
8.019548654556274414e-01
8.007549643516540527e-01
7.995751500129699707e-01
7.984816431999206543e-01
7.975406646728515625e-01
7.968032360076904297e-01
7.963134050369262695e-01
7.961085438728332520e-01
7.962175011634826660e-01
7.966988086700439453e-01
7.975184321403503418e-01
7.986816763877868652e-01
8.021088838577270508e-01
8.042576909065246582e-01
8.067293167114257812e-01
8.094977736473083496e-01
8.125520348548889160e-01
8.158715963363647461e-01
8.194326758384704590e-01
8.232828378677368164e-01
8.273168802261352539e-01
8.314732313156127930e-01
8.357092738151550293e-01
8.399620056152343750e-01
8.441424369812011719e-01
8.481549024581909180e-01
8.518954515457153320e-01
8.552483916282653809e-01
8.580917716026306152e-01
8.604018688201904297e-01
8.622837662696838379e-01
8.640069961547851562e-01
8.660138249397277832e-01
8.687101602554321289e-01
8.722755908966064453e-01
8.765675425529479980e-01
8.812811970710754395e-01
8.860763311386108398e-01
8.906878829002380371e-01
8.949103355407714844e-01
8.986365199089050293e-01
9.018242955207824707e-01
9.044538736343383789e-01
9.065217971801757812e-01
9.080506563186645508e-01
9.090560674667358398e-01
9.095705747604370117e-01
9.096247553825378418e-01
9.092538952827453613e-01
9.084970951080322266e-01
9.073881506919860840e-01
9.059658646583557129e-01
9.042861461639404297e-01
9.023615717887878418e-01
9.002328515052795410e-01
8.979188799858093262e-01
8.954599499702453613e-01
8.928774595260620117e-01
8.902049660682678223e-01
8.874636292457580566e-01
8.846816420555114746e-01
8.818904757499694824e-01
8.791222572326660156e-01
8.764124512672424316e-01
8.737843632698059082e-01
8.712827563285827637e-01
8.689420819282531738e-01
8.667935729026794434e-01
8.648580908775329590e-01
8.631671667098999023e-01
8.617309927940368652e-01
8.605570197105407715e-01
8.596484065055847168e-01
8.590027093887329102e-01
8.586143851280212402e-01
8.584692478179931641e-01
8.584915995597839355e-01
8.586564660072326660e-01
8.590219020843505859e-01
8.595641851425170898e-01
8.602535724639892578e-01
8.610602021217346191e-01
8.619413971900939941e-01
8.628481030464172363e-01
8.637173771858215332e-01
8.644775152206420898e-01
8.650355935096740723e-01
8.652874231338500977e-01
8.651353120803833008e-01
8.645590543746948242e-01
8.636991381645202637e-01
8.628875613212585449e-01
8.626938462257385254e-01
8.634893298149108887e-01
8.651133775711059570e-01
8.670455217361450195e-01
8.687916398048400879e-01
8.701007962226867676e-01
8.709058761596679688e-01
8.712474703788757324e-01
8.712103366851806641e-01
8.708862662315368652e-01
8.703839182853698730e-01
8.698143959045410156e-01
8.692962527275085449e-01
8.689330220222473145e-01
8.688907027244567871e-01
8.693609237670898438e-01
8.706777691841125488e-01
8.734282255172729492e-01
8.791792988777160645e-01
9.049583077430725098e-01
9.016740918159484863e-01
8.991052508354187012e-01
8.967379331588745117e-01
8.945419788360595703e-01
8.924967050552368164e-01
8.905856609344482422e-01
8.888003826141357422e-01
8.871447443962097168e-01
8.856227397918701172e-01
8.842243552207946777e-01
8.829527497291564941e-01
8.818027973175048828e-01
8.807698488235473633e-01
8.798574805259704590e-01
8.790623545646667480e-01
8.783883452415466309e-01
8.778363466262817383e-01
8.774130344390869141e-01
8.771267533302307129e-01
8.769906759262084961e-01
8.770273923873901367e-01
8.772810101509094238e-01
8.777826428413391113e-01
8.785282373428344727e-01
8.790569901466369629e-01
8.760450482368469238e-01
8.665309548377990723e-01
8.653837442398071289e-01
8.678737282752990723e-01
8.700282573699951172e-01
8.717590570449829102e-01
8.732542395591735840e-01
8.746557235717773438e-01
8.760316967964172363e-01
8.774355649948120117e-01
8.788866400718688965e-01
8.804156184196472168e-01
8.820303082466125488e-01
8.837358355522155762e-01
8.855318427085876465e-01
8.874136209487915039e-01
8.893928527832031250e-01
8.914554119110107422e-01
8.936113119125366211e-01
8.958489894866943359e-01
8.981559872627258301e-01
9.005385637283325195e-01
9.029743671417236328e-01
9.054682850837707520e-01
9.080029726028442383e-01
9.105589985847473145e-01
9.131393432617187500e-01
9.157158732414245605e-01
9.182975888252258301e-01
9.208626151084899902e-01
9.233806729316711426e-01
9.258527755737304688e-01
9.282506108283996582e-01
9.305692911148071289e-01
9.327966570854187012e-01
9.349216222763061523e-01
9.369345307350158691e-01
9.388213157653808594e-01
9.405875205993652344e-01
9.422217011451721191e-01
9.437205791473388672e-01
9.450826644897460938e-01
9.463083744049072266e-01
9.473962783813476562e-01
9.483575224876403809e-01
9.491934180259704590e-01
9.498978257179260254e-01
9.504904150962829590e-01
9.509836435317993164e-01
9.513869285583496094e-01
9.517148733139038086e-01
9.519777894020080566e-01
9.521878957748413086e-01
9.523570537567138672e-01
9.524982571601867676e-01
9.526238441467285156e-01
9.527447223663330078e-01
9.528725147247314453e-01
9.530175924301147461e-01
9.531901478767395020e-01
9.533991813659667969e-01
9.536535739898681641e-01
9.539601802825927734e-01
9.543260335922241211e-01
9.547587633132934570e-01
9.552677869796752930e-01
9.558499455451965332e-01
9.565078616142272949e-01
9.572451114654541016e-01
9.580595493316650391e-01
9.589527845382690430e-01
9.599239230155944824e-01
9.609714150428771973e-01
9.620927572250366211e-01
9.632847905158996582e-01
9.645435214042663574e-01
9.658604860305786133e-01
9.672371149063110352e-01
9.686601758003234863e-01
9.701302647590637207e-01
9.716363549232482910e-01
9.731664061546325684e-01
9.747204184532165527e-01
9.762811064720153809e-01
9.778459668159484863e-01
9.793957471847534180e-01
9.809313416481018066e-01
9.824349880218505859e-01
9.839060902595520020e-01
9.853273630142211914e-01
9.866982102394104004e-01
9.880024790763854980e-01
9.892400503158569336e-01
9.903995394706726074e-01
9.914711713790893555e-01
9.924553036689758301e-01
9.933406710624694824e-01
9.941260814666748047e-01
9.948078989982604980e-01
9.953833222389221191e-01
9.958503246307373047e-01
9.962078928947448730e-01
9.964558482170104980e-01
9.965946078300476074e-01
9.966255426406860352e-01
9.965539574623107910e-01
9.963825345039367676e-01
9.961132407188415527e-01
9.957495331764221191e-01
9.952953457832336426e-01
9.947546720504760742e-01
9.941320419311523438e-01
9.934318065643310547e-01
9.926588535308837891e-01
9.918175935745239258e-01
9.909127950668334961e-01
9.899488687515258789e-01
9.889301657676696777e-01
9.878610372543334961e-01
9.867455363273620605e-01
9.855919480323791504e-01
9.843946695327758789e-01
9.831664562225341797e-01
9.819006323814392090e-01
9.806098341941833496e-01
9.792863130569458008e-01
9.779424667358398438e-01
9.765788316726684570e-01
9.752049446105957031e-01
9.738049507141113281e-01
9.723915457725524902e-01
9.709605574607849121e-01
9.695063829421997070e-01
9.680420756340026855e-01
9.665561914443969727e-01
9.650614261627197266e-01
9.635461568832397461e-01
9.620233178138732910e-01
9.604803323745727539e-01
9.589305520057678223e-01
9.573618769645690918e-01
9.557867050170898438e-01
9.541934132575988770e-01
9.525945782661437988e-01
9.509843587875366211e-01
9.493632912635803223e-01
9.477315545082092285e-01
9.460896849632263184e-01
9.444387555122375488e-01
9.427783489227294922e-01
9.410976171493530273e-01
9.393195509910583496e-01
9.375223517417907715e-01
9.357186555862426758e-01
9.339033961296081543e-01
9.320774078369140625e-01
9.302414655685424805e-01
9.283966422080993652e-01
9.265435934066772461e-01
9.246833920478820801e-01
9.228172898292541504e-01
9.209461808204650879e-01
9.190712571144104004e-01
9.171934127807617188e-01
9.153139591217041016e-01
9.134340286254882812e-01
9.115543365478515625e-01
9.096767306327819824e-01
9.078021049499511719e-01
9.059369564056396484e-01
9.040715694427490234e-01
9.022126197814941406e-01
9.003663063049316406e-01
8.985231518745422363e-01
8.966897726058959961e-01
8.948676586151123047e-01
8.930227756500244141e-01
8.911905884742736816e-01
8.893768191337585449e-01
8.875729441642761230e-01
8.857846856117248535e-01
8.840172886848449707e-01
8.822627663612365723e-01
8.805305957794189453e-01
8.788130879402160645e-01
8.771152496337890625e-01
8.754414319992065430e-01
8.737840056419372559e-01
8.721486330032348633e-01
8.705389499664306641e-01
8.689478039741516113e-01
8.673799037933349609e-01
8.658384680747985840e-01
8.643172383308410645e-01
8.628230094909667969e-01
8.613526821136474609e-01
8.599066734313964844e-01
8.584821224212646484e-01
8.570850491523742676e-01
8.557124733924865723e-01
8.543619513511657715e-01
8.530387878417968750e-01
8.517473340034484863e-01
8.504877090454101562e-01
8.492509722709655762e-01
8.480402231216430664e-01
8.468545675277709961e-01
8.456907272338867188e-01
8.445535302162170410e-01
8.434397578239440918e-01
8.423488736152648926e-01
8.412829041481018066e-01
8.402405977249145508e-01
8.392223119735717773e-01
8.382258415222167969e-01
8.372545838356018066e-01
8.363060951232910156e-01
8.353803753852844238e-01
8.344782590866088867e-01
8.335998654365539551e-01
8.327438235282897949e-01
8.319115638732910156e-01
8.311016559600830078e-01
8.303153514862060547e-01
8.295515179634094238e-01
8.288114070892333984e-01
8.280937075614929199e-01
8.273997902870178223e-01
8.267285227775573730e-01
8.260811567306518555e-01
8.254565000534057617e-01
8.247556090354919434e-01
8.240746259689331055e-01
8.234173655509948730e-01
8.227831125259399414e-01
8.221734166145324707e-01
8.215876817703247070e-01
8.210260868072509766e-01
8.204879760742187500e-01
8.199748992919921875e-01
8.194862008094787598e-01
8.190220594406127930e-01
8.185824751853942871e-01
8.181667923927307129e-01
8.177764415740966797e-01
8.174107670783996582e-01
8.170698285102844238e-01
8.167520761489868164e-01
8.164596557617187500e-01
8.161924481391906738e-01
8.159480094909667969e-01
8.157296180725097656e-01
8.155348300933837891e-01
8.153628110885620117e-01
8.152167201042175293e-01
8.150942921638488770e-01
8.149953484535217285e-01
8.149167895317077637e-01
8.148640990257263184e-01
8.148341178894042969e-01
8.148240447044372559e-01
8.148454427719116211e-01
8.148989677429199219e-01
8.149704933166503906e-01
8.150663971900939941e-01
8.151828646659851074e-01
8.153158426284790039e-01
8.154722452163696289e-01
8.156473636627197266e-01
8.158389925956726074e-01
8.160523176193237305e-01
8.162831068038940430e-01
8.165323734283447266e-01
8.167957067489624023e-01
8.170754909515380859e-01
8.173759579658508301e-01
8.176888227462768555e-01
8.180220723152160645e-01
8.183678984642028809e-01
8.187323808670043945e-01
8.191097378730773926e-01
8.195026516914367676e-01
8.199144005775451660e-01
8.203388452529907227e-01
8.207823038101196289e-01
8.212386369705200195e-01
8.217152357101440430e-01
8.222040534019470215e-01
8.227145671844482422e-01
8.232386708259582520e-01
8.237802386283874512e-01
8.243454098701477051e-01
8.249253630638122559e-01
8.255305886268615723e-01
8.260961771011352539e-01
8.266556859016418457e-01
8.272336721420288086e-01
8.278370499610900879e-01
8.284711837768554688e-01
8.291273117065429688e-01
8.298175930976867676e-01
8.305332660675048828e-01
8.312798142433166504e-01
8.320656418800354004e-01
8.328809738159179688e-01
8.337330818176269531e-01
8.346228003501892090e-01
8.355534076690673828e-01
8.365320563316345215e-01
8.375481963157653809e-01
8.386107683181762695e-01
8.397212028503417969e-01
8.408815264701843262e-01
8.421002626419067383e-01
8.433666825294494629e-01
8.446888923645019531e-01
8.460684418678283691e-01
8.475084304809570312e-01
8.490185737609863281e-01
8.505839705467224121e-01
8.522143363952636719e-01
8.539119362831115723e-01
8.556779026985168457e-01
8.575224876403808594e-01
8.594287633895874023e-01
8.614060282707214355e-01
8.634548783302307129e-01
8.655748963356018066e-01
8.677784204483032227e-01
8.700558543205261230e-01
8.724341988563537598e-01
8.748770356178283691e-01
8.773827552795410156e-01
8.799477219581604004e-01
8.825682401657104492e-01
8.852394819259643555e-01
8.879553079605102539e-01
8.907115459442138672e-01
8.935006260871887207e-01
8.963150382041931152e-01
8.991470932960510254e-01
9.019879698753356934e-01
9.048290848731994629e-01
9.076606631278991699e-01
9.104727506637573242e-01
9.132552742958068848e-01
9.159978032112121582e-01
9.186906814575195312e-01
9.213228821754455566e-01
9.238854050636291504e-01
9.263677000999450684e-01
9.287611842155456543e-01
9.310573339462280273e-01
9.332478046417236328e-01
9.353256225585937500e-01
9.372846484184265137e-01
9.391190409660339355e-01
9.408242702484130859e-01
9.423963427543640137e-01
9.438327550888061523e-01
9.451311826705932617e-01
9.462906122207641602e-01
9.473104476928710938e-01
9.481910467147827148e-01
9.489334821701049805e-01
9.495350718498229980e-01
9.500066637992858887e-01
9.503458142280578613e-01
9.505516886711120605e-01
9.506271481513977051e-01
9.505751132965087891e-01
9.503981471061706543e-01
9.501016736030578613e-01
9.496879577636718750e-01
9.485358595848083496e-01
9.478000402450561523e-01
9.469640254974365234e-01
9.460278749465942383e-01
9.449970126152038574e-01
9.438747167587280273e-01
9.426643848419189453e-01
9.413690567016601562e-01
9.399962425231933594e-01
9.385410547256469727e-01
9.370099902153015137e-01
9.354059696197509766e-01
9.337319135665893555e-01
9.319899678230285645e-01
9.301890730857849121e-01
9.283193349838256836e-01
9.263892173767089844e-01
9.244008660316467285e-01
9.223561882972717285e-01
9.202647209167480469e-01
9.181143641471862793e-01
9.159139394760131836e-01
9.136736392974853516e-01
9.113799333572387695e-01
9.090422391891479492e-01
9.066704511642456055e-01
9.042506814002990723e-01
9.017931818962097168e-01
8.993081450462341309e-01
8.967810273170471191e-01
8.942217230796813965e-01
8.916419148445129395e-01
8.890264034271240234e-01
8.863850831985473633e-01
8.837300539016723633e-01
8.810970783233642578e-01
8.784623146057128906e-01
8.758277893066406250e-01
8.731773495674133301e-01
8.705232739448547363e-01
8.678774237632751465e-01
8.652232885360717773e-01
8.625732660293579102e-01
8.599392175674438477e-01
8.573047518730163574e-01
8.546825647354125977e-01
8.520837426185607910e-01
8.494930863380432129e-01
8.469217419624328613e-01
8.443814516067504883e-01
8.418567776679992676e-01
8.393675088882446289e-01
8.368986248970031738e-01
8.344692587852478027e-01
8.320643901824951172e-01
8.297031521797180176e-01
8.273701667785644531e-01
8.250759840011596680e-01
8.228296637535095215e-01
8.206159472465515137e-01
8.184521198272705078e-01
8.163236975669860840e-01
8.142458796501159668e-01
8.122058510780334473e-01
8.102167248725891113e-01
8.082659840583801270e-01
8.063659667968750000e-01
8.045043349266052246e-01
8.026927113533020020e-01
8.009185791015625000e-01
7.991927266120910645e-01
7.975032329559326172e-01
7.958592772483825684e-01
7.942501902580261230e-01
7.926836013793945312e-01
7.911493182182312012e-01
7.896541953086853027e-01
7.881883382797241211e-01
7.867583036422729492e-01
7.853541374206542969e-01
7.839753031730651855e-01
7.826256752014160156e-01
7.812976241111755371e-01
7.799949049949645996e-01
7.787100076675415039e-01
7.774463295936584473e-01
7.762002944946289062e-01
7.749651074409484863e-01
7.737464308738708496e-01
7.725367546081542969e-01
7.713390588760375977e-01
7.701504230499267578e-01
7.689644694328308105e-01
7.677876353263854980e-01
7.666106224060058594e-01
7.654390931129455566e-01
7.642695903778076172e-01
7.630964517593383789e-01
7.619261145591735840e-01
7.607499957084655762e-01
7.595749497413635254e-01
7.583956122398376465e-01
7.572088837623596191e-01
7.560211420059204102e-01
7.548238635063171387e-01
7.536246180534362793e-01
7.524185180664062500e-01
7.512029409408569336e-01
7.499830722808837891e-01
7.487526535987854004e-01
7.475191354751586914e-01
7.462777495384216309e-01
7.450258731842041016e-01
7.437696456909179688e-01
7.425032854080200195e-01
7.412328720092773438e-01
7.399554848670959473e-01
7.386683225631713867e-01
7.373778223991394043e-01
7.360821366310119629e-01
7.347761392593383789e-01
7.334695458412170410e-01
7.321572899818420410e-01
7.308408617973327637e-01
7.295175790786743164e-01
7.281943559646606445e-01
7.268697619438171387e-01
7.255384922027587891e-01
7.242115736007690430e-01
7.229959368705749512e-01
7.217927575111389160e-01
7.205892205238342285e-01
7.193940281867980957e-01
7.182057499885559082e-01
7.170206904411315918e-01
7.158505916595458984e-01
7.146923542022705078e-01
7.135463953018188477e-01
7.124224305152893066e-01
7.113218307495117188e-01
7.102473378181457520e-01
7.092025876045227051e-01
7.081993818283081055e-01
7.072426080703735352e-01
7.063365578651428223e-01
7.054977416992187500e-01
7.047328948974609375e-01
7.040553689002990723e-01
7.034754753112792969e-01
7.030103802680969238e-01
7.026690840721130371e-01
7.024648785591125488e-01
7.023999691009521484e-01
7.024750113487243652e-01
7.026777267456054688e-01
7.029870748519897461e-01
7.033596038818359375e-01
7.037463188171386719e-01
7.040891647338867188e-01
7.043250799179077148e-01
7.044016122817993164e-01
7.042713165283203125e-01
7.039156556129455566e-01
7.033302783966064453e-01
7.025310397148132324e-01
7.015391588211059570e-01
7.003962397575378418e-01
6.991328597068786621e-01
6.977834701538085938e-01
6.963756680488586426e-01
6.949351429939270020e-01
6.934737563133239746e-01
6.920199394226074219e-01
6.905769705772399902e-01
6.891540884971618652e-01
6.877555251121520996e-01
6.863805651664733887e-01
6.850409507751464844e-01
6.837338209152221680e-01
6.824573874473571777e-01
6.812137961387634277e-01
6.799955368041992188e-01
6.788223981857299805e-01
6.777079701423645020e-01
6.766214966773986816e-01
6.755623817443847656e-01
6.745241284370422363e-01
6.735163331031799316e-01
6.725327968597412109e-01
6.715725660324096680e-01
6.706349253654479980e-01
6.697179675102233887e-01
6.688191294670104980e-01
6.679444313049316406e-01
6.670891046524047852e-01
6.662528514862060547e-01
6.654340028762817383e-01
6.646336317062377930e-01
6.638508439064025879e-01
6.630849242210388184e-01
6.623353958129882812e-01
6.615991592407226562e-01
6.608802676200866699e-01
6.601777672767639160e-01
6.594901680946350098e-01
6.588172316551208496e-01
6.581586003303527832e-01
6.575132012367248535e-01
6.568821668624877930e-01
6.562648415565490723e-01
6.556587815284729004e-01
6.550679206848144531e-01
6.544890999794006348e-01
6.539235115051269531e-01
6.533705592155456543e-01
6.528299450874328613e-01
6.523014307022094727e-01
6.517847180366516113e-01
6.512787342071533203e-01
6.507838368415832520e-01
6.503019928932189941e-01
6.498314738273620605e-01
6.493721008300781250e-01
6.489228606224060059e-01
6.484850645065307617e-01
6.480582356452941895e-01
6.476421356201171875e-01
6.472364068031311035e-01
6.468391418457031250e-01
6.464538574218750000e-01
6.460790038108825684e-01
6.457141637802124023e-01
6.453592777252197266e-01
6.450132727622985840e-01
6.446775794029235840e-01
6.443517804145812988e-01
6.440354585647583008e-01
6.437285542488098145e-01
6.434310078620910645e-01
6.431418061256408691e-01
6.428622007369995117e-01
6.426016092300415039e-01
6.423892974853515625e-01
6.421861052513122559e-01
6.419912576675415039e-01
6.418052911758422852e-01
6.416278481483459473e-01
6.414584517478942871e-01
6.412976980209350586e-01
6.411448717117309570e-01
6.409996747970581055e-01
6.408630609512329102e-01
6.407348513603210449e-01
6.406142115592956543e-01
6.405016779899597168e-01
6.403966546058654785e-01
6.402996182441711426e-01
6.402097940444946289e-01
6.401278972625732422e-01
6.400530934333801270e-01
6.399852037429809570e-01
6.399251222610473633e-01
6.398725509643554688e-01
6.398268938064575195e-01
6.397886276245117188e-01
6.397573947906494141e-01
6.397327780723571777e-01
6.396782994270324707e-01
6.396275162696838379e-01
6.395825743675231934e-01
6.395442485809326172e-01
6.395133733749389648e-01
6.394881606101989746e-01
6.394693851470947266e-01
6.394578218460083008e-01
6.394518017768859863e-01
6.394520401954650879e-01
6.394584774971008301e-01
6.394718885421752930e-01
6.394905447959899902e-01
6.395152807235717773e-01
6.395468115806579590e-01
6.395833492279052734e-01
6.396258473396301270e-01
6.396749615669250488e-01
6.397289633750915527e-01
6.397887468338012695e-01
6.398549079895019531e-01
6.399258971214294434e-01
6.400023698806762695e-01
6.400851607322692871e-01
6.401726007461547852e-01
6.402653455734252930e-01
6.404160857200622559e-01
6.406156420707702637e-01
6.408200860023498535e-01
6.410297155380249023e-01
6.412450075149536133e-01
6.414644122123718262e-01
6.416887044906616211e-01
6.419159770011901855e-01
6.421498060226440430e-01
6.423891782760620117e-01
6.426323652267456055e-01
6.428801417350769043e-01
6.431325674057006836e-01
6.433902978897094727e-01
6.436516642570495605e-01
6.439175009727478027e-01
6.441876888275146484e-01
6.444622278213500977e-01
6.447418928146362305e-01
6.450250744819641113e-01
6.453123092651367188e-01
6.456038355827331543e-01
6.459002494812011719e-01
6.461999416351318359e-01
6.465037465095520020e-01
6.468114852905273438e-01
6.471207737922668457e-01
6.474364399909973145e-01
6.477441191673278809e-01
6.480555534362792969e-01
6.483715772628784180e-01
6.486905217170715332e-01
6.490135788917541504e-01
6.493397951126098633e-01
6.496697068214416504e-01
6.500039100646972656e-01
6.503409147262573242e-01
6.506814956665039062e-01
6.510254740715026855e-01
6.513736844062805176e-01
6.517244577407836914e-01
6.520763039588928223e-01
6.524338722229003906e-01
6.527954936027526855e-01
6.531596779823303223e-01
6.535270810127258301e-01
6.538977622985839844e-01
6.542724370956420898e-01
6.546494364738464355e-01
6.550300717353820801e-01
6.554133296012878418e-01
6.558005809783935547e-01
6.561900377273559570e-01
6.565825939178466797e-01
6.569781899452209473e-01
6.573743820190429688e-01
6.577964425086975098e-01
6.582534313201904297e-01
6.587139368057250977e-01
6.591758728027343750e-01
6.596416831016540527e-01
6.601092815399169922e-01
6.605795621871948242e-01
6.610531806945800781e-01
6.615252494812011719e-01
6.620035767555236816e-01
6.624840497970581055e-01
6.629671454429626465e-01
6.634534001350402832e-01
6.639415025711059570e-01
6.644321084022521973e-01
6.649253964424133301e-01
6.654208898544311523e-01
6.659195423126220703e-01
6.664161682128906250e-01
6.669189333915710449e-01
6.674248576164245605e-01
6.679319739341735840e-01
6.684426665306091309e-01
6.689549088478088379e-01
6.694696545600891113e-01
6.699873805046081543e-01
6.705067753791809082e-01
6.710249781608581543e-01
6.715490221977233887e-01
6.720754504203796387e-01
6.725968718528747559e-01
6.731103062629699707e-01
6.736258268356323242e-01
6.741438508033752441e-01
6.746637225151062012e-01
6.751855611801147461e-01
6.757054924964904785e-01
6.762313842773437500e-01
6.767596006393432617e-01
6.772900223731994629e-01
6.778229475021362305e-01
6.783576011657714844e-01
6.788944005966186523e-01
6.794337630271911621e-01
6.799705028533935547e-01
6.805136203765869141e-01
6.810585260391235352e-01
6.816059350967407227e-01
6.821554303169250488e-01
6.827071309089660645e-01
6.832613945007324219e-01
6.838128566741943359e-01
6.843709349632263184e-01
6.849315762519836426e-01
6.854939460754394531e-01
6.860585212707519531e-01
6.866248250007629395e-01
6.871936917304992676e-01
6.877599954605102539e-01
6.883336305618286133e-01
6.889088749885559082e-01
6.894910335540771484e-01
6.901029348373413086e-01
6.907169818878173828e-01
6.913322210311889648e-01
6.919451355934143066e-01
6.925641298294067383e-01
6.931844353675842285e-01
6.938063502311706543e-01
6.944302916526794434e-01
6.950562596321105957e-01
6.956830024719238281e-01
6.963069438934326172e-01
6.969369649887084961e-01
6.975685358047485352e-01
6.982030868530273438e-01
6.988377571105957031e-01
6.994746327400207520e-01
6.999911665916442871e-01
7.004969716072082520e-01
7.010099291801452637e-01
7.015237808227539062e-01
7.020383477210998535e-01
7.025551199913024902e-01
7.030732035636901855e-01
7.035926580429077148e-01
7.041082382202148438e-01
7.046307325363159180e-01
7.051538825035095215e-01
7.056790590286254883e-01
7.062063217163085938e-01
7.067344784736633301e-01
7.072576880455017090e-01
7.077885866165161133e-01
7.083077430725097656e-01
7.088066935539245605e-01
7.093057036399841309e-01
7.098055481910705566e-01
7.102996706962585449e-01
7.107999920845031738e-01
7.113006114959716797e-01
7.118018269538879395e-01
7.123039960861206055e-01
7.128061056137084961e-01
7.133033871650695801e-01
7.138065099716186523e-01
7.143098711967468262e-01
7.148137688636779785e-01
7.153186798095703125e-01
7.158234119415283203e-01
7.163227200508117676e-01
7.166352272033691406e-01
7.166686654090881348e-01
7.167039513587951660e-01
7.167398929595947266e-01
7.167777419090270996e-01
7.168108224868774414e-01
7.168516516685485840e-01
7.168942689895629883e-01
7.169379591941833496e-01
7.169842123985290527e-01
7.170318365097045898e-01
7.170757651329040527e-01
7.171283364295959473e-01
7.171831727027893066e-01
7.172403931617736816e-01
7.172997593879699707e-01
7.173621654510498047e-01
7.174163460731506348e-01
7.173962593078613281e-01
7.173833847045898438e-01
7.173763513565063477e-01
7.173748016357421875e-01
7.173808813095092773e-01
7.173854112625122070e-01
7.174037694931030273e-01
7.174286842346191406e-01
7.174600362777709961e-01
7.174981832504272461e-01
7.175356149673461914e-01
7.175868153572082520e-01
7.176440954208374023e-01
7.177090644836425781e-01
7.177793383598327637e-01
7.178499698638916016e-01
7.179336547851562500e-01
7.180316448211669922e-01
7.181571722030639648e-01
7.182905673980712891e-01
7.184293866157531738e-01
7.185674309730529785e-01
7.187188267707824707e-01
7.188757658004760742e-01
7.190374732017517090e-01
7.192034721374511719e-01
7.193663120269775391e-01
7.195409536361694336e-01
7.197175025939941406e-01
7.198969721794128418e-01
7.200784683227539062e-01
7.202537655830383301e-01
7.204371094703674316e-01
7.206200957298278809e-01
7.208032011985778809e-01
7.209923863410949707e-01
7.213412523269653320e-01
7.216764688491821289e-01
7.220116853713989258e-01
7.223398089408874512e-01
7.226591706275939941e-01
7.229689359664916992e-01
7.232623100280761719e-01
7.235521078109741211e-01
7.238300442695617676e-01
7.240964174270629883e-01
7.243497967720031738e-01
7.245899438858032227e-01
7.248100638389587402e-01
7.250212430953979492e-01
7.252174615859985352e-01
7.253981232643127441e-01
7.255613207817077637e-01
7.257021665573120117e-01
7.258304953575134277e-01
7.259410023689270020e-01
7.260326147079467773e-01
7.261044979095458984e-01
7.261521220207214355e-01
7.261845469474792480e-01
7.261958718299865723e-01
7.261865139007568359e-01
7.261555194854736328e-01
7.260987758636474609e-01
7.260250449180603027e-01
7.259280681610107422e-01
7.258089184761047363e-01
7.256669998168945312e-01
7.254984378814697266e-01
7.253107428550720215e-01
7.250998020172119141e-01
7.248653769493103027e-01
7.246079444885253906e-01
7.243526577949523926e-01
7.241632938385009766e-01
7.239529490470886230e-01
7.237207293510437012e-01
7.234685420989990234e-01
7.231934666633605957e-01
7.229001522064208984e-01
7.225863337516784668e-01
7.222530245780944824e-01
7.219001650810241699e-01
7.215261459350585938e-01
7.211350202560424805e-01
7.207251787185668945e-01
7.202972769737243652e-01
7.198503017425537109e-01
7.193857431411743164e-01
7.189044356346130371e-01
7.184060811996459961e-01
7.178905606269836426e-01
7.173591852188110352e-01
7.168117165565490723e-01
7.162480354309082031e-01
7.156697511672973633e-01
7.150765061378479004e-01
7.144691348075866699e-01
7.138463258743286133e-01
7.132110595703125000e-01
7.125617861747741699e-01
7.118993401527404785e-01
7.112236022949218750e-01
7.105359435081481934e-01
7.098366022109985352e-01
7.091254591941833496e-01
7.084016203880310059e-01
7.076674103736877441e-01
7.069228887557983398e-01
7.061674594879150391e-01
7.054023146629333496e-01
7.046268582344055176e-01
7.038418054580688477e-01
7.030142545700073242e-01
7.021427154541015625e-01
7.012604475021362305e-01
7.003681659698486328e-01
6.994665265083312988e-01
6.985562443733215332e-01
6.976358294486999512e-01
6.967059373855590820e-01
6.957672238349914551e-01
6.948205232620239258e-01
6.938666105270385742e-01
6.929035782814025879e-01
6.919330358505249023e-01
6.909540295600891113e-01
6.899681091308593750e-01
6.889762878417968750e-01
6.879762411117553711e-01
6.869688630104064941e-01
6.859549283981323242e-01
6.849350929260253906e-01
6.839104890823364258e-01
6.828784942626953125e-01
6.818400621414184570e-01
6.807959079742431641e-01
6.797468662261962891e-01
6.786939501762390137e-01
6.776344776153564453e-01
6.765692234039306641e-01
6.754992008209228516e-01
6.744259595870971680e-01
6.733487248420715332e-01
6.722655892372131348e-01
6.711773872375488281e-01
6.700857281684875488e-01
6.689892411231994629e-01
6.678912043571472168e-01
6.667876839637756348e-01
6.656798124313354492e-01
6.645690202713012695e-01
6.634540557861328125e-01
6.623380780220031738e-01
6.612172126770019531e-01
6.600877046585083008e-01
6.589542031288146973e-01
6.578176021575927734e-01
6.566811800003051758e-01
6.555410027503967285e-01
6.543978452682495117e-01
6.532534956932067871e-01
6.521065831184387207e-01
6.509611606597900391e-01
6.498106718063354492e-01
6.486593484878540039e-01
6.475055813789367676e-01
6.463512182235717773e-01
6.451971530914306641e-01
6.440401077270507812e-01
6.428807973861694336e-01
6.417210698127746582e-01
6.405594348907470703e-01
6.393993496894836426e-01
6.382365226745605469e-01
6.370717287063598633e-01
6.359069347381591797e-01
6.347404718399047852e-01
6.335768103599548340e-01
6.324086785316467285e-01
6.312408447265625000e-01
6.300714612007141113e-01
6.289024353027343750e-01
6.277347207069396973e-01
6.265646219253540039e-01
6.253931522369384766e-01
6.242222785949707031e-01
6.230500340461730957e-01
6.218812465667724609e-01
6.207084059715270996e-01
6.195354461669921875e-01
6.183632016181945801e-01
6.171898245811462402e-01
6.160202026367187500e-01
6.148465871810913086e-01
6.136740446090698242e-01
6.125004887580871582e-01
6.113279461860656738e-01
6.101565361022949219e-01
6.089791655540466309e-01
6.077998876571655273e-01
6.066203117370605469e-01
6.054428219795227051e-01
6.042686104774475098e-01
6.030921936035156250e-01
6.019179224967956543e-01
6.007437109947204590e-01
5.995708703994750977e-01
5.984001159667968750e-01
5.972324013710021973e-01
5.960633754730224609e-01
5.948951840400695801e-01
5.937294960021972656e-01
5.925651192665100098e-01
5.914033055305480957e-01
5.902416706085205078e-01
5.890815258026123047e-01
5.879217386245727539e-01
5.867637991905212402e-01
5.856099724769592285e-01
5.844559073448181152e-01
5.833032727241516113e-01
5.821504592895507812e-01
5.810011029243469238e-01
5.798553228378295898e-01
5.787093043327331543e-01
5.775642991065979004e-01
5.764205455780029297e-01
5.752797126770019531e-01
5.741425156593322754e-01
5.730045437812805176e-01
5.718691349029541016e-01
5.707343220710754395e-01
5.696026086807250977e-01
5.684751868247985840e-01
5.673460960388183594e-01
5.662201642990112305e-01
5.650948882102966309e-01
5.639721751213073730e-01
5.628520846366882324e-01
5.617359876632690430e-01
5.606200098991394043e-01
5.595042109489440918e-01
5.583923459053039551e-01
5.572825670242309570e-01
5.561805367469787598e-01
5.551253557205200195e-01
5.540722608566284180e-01
5.530238747596740723e-01
5.519763827323913574e-01
5.509368181228637695e-01
5.498956441879272461e-01
5.488579869270324707e-01
5.478224158287048340e-01
5.467892289161682129e-01
5.457639694213867188e-01
5.447371602058410645e-01
5.437138676643371582e-01
5.426928400993347168e-01
5.416754484176635742e-01
5.406603217124938965e-01
5.396508574485778809e-01
5.386428833007812500e-01
5.376366376876831055e-01
5.366341471672058105e-01
5.356338620185852051e-01
5.346392989158630371e-01
5.336463451385498047e-01
5.326551198959350586e-01
5.316677093505859375e-01
5.306825637817382812e-01
5.297012925148010254e-01
5.287255048751831055e-01
5.277495384216308594e-01
5.267774462699890137e-01
5.258076786994934082e-01
5.248417258262634277e-01
5.238813757896423340e-01
5.229221582412719727e-01
5.219642519950866699e-01
5.210099816322326660e-01
5.200596451759338379e-01
5.191116333007812500e-01
5.181712508201599121e-01
5.172290802001953125e-01
5.162904262542724609e-01
5.153557658195495605e-01
5.144234895706176758e-01
5.134983658790588379e-01
5.125724077224731445e-01
5.116508603096008301e-01
5.107306838035583496e-01
5.098142027854919434e-01
5.089017748832702637e-01
5.079948306083679199e-01
5.072023868560791016e-01
5.064322352409362793e-01
5.056645870208740234e-01
5.048990249633789062e-01
5.041409730911254883e-01
5.033826231956481934e-01
5.026258826255798340e-01
5.018731355667114258e-01
5.011236071586608887e-01
5.003756880760192871e-01
4.996352493762969971e-01
4.988945424556732178e-01
4.981551170349121094e-01
4.974202215671539307e-01
4.966868162155151367e-01
4.959577620029449463e-01
4.952347874641418457e-01
4.945098459720611572e-01
4.937893450260162354e-01
4.930717647075653076e-01
4.923557639122009277e-01
4.916439056396484375e-01
4.909378290176391602e-01
4.902302920818328857e-01
4.895269274711608887e-01
4.888264834880828857e-01
4.881272017955780029e-01
4.874322712421417236e-01
4.867421090602874756e-01
4.860528111457824707e-01
4.853663444519042969e-01
4.846810698509216309e-01
4.840001165866851807e-01
4.833219349384307861e-01
4.826484024524688721e-01
4.819757938385009766e-01
4.813055396080017090e-01
4.806370437145233154e-01
4.799726009368896484e-01
4.793107509613037109e-01
4.786535501480102539e-01
4.779969751834869385e-01
4.773419499397277832e-01
4.766909778118133545e-01
4.760425984859466553e-01
4.753956198692321777e-01
4.747555553913116455e-01
4.741151034832000732e-01
4.734760224819183350e-01
4.728408753871917725e-01
4.722082912921905518e-01
4.715768694877624512e-01
4.709625542163848877e-01
4.703494012355804443e-01
4.697384536266326904e-01
4.691314399242401123e-01
4.685253798961639404e-01
4.679217934608459473e-01
4.673238098621368408e-01
4.667261242866516113e-01
4.661296010017395020e-01
4.655353724956512451e-01
4.649435281753540039e-01
4.643553793430328369e-01
4.637712836265563965e-01
4.631863832473754883e-01
4.626050889492034912e-01
4.620247781276702881e-01
4.614467918872833252e-01
4.608708620071411133e-01
4.602986574172973633e-01
4.597305655479431152e-01
4.591614305973052979e-01
4.585959017276763916e-01
4.580312371253967285e-01
4.574688374996185303e-01
4.569086432456970215e-01
4.563518166542053223e-01
4.557991027832031250e-01
4.552453160285949707e-01
4.546950757503509521e-01
4.541456401348114014e-01
4.535982906818389893e-01
4.530530869960784912e-01
4.525112211704254150e-01
4.519733786582946777e-01
4.514344334602355957e-01
4.508988559246063232e-01
4.503640234470367432e-01
4.498313069343566895e-01
4.493006169795989990e-01
4.487732350826263428e-01
4.482496976852416992e-01
4.477250277996063232e-01
4.472023248672485352e-01
4.466829597949981689e-01
4.461641907691955566e-01
4.456474781036376953e-01
4.451339244842529297e-01
4.446242749691009521e-01
4.441132843494415283e-01
4.436043202877044678e-01
4.430984854698181152e-01
4.425932168960571289e-01
4.420899152755737305e-01
4.415898025035858154e-01
4.410932660102844238e-01
4.405785501003265381e-01
4.400512278079986572e-01
4.395259618759155273e-01
4.390013515949249268e-01
4.384801685810089111e-01
4.379609227180480957e-01
4.374468028545379639e-01
4.369302392005920410e-01
4.364168345928192139e-01
4.359056055545806885e-01
4.353949427604675293e-01
4.348874390125274658e-01
4.343818128108978271e-01
4.338800907135009766e-01
4.333782792091369629e-01
4.328785836696624756e-01
4.323805570602416992e-01
4.318831562995910645e-01
4.313889741897583008e-01
4.308965206146240234e-01
4.304080307483673096e-01
4.299192726612091064e-01
4.294322431087493896e-01
4.289458990097045898e-01
4.284625947475433350e-01
4.279809594154357910e-01
4.275012910366058350e-01
4.270220100879669189e-01
4.265457093715667725e-01
4.260742962360382080e-01
4.256002604961395264e-01
4.251292347908020020e-01
4.246597588062286377e-01
4.241919517517089844e-01
4.237245619297027588e-01
4.232601523399353027e-01
4.227972924709320068e-01
4.223351180553436279e-01
4.218787252902984619e-01
4.214207828044891357e-01
4.209631979465484619e-01
4.205083847045898438e-01
4.200553297996520996e-01
4.196037054061889648e-01
4.191523492336273193e-01
4.187037348747253418e-01
4.182598590850830078e-01
4.178130626678466797e-01
4.173691868782043457e-01
4.169264733791351318e-01
4.164840877056121826e-01
4.160444438457489014e-01
4.156060516834259033e-01
4.151693582534790039e-01
4.147326946258544922e-01
4.143017232418060303e-01
4.138690233230590820e-01
4.134363830089569092e-01
4.130063354969024658e-01
4.125994145870208740e-01
4.121986627578735352e-01
4.117991626262664795e-01
4.114006161689758301e-01
4.110031723976135254e-01
4.106100499629974365e-01
4.102146923542022705e-01
4.098204672336578369e-01
4.094271063804626465e-01
4.090347588062286377e-01
4.086437225341796875e-01
4.082532823085784912e-01
4.078637957572937012e-01
4.074784517288208008e-01
4.070906639099121094e-01
4.067037701606750488e-01
4.063177704811096191e-01
4.059325456619262695e-01
4.055481851100921631e-01
4.051645100116729736e-01
4.047819077968597412e-01
4.043997526168823242e-01
4.040217101573944092e-01
4.036409556865692139e-01
4.032608568668365479e-01
4.028814136981964111e-01
4.025025963783264160e-01
4.021242856979370117e-01
4.017466306686401367e-01
4.013695716857910156e-01
4.009930193424224854e-01
4.006172716617584229e-01
4.002415835857391357e-01
3.998664021492004395e-01
3.994950354099273682e-01
3.991207480430603027e-01
3.987467586994171143e-01
3.983730971813201904e-01
3.979997932910919189e-01
3.976267576217651367e-01
3.972530663013458252e-01
3.968808352947235107e-01
3.965085148811340332e-01
3.961364328861236572e-01
3.957643508911132812e-01
3.953924775123596191e-01
3.950241804122924805e-01
3.946525156497955322e-01
3.942808210849761963e-01
3.939091265201568604e-01
3.935373425483703613e-01
3.931659758090972900e-01
3.927939832210540771e-01
3.924220502376556396e-01
3.920498192310333252e-01
3.916773498058319092e-01
3.913047611713409424e-01
3.909318745136260986e-01
3.905623257160186768e-01
3.901889026165008545e-01
3.898149728775024414e-01
3.894407153129577637e-01
3.890790045261383057e-01
3.887446522712707520e-01
3.884100317955017090e-01
3.880743086338043213e-01
3.877376019954681396e-01
3.874001502990722656e-01
3.870617747306823730e-01
3.867223560810089111e-01
3.863862156867980957e-01
3.860448896884918213e-01
3.857023715972900391e-01
3.853586018085479736e-01
3.850137293338775635e-01
3.846676647663116455e-01
3.843204379081726074e-01
3.839716613292694092e-01
3.836214542388916016e-01
3.832696378231048584e-01
3.829164206981658936e-01
3.825616240501403809e-01
3.822096586227416992e-01
3.818514943122863770e-01
3.814916610717773438e-01
3.811300992965698242e-01
3.807665705680847168e-01
3.804012835025787354e-01
3.800343871116638184e-01
3.796650171279907227e-01
3.792937099933624268e-01
3.789203166961669922e-01
3.785446286201477051e-01
3.781668543815612793e-01
3.777872323989868164e-01
3.774048984050750732e-01
3.770192861557006836e-01
3.766321539878845215e-01
3.762425482273101807e-01
3.758502900600433350e-01
3.754558265209197998e-01
3.750629127025604248e-01
3.746627867221832275e-01
3.742600083351135254e-01
3.738544285297393799e-01
3.734461069107055664e-01
3.730350136756896973e-01
3.726207315921783447e-01
3.722035586833953857e-01
3.717832267284393311e-01
3.713598847389221191e-01
3.709334433078765869e-01
3.705039620399475098e-01
3.700711429119110107e-01
3.696350157260894775e-01
3.691954314708709717e-01
3.687526583671569824e-01
3.683065176010131836e-01
3.678568601608276367e-01
3.674038946628570557e-01
3.669472932815551758e-01
3.664871156215667725e-01
3.660281002521514893e-01
3.655607700347900391e-01
3.650897145271301270e-01
3.646150827407836914e-01
3.641366660594940186e-01
3.636544346809387207e-01
3.631684482097625732e-01
3.627080023288726807e-01
3.622585535049438477e-01
3.618048429489135742e-01
3.613463640213012695e-01
3.608845770359039307e-01
3.604185283184051514e-01
3.599484860897064209e-01
3.594743013381958008e-01
3.589962422847747803e-01
3.585139811038970947e-01
3.580277264118194580e-01
3.575375676155090332e-01
3.570432960987091064e-01
3.565504550933837891e-01
3.560477197170257568e-01
3.555416762828826904e-01
3.550316989421844482e-01
3.545179367065429688e-01
3.540004491806030273e-01
3.534791171550750732e-01
3.529540300369262695e-01
3.524253666400909424e-01
3.518929183483123779e-01
3.513568639755249023e-01
3.508167266845703125e-01
3.502737283706665039e-01
3.497272133827209473e-01
3.491773307323455811e-01
3.486242890357971191e-01
3.480677306652069092e-01
3.475081026554107666e-01
3.469454348087310791e-01
3.463794291019439697e-01
3.458106815814971924e-01
3.452382385730743408e-01
3.446636795997619629e-01
3.440862298011779785e-01
3.435061275959014893e-01
3.429234921932220459e-01
3.423381149768829346e-01
3.417504727840423584e-01
3.411603868007659912e-01
3.405679762363433838e-01
3.399734199047088623e-01
3.393760621547698975e-01
3.387774229049682617e-01
3.381767272949218750e-01
3.375743031501770020e-01
3.369701504707336426e-01
3.363642096519470215e-01
3.357568681240081787e-01
3.351480960845947266e-01
3.345378637313842773e-01
3.339264392852783203e-01
3.333131074905395508e-01
3.326994180679321289e-01
3.320849239826202393e-01
3.314695358276367188e-01
3.308534920215606689e-01
3.302366137504577637e-01
3.296193480491638184e-01
3.290016651153564453e-01
3.283835947513580322e-01
3.277654349803924561e-01
3.271462321281433105e-01
3.265277743339538574e-01
3.259096145629882812e-01
3.252915740013122559e-01
3.246739506721496582e-01
3.240565657615661621e-01
3.234398066997528076e-01
3.228496611118316650e-01
3.222978413105010986e-01
3.217479288578033447e-01
3.211997747421264648e-01
3.206543624401092529e-01
3.201101124286651611e-01
3.195679187774658203e-01
3.190278112888336182e-01
3.184901177883148193e-01
3.179556727409362793e-01
3.174228072166442871e-01
3.168922364711761475e-01
3.163644373416900635e-01
3.158392906188964844e-01
3.153177499771118164e-01
3.147982060909271240e-01
3.142816126346588135e-01
3.137677907943725586e-01
3.132571876049041748e-01
3.127507269382476807e-01
3.122464120388031006e-01
3.117453157901763916e-01
3.112475275993347168e-01
3.107531666755676270e-01
3.102632462978363037e-01
3.097757995128631592e-01
3.092918992042541504e-01
3.088115453720092773e-01
3.083349764347076416e-01
3.078632056713104248e-01
3.073938786983489990e-01
3.069285750389099121e-01
3.064671158790588379e-01
3.060095608234405518e-01
3.055557906627655029e-01
3.051072657108306885e-01
3.046563565731048584e-01
3.042147457599639893e-01
3.037772476673126221e-01
3.033439517021179199e-01
3.029158115386962891e-01
3.024908304214477539e-01
3.020700812339782715e-01
3.016535639762878418e-01
3.012411892414093018e-01
3.008344173431396484e-01
3.004307448863983154e-01
3.000313937664031982e-01
2.996364235877990723e-01
2.992458939552307129e-01
2.988607585430145264e-01
2.984790503978729248e-01
2.981016635894775391e-01
2.977286875247955322e-01
2.973602712154388428e-01
2.969974875450134277e-01
2.966379225254058838e-01
2.962827980518341064e-01
2.959320843219757080e-01
2.955859899520874023e-01
2.952454984188079834e-01
2.949084043502807617e-01
2.945758104324340820e-01
2.942475974559783936e-01
2.939193844795227051e-01
2.936015129089355469e-01
2.932869195938110352e-01
2.929767072200775146e-01
2.926711142063140869e-01
2.923699915409088135e-01
2.920745015144348145e-01
2.917823195457458496e-01
2.914946079254150391e-01
2.912112474441528320e-01
2.909324169158935547e-01
2.906592786312103271e-01
2.903900444507598877e-01
2.901292443275451660e-01
2.898739576339721680e-01
2.896215617656707764e-01
2.893744111061096191e-01
2.891301512718200684e-01
2.888911664485931396e-01
2.886561453342437744e-01
2.884240150451660156e-01
2.881970405578613281e-01
2.879685759544372559e-01
2.877496480941772461e-01
2.875346541404724121e-01
2.873223125934600830e-01
2.871150374412536621e-01
2.869105041027069092e-01
2.867111265659332275e-01
2.865154445171356201e-01
2.863224446773529053e-01
2.861345112323760986e-01
2.859490513801574707e-01
2.857686877250671387e-01
2.855865657329559326e-01
2.854136228561401367e-01
2.852444648742675781e-01
2.850777208805084229e-01
2.849159240722656250e-01
2.847564518451690674e-01
2.846018970012664795e-01
2.844509780406951904e-01
2.843022644519805908e-01
2.841584682464599609e-01
2.840169370174407959e-01
2.838800847530364990e-01
2.837418913841247559e-01
2.836121022701263428e-01
2.834858298301696777e-01
2.833615541458129883e-01
2.832420766353607178e-01
2.831247448921203613e-01
2.830119132995605469e-01
2.829025387763977051e-01
2.827947735786437988e-01
2.826919257640838623e-01
2.825911641120910645e-01
2.824949026107788086e-01
2.823969721794128418e-01
2.823071181774139404e-01
2.822205722332000732e-01
2.821358740329742432e-01
2.820554375648498535e-01
2.819769680500030518e-01
2.819029390811920166e-01
2.818318009376525879e-01
2.817626297473907471e-01
2.816977202892303467e-01
2.816345095634460449e-01
2.815756201744079590e-01
2.815162241458892822e-01
2.814620435237884521e-01
2.814118862152099609e-01
2.813635468482971191e-01
2.813193500041961670e-01
2.812761068344116211e-01
2.812376022338867188e-01
2.812019288539886475e-01
2.811677455902099609e-01
2.811376154422760010e-01
2.811090946197509766e-01
2.810812294483184814e-01
2.810592651367187500e-01
2.810389101505279541e-01
2.810224890708923340e-01
2.810074090957641602e-01
2.809963524341583252e-01
2.809866368770599365e-01
2.809806764125823975e-01
2.809773981571197510e-01
2.809755504131317139e-01
2.809740602970123291e-01
2.809773087501525879e-01
2.809842228889465332e-01
2.809959948062896729e-01
2.810445427894592285e-01
2.810952663421630859e-01
2.811486124992370605e-01
2.812045216560363770e-01
2.812581658363342285e-01
2.813169956207275391e-01
2.813783586025238037e-01
2.814423143863677979e-01
2.815070152282714844e-01
2.815735936164855957e-01
2.816438376903533936e-01
2.817110717296600342e-01
2.817833423614501953e-01
2.818573415279388428e-01
2.819344401359558105e-01
2.820128500461578369e-01
2.820922434329986572e-01
2.821746468544006348e-01
2.822545468807220459e-01
2.823398709297180176e-01
2.824263274669647217e-01
2.825155854225158691e-01
2.826054096221923828e-01
2.826967835426330566e-01
2.827904820442199707e-01
2.828832268714904785e-01
2.829794585704803467e-01
2.830773293972015381e-01
2.831785678863525391e-01
2.832794487476348877e-01
2.833819687366485596e-01
2.834859788417816162e-01
2.835926115512847900e-01
2.836971580982208252e-01
2.838055789470672607e-01
2.839154303073883057e-01
2.840276956558227539e-01
2.841410934925079346e-01
2.842551469802856445e-01
2.843715548515319824e-01
2.844853699207305908e-01
2.846041321754455566e-01
2.847235202789306641e-01
2.848452627658843994e-01
2.849673032760620117e-01
2.850905656814575195e-01
2.852157056331634521e-01
2.853394746780395508e-01
2.854664623737335205e-01
2.855945229530334473e-01
2.857255339622497559e-01
2.858560383319854736e-01
2.859875857830047607e-01
2.861203253269195557e-01
2.862552106380462646e-01
2.863879203796386719e-01
2.865238189697265625e-01
2.866618931293487549e-01
2.868000268936157227e-01
2.869398593902587891e-01
2.870799899101257324e-01
2.872220873832702637e-01
2.873611152172088623e-01
2.875049710273742676e-01
2.876489460468292236e-01
2.877947688102722168e-01
2.879405319690704346e-01
2.880872189998626709e-01
2.882335484027862549e-01
2.883819043636322021e-01
2.885311543941497803e-01
2.886812090873718262e-01
2.888337075710296631e-01
2.889823615550994873e-01
2.891347706317901611e-01
2.892878353595733643e-01
2.894425690174102783e-01
2.895979583263397217e-01
2.897531986236572266e-01
2.899069488048553467e-01
2.900635302066802979e-01
2.902216315269470215e-01
2.903793454170227051e-01
2.905386388301849365e-01
2.906947433948516846e-01
2.908541858196258545e-01
2.910151481628417969e-01
2.911766469478607178e-01
2.913191914558410645e-01
2.914530038833618164e-01
2.915889620780944824e-01
2.917266786098480225e-01
2.918634116649627686e-01
2.920002341270446777e-01
2.921339869499206543e-01
2.922714352607727051e-01
2.924080491065979004e-01
2.925437688827514648e-01
2.926801443099975586e-01
2.928142845630645752e-01
2.929504513740539551e-01
2.930864095687866211e-01
2.932220995426177979e-01
2.933585643768310547e-01
2.934902310371398926e-01
2.936252653598785400e-01
2.937602102756500244e-01
2.938948571681976318e-01
2.940299808979034424e-01
2.941609919071197510e-01
2.942947447299957275e-01
2.944272756576538086e-01
2.945612072944641113e-01
2.946938574314117432e-01
2.948261797428131104e-01
2.949548661708831787e-01
2.950871884822845459e-01
2.952181398868560791e-01
2.953478991985321045e-01
2.954779267311096191e-01
2.956053316593170166e-01
2.957342267036437988e-01
2.958627641201019287e-01
2.959906756877899170e-01
2.961188256740570068e-01
2.962417900562286377e-01
2.963679134845733643e-01
2.964934408664703369e-01
2.966190278530120850e-01
2.967432737350463867e-01
2.968637049198150635e-01
2.969857454299926758e-01
2.971086502075195312e-01
2.972299754619598389e-01
2.973503768444061279e-01
2.974671125411987305e-01
2.975869178771972656e-01
2.977049946784973145e-01
2.978216111660003662e-01
2.979380488395690918e-01
2.980513274669647217e-01
2.981658577919006348e-01
2.982795536518096924e-01
2.983922958374023438e-01
2.985017597675323486e-01
2.986119985580444336e-01
2.987217903137207031e-01
2.988305687904357910e-01
2.989359796047210693e-01
2.990426421165466309e-01
2.991482615470886230e-01
2.992525696754455566e-01
2.993532121181488037e-01
2.994554042816162109e-01
2.995563149452209473e-01
2.996562123298645020e-01
2.997517585754394531e-01
2.998499274253845215e-01
2.999460399150848389e-01
3.000405430793762207e-01
3.001310229301452637e-01
3.002240657806396484e-01
3.003150522708892822e-01
3.004046082496643066e-01
3.004896342754364014e-01
3.005773127079010010e-01
3.006623685359954834e-01
3.007462620735168457e-01
3.008256852626800537e-01
3.009075820446014404e-01
3.009871840476989746e-01
3.010651469230651855e-01
3.011385202407836914e-01
3.012139797210693359e-01
3.012872338294982910e-01
3.013590276241302490e-01
3.014260530471801758e-01
3.014952838420867920e-01
3.015621900558471680e-01
3.016273379325866699e-01
3.016872107982635498e-01
3.017498552799224854e-01
3.018098771572113037e-01
3.018801808357238770e-01
3.019756078720092773e-01
3.020684421062469482e-01
3.021583855152130127e-01
3.022432625293731689e-01
3.023292720317840576e-01
3.024125993251800537e-01
3.024928867816925049e-01
3.025681078433990479e-01
3.026443421840667725e-01
3.027170300483703613e-01
3.027881085872650146e-01
3.028532862663269043e-01
3.029193282127380371e-01
3.029816448688507080e-01
3.030424118041992188e-01
3.030971288681030273e-01
3.031525015830993652e-01
3.032043576240539551e-01
3.032544553279876709e-01
3.032982051372528076e-01
3.033420741558074951e-01
3.033837378025054932e-01
3.034226894378662109e-01
3.034553527832031250e-01
3.034879565238952637e-01
3.035183548927307129e-01
3.035458028316497803e-01
3.035663962364196777e-01
3.035881519317626953e-01
3.036068379878997803e-01
3.036227524280548096e-01
3.036314845085144043e-01
3.036414086818695068e-01
3.036481738090515137e-01
3.036512732505798340e-01
3.036487102508544922e-01
3.036463856697082520e-01
3.036410510540008545e-01
3.036286234855651855e-01
3.036169111728668213e-01
3.036022782325744629e-01
3.035810887813568115e-01
3.035593330860137939e-01
3.035351932048797607e-01
3.035045862197875977e-01
3.034733533859252930e-01
3.034394681453704834e-01
3.033991456031799316e-01
3.033590018749237061e-01
3.033147454261779785e-01
3.032646775245666504e-01
3.032146394252777100e-01
3.031606078147888184e-01
3.031006753444671631e-01
3.030407726764678955e-01
3.029775619506835938e-01
3.029068708419799805e-01
3.028369843959808350e-01
3.027637898921966553e-01
3.026830852031707764e-01
3.026031553745269775e-01
3.025198876857757568e-01
3.024296164512634277e-01
3.023389875888824463e-01
3.022454679012298584e-01
3.021485507488250732e-01
3.020448684692382812e-01
3.019406199455261230e-01
3.018334805965423584e-01
3.017195165157318115e-01
3.016049563884735107e-01
3.014877140522003174e-01
3.013634085655212402e-01
3.012392222881317139e-01
3.011109530925750732e-01
3.009765148162841797e-01
3.008419573307037354e-01
3.007035255432128906e-01
3.005587756633758545e-01
3.004139363765716553e-01
3.002656400203704834e-01
3.001101911067962646e-01
2.999549508094787598e-01
2.997965216636657715e-01
2.996305823326110840e-01
2.994652390480041504e-01
2.992964088916778564e-01
2.991210222244262695e-01
2.989449203014373779e-01
2.987659573554992676e-01
2.985801398754119873e-01
2.983944118022918701e-01
2.982046902179718018e-01
2.980123460292816162e-01
2.978130280971527100e-01
2.976133525371551514e-01
2.974107563495635986e-01
2.972015440464019775e-01
2.969921231269836426e-01
2.967793345451354980e-01
2.965599894523620605e-01
2.963409721851348877e-01
2.961138486862182617e-01
2.958300411701202393e-01
2.955475151538848877e-01
2.952632904052734375e-01
2.949740290641784668e-01
2.946859896183013916e-01
2.943961918354034424e-01
2.941010594367980957e-01
2.938081026077270508e-01
2.935126721858978271e-01
2.932123243808746338e-01
2.929133474826812744e-01
2.926127612590789795e-01
2.923074364662170410e-01
2.920032143592834473e-01
2.916975617408752441e-01
2.913865745067596436e-01
2.910778224468231201e-01
2.907634973526000977e-01
2.904508113861083984e-01
2.901368141174316406e-01
2.898179292678833008e-01
2.895006239414215088e-01
2.891780734062194824e-01
2.888576090335845947e-01
2.885356545448303223e-01
2.882083654403686523e-01
2.878831923007965088e-01
2.875529527664184570e-01
2.872247099876403809e-01
2.868951261043548584e-01
2.865605950355529785e-01
2.862277626991271973e-01
2.858933806419372559e-01
2.855547666549682617e-01
2.852176725864410400e-01
2.848759591579437256e-01
2.845359444618225098e-01
2.841951549053192139e-01
2.838490903377532959e-01
2.835050821304321289e-01
2.831566333770751953e-01
2.828102111816406250e-01
2.824625074863433838e-01
2.821099758148193359e-01
2.817597985267639160e-01
2.814047336578369141e-01
2.810520529747009277e-01
2.806981503963470459e-01
2.803394794464111328e-01
2.799832522869110107e-01
2.796224951744079590e-01
2.792638540267944336e-01
2.789039909839630127e-01
2.785397768020629883e-01
2.781780958175659180e-01
2.778115570545196533e-01
2.774476110935211182e-01
2.770823538303375244e-01
2.767131030559539795e-01
2.763459086418151855e-01
2.759776413440704346e-01
2.756052911281585693e-01
2.752351164817810059e-01
2.748611569404602051e-01
2.744890153408050537e-01
2.741163074970245361e-01
2.737393379211425781e-01
2.733649909496307373e-01
2.729862332344055176e-01
2.726098299026489258e-01
2.722328901290893555e-01
2.718518078327178955e-01
2.714732587337493896e-01
2.710906267166137695e-01
2.707104682922363281e-01
2.703295946121215820e-01
2.699446976184844971e-01
2.695625126361846924e-01
2.691762149333953857e-01
2.687926590442657471e-01
2.684084177017211914e-01
2.680203914642333984e-01
2.676348090171813965e-01
2.672455012798309326e-01
2.668589353561401367e-01
2.664715647697448730e-01
2.660808265209197998e-01
2.656923234462738037e-01
2.653036713600158691e-01
2.649111747741699219e-01
2.645213007926940918e-01
2.641279995441436768e-01
2.637372910976409912e-01
2.633462548255920410e-01
2.629515528678894043e-01
2.625597119331359863e-01
2.621643841266632080e-01
2.617715299129486084e-01
2.613756656646728516e-01
2.609822750091552734e-01
2.605857849121093750e-01
2.601917386054992676e-01
2.597947120666503906e-01
2.594001889228820801e-01
2.590023577213287354e-01
2.586075365543365479e-01
2.582094669342041016e-01
2.578141093254089355e-01
2.574186027050018311e-01
2.570200562477111816e-01
2.566241025924682617e-01
2.562252283096313477e-01
2.558332383632659912e-01
2.554394006729125977e-01
2.550484538078308105e-01
2.546547353267669678e-01
2.542639970779418945e-01
2.538703382015228271e-01
2.534796595573425293e-01
2.530861198902130127e-01
2.526955902576446533e-01
2.523024082183837891e-01
2.519122064113616943e-01
2.515221238136291504e-01
2.511293292045593262e-01
2.507395744323730469e-01
2.503472566604614258e-01
2.499577254056930542e-01
2.495656907558441162e-01
2.491766363382339478e-01
2.487850636243820190e-01
2.483965605497360229e-01
2.480055987834930420e-01
2.476175576448440552e-01
2.472271025180816650e-01
2.468397319316864014e-01
2.464499324560165405e-01
2.460628598928451538e-01
2.456764280796051025e-01
2.452875524759292603e-01
2.449017763137817383e-01
2.445136755704879761e-01
2.441286593675613403e-01
2.437413036823272705e-01
2.433571219444274902e-01
2.429704368114471436e-01
2.425870597362518311e-01
2.422014921903610229e-01
2.418189644813537598e-01
2.414343655109405518e-01
2.410528212785720825e-01
2.406691759824752808e-01
2.402885556221008301e-01
2.399084568023681641e-01
2.395263165235519409e-01
2.391474097967147827e-01
2.387663573026657104e-01
2.383885383605957031e-01
2.380088269710540771e-01
2.376321554183959961e-01
2.372534424066543579e-01
2.368780225515365601e-01
2.365007549524307251e-01
2.361264973878860474e-01
2.357505857944488525e-01
2.353777736425399780e-01
2.350031435489654541e-01
2.346316874027252197e-01
2.342608571052551270e-01
2.338884770870208740e-01
2.335191369056701660e-01
2.331482321023941040e-01
2.327803969383239746e-01
2.324110269546508789e-01
2.320448607206344604e-01
2.316770106554031372e-01
2.313123643398284912e-01
2.309463620185852051e-01
2.305834442377090454e-01
2.302190810441970825e-01
2.298578917980194092e-01
2.294953614473342896e-01
2.291359752416610718e-01
2.287751138210296631e-01
2.284175604581832886e-01
2.280587852001190186e-01
2.277009189128875732e-01
2.273462712764739990e-01
2.269904464483261108e-01
2.266377508640289307e-01
2.262839376926422119e-01
2.259332090616226196e-01
2.255815565586090088e-01
2.252330034971237183e-01
2.248835116624832153e-01
2.245371788740158081e-01
2.241898477077484131e-01
2.238437682390213013e-01
2.235006242990493774e-01
2.231568098068237305e-01
2.228161692619323730e-01
2.224747985601425171e-01
2.221365571022033691e-01
2.217976450920104980e-01
2.214619070291519165e-01
2.211255878210067749e-01
2.207921445369720459e-01
2.204583585262298584e-01
2.201259732246398926e-01
2.197966575622558594e-01
2.194669693708419800e-01
2.191404402256011963e-01
2.188134789466857910e-01
2.184898108243942261e-01
2.181655913591384888e-01
2.178447842597961426e-01
2.175236940383911133e-01
2.172058373689651489e-01
2.168878167867660522e-01
2.165712863206863403e-01
2.162580490112304688e-01
2.159445583820343018e-01
2.156345099210739136e-01
2.153244614601135254e-01
2.150177210569381714e-01
2.147110402584075928e-01
2.144076377153396606e-01
2.141044139862060547e-01
2.138030230998992920e-01
2.135046124458312988e-01
2.132067829370498657e-01
2.129123061895370483e-01
2.126181423664093018e-01
2.123274505138397217e-01
2.120383977890014648e-01
2.117565274238586426e-01
2.114750593900680542e-01
2.111968249082565308e-01
2.109194397926330566e-01
2.106438279151916504e-01
2.103714495897293091e-01
2.101001590490341187e-01
2.098318785429000854e-01
2.095645964145660400e-01
2.093007266521453857e-01
2.090377509593963623e-01
2.087781131267547607e-01
2.085197716951370239e-01
2.082645893096923828e-01
2.080106735229492188e-01
2.077594250440597534e-01
2.075112462043762207e-01
2.072646170854568481e-01
2.070215046405792236e-01
2.067798972129821777e-01
2.065415829420089722e-01
2.063053697347640991e-01
2.060723155736923218e-01
2.058414518833160400e-01
2.056137621402740479e-01
2.053883224725723267e-01
2.051658183336257935e-01
2.049466669559478760e-01
2.047299295663833618e-01
2.045167833566665649e-01
2.043060809373855591e-01
2.040988653898239136e-01
2.038946896791458130e-01
2.036934345960617065e-01
2.034959197044372559e-01
2.033015340566635132e-01
2.031107097864151001e-01
2.029229998588562012e-01
2.027392238378524780e-01
2.025588005781173706e-01
2.023821175098419189e-01
2.022092789411544800e-01
2.020401805639266968e-01
2.018750458955764771e-01
2.017139792442321777e-01
2.015567123889923096e-01
2.014036476612091064e-01
2.012548893690109253e-01
2.011103779077529907e-01
2.009704709053039551e-01
2.008346170186996460e-01
2.007037997245788574e-01
2.005775421857833862e-01
2.004557400941848755e-01
2.003391683101654053e-01
2.002269476652145386e-01
2.001206129789352417e-01
2.000195086002349854e-01
1.999227255582809448e-01
1.998323649168014526e-01
1.997475624084472656e-01
1.996670663356781006e-01
1.995939016342163086e-01
1.995263248682022095e-01
1.994635462760925293e-01
1.994083672761917114e-01
1.993579119443893433e-01
1.993152946233749390e-01
1.992796808481216431e-01
1.992485821247100830e-01
1.992264091968536377e-01
1.992112845182418823e-01
1.992012560367584229e-01
1.992007195949554443e-01
1.992053389549255371e-01
1.992199718952178955e-01
1.992423534393310547e-01
1.992704570293426514e-01
1.993090510368347168e-01
1.993563026189804077e-01
1.994091123342514038e-01
1.994736790657043457e-01
1.995470821857452393e-01
1.996267288923263550e-01
1.997186392545700073e-01
1.998167484998703003e-01
1.999282091856002808e-01
2.000497281551361084e-01
2.001774311065673828e-01
2.003196626901626587e-01
2.004725188016891479e-01
2.006318569183349609e-01
2.008067667484283447e-01
2.009881138801574707e-01
2.011859863996505737e-01
2.013954967260360718e-01
2.016121149063110352e-01
2.018460631370544434e-01
2.020927220582962036e-01
2.023463249206542969e-01
2.026189416646957397e-01
2.029045522212982178e-01
2.031978517770767212e-01
2.035108208656311035e-01
2.038313895463943481e-01
2.041727602481842041e-01
2.045287191867828369e-01
2.048922628164291382e-01
2.052776664495468140e-01
2.056788206100463867e-01
2.060871571302413940e-01
2.065190672874450684e-01
2.069668024778366089e-01
2.074222415685653687e-01
2.079021483659744263e-01
2.083897888660430908e-01
2.089024782180786133e-01
2.094321101903915405e-01
2.099688649177551270e-01
2.105323374271392822e-01
2.111128568649291992e-01
2.116997390985488892e-01
2.123143821954727173e-01
2.129459530115127563e-01
2.135837823152542114e-01
2.142494618892669678e-01
2.149321883916854858e-01
2.156317234039306641e-01
2.163363248109817505e-01
2.170690149068832397e-01
2.178183197975158691e-01
2.185705602169036865e-01
2.193514555692672729e-01
2.201462686061859131e-01
2.209480553865432739e-01
2.217516899108886719e-01
2.225835770368576050e-01
2.234295308589935303e-01
2.242753654718399048e-01
2.251478135585784912e-01
2.260325700044631958e-01
2.269285917282104492e-01
2.278204411268234253e-01
2.287361919879913330e-01
2.296602427959442139e-01
2.305918186902999878e-01
2.315140664577484131e-01
2.324559390544891357e-01
2.334014475345611572e-01
2.343332767486572266e-01
2.352804541587829590e-01
2.362265288829803467e-01
2.371696680784225464e-01
2.380930185317993164e-01
2.390247881412506104e-01
2.399486005306243896e-01
2.408470362424850464e-01
2.417480349540710449e-01
2.426350712776184082e-01
2.435058057308197021e-01
2.443442940711975098e-01
2.451766133308410645e-01
2.459864318370819092e-01
2.467716783285140991e-01
2.475181072950363159e-01
2.482489198446273804e-01
2.489491254091262817e-01
2.496058791875839233e-01
2.502401173114776611e-01
2.508383095264434814e-01
2.513987421989440918e-01
2.519109845161437988e-01
2.523919045925140381e-01
2.528307735919952393e-01
2.532186210155487061e-01
2.535703182220458984e-01
2.538760900497436523e-01
2.541354596614837646e-01
2.543432414531707764e-01
2.545084357261657715e-01
