9.865859150886535645e-01
9.894191622734069824e-01
9.905036091804504395e-01
9.898706078529357910e-01
9.874061346054077148e-01
9.829648733139038086e-01
9.767023921012878418e-01
9.689268469810485840e-01
9.599860310554504395e-01
9.502251744270324707e-01
9.401404857635498047e-01
9.299988150596618652e-01
9.199281930923461914e-01
9.101598262786865234e-01
9.007200002670288086e-01
8.916709423065185547e-01
8.830330967903137207e-01
8.745280504226684570e-01
8.661463260650634766e-01
8.579527139663696289e-01
8.500629663467407227e-01
8.426530361175537109e-01
8.357875943183898926e-01
8.295412659645080566e-01
8.239488601684570312e-01
8.191034793853759766e-01
8.149707317352294922e-01
8.115888237953186035e-01
8.088046312332153320e-01
8.065724968910217285e-01
8.048540353775024414e-01
8.036113381385803223e-01
8.027623891830444336e-01
8.022750020027160645e-01
8.021600246429443359e-01
8.023972511291503906e-01
8.029644489288330078e-01
8.038448095321655273e-01
8.049240112304687500e-01
8.062070608139038086e-01
8.077339529991149902e-01
8.094111084938049316e-01
8.110536932945251465e-01
8.125967383384704590e-01
8.142886757850646973e-01
8.162974715232849121e-01
8.185786604881286621e-01
8.210498094558715820e-01
8.236609697341918945e-01
8.263571858406066895e-01
8.291178941726684570e-01
8.317407965660095215e-01
8.344280719757080078e-01
8.371671438217163086e-01
8.399489521980285645e-01
8.427670598030090332e-01
8.456079959869384766e-01
8.485110402107238770e-01
8.514627218246459961e-01
8.544241189956665039e-01
8.573903441429138184e-01
8.603523969650268555e-01
8.632897138595581055e-01
8.662256598472595215e-01
8.691270947456359863e-01
8.720136880874633789e-01
8.749130964279174805e-01
8.778336048126220703e-01
8.807855844497680664e-01
8.837857246398925781e-01
8.868284821510314941e-01
8.899251818656921387e-01
8.931064009666442871e-01
8.964117169380187988e-01
8.993757367134094238e-01
9.015102982521057129e-01
9.048662185668945312e-01
9.082964062690734863e-01
9.117057323455810547e-01
9.151052832603454590e-01
9.184901714324951172e-01
9.218563437461853027e-01
9.251746535301208496e-01
9.284430146217346191e-01
9.316598773002624512e-01
9.348356127738952637e-01
9.379951953887939453e-01
9.411712288856506348e-01
9.443580508232116699e-01
9.475710391998291016e-01
9.508153796195983887e-01
9.540442824363708496e-01
9.571950435638427734e-01
9.602205753326416016e-01
9.630444645881652832e-01
9.656216502189636230e-01
9.679026007652282715e-01
9.698513150215148926e-01
9.714530110359191895e-01
9.726888537406921387e-01
9.735495448112487793e-01
9.740431308746337891e-01
9.742015004158020020e-01
9.740077257156372070e-01
9.734736680984497070e-01
9.726095795631408691e-01
9.714338183403015137e-01
9.699566960334777832e-01
9.682020545005798340e-01
9.661789536476135254e-01
9.638546705245971680e-01
9.612749814987182617e-01
9.584820270538330078e-01
9.554831385612487793e-01
9.523088335990905762e-01
9.489648342132568359e-01
9.454913139343261719e-01
9.419002532958984375e-01
9.382035732269287109e-01
9.344261288642883301e-01
9.305896759033203125e-01
9.266940355300903320e-01
9.227626919746398926e-01
9.188094735145568848e-01
9.148541688919067383e-01
9.108911156654357910e-01
9.069363474845886230e-01
9.030096530914306641e-01
8.991714119911193848e-01
8.953646421432495117e-01
8.915770053863525391e-01
8.878322243690490723e-01
8.841171264648437500e-01
8.804383277893066406e-01
8.767898082733154297e-01
8.731650114059448242e-01
8.695783615112304688e-01
8.659217357635498047e-01
8.622688055038452148e-01
8.586586713790893555e-01
8.550847768783569336e-01
8.515439629554748535e-01
8.480489253997802734e-01
8.445950746536254883e-01
8.411794304847717285e-01
8.378145098686218262e-01
8.345074057579040527e-01
8.313019871711730957e-01
8.281550407409667969e-01
8.250645995140075684e-01
8.193100094795227051e-01
8.163957595825195312e-01
8.135433197021484375e-01
8.107626438140869141e-01
8.080521225929260254e-01
8.054128885269165039e-01
8.028452992439270020e-01
8.004503250122070312e-01
7.981274724006652832e-01
7.958776950836181641e-01
7.936954498291015625e-01
7.915772795677185059e-01
7.895195484161376953e-01
7.875150442123413086e-01
7.855525016784667969e-01
7.836190462112426758e-01
7.817076444625854492e-01
7.798261642456054688e-01
7.779725790023803711e-01
7.761228084564208984e-01
7.742863297462463379e-01
7.724910378456115723e-01
7.707795500755310059e-01
7.692122459411621094e-01
7.678430676460266113e-01
7.667129039764404297e-01
7.658368945121765137e-01
7.652014493942260742e-01
7.647636532783508301e-01
7.644751667976379395e-01
7.642984986305236816e-01
7.641910314559936523e-01
7.641242742538452148e-01
7.640700340270996094e-01
7.640149593353271484e-01
7.639437913894653320e-01
7.638524770736694336e-01
7.637338042259216309e-01
7.635894417762756348e-01
7.634183168411254883e-01
7.631621956825256348e-01
7.628852725028991699e-01
7.625914812088012695e-01
7.622902989387512207e-01
7.619851231575012207e-01
7.616858482360839844e-01
7.613986730575561523e-01
7.611346840858459473e-01
7.609024643898010254e-01
7.607125043869018555e-01
7.605738043785095215e-01
7.604970335960388184e-01
7.604419589042663574e-01
7.604646086692810059e-01
7.605754733085632324e-01
7.607837915420532227e-01
7.610996961593627930e-01
7.615265250205993652e-01
7.620742917060852051e-01
7.627488970756530762e-01
7.635570168495178223e-01
7.645043730735778809e-01
7.655918598175048828e-01
7.668269276618957520e-01
7.681700587272644043e-01
7.696145772933959961e-01
7.712283134460449219e-01
7.730081081390380859e-01
7.749501466751098633e-01
7.770691514015197754e-01
7.793592214584350586e-01
7.818214893341064453e-01
7.844467759132385254e-01
7.872518301010131836e-01
7.902275323867797852e-01
7.933627963066101074e-01
7.966746687889099121e-01
8.001956343650817871e-01
8.039476871490478516e-01
8.078641891479492188e-01
8.119203448295593262e-01
8.161224126815795898e-01
8.204547762870788574e-01
8.249368071556091309e-01
8.295409679412841797e-01
8.342874646186828613e-01
8.391478657722473145e-01
8.441442847251892090e-01
8.492491245269775391e-01
8.544866442680358887e-01
8.598315715789794922e-01
8.653210997581481934e-01
8.709315061569213867e-01
8.766978979110717773e-01
8.826203346252441406e-01
8.887718319892883301e-01
8.952202796936035156e-01
9.021897315979003906e-01
9.102173447608947754e-01
9.256379008293151855e-01
9.295799732208251953e-01
9.331775903701782227e-01
9.364852309226989746e-01
9.394834637641906738e-01
9.422764182090759277e-01
9.452241659164428711e-01
9.489784240722656250e-01
9.539416432380676270e-01
9.593919515609741211e-01
9.643832445144653320e-01
9.685817956924438477e-01
9.721305966377258301e-01
9.752246141433715820e-01
9.779778122901916504e-01
9.804835319519042969e-01
9.827720522880554199e-01
9.848806858062744141e-01
9.868122339248657227e-01
9.885760545730590820e-01
9.901872277259826660e-01
9.916410446166992188e-01
9.929524660110473633e-01
9.941080212593078613e-01
9.951134920120239258e-01
9.959728717803955078e-01
9.966834783554077148e-01
9.972513318061828613e-01
9.976756572723388672e-01
9.979610443115234375e-01
9.981089234352111816e-01
9.981225728988647461e-01
9.980051517486572266e-01
9.977587461471557617e-01
9.973882436752319336e-01
9.968943595886230469e-01
9.962835907936096191e-01
9.955562949180603027e-01
9.947265982627868652e-01
9.937872886657714844e-01
9.927445054054260254e-01
9.916053414344787598e-01
9.903666377067565918e-01
9.890393018722534180e-01
9.876188635826110840e-01
9.861130118370056152e-01
9.845306277275085449e-01
9.828655719757080078e-01
9.811322093009948730e-01
9.793234467506408691e-01
9.774482250213623047e-01
9.755170345306396484e-01
9.735212922096252441e-01
9.714775085449218750e-01
9.693777561187744141e-01
9.672324657440185547e-01
9.650514721870422363e-01
9.628250598907470703e-01
9.605705142021179199e-01
9.582846760749816895e-01
9.559705853462219238e-01
9.536321759223937988e-01
9.512728452682495117e-01
9.489027857780456543e-01
9.465101957321166992e-01
9.441056847572326660e-01
9.416924715042114258e-01
9.392728805541992188e-01
9.368495941162109375e-01
9.344329237937927246e-01
9.320096373558044434e-01
9.295902252197265625e-01
9.272405505180358887e-01
9.249133467674255371e-01
9.225980639457702637e-01
9.203044772148132324e-01
9.180189371109008789e-01
9.157500267028808594e-01
9.134998917579650879e-01
9.112767577171325684e-01
9.090742468833923340e-01
9.068868756294250488e-01
9.047294259071350098e-01
9.025957584381103516e-01
9.004865288734436035e-01
8.984031677246093750e-01
8.963460922241210938e-01
8.943088650703430176e-01
8.923060894012451172e-01
8.903312087059020996e-01
8.883958458900451660e-01
8.865304589271545410e-01
8.846941590309143066e-01
8.828872442245483398e-01
8.811036348342895508e-01
8.793560862541198730e-01
8.776378631591796875e-01
8.759498596191406250e-01
8.742918372154235840e-01
8.726633787155151367e-01
8.710649609565734863e-01
8.694959878921508789e-01
8.679621219635009766e-01
8.664522767066955566e-01
8.649768829345703125e-01
8.635257482528686523e-01
8.621033430099487305e-01
8.607141971588134766e-01
8.593484163284301758e-01
8.580154180526733398e-01
8.567522168159484863e-01
8.555601239204406738e-01
8.543900251388549805e-01
8.532498478889465332e-01
8.521307706832885742e-01
8.510404825210571289e-01
8.499706387519836426e-01
8.489283323287963867e-01
8.479053974151611328e-01
8.469051122665405273e-01
8.459302783012390137e-01
8.449733257293701172e-01
8.440405130386352539e-01
8.431276679039001465e-01
8.422339558601379395e-01
8.413585424423217773e-01
8.405013084411621094e-01
8.396611213684082031e-01
8.388373255729675293e-01
8.380290865898132324e-01
8.372357487678527832e-01
8.364657759666442871e-01
8.357121348381042480e-01
8.349710106849670410e-01
8.342406749725341797e-01
8.335212469100952148e-01
8.328109383583068848e-01
8.321099281311035156e-01
8.314164876937866211e-01
8.307307958602905273e-01
8.300513029098510742e-01
8.293781280517578125e-01
8.287096619606018066e-01
8.280462026596069336e-01
8.273864388465881348e-01
8.267306685447692871e-01
8.260802626609802246e-01
8.254302740097045898e-01
8.247849941253662109e-01
8.241397142410278320e-01
8.234987258911132812e-01
8.228574991226196289e-01
8.222203850746154785e-01
8.215834498405456543e-01
8.209506273269653320e-01
8.203157782554626465e-01
8.196847438812255859e-01
8.190557360649108887e-01
8.184255957603454590e-01
8.178008794784545898e-01
8.171768784523010254e-01
8.165592551231384277e-01
8.159434795379638672e-01
8.153362274169921875e-01
8.147321343421936035e-01
8.141378760337829590e-01
8.135495185852050781e-01
8.129723668098449707e-01
8.124026656150817871e-01
8.118466734886169434e-01
8.113021850585937500e-01
8.107706904411315918e-01
8.102524876594543457e-01
8.097485899925231934e-01
8.092604279518127441e-01
8.087876439094543457e-01
8.083131313323974609e-01
8.077237010002136230e-01
8.071470260620117188e-01
8.065878152847290039e-01
8.060446381568908691e-01
8.055178523063659668e-01
8.050079941749572754e-01
8.045154809951782227e-01
8.040404319763183594e-01
8.035832047462463379e-01
8.031440377235412598e-01
8.027229905128479004e-01
8.023201823234558105e-01
8.019356131553649902e-01
8.015692234039306641e-01
8.012210726737976074e-01
8.008904457092285156e-01
8.005781769752502441e-01
8.002836108207702637e-01
8.000074625015258789e-01
7.997475266456604004e-01
7.995045781135559082e-01
7.992790341377258301e-01
7.990689873695373535e-01
7.988750338554382324e-01
7.986957430839538574e-01
7.985205650329589844e-01
7.983609437942504883e-01
7.982167601585388184e-01
7.980870604515075684e-01
7.979717850685119629e-01
7.978706359863281250e-01
7.977830767631530762e-01
7.977088093757629395e-01
7.976474761962890625e-01
7.975987195968627930e-01
7.975620627403259277e-01
7.975369095802307129e-01
7.975238561630249023e-01
7.975217103958129883e-01
7.975307703018188477e-01
7.975504398345947266e-01
7.975798845291137695e-01
7.976198196411132812e-01
7.976688146591186523e-01
7.977271676063537598e-01
7.977946400642395020e-01
7.978715896606445312e-01
7.979564070701599121e-01
7.980495095252990723e-01
7.981516122817993164e-01
7.982606887817382812e-01
7.983795404434204102e-01
7.985076308250427246e-01
7.986443042755126953e-01
7.987861633300781250e-01
7.989350557327270508e-01
7.990908622741699219e-01
7.992522120475769043e-01
7.994189858436584473e-01
7.995933890342712402e-01
7.997715473175048828e-01
7.999551892280578613e-01
8.001447319984436035e-01
8.003401756286621094e-01
8.005397915840148926e-01
8.007436394691467285e-01
8.009542822837829590e-01
8.011674284934997559e-01
8.013855814933776855e-01
8.016074895858764648e-01
8.018340468406677246e-01
8.020641207695007324e-01
8.022987246513366699e-01
8.025365471839904785e-01
8.027786016464233398e-01
8.030237555503845215e-01
8.032731413841247559e-01
8.035251498222351074e-01
8.037810921669006348e-01
8.040376901626586914e-01
8.042261600494384766e-01
8.044154644012451172e-01
8.046077489852905273e-01
8.048024773597717285e-01
8.050007820129394531e-01
8.052021861076354980e-01
8.054063320159912109e-01
8.056126236915588379e-01
8.058224916458129883e-01
8.060349225997924805e-01
8.062500357627868652e-01
8.064676523208618164e-01
8.066875338554382324e-01
8.069103956222534180e-01
8.071357011795043945e-01
8.073635101318359375e-01
8.075914978981018066e-01
8.078235983848571777e-01
8.080586791038513184e-01
8.082939386367797852e-01
8.085337877273559570e-01
8.087754845619201660e-01
8.090174794197082520e-01
8.092647194862365723e-01
8.095141649246215820e-01
8.097659945487976074e-01
8.100168704986572266e-01
8.102737665176391602e-01
8.105328679084777832e-01
8.107916116714477539e-01
8.110639452934265137e-01
8.113508224487304688e-01
8.116366863250732422e-01
8.119291067123413086e-01
8.122243285179138184e-01
8.125184178352355957e-01
8.128193020820617676e-01
8.131222128868103027e-01
8.134258985519409180e-01
8.137356638908386230e-01
8.140475749969482422e-01
8.143634796142578125e-01
8.146790266036987305e-01
8.149974346160888672e-01
8.153229355812072754e-01
8.156475424766540527e-01
8.159797191619873047e-01
8.163120150566101074e-01
8.166502118110656738e-01
8.169894218444824219e-01
8.173318505287170410e-01
8.176811337471008301e-01
8.180312514305114746e-01
8.183876872062683105e-01
8.187453150749206543e-01
8.191100955009460449e-01
8.194749355316162109e-01
8.198480010032653809e-01
8.202211856842041016e-01
8.205981254577636719e-01
8.209832310676574707e-01
8.213686347007751465e-01
8.217626810073852539e-01
8.221144676208496094e-01
8.224504590034484863e-01
8.227865695953369141e-01
8.231286406517028809e-01
8.234793543815612793e-01
8.238312005996704102e-01
8.241923451423645020e-01
8.245553374290466309e-01
8.249226808547973633e-01
8.253005146980285645e-01
8.256794214248657227e-01
8.260643482208251953e-01
8.264540433883666992e-01
8.268503546714782715e-01
8.272563815116882324e-01
8.276639580726623535e-01
8.280779719352722168e-01
8.284977078437805176e-01
8.289238810539245605e-01
8.293597698211669922e-01
8.297984600067138672e-01
8.302430510520935059e-01
8.306939005851745605e-01
8.311513662338256836e-01
8.316203355789184570e-01
8.320909142494201660e-01
8.325680494308471680e-01
8.330520391464233398e-01
8.335432410240173340e-01
8.340450525283813477e-01
8.345500230789184570e-01
8.350615501403808594e-01
8.355804681777954102e-01
8.361054658889770508e-01
8.366436362266540527e-01
8.372040987014770508e-01
8.378185629844665527e-01
8.384390473365783691e-01
8.390674591064453125e-01
8.397024869918823242e-01
8.403449654579162598e-01
8.409945368766784668e-01
8.416500091552734375e-01
8.423135876655578613e-01
8.429838418960571289e-01
8.436614274978637695e-01
8.443456888198852539e-01
8.450368046760559082e-01
8.457350134849548340e-01
8.464406132698059082e-01
8.471527099609375000e-01
8.478720784187316895e-01
8.485974073410034180e-01
8.493304848670959473e-01
8.500697612762451172e-01
8.508163094520568848e-01
8.515689373016357422e-01
8.523280620574951172e-01
8.530938029289245605e-01
8.538662195205688477e-01
8.546444773674011230e-01
8.554294705390930176e-01
8.562195301055908203e-01
8.570165038108825684e-01
8.578187227249145508e-01
8.586272001266479492e-01
8.594407439231872559e-01
8.602597117424011230e-01
8.610838055610656738e-01
8.619135022163391113e-01
8.627476692199707031e-01
8.635806441307067871e-01
8.644239306449890137e-01
8.652623295783996582e-01
8.660551309585571289e-01
8.668530583381652832e-01
8.676565885543823242e-01
8.684586286544799805e-01
8.692708611488342285e-01
8.700874447822570801e-01
8.719995021820068359e-01
8.728238344192504883e-01
8.736453652381896973e-01
8.744753599166870117e-01
8.753073811531066895e-01
8.761416673660278320e-01
8.769769072532653809e-01
8.778131604194641113e-01
8.786442875862121582e-01
8.794811367988586426e-01
8.803178071975708008e-01
8.811536431312561035e-01
8.819879889488220215e-01
8.828206658363342285e-01
8.836455941200256348e-01
8.844730854034423828e-01
8.852971196174621582e-01
8.861170411109924316e-01
8.869325518608093262e-01
8.877374529838562012e-01
8.885419964790344238e-01
8.893402814865112305e-01
8.901261091232299805e-01
8.909100890159606934e-01
8.916852474212646484e-01
8.924465775489807129e-01
8.932033181190490723e-01
8.939496278762817383e-01
8.946802616119384766e-01
8.954038619995117188e-01
8.961152434349060059e-01
8.968089222908020020e-01
8.974938392639160156e-01
8.981637954711914062e-01
8.988143205642700195e-01
8.995319008827209473e-01
9.002472758293151855e-01
9.009397625923156738e-01
9.016166925430297852e-01
9.022732377052307129e-01
9.029058814048767090e-01
9.035212397575378418e-01
9.041156172752380371e-01
9.046853780746459961e-01
9.052371978759765625e-01
9.057673811912536621e-01
9.062736034393310547e-01
9.067614674568176270e-01
9.072288870811462402e-01
9.076735973358154297e-01
9.081016778945922852e-01
9.085090756416320801e-01
9.089019894599914551e-01
9.092771410942077637e-01
9.096412062644958496e-01
9.099917411804199219e-01
9.103359580039978027e-01
9.106745123863220215e-01
9.110098481178283691e-01
9.113489985466003418e-01
9.116929173469543457e-01
9.120510220527648926e-01
9.124248027801513672e-01
9.128247499465942383e-01
9.132531285285949707e-01
9.137217402458190918e-01
9.142330288887023926e-01
9.147998094558715820e-01
9.154234528541564941e-01
9.161176681518554688e-01
9.168813228607177734e-01
9.177278280258178711e-01
9.186524152755737305e-01
9.196664690971374512e-01
9.207602143287658691e-01
9.219420552253723145e-01
9.231960773468017578e-01
9.245269894599914551e-01
9.259119629859924316e-01
9.273529052734375000e-01
9.288310408592224121e-01
9.303219914436340332e-01
9.318243265151977539e-01
9.333068728446960449e-01
9.347690939903259277e-01
9.361811876296997070e-01
9.375376105308532715e-01
9.388324618339538574e-01
9.400442838668823242e-01
9.411768317222595215e-01
9.422139525413513184e-01
9.431576132774353027e-01
9.440094828605651855e-01
9.447619915008544922e-01
9.454221725463867188e-01
9.459865689277648926e-01
9.464613795280456543e-01
9.468510150909423828e-01
9.471564888954162598e-01
9.473838806152343750e-01
9.475364089012145996e-01
9.476187825202941895e-01
9.476351737976074219e-01
9.475902318954467773e-01
9.474864006042480469e-01
9.473296403884887695e-01
9.471222162246704102e-01
9.468663334846496582e-01
9.465675354003906250e-01
9.462255835533142090e-01
9.458472728729248047e-01
9.454326033592224121e-01
9.449818134307861328e-01
9.445013999938964844e-01
9.439886212348937988e-01
9.434500932693481445e-01
9.428850412368774414e-01
9.422920346260070801e-01
9.416780471801757812e-01
9.410419464111328125e-01
9.403806328773498535e-01
9.397028684616088867e-01
9.390053153038024902e-01
9.382893443107604980e-01
9.375522732734680176e-01
9.368017315864562988e-01
9.360354542732238770e-01
9.352491497993469238e-01
9.344524145126342773e-01
9.336938261985778809e-01
9.329277873039245605e-01
9.321460723876953125e-01
9.313569664955139160e-01
9.305572509765625000e-01
9.297422766685485840e-01
9.289221167564392090e-01
9.280917644500732422e-01
9.272479414939880371e-01
9.263991713523864746e-01
9.255422949790954590e-01
9.246765971183776855e-01
9.237984418869018555e-01
9.229167699813842773e-01
9.220280051231384277e-01
9.211267828941345215e-01
9.202236533164978027e-01
9.193133115768432617e-01
9.183969497680664062e-01
9.174686074256896973e-01
9.165397286415100098e-01
9.156042933464050293e-01
9.146586060523986816e-01
9.137119650840759277e-01
9.127603173255920410e-01
9.118034839630126953e-01
9.108361005783081055e-01
9.098694324493408203e-01
9.088976383209228516e-01
9.079217314720153809e-01
9.069408774375915527e-01
9.059513807296752930e-01
9.049621820449829102e-01
9.039697647094726562e-01
9.029729366302490234e-01
9.019730091094970703e-01
9.009637832641601562e-01
8.999569416046142578e-01
8.989462852478027344e-01
8.979330658912658691e-01
8.969161510467529297e-01
8.958970904350280762e-01
8.948691487312316895e-01
8.938445448875427246e-01
8.928167819976806641e-01
8.917871117591857910e-01
8.907545208930969238e-01
8.897148966789245605e-01
8.886778354644775391e-01
8.876394033432006836e-01
8.865984082221984863e-01
8.855561614036560059e-01
8.845060467720031738e-01
8.834696412086486816e-01
8.824617862701416016e-01
8.814525604248046875e-01
8.804422616958618164e-01
8.794246315956115723e-01
8.784119486808776855e-01
8.773983120918273926e-01
8.763837218284606934e-01
8.753682971000671387e-01
8.743513226509094238e-01
8.733288645744323730e-01
8.723112344741821289e-01
8.712928295135498047e-01
8.702740073204040527e-01
8.692538142204284668e-01
8.682339191436767578e-01
8.672137260437011719e-01
8.661930561065673828e-01
8.651721477508544922e-01
8.641455173492431641e-01
8.631234169006347656e-01
8.621019721031188965e-01
8.610802292823791504e-01
8.600585460662841797e-01
8.590368628501892090e-01
8.580145239830017090e-01
8.569929599761962891e-01
8.559714555740356445e-01
8.549447059631347656e-01
8.539236187934875488e-01
8.529020547866821289e-01
8.518815040588378906e-01
8.508611321449279785e-01
8.498411774635314941e-01
8.488216996192932129e-01
8.478024601936340332e-01
8.467831015586853027e-01
8.457594513893127441e-01
8.447417616844177246e-01
8.437246084213256836e-01
8.427079916000366211e-01
8.416913151741027832e-01
8.406758904457092285e-01
8.396611809730529785e-01
8.386471867561340332e-01
8.376338481903076172e-01
8.366151452064514160e-01
8.356033563613891602e-01
8.345922827720642090e-01
8.335820436477661133e-01
8.325725197792053223e-01
8.315631747245788574e-01
8.305554389953613281e-01
8.295485377311706543e-01
8.285425901412963867e-01
8.275374770164489746e-01
8.265333771705627441e-01
8.255295157432556152e-01
8.245272636413574219e-01
8.235349655151367188e-01
8.225804567337036133e-01
8.216270208358764648e-01
8.206748366355895996e-01
8.197237849235534668e-01
8.187739253044128418e-01
8.178250789642333984e-01
8.168774247169494629e-01
8.159309625625610352e-01
8.149848580360412598e-01
8.140406012535095215e-01
8.130927085876464844e-01
8.121508955955505371e-01
8.112104535102844238e-01
8.102709650993347168e-01
8.093327283859252930e-01
8.083958029747009277e-01
8.074600100517272949e-01
8.065254688262939453e-01
8.055912852287292480e-01
8.046590685844421387e-01
8.037282228469848633e-01
8.027983903884887695e-01
8.018699884414672852e-01
8.009427189826965332e-01
8.000165820121765137e-01
7.990661263465881348e-01
7.981146574020385742e-01
7.971634864807128906e-01
7.962133884429931641e-01
7.952650189399719238e-01
7.943171262741088867e-01
7.933701872825622559e-01
7.924250364303588867e-01
7.914801836013793945e-01
7.905363440513610840e-01
7.895936965942382812e-01
7.886528372764587402e-01
7.877121567726135254e-01
7.867726683616638184e-01
7.858348488807678223e-01
7.848974466323852539e-01
7.839609980583190918e-01
7.830263972282409668e-01
7.820922136306762695e-01
7.811588644981384277e-01
7.802274823188781738e-01
7.792963385581970215e-01
7.783662080764770508e-01
7.774379849433898926e-01
7.765099406242370605e-01
7.755830287933349609e-01
7.747073173522949219e-01
7.738742232322692871e-01
7.730425000190734863e-01
7.722116708755493164e-01
7.713827490806579590e-01
7.705543637275695801e-01
7.697268724441528320e-01
7.689050436019897461e-01
7.680798172950744629e-01
7.672563791275024414e-01
7.664334177970886230e-01
7.656114697456359863e-01
7.647905945777893066e-01
7.639715671539306641e-01
7.631528973579406738e-01
7.623353004455566406e-01
7.615187168121337891e-01
7.607032656669616699e-01
7.598896026611328125e-01
7.590761780738830566e-01
7.582640051841735840e-01
7.574527859687805176e-01
7.566434741020202637e-01
7.558342814445495605e-01
7.550261616706848145e-01
7.542192339897155762e-01
7.534176111221313477e-01
7.526130676269531250e-01
7.518052458763122559e-01
7.509984374046325684e-01
7.501932978630065918e-01
7.493882775306701660e-01
7.485844492912292480e-01
7.477813959121704102e-01
7.469791769981384277e-01
7.461788058280944824e-01
7.453784942626953125e-01
7.445790767669677734e-01
7.437806725502014160e-01
7.429839968681335449e-01
7.421875000000000000e-01
7.413961887359619141e-01
7.406014800071716309e-01
7.398085594177246094e-01
7.390156984329223633e-01
7.382237911224365234e-01
7.374327778816223145e-01
7.366434931755065918e-01
7.358543872833251953e-01
7.350664138793945312e-01
7.342792153358459473e-01
7.334935665130615234e-01
7.327081561088562012e-01
7.319236993789672852e-01
7.311400175094604492e-01
7.303621768951416016e-01
7.296065688133239746e-01
7.288926839828491211e-01
7.281803488731384277e-01
7.274676561355590820e-01
7.267566919326782227e-01
7.260457277297973633e-01
7.253354787826538086e-01
7.246267199516296387e-01
7.239217162132263184e-01
7.232141494750976562e-01
7.225067019462585449e-01
7.217999696731567383e-01
7.210947871208190918e-01
7.203894257545471191e-01
7.196847796440124512e-01
7.189814448356628418e-01
7.182781696319580078e-01
7.175765037536621094e-01
7.168785929679870605e-01
7.161774039268493652e-01
7.154777646064758301e-01
7.147777676582336426e-01
7.140794992446899414e-01
7.133811712265014648e-01
7.126834392547607422e-01
7.119873762130737305e-01
7.112910151481628418e-01
7.105997204780578613e-01
7.099048495292663574e-01
7.092105150222778320e-01
7.085173130035400391e-01
7.078239917755126953e-01
7.071310281753540039e-01
7.064387798309326172e-01
7.057465314865112305e-01
7.050547003746032715e-01
7.043669819831848145e-01
7.036753296852111816e-01
7.029846310615539551e-01
7.022942900657653809e-01
7.016046047210693359e-01
7.009149193763732910e-01
7.002255916595458984e-01
6.995369791984558105e-01
6.988520622253417969e-01
6.981638073921203613e-01
6.974755525588989258e-01
6.967880129814147949e-01
6.961008906364440918e-01
6.954140067100524902e-01
6.947278380393981934e-01
6.940454244613647461e-01
6.933596134185791016e-01
6.926745176315307617e-01
6.919894814491271973e-01
6.913046836853027344e-01
6.906198859214782715e-01
6.899358630180358887e-01
6.892557144165039062e-01
6.885726451873779297e-01
6.878895759582519531e-01
6.872152090072631836e-01
6.865900754928588867e-01
6.859652400016784668e-01
6.853399276733398438e-01
6.847187280654907227e-01
6.840935349464416504e-01
6.834678053855895996e-01
6.828419566154479980e-01
6.822164654731750488e-01
6.815910935401916504e-01
6.809649467468261719e-01
6.803424358367919922e-01
6.797159910202026367e-01
6.790894865989685059e-01
6.784638166427612305e-01
6.778370738029479980e-01
6.772103905677795410e-01
6.764774918556213379e-01
6.757413744926452637e-01
6.750012040138244629e-01
6.742599010467529297e-01
6.735169291496276855e-01
6.727737784385681152e-01
6.720299124717712402e-01
6.712846159934997559e-01
6.705424189567565918e-01
6.697957515716552734e-01
6.690475940704345703e-01
6.682993769645690918e-01
6.675505638122558594e-01
6.668004989624023438e-01
6.660522818565368652e-01
6.653005480766296387e-01
6.645483970642089844e-01
6.637963652610778809e-01
6.630418300628662109e-01
6.622858047485351562e-01
6.615306138992309570e-01
6.607700586318969727e-01
6.600070595741271973e-01
6.592423915863037109e-01
6.584761738777160645e-01
6.577074527740478516e-01
6.569405198097229004e-01
6.561676859855651855e-01
6.553925275802612305e-01
6.546157598495483398e-01
6.538373231887817383e-01
6.530565619468688965e-01
6.522770524024963379e-01
6.512826085090637207e-01
6.499810218811035156e-01
6.486752629280090332e-01
6.473638415336608887e-01
6.460484862327575684e-01
6.447312235832214355e-01
6.434062719345092773e-01
6.420764327049255371e-01
6.407410502433776855e-01
6.394017934799194336e-01
6.380568742752075195e-01
6.367113590240478516e-01
6.353577971458435059e-01
6.339992880821228027e-01
6.326363682746887207e-01
6.312679052352905273e-01
6.298957467079162598e-01
6.285135746002197266e-01
6.269661188125610352e-01
6.254164576530456543e-01
6.238626241683959961e-01
6.223045587539672852e-01
6.207442283630371094e-01
6.191822886466979980e-01
6.176145076751708984e-01
6.160429120063781738e-01
6.144682168960571289e-01
6.128900051116943359e-01
6.113113760948181152e-01
6.097263693809509277e-01
6.081371307373046875e-01
6.065458655357360840e-01
6.049499511718750000e-01
6.033551692962646484e-01
6.017533540725708008e-01
6.001408100128173828e-01
5.985059142112731934e-01
5.968706607818603516e-01
5.952321290969848633e-01
5.935957431793212891e-01
5.919542908668518066e-01
5.903108119964599609e-01
5.886658430099487305e-01
5.870180726051330566e-01
5.853726863861083984e-01
5.837228298187255859e-01
5.820698738098144531e-01
5.804160237312316895e-01
5.787603259086608887e-01
5.771058201789855957e-01
5.754467248916625977e-01
5.737850666046142578e-01
5.721231698989868164e-01
5.704712271690368652e-01
5.690701603889465332e-01
5.676721930503845215e-01
5.662704110145568848e-01
5.648701190948486328e-01
5.634689331054687500e-01
5.620670318603515625e-01
5.606689453125000000e-01
5.592676401138305664e-01
5.578658580780029297e-01
5.564647316932678223e-01
5.550627708435058594e-01
5.536617636680603027e-01
5.522635579109191895e-01
5.508618950843811035e-01
5.494609475135803223e-01
5.480608940124511719e-01
5.466594099998474121e-01
5.452616810798645020e-01
5.438603758811950684e-01
5.424598455429077148e-01
5.410594940185546875e-01
5.396586060523986816e-01
5.382613539695739746e-01
5.368613600730895996e-01
5.354609489440917969e-01
5.340613126754760742e-01
5.326610803604125977e-01
5.312647223472595215e-01
5.298664569854736328e-01
5.284669399261474609e-01
5.270683169364929199e-01
5.256699323654174805e-01
5.242738723754882812e-01
5.228759646415710449e-01
5.214784145355224609e-01
5.200802683830261230e-01
5.186832547187805176e-01
5.173389315605163574e-01
5.161430835723876953e-01
5.149489641189575195e-01
5.137540698051452637e-01
5.125616788864135742e-01
5.113720297813415527e-01
5.101806521415710449e-01
5.089900493621826172e-01
5.078003406524658203e-01
5.066115856170654297e-01
5.054264664649963379e-01
5.042395591735839844e-01
5.030535459518432617e-01
5.018692612648010254e-01
5.006842613220214844e-01
4.995045959949493408e-01
4.983223974704742432e-01
4.971411824226379395e-01
4.959607422351837158e-01
4.947814345359802246e-01
4.936031401157379150e-01
4.924283623695373535e-01
4.912520349025726318e-01
4.900766313076019287e-01
4.889031052589416504e-01
4.877289831638336182e-01
4.865600764751434326e-01
4.853888154029846191e-01
4.842185676097869873e-01
4.830493330955505371e-01
4.818812608718872070e-01
4.807166755199432373e-01
4.795514941215515137e-01
4.783857464790344238e-01
4.772219061851501465e-01
4.760600328445434570e-01
4.748999774456024170e-01
4.737402498722076416e-01
4.725808501243591309e-01
4.714225232601165771e-01
4.702127277851104736e-01
4.689486920833587646e-01
4.676845967769622803e-01
4.664212465286254883e-01
4.651593863964080811e-01
4.638998806476593018e-01
4.626394510269165039e-01
4.613789618015289307e-01
4.601193070411682129e-01
4.588611721992492676e-01
4.576054215431213379e-01
4.563489258289337158e-01
4.550930857658386230e-01
4.538373649120330811e-01
4.525832533836364746e-01
4.513314366340637207e-01
4.500790238380432129e-01
4.488265216350555420e-01
4.475749433040618896e-01
4.463250339031219482e-01
4.450775086879730225e-01
4.438294172286987305e-01
4.425812363624572754e-01
4.413340687751770020e-01
4.400886297225952148e-01
4.388454854488372803e-01
4.376019835472106934e-01
4.363584518432617188e-01
4.351159334182739258e-01
4.338760375976562500e-01
4.326376616954803467e-01
4.313989281654357910e-01
4.301602840423583984e-01
4.289235770702362061e-01
4.276868999004364014e-01
4.264534711837768555e-01
4.252197742462158203e-01
4.239862561225891113e-01
4.227546155452728271e-01
4.215232133865356445e-01
4.202949702739715576e-01
4.190666973590850830e-01
4.178420305252075195e-01
4.166213274002075195e-01
4.154010713100433350e-01
4.141842722892761230e-01
4.129677712917327881e-01
4.117515981197357178e-01
4.105377793312072754e-01
4.093245863914489746e-01
4.081157445907592773e-01
4.069052934646606445e-01
4.056973159313201904e-01
4.044897854328155518e-01
4.032847285270690918e-01
4.020822346210479736e-01
4.008802175521850586e-01
3.996786773204803467e-01
3.984795510768890381e-01
3.972811102867126465e-01
3.960861265659332275e-01
3.948917686939239502e-01
3.936978876590728760e-01
3.925065994262695312e-01
3.913159668445587158e-01
3.901298642158508301e-01
3.889422714710235596e-01
3.877574503421783447e-01
3.865731954574584961e-01
3.853916525840759277e-01
3.842126131057739258e-01
3.830343186855316162e-01
3.818566799163818359e-01
3.806817829608917236e-01
3.795075416564941406e-01
3.783378601074218750e-01
3.771669864654541016e-01
3.759979307651519775e-01
3.748315572738647461e-01
3.736659288406372070e-01
3.725049197673797607e-01
3.713427782058715820e-01
3.701834678649902344e-01
3.690249323844909668e-01
3.678691983222961426e-01
3.667152822017669678e-01
3.655607402324676514e-01
3.644073307514190674e-01
3.632549047470092773e-01
3.621056973934173584e-01
3.609597682952880859e-01
3.598138689994812012e-01
3.586712181568145752e-01
3.575296401977539062e-01
3.563905656337738037e-01
3.552545011043548584e-01
3.541212975978851318e-01
3.529889285564422607e-01
3.518584072589874268e-01
3.507311940193176270e-01
3.496063053607940674e-01
3.484835326671600342e-01
3.473631143569946289e-01
3.462449610233306885e-01
3.451280593872070312e-01
3.440138101577758789e-01
3.429031372070312500e-01
3.417941927909851074e-01
3.406875431537628174e-01
3.395814895629882812e-01
3.384795188903808594e-01
3.373804688453674316e-01
3.362831771373748779e-01
3.351875841617584229e-01
3.340939879417419434e-01
3.330038189888000488e-01
3.319165408611297607e-01
3.308303952217102051e-01
3.297474682331085205e-01
3.286657631397247314e-01
3.275876045227050781e-01
3.265126645565032959e-01
3.254382610321044922e-01
3.243673741817474365e-01
3.232977986335754395e-01
3.222310841083526611e-01
3.211674690246582031e-01
3.201067447662353516e-01
3.190481066703796387e-01
3.179901242256164551e-01
3.169364035129547119e-01
3.158851265907287598e-01
3.148396909236907959e-01
3.138347268104553223e-01
3.128317892551422119e-01
3.118332326412200928e-01
3.108356893062591553e-01
3.098440170288085938e-01
3.088525235652923584e-01
3.078641891479492188e-01
3.068780601024627686e-01
3.058941066265106201e-01
3.049159348011016846e-01
3.039380311965942383e-01
3.029632270336151123e-01
3.019907176494598389e-01
3.010214269161224365e-01
3.000544011592864990e-01
2.990908026695251465e-01
2.981302738189697266e-01
2.971714138984680176e-01
2.962157726287841797e-01
2.952623665332794189e-01
2.943123579025268555e-01
2.933654785156250000e-01
2.924202680587768555e-01
2.914782464504241943e-01
2.905384898185729980e-01
2.896019816398620605e-01
2.886689305305480957e-01
2.877373695373535156e-01
2.868090271949768066e-01
2.858829498291015625e-01
2.849600613117218018e-01
2.840406894683837891e-01
2.831238806247711182e-01
2.822080850601196289e-01
2.812956571578979492e-01
2.803864181041717529e-01
2.794794440269470215e-01
2.785774469375610352e-01
2.776753902435302734e-01
2.767765522003173828e-01
2.758809626102447510e-01
2.749876379966735840e-01
2.740986049175262451e-01
2.732107043266296387e-01
2.723266184329986572e-01
2.714435160160064697e-01
2.705637514591217041e-01
2.696872353553771973e-01
2.688139677047729492e-01
2.680442929267883301e-01
2.672942280769348145e-01
2.665461599826812744e-01
2.658000886440277100e-01
2.650586962699890137e-01
2.643187642097473145e-01
2.635802328586578369e-01
2.628448605537414551e-01
2.621124386787414551e-01
2.613814771175384521e-01
2.606550753116607666e-01
2.599302232265472412e-01
2.592062354087829590e-01
2.584863305091857910e-01
2.577677667140960693e-01
2.570528984069824219e-01
2.563413679599761963e-01
2.556297779083251953e-01
2.549222111701965332e-01
2.542171180248260498e-01
2.535134255886077881e-01
2.528132498264312744e-01
2.521159052848815918e-01
2.514194846153259277e-01
2.507266104221343994e-01
2.500361800193786621e-01
2.493465691804885864e-01
2.486609369516372681e-01
2.479775547981262207e-01
2.472967654466629028e-01
2.466183751821517944e-01
2.459408044815063477e-01
2.452671974897384644e-01
2.445959895849227905e-01
2.439269274473190308e-01
2.432604879140853882e-01
2.425958514213562012e-01
2.419330626726150513e-01
2.412737309932708740e-01
2.406166791915893555e-01
2.399617582559585571e-01
2.393089383840560913e-01
2.386578917503356934e-01
2.380102574825286865e-01
2.373649477958679199e-01
2.367208898067474365e-01
2.360804826021194458e-01
2.354420870542526245e-01
2.348049879074096680e-01
2.341712415218353271e-01
2.335397750139236450e-01
2.329090684652328491e-01
2.322954833507537842e-01
2.316863536834716797e-01
2.310789525508880615e-01
2.304753065109252930e-01
2.298723608255386353e-01
2.292720526456832886e-01
2.286746203899383545e-01
2.280792593955993652e-01
2.274854928255081177e-01
2.268934696912765503e-01
2.263040542602539062e-01
2.257178872823715210e-01
2.251329869031906128e-01
2.245500534772872925e-01
2.239699363708496094e-01
2.233912944793701172e-01
2.228148281574249268e-01
2.222400009632110596e-01
2.216688394546508789e-01
2.210993468761444092e-01
2.205309420824050903e-01
2.199661284685134888e-01
2.194019705057144165e-01
2.188403308391571045e-01
2.182808369398117065e-01
2.177240103483200073e-01
2.171692252159118652e-01
2.166155427694320679e-01
2.160654515027999878e-01
2.155163735151290894e-01
2.149689346551895142e-01
2.144239991903305054e-01
2.138817310333251953e-01
2.133414298295974731e-01
2.128026783466339111e-01
2.122665941715240479e-01
2.117319256067276001e-01
2.111989110708236694e-01
2.106683403253555298e-01
2.101408392190933228e-01
2.096143662929534912e-01
2.090898752212524414e-01
2.085669785737991333e-01
2.080475836992263794e-01
2.075291126966476440e-01
2.070122808218002319e-01
2.064988911151885986e-01
2.059868872165679932e-01
2.054760158061981201e-01
2.049675732851028442e-01
2.044617384672164917e-01
2.039572447538375854e-01
2.034547477960586548e-01
2.029548585414886475e-01
2.024566531181335449e-01
2.019420713186264038e-01
2.014143615961074829e-01
2.008887082338333130e-01
2.003640234470367432e-01
1.998420357704162598e-01
1.993224620819091797e-01
1.988052129745483398e-01
1.982886344194412231e-01
1.977750808000564575e-01
1.972631812095642090e-01
1.967526376247406006e-01
1.962451189756393433e-01
1.957395672798156738e-01
1.952352821826934814e-01
1.947337090969085693e-01
1.942337900400161743e-01
1.937361806631088257e-01
1.932395398616790771e-01
1.927459090948104858e-01
1.922542303800582886e-01
1.917633563280105591e-01
1.912756115198135376e-01
1.907897889614105225e-01
1.903049349784851074e-01
1.898230463266372681e-01
1.893430948257446289e-01
1.888647228479385376e-01
1.883876323699951172e-01
1.879135072231292725e-01
1.874414682388305664e-01
1.869701892137527466e-01
1.865014731884002686e-01
1.860350370407104492e-01
1.855705231428146362e-01
1.851068884134292603e-01
1.846462041139602661e-01
1.841874122619628906e-01
1.837291717529296875e-01
1.832742989063262939e-01
1.828212141990661621e-01
1.823690086603164673e-01
1.819196939468383789e-01
1.814719289541244507e-01
1.810263991355895996e-01
1.805817484855651855e-01
1.801399737596511841e-01
1.797001212835311890e-01
1.792610734701156616e-01
1.788245886564254761e-01
1.783902794122695923e-01
1.779568344354629517e-01
1.775262802839279175e-01
1.770975589752197266e-01
1.766703724861145020e-01
1.762443631887435913e-01
1.758211702108383179e-01
1.753998696804046631e-01
1.749793887138366699e-01
1.745617538690567017e-01
1.741668283939361572e-01
1.737792938947677612e-01
1.733935773372650146e-01
1.730096340179443359e-01
1.726274639368057251e-01
1.722470074892044067e-01
1.718684136867523193e-01
1.714916229248046875e-01
1.711165755987167358e-01
1.707433164119720459e-01
1.703715324401855469e-01
1.700018197298049927e-01
1.696338951587677002e-01
1.692675799131393433e-01
1.689031571149826050e-01
1.685405075550079346e-01
1.681796461343765259e-01
1.678205281496047974e-01
1.674631834030151367e-01
1.671075820922851562e-01
1.667534559965133667e-01
1.664013713598251343e-01
1.660508364439010620e-01
1.657022684812545776e-01
1.653554439544677734e-01
1.650103777647018433e-01
1.646670550107955933e-01
1.643254756927490234e-01
1.639856547117233276e-01
1.636475920677185059e-01
1.633112579584121704e-01
1.629763990640640259e-01
1.626435518264770508e-01
1.623124629259109497e-01
1.619828045368194580e-01
1.616551876068115234e-01
1.613293141126632690e-01
1.610051840543746948e-01
1.606827974319458008e-01
1.603621393442153931e-01
1.600422561168670654e-01
1.597248166799545288e-01
1.594093739986419678e-01
1.590956896543502808e-01
1.587837338447570801e-01
1.584735065698623657e-01
1.581646203994750977e-01
1.578578650951385498e-01
1.575528532266616821e-01
1.572495698928833008e-01
1.569480448961257935e-01
1.566479802131652832e-01
1.563499122858047485e-01
1.560535877943038940e-01
1.557590067386627197e-01
1.554661691188812256e-01
1.551750600337982178e-01
1.548856943845748901e-01
1.545975357294082642e-01
1.543116420507431030e-01
1.540274918079376221e-01
1.537450850009918213e-01
1.534668803215026855e-01
1.531970798969268799e-01
1.529288440942764282e-01
1.526626944541931152e-01
1.523983627557754517e-01
1.521358639001846313e-01
1.518751829862594604e-01
1.516163498163223267e-01
1.513584554195404053e-01
1.511032581329345703e-01
1.508499085903167725e-01
1.505984067916870117e-01
1.503487378358840942e-01
1.501009017229080200e-01
1.498546749353408813e-01
1.496105343103408813e-01
1.493682265281677246e-01
1.491277813911437988e-01
1.488891839981079102e-01
1.486524492502212524e-01
1.484165489673614502e-01
1.481835246086120605e-01
1.479523479938507080e-01
1.477230340242385864e-01
1.474955826997756958e-01
1.472700089216232300e-01
1.470460742712020874e-01
1.468242555856704712e-01
1.466043144464492798e-01
1.463862508535385132e-01
1.461700797080993652e-01
1.459557861089706421e-01
1.457431614398956299e-01
1.455326676368713379e-01
1.453231126070022583e-01
1.451164186000823975e-01
1.449116319417953491e-01
1.447087526321411133e-01
1.445075869560241699e-01
1.443075537681579590e-01
1.441104263067245483e-01
1.439152359962463379e-01
1.437219679355621338e-01
1.435306370258331299e-01
1.433410495519638062e-01
1.431536078453063965e-01
1.429681181907653809e-01
1.427846103906631470e-01
1.426030397415161133e-01
1.424234360456466675e-01
1.422456204891204834e-01
1.420699656009674072e-01
1.418963074684143066e-01
1.417246609926223755e-01
1.415549814701080322e-01
1.413872987031936646e-01
1.412216275930404663e-01
1.410577893257141113e-01
1.408961564302444458e-01
1.407365500926971436e-01
1.405777186155319214e-01
1.404221653938293457e-01
1.402686685323715210e-01
1.401170343160629272e-01
1.399676352739334106e-01
1.398203223943710327e-01
1.396750658750534058e-01
1.395702362060546875e-01
1.394865661859512329e-01
1.394052207469940186e-01
1.393249034881591797e-01
1.392477005720138550e-01
1.391728371381759644e-01
1.391000002622604370e-01
1.390295177698135376e-01
1.389610320329666138e-01
1.388948112726211548e-01
1.388309597969055176e-01
1.387691795825958252e-01
1.387098133563995361e-01
1.386509686708450317e-01
1.385949999094009399e-01
1.385424286127090454e-01
1.384920328855514526e-01
1.384440809488296509e-01
1.383982747793197632e-01
1.383548229932785034e-01
1.383138895034790039e-01
1.382751315832138062e-01
1.382389366626739502e-01
1.382049918174743652e-01
1.381726115942001343e-01
1.381434649229049683e-01
1.381167620420455933e-01
1.380926519632339478e-01
1.380708366632461548e-01
1.380516886711120605e-01
1.380348652601242065e-01
1.380205154418945312e-01
1.380089074373245239e-01
1.379996389150619507e-01
1.379921138286590576e-01
1.379879862070083618e-01
1.379864513874053955e-01
1.379876732826232910e-01
1.379913538694381714e-01
1.379978507757186890e-01
1.380068361759185791e-01
1.380186378955841064e-01
1.380330175161361694e-01
1.380500793457031250e-01
1.380690336227416992e-01
1.380915641784667969e-01
1.381170451641082764e-01
1.381451338529586792e-01
1.381760239601135254e-01
1.382099390029907227e-01
1.382465064525604248e-01
1.382860839366912842e-01
1.383284330368041992e-01
1.383736580610275269e-01
1.384209841489791870e-01
1.384721100330352783e-01
1.385263204574584961e-01
1.385833919048309326e-01
1.386434584856033325e-01
1.387067586183547974e-01
1.387729495763778687e-01
1.388423442840576172e-01
1.389147341251373291e-01
1.389903575181961060e-01
1.390680223703384399e-01
1.391499042510986328e-01
1.392350494861602783e-01
1.393233239650726318e-01
1.394149363040924072e-01
1.395097672939300537e-01
1.396078616380691528e-01
1.397381573915481567e-01
1.399131417274475098e-01
1.400917023420333862e-01
1.402736604213714600e-01
1.404602378606796265e-01
1.406493932008743286e-01
1.408421695232391357e-01
1.410386711359024048e-01
1.412387788295745850e-01
1.414436697959899902e-01
1.416512578725814819e-01
1.418627500534057617e-01
1.420779973268508911e-01
1.422971338033676147e-01
1.425212472677230835e-01
1.427481919527053833e-01
1.429791003465652466e-01
1.432141363620758057e-01
1.434531062841415405e-01
1.436971873044967651e-01
1.439443826675415039e-01
1.441957652568817139e-01
1.444513350725173950e-01
1.447111219167709351e-01
1.449762284755706787e-01
1.452446281909942627e-01
1.455173492431640625e-01
1.457945406436920166e-01
1.460760533809661865e-01
1.463631093502044678e-01
1.466538608074188232e-01
1.469489634037017822e-01
1.472486555576324463e-01
1.475530266761779785e-01
1.478621512651443481e-01
1.481769979000091553e-01
1.484998315572738647e-01
1.488233208656311035e-01
1.491516679525375366e-01
1.494848579168319702e-01
1.498242020606994629e-01
1.501674205064773560e-01
1.505156606435775757e-01
1.508690416812896729e-01
1.512276530265808105e-01
1.515924632549285889e-01
1.519614756107330322e-01
1.523358225822448730e-01
1.527154892683029175e-01
1.531005352735519409e-01
1.534922420978546143e-01
1.538882553577423096e-01
1.542898863554000854e-01
1.546971797943115234e-01
1.551100313663482666e-01
1.555297374725341797e-01
1.559541374444961548e-01
1.563844680786132812e-01
1.568206101655960083e-01
1.572626978158950806e-01
1.577119678258895874e-01
1.581660956144332886e-01
1.586263626813888550e-01
1.590928882360458374e-01
1.595712602138519287e-01
1.600514203310012817e-01
1.605368256568908691e-01
1.610287427902221680e-01
1.615270227193832397e-01
1.620318591594696045e-01
1.625445336103439331e-01
1.630626767873764038e-01
1.635875105857849121e-01
1.641192883253097534e-01
1.646578013896942139e-01
1.652044057846069336e-01
1.657580733299255371e-01
1.663286387920379639e-01
1.669074743986129761e-01
1.674921661615371704e-01
1.680852621793746948e-01
1.686843335628509521e-01
1.692918837070465088e-01
1.699068546295166016e-01
1.705279201269149780e-01
1.711577475070953369e-01
1.718011945486068726e-01
1.724461913108825684e-01
1.730989068746566772e-01
1.737581938505172729e-01
1.744266748428344727e-01
1.751017123460769653e-01
1.757858246564865112e-01
1.764782667160034180e-01
1.771774441003799438e-01
1.778860241174697876e-01
1.786017417907714844e-01
1.793269366025924683e-01
1.800673156976699829e-01
1.808095723390579224e-01
1.815602928400039673e-01
1.823184192180633545e-01
1.830864846706390381e-01
1.838622093200683594e-01
1.846479177474975586e-01
1.854425519704818726e-01
1.862451583147048950e-01
1.870578974485397339e-01
1.878786385059356689e-01
1.887099891901016235e-01
1.895582675933837891e-01
1.904082894325256348e-01
1.912676841020584106e-01
1.921356618404388428e-01
1.930143237113952637e-01
1.939014047384262085e-01
1.947997659444808960e-01
1.957077533006668091e-01
1.966243386268615723e-01
1.975524872541427612e-01
1.984893083572387695e-01
1.994375735521316528e-01
2.004052549600601196e-01
2.013742923736572266e-01
2.023536264896392822e-01
2.033422142267227173e-01
2.043429166078567505e-01
2.053527832031250000e-01
2.063745707273483276e-01
2.074075043201446533e-01
2.084496915340423584e-01
2.095041424036026001e-01
2.105685025453567505e-01
2.116451710462570190e-01
2.127445787191390991e-01
2.138423472642898560e-01
2.149531841278076172e-01
2.160737365484237671e-01
2.172071188688278198e-01
2.183507978916168213e-01
2.195073813199996948e-01
2.206756323575973511e-01
2.218544781208038330e-01
2.230465263128280640e-01
2.242488563060760498e-01
2.254773527383804321e-01
2.267055511474609375e-01
2.279442399740219116e-01
2.291964590549468994e-01
2.304597198963165283e-01
2.317363321781158447e-01
2.330241054296493530e-01
2.343258261680603027e-01
2.356397807598114014e-01
2.369647473096847534e-01
2.383180260658264160e-01
2.396683394908905029e-01
2.410328686237335205e-01
2.424139082431793213e-01
2.438578009605407715e-01
2.453143298625946045e-01
2.467842102050781250e-01
2.482684403657913208e-01
2.497787475585937500e-01
2.512872517108917236e-01
2.528094649314880371e-01
2.543455660343170166e-01
2.558933794498443604e-01
2.574543654918670654e-01
2.590304613113403320e-01
2.606334090232849121e-01
2.622338235378265381e-01
2.638476490974426270e-01
2.654758691787719727e-01
2.671160399913787842e-01
2.687694132328033447e-01
2.704371511936187744e-01
2.721331417560577393e-01
2.738263607025146484e-01
2.755320966243743896e-01
2.772523164749145508e-01
2.789841592311859131e-01
2.807292938232421875e-01
2.824877798557281494e-01
2.842775881290435791e-01
2.860617339611053467e-01
2.878583669662475586e-01
2.896699607372283936e-01
2.914925217628479004e-01
2.933274209499359131e-01
2.951749861240386963e-01
2.970364987850189209e-01
2.989284396171569824e-01
3.008134961128234863e-01
3.027109205722808838e-01
3.046224117279052734e-01
3.065446615219116211e-01
3.084783554077148438e-01
3.104257881641387939e-01
3.124022483825683594e-01
3.143721520900726318e-01
3.163530230522155762e-01
3.183466494083404541e-01
3.203497827053070068e-01
3.223640322685241699e-01
3.243904113769531250e-01
3.264479935169219971e-01
3.284945785999298096e-01
3.305521309375762939e-01
3.326220214366912842e-01
3.346994817256927490e-01
3.367871046066284180e-01
3.388842046260833740e-01
3.409921228885650635e-01
3.431293666362762451e-01
3.452546298503875732e-01
3.473897874355316162e-01
3.495319485664367676e-01
3.516834378242492676e-01
3.538420200347900391e-01
3.560100197792053223e-01
3.582054078578948975e-01
3.603872656822204590e-01
3.625755608081817627e-01
3.647721707820892334e-01
3.669735789299011230e-01
3.691808581352233887e-01
3.714178204536437988e-01
3.736366629600524902e-01
3.758603930473327637e-01
3.780889511108398438e-01
3.803246021270751953e-01
3.825834691524505615e-01
3.848244249820709229e-01
3.870690166950225830e-01
3.893179297447204590e-01
3.915688097476959229e-01
3.938211202621459961e-01
3.960989713668823242e-01
3.983546793460845947e-01
4.006120562553405762e-01
4.028700590133666992e-01
4.051293134689331055e-01
4.074084758758544922e-01
4.096660017967224121e-01
4.119228422641754150e-01
4.141788482666015625e-01
4.164245426654815674e-01
4.186864495277404785e-01
4.209221005439758301e-01
4.231561720371246338e-01
4.253857731819152832e-01
4.276102483272552490e-01
4.298515021800994873e-01
4.320668876171112061e-01
4.342751801013946533e-01
4.364757239818572998e-01
4.386711418628692627e-01
4.408810734748840332e-01
4.430611729621887207e-01
4.452333152294158936e-01
4.473971128463745117e-01
4.495524168014526367e-01
4.517163336277008057e-01
4.538516104221343994e-01
4.559758603572845459e-01
4.580892026424407959e-01
4.601925015449523926e-01
4.623029828071594238e-01
4.643808603286743164e-01
4.664451181888580322e-01
4.684979021549224854e-01
4.705363512039184570e-01
4.725604653358459473e-01
4.745900630950927734e-01
4.765855669975280762e-01
4.785649776458740234e-01
4.805274605751037598e-01
4.824746847152709961e-01
4.844245314598083496e-01
4.863381683826446533e-01
4.882337450981140137e-01
4.901115596294403076e-01
4.919720292091369629e-01
4.938294887542724609e-01
4.956509768962860107e-01
4.974528849124908447e-01
4.992360472679138184e-01
5.009976625442504883e-01
5.027554035186767578e-01
5.044745206832885742e-01
5.061739087104797363e-01
5.078508853912353516e-01
5.095061063766479492e-01
5.111540555953979492e-01
5.127644538879394531e-01
5.143512487411499023e-01
5.159138441085815430e-01
5.174536705017089844e-01
5.189848542213439941e-01
5.204767584800720215e-01
5.219440460205078125e-01
5.233868360519409180e-01
5.248188376426696777e-01
5.262103080749511719e-01
5.275775194168090820e-01
5.289191603660583496e-01
5.302482247352600098e-01
5.315380096435546875e-01
5.328015685081481934e-01
5.340393185615539551e-01
5.352610349655151367e-01
5.364452004432678223e-01
5.376029610633850098e-01
5.387335419654846191e-01
5.398474335670471191e-01
5.409245491027832031e-01
5.419739484786987305e-01
5.429949760437011719e-01
5.439989566802978516e-01
5.449668169021606445e-01
5.459066629409790039e-01
5.468192100524902344e-01
5.477123856544494629e-01
5.485700964927673340e-01
5.493990182876586914e-01
5.502015948295593262e-01
5.509835481643676758e-01
5.517312884330749512e-01
5.524513125419616699e-01
5.531441569328308105e-01
5.538154244422912598e-01
5.544527769088745117e-01
5.550638437271118164e-01
5.556477904319763184e-01
5.562095642089843750e-01
5.567398667335510254e-01
5.572431087493896484e-01
5.577198863029479980e-01
5.581730008125305176e-01
5.585969090461730957e-01
5.589945316314697266e-01
5.593815445899963379e-01
5.597586035728454590e-01
5.601079463958740234e-01
5.604315400123596191e-01
5.607298016548156738e-01
5.610007047653198242e-01
5.612447261810302734e-01
5.614638924598693848e-01
5.616576075553894043e-01
5.618258118629455566e-01
5.619682073593139648e-01
5.620867013931274414e-01
5.621797442436218262e-01
5.622493028640747070e-01
5.622941255569458008e-01
5.623160600662231445e-01
5.623127222061157227e-01
5.622879266738891602e-01
5.622395873069763184e-01
5.621694922447204590e-01
5.620743036270141602e-01
5.619599819183349609e-01
5.618229508399963379e-01
5.616654753684997559e-01
5.614833235740661621e-01
5.612841844558715820e-01
5.610635280609130859e-01
5.608236193656921387e-01
5.605599284172058105e-01
5.602806210517883301e-01
5.599813461303710938e-01
5.596641898155212402e-01
5.593237280845642090e-01
5.589696764945983887e-01
5.585969090461730957e-01
5.582079291343688965e-01
5.577955842018127441e-01
5.573719739913940430e-01
5.569310188293457031e-01
5.564697384834289551e-01
5.559963583946228027e-01
5.555084347724914551e-01
5.549985170364379883e-01
5.544806122779846191e-01
5.539468526840209961e-01
5.533934831619262695e-01
5.528317689895629883e-01
5.522567033767700195e-01
5.516608953475952148e-01
5.510594844818115234e-01
5.504447817802429199e-01
5.498113036155700684e-01
5.491714477539062500e-01
5.485213398933410645e-01
5.478509068489074707e-01
5.471774339675903320e-01
5.464920997619628906e-01
5.457899570465087891e-01
5.450835227966308594e-01
5.443680882453918457e-01
5.436344146728515625e-01
5.428996682167053223e-01
5.421546697616577148e-01
5.413933992385864258e-01
5.406313538551330566e-01
5.398613214492797852e-01
5.390820503234863281e-01
5.382875204086303711e-01
5.374934673309326172e-01
5.366923809051513672e-01
5.358744263648986816e-01
5.350600481033325195e-01
5.342375040054321289e-01
5.334005355834960938e-01
5.325652956962585449e-01
5.317259430885314941e-01
5.308701992034912109e-01
5.300190448760986328e-01
5.291623473167419434e-01
5.282920002937316895e-01
5.274246931076049805e-01
5.265541076660156250e-01
5.256696343421936035e-01
5.247904062271118164e-01
5.239063501358032227e-01
5.230109691619873047e-01
5.221195220947265625e-01
5.212259888648986816e-01
5.203188657760620117e-01
5.194199681282043457e-01
5.185164213180541992e-01
5.176018476486206055e-01
5.166932940483093262e-01
5.157844424247741699e-01
5.148717164993286133e-01
5.139485597610473633e-01
5.130327939987182617e-01
5.121160745620727539e-01
5.111869573593139648e-01
5.102673172950744629e-01
5.093465447425842285e-01
5.084152817726135254e-01
5.074918270111083984e-01
5.065775513648986816e-01
5.057505369186401367e-01
5.049343705177307129e-01
5.041173100471496582e-01
5.032911300659179688e-01
5.024760961532592773e-01
5.016601085662841797e-01
5.008363723754882812e-01
5.000209808349609375e-01
4.992082417011260986e-01
4.983855187892913818e-01
4.975745975971221924e-01
4.967647790908813477e-01
4.959442019462585449e-01
4.951364398002624512e-01
4.943288862705230713e-01
4.935140609741210938e-01
4.927082657814025879e-01
4.918963313102722168e-01
4.910954236984252930e-01
4.902949929237365723e-01
4.894870519638061523e-01
4.886899292469024658e-01
4.878861010074615479e-01
4.870925843715667725e-01
4.863012731075286865e-01
4.855030775070190430e-01
4.847152829170227051e-01
4.839212894439697266e-01
4.831375181674957275e-01
4.823563992977142334e-01
4.815676212310791016e-01
4.807916581630706787e-01
4.800178408622741699e-01
4.792350828647613525e-01
4.784661233425140381e-01
4.776889085769653320e-01
4.769245982170104980e-01
4.761608541011810303e-01
4.753923416137695312e-01
4.746356308460235596e-01
4.738711118698120117e-01
4.731187224388122559e-01
4.723685979843139648e-01
4.716133177280426025e-01
4.708686172962188721e-01
4.701187908649444580e-01
4.693799614906311035e-01
4.686434268951416016e-01
4.679020345211029053e-01
4.671712219715118408e-01
4.664348065853118896e-01
4.657096266746520996e-01
4.649886786937713623e-01
4.642620086669921875e-01
4.635448753833770752e-01
4.628239572048187256e-01
4.621136486530303955e-01
4.614075124263763428e-01
4.606936275959014893e-01
4.599936306476593018e-01
4.592966139316558838e-01
4.585928022861480713e-01
4.579019248485565186e-01
4.572037160396575928e-01
4.565188884735107422e-01
4.558360576629638672e-01
4.551493823528289795e-01
4.544720053672790527e-01
4.537915587425231934e-01
4.531225264072418213e-01
4.524554312229156494e-01
4.517838060855865479e-01
4.511230587959289551e-01
4.504587650299072266e-01
4.498042762279510498e-01
4.491536021232604980e-01
4.484989345073699951e-01
4.478541910648345947e-01
4.472059011459350586e-01
4.465675652027130127e-01
4.459329843521118164e-01
4.452932178974151611e-01
4.446658492088317871e-01
4.440339803695678711e-01
4.434109330177307129e-01
4.427931904792785645e-01
4.421698749065399170e-01
4.415584802627563477e-01
4.409484267234802246e-01
4.403361082077026367e-01
4.397345483303070068e-01
4.391273856163024902e-01
4.385315179824829102e-01
4.379383027553558350e-01
4.373422265052795410e-01
4.367554783821105957e-01
4.361652135848999023e-01
4.355860650539398193e-01
4.350018203258514404e-01
4.344291687011718750e-01
4.338513910770416260e-01
4.332843422889709473e-01
4.327130019664764404e-01
4.321531653404235840e-01
4.315893948078155518e-01
4.310339093208312988e-01
4.304767251014709473e-01
4.299281537532806396e-01
4.293842017650604248e-01
4.288344979286193848e-01
4.282966852188110352e-01
4.277554154396057129e-01
4.272170364856719971e-01
4.266731142997741699e-01
4.261380732059478760e-01
4.256001710891723633e-01
4.250718653202056885e-01
4.245398640632629395e-01
4.240173995494842529e-01
4.234927296638488770e-01
4.229760766029357910e-01
4.224553108215332031e-01
4.219445884227752686e-01
4.214367270469665527e-01
4.209253787994384766e-01
4.204233288764953613e-01
4.199179112911224365e-01
4.194214642047882080e-01
4.189231395721435547e-01
4.184318184852600098e-01
4.179378449916839600e-01
4.174529314041137695e-01
4.169647693634033203e-01
4.164854288101196289e-01
4.160029292106628418e-01
4.155292809009552002e-01
4.150524437427520752e-01
4.145848453044891357e-01
4.141195118427276611e-01
4.136509895324707031e-01
4.131911396980285645e-01
4.127281904220581055e-01
4.122738540172576904e-01
4.118163585662841797e-01
4.113674759864807129e-01
4.109160900115966797e-01
4.104725420475006104e-01
4.100260436534881592e-01
4.095878005027770996e-01
4.091466963291168213e-01
4.087137877941131592e-01
4.082780182361602783e-01
4.078497588634490967e-01
4.074246883392333984e-01
4.069980978965759277e-01
4.065783321857452393e-01
4.061556458473205566e-01
4.057410061359405518e-01
4.053236544132232666e-01
4.049141108989715576e-01
4.045011997222900391e-01
4.040967822074890137e-01
4.036896526813507080e-01
4.032914936542510986e-01
4.028894901275634766e-01
4.024951159954071045e-01
4.020980298519134521e-01
4.017085731029510498e-01
4.013209939002990723e-01
4.009314477443695068e-01
4.005493223667144775e-01
4.001646637916564941e-01
3.997886776924133301e-01
3.994089066982269287e-01
3.990364670753479004e-01
3.986609876155853271e-01
3.982932567596435547e-01
3.979231715202331543e-01
3.975602090358734131e-01
3.971948325634002686e-01
3.968378305435180664e-01
3.964771926403045654e-01
3.961235582828521729e-01
3.957669734954833984e-01
3.954179286956787109e-01
3.950666189193725586e-01
3.947175443172454834e-01
3.943753540515899658e-01
3.940308690071105957e-01
3.936944007873535156e-01
3.933544456958770752e-01
3.930206298828125000e-01
3.926852047443389893e-01
3.923563063144683838e-01
3.920252919197082520e-01
3.917008340358734131e-01
3.913741409778594971e-01
3.910497426986694336e-01
3.907324373722076416e-01
3.904123008251190186e-01
3.900985717773437500e-01
3.897827565670013428e-01
3.894732296466827393e-01
3.891616761684417725e-01
3.888563811779022217e-01
3.885490894317626953e-01
3.882473409175872803e-01
3.879453837871551514e-01
3.876443207263946533e-01
3.873492479324340820e-01
3.870522975921630859e-01
3.867613077163696289e-01
3.864683806896209717e-01
3.861814439296722412e-01
3.858920335769653320e-01
3.856090605258941650e-01
3.853253722190856934e-01
3.850463330745697021e-01
3.847653865814208984e-01
3.844863772392272949e-01
3.842131793498992920e-01
3.839375674724578857e-01
3.836681842803955078e-01
3.833969533443450928e-01
3.831325769424438477e-01
3.828651607036590576e-01
3.826033473014831543e-01
3.823396861553192139e-01
3.820779919624328613e-01
3.818211555480957031e-01
3.815631270408630371e-01
3.813105821609497070e-01
3.810561895370483398e-01
3.808084726333618164e-01
3.805511891841888428e-01
3.802855610847473145e-01
3.800165057182312012e-01
3.797538280487060547e-01
3.794886767864227295e-01
3.792258799076080322e-01
3.789670169353485107e-01
3.787081241607666016e-01
3.784525692462921143e-01
3.781965374946594238e-01
3.779447376728057861e-01
3.776919841766357422e-01
3.774441778659820557e-01
3.771939575672149658e-01
3.769493699073791504e-01
3.767019212245941162e-01
3.764577805995941162e-01
3.762167692184448242e-01
3.759753108024597168e-01
3.757379055023193359e-01
3.754996359348297119e-01
3.752648234367370605e-01
3.750301301479339600e-01
3.747984766960144043e-01
3.745668232440948486e-01
3.743381798267364502e-01
3.741092085838317871e-01
3.738810122013092041e-01
3.736580610275268555e-01
3.734336197376251221e-01
3.732128739356994629e-01
3.729914128780364990e-01
3.727732300758361816e-01
3.725551366806030273e-01
3.723369240760803223e-01
3.721242547035217285e-01
3.719093799591064453e-01
3.716996014118194580e-01
3.714871406555175781e-01
3.712778091430664062e-01
3.710710704326629639e-01
3.708640933036804199e-01
3.706578016281127930e-01
3.704564571380615234e-01
3.702537119388580322e-01
3.700516223907470703e-01
3.698543906211853027e-01
3.696545958518981934e-01
3.694605231285095215e-01
3.692634701728820801e-01
3.690689504146575928e-01
3.688776791095733643e-01
3.686858713626861572e-01
3.684942126274108887e-01
3.683080673217773438e-01
3.681190609931945801e-01
3.679351508617401123e-01
3.677491247653961182e-01
3.675652146339416504e-01
3.673851490020751953e-01
3.672030270099639893e-01
3.670229613780975342e-01
3.668455183506011963e-01
3.666684031486511230e-01
3.664909601211547852e-01
3.663184344768524170e-01
3.661439120769500732e-01
3.659738302230834961e-01
3.658013641834259033e-01
3.656316995620727539e-01
3.654640913009643555e-01
3.652964830398559570e-01
3.651292920112609863e-01
3.649664819240570068e-01
3.648024201393127441e-01
3.646411597728729248e-01
3.644795417785644531e-01
3.643178641796112061e-01
3.641612827777862549e-01
3.640019893646240234e-01
3.638449907302856445e-01
3.636906743049621582e-01
3.635360300540924072e-01
3.633813261985778809e-01
3.632315397262573242e-01
3.630791008472442627e-01
3.629312217235565186e-01
3.627813458442687988e-01
3.626334369182586670e-01
3.624880313873291016e-01
3.623422980308532715e-01
3.621976971626281738e-01
3.620554804801940918e-01
3.619130253791809082e-01
3.617726266384124756e-01
3.616327047348022461e-01
3.614922761917114258e-01
3.613561987876892090e-01
3.612182736396789551e-01
3.610821962356567383e-01
3.609480559825897217e-01
3.608143925666809082e-01
3.606802821159362793e-01
3.605503439903259277e-01
3.604186177253723145e-01
3.602907061576843262e-01
3.601618111133575439e-01
3.600330650806427002e-01
3.599081337451934814e-01
3.597810864448547363e-01
3.596564531326293945e-01
3.595333397388458252e-01
3.594103753566741943e-01
3.592875301837921143e-01
3.591684401035308838e-01
3.590472042560577393e-01
3.589302897453308105e-01
3.588109910488128662e-01
3.586937785148620605e-01
3.585785329341888428e-01
3.584631681442260742e-01
3.583487272262573242e-01
3.582362532615661621e-01
3.581236600875854492e-01
3.580108582973480225e-01
3.579021990299224854e-01
3.577912151813507080e-01
3.576822578907012939e-01
3.575733900070190430e-01
3.574679791927337646e-01
3.573605418205261230e-01
3.572554290294647217e-01
3.571515083312988281e-01
3.570478260517120361e-01
3.569363653659820557e-01
3.567570447921752930e-01
3.565791249275207520e-01
3.564019203186035156e-01
3.562255501747131348e-01
3.560509979724884033e-01
3.558767139911651611e-01
3.557026088237762451e-01
3.555303812026977539e-01
3.553600013256072998e-01
3.551898598670959473e-01
3.550198674201965332e-01
3.548517525196075439e-01
3.546865582466125488e-01
3.545193672180175781e-01
3.543545305728912354e-01
3.541909456253051758e-01
3.540281653404235840e-01
3.538649976253509521e-01
3.537041544914245605e-01
3.535445332527160645e-01
3.533856868743896484e-01
3.532264232635498047e-01
3.530710637569427490e-01
3.529148995876312256e-01
3.527588248252868652e-01
3.526045680046081543e-01
3.524519503116607666e-01
3.522996008396148682e-01
3.521473705768585205e-01
3.519969582557678223e-01
3.518480658531188965e-01
3.516995012760162354e-01
3.515521287918090820e-01
3.514057993888854980e-01
3.512602746486663818e-01
3.511143624782562256e-01
3.509706556797027588e-01
3.508279919624328613e-01
3.506861329078674316e-01
3.505438566207885742e-01
3.504052162170410156e-01
3.502647280693054199e-01
3.501265048980712891e-01
3.499889075756072998e-01
3.498527109622955322e-01
3.497169017791748047e-01
