9.032438993453979492e-01
9.204128384590148926e-01
9.357297420501708984e-01
9.481513500213623047e-01
9.566162824630737305e-01
9.610843658447265625e-01
9.622414708137512207e-01
9.608078002929687500e-01
9.572427272796630859e-01
9.518427848815917969e-01
9.450344443321228027e-01
9.368887543678283691e-01
9.273226857185363770e-01
9.164112210273742676e-01
9.041006565093994141e-01
8.904993534088134766e-01
8.758458495140075684e-01
8.601747751235961914e-01
8.438639640808105469e-01
8.273300528526306152e-01
8.109447956085205078e-01
7.950155138969421387e-01
7.796902060508728027e-01
7.650715708732604980e-01
7.511819005012512207e-01
7.382106781005859375e-01
7.260210514068603516e-01
7.146367430686950684e-01
7.039058804512023926e-01
6.937760114669799805e-01
6.842233538627624512e-01
6.752324104309082031e-01
6.666782498359680176e-01
6.585546135902404785e-01
6.509552001953125000e-01
6.439126729965209961e-01
6.374204754829406738e-01
6.315348744392395020e-01
6.260070204734802246e-01
6.208027005195617676e-01
6.158457994461059570e-01
6.106576919555664062e-01
6.046541929244995117e-01
5.983316898345947266e-01
5.931941270828247070e-01
5.895690321922302246e-01
5.869263410568237305e-01
5.848715305328369141e-01
5.832425951957702637e-01
5.820038914680480957e-01
5.811136364936828613e-01
5.802167057991027832e-01
5.797199606895446777e-01
5.796466469764709473e-01
5.800159573554992676e-01
5.808500647544860840e-01
5.821627974510192871e-01
5.840546488761901855e-01
5.865378379821777344e-01
5.895568728446960449e-01
5.931244492530822754e-01
5.972433686256408691e-01
6.018898487091064453e-01
6.071006059646606445e-01
6.127929091453552246e-01
6.190073490142822266e-01
6.257854700088500977e-01
6.331183314323425293e-01
6.409928798675537109e-01
6.494100093841552734e-01
6.583191752433776855e-01
6.676887273788452148e-01
6.775619983673095703e-01
6.881392598152160645e-01
7.005345225334167480e-01
7.123303413391113281e-01
7.228935956954956055e-01
7.344225645065307617e-01
7.465266585350036621e-01
7.590337991714477539e-01
7.718569040298461914e-01
7.849638462066650391e-01
7.982537150382995605e-01
8.116970658302307129e-01
8.252283334732055664e-01
8.387653827667236328e-01
8.522098660469055176e-01
8.654536008834838867e-01
8.782525658607482910e-01
8.904991149902343750e-01
9.021400809288024902e-01
9.130491614341735840e-01
9.231338500976562500e-01
9.323914051055908203e-01
9.407614469528198242e-01
9.482328295707702637e-01
9.547738432884216309e-01
9.603665471076965332e-01
9.650281667709350586e-01
9.687467813491821289e-01
9.715219140052795410e-01
9.733813405036926270e-01
9.743704795837402344e-01
9.744874238967895508e-01
9.737591743469238281e-01
9.722111225128173828e-01
9.698826074600219727e-01
9.667993783950805664e-01
9.630139470100402832e-01
9.585508108139038086e-01
9.533866643905639648e-01
9.475976228713989258e-01
9.412724375724792480e-01
9.344339370727539062e-01
9.271575808525085449e-01
9.194631576538085938e-01
9.114483594894409180e-01
9.031472802162170410e-01
8.945943117141723633e-01
8.858518600463867188e-01
8.769688010215759277e-01
8.679480552673339844e-01
8.588451147079467773e-01
8.496934175491333008e-01
8.405399322509765625e-01
8.313730359077453613e-01
8.222311735153198242e-01
8.131511807441711426e-01
8.042264580726623535e-01
7.953886389732360840e-01
7.866112589836120605e-01
7.779557108879089355e-01
7.693936824798583984e-01
7.609461545944213867e-01
7.526017427444458008e-01
7.443478107452392578e-01
7.362228631973266602e-01
7.280705571174621582e-01
7.199903130531311035e-01
7.120534181594848633e-01
7.042447924613952637e-01
6.965542435646057129e-01
6.890136003494262695e-01
6.816097497940063477e-01
6.743313670158386230e-01
6.672080755233764648e-01
6.602489352226257324e-01
6.535095572471618652e-01
6.469298005104064941e-01
6.404982209205627441e-01
6.285402774810791016e-01
6.225459575653076172e-01
6.166905760765075684e-01
6.109970211982727051e-01
6.054544448852539062e-01
6.000617146492004395e-01
5.948172807693481445e-01
5.898650288581848145e-01
5.850555300712585449e-01
5.804005265235900879e-01
5.758877396583557129e-01
5.715141892433166504e-01
5.672832727432250977e-01
5.631890892982482910e-01
5.592166185379028320e-01
5.553505420684814453e-01
5.515987873077392578e-01
5.479779839515686035e-01
5.444890856742858887e-01
5.411061644554138184e-01
5.378332734107971191e-01
5.346958041191101074e-01
5.317262411117553711e-01
5.289864540100097656e-01
5.265195369720458984e-01
5.243637561798095703e-01
5.225344896316528320e-01
5.210349559783935547e-01
5.198386311531066895e-01
5.189115405082702637e-01
5.182300209999084473e-01
5.177694559097290039e-01
5.175105929374694824e-01
5.174403786659240723e-01
5.175518989562988281e-01
5.178390145301818848e-01
5.183020830154418945e-01
5.189374685287475586e-01
5.197497010231018066e-01
5.207380056381225586e-01
5.217985510826110840e-01
5.230337381362915039e-01
5.244401097297668457e-01
5.260291695594787598e-01
5.277901887893676758e-01
5.297303199768066406e-01
5.318419337272644043e-01
5.341325998306274414e-01
5.366006493568420410e-01
5.392476320266723633e-01
5.420717597007751465e-01
5.450747013092041016e-01
5.481643676757812500e-01
5.514270067214965820e-01
5.548645853996276855e-01
5.584775209426879883e-01
5.622741580009460449e-01
5.662338733673095703e-01
5.703659653663635254e-01
5.746683478355407715e-01
5.791407227516174316e-01
5.837822556495666504e-01
5.885788202285766602e-01
5.935400724411010742e-01
5.985854268074035645e-01
6.036885380744934082e-01
6.089749932289123535e-01
6.144269704818725586e-01
6.200281381607055664e-01
6.258076429367065430e-01
6.317463517189025879e-01
6.378424763679504395e-01
6.440736651420593262e-01
6.504728198051452637e-01
6.570187807083129883e-01
6.636875867843627930e-01
6.705127358436584473e-01
6.775465607643127441e-01
6.848261952400207520e-01
6.922419071197509766e-01
6.997470259666442871e-01
7.073541879653930664e-01
7.150352001190185547e-01
7.228252291679382324e-01
7.306739687919616699e-01
7.386165261268615723e-01
7.466008067131042480e-01
7.546625733375549316e-01
7.627491950988769531e-01
7.708963155746459961e-01
7.790508270263671875e-01
7.872728109359741211e-01
7.954990863800048828e-01
8.037530183792114258e-01
8.119868636131286621e-01
8.202455043792724609e-01
8.285000920295715332e-01
8.368315696716308594e-01
8.453307747840881348e-01
8.555987477302551270e-01
8.624503612518310547e-01
8.692038655281066895e-01
8.757617473602294922e-01
8.821070790290832520e-01
8.884046673774719238e-01
8.950462341308593750e-01
9.025132060050964355e-01
9.108937978744506836e-01
9.192348718643188477e-01
9.267533421516418457e-01
9.333203434944152832e-01
9.391922354698181152e-01
9.445928931236267090e-01
9.496141076087951660e-01
9.543453454971313477e-01
9.587886929512023926e-01
9.629794955253601074e-01
9.668978452682495117e-01
9.705442786216735840e-01
9.739356040954589844e-01
9.770522713661193848e-01
9.799246191978454590e-01
9.825093746185302734e-01
9.848115444183349609e-01
9.868348240852355957e-01
9.885676503181457520e-01
9.900196194648742676e-01
9.911841154098510742e-01
9.920696020126342773e-01
9.926752448081970215e-01
9.930078983306884766e-01
9.930711984634399414e-01
9.928703904151916504e-01
9.924136400222778320e-01
9.917036294937133789e-01
9.907519221305847168e-01
9.895615577697753906e-01
9.881596565246582031e-01
9.865316152572631836e-01
9.846886396408081055e-01
9.826438426971435547e-01
9.803918600082397461e-01
9.779526591300964355e-01
9.753180146217346191e-01
9.725015759468078613e-01
9.695196747779846191e-01
9.663602113723754883e-01
9.630492925643920898e-01
9.595729112625122070e-01
9.559471607208251953e-01
9.521908164024353027e-01
9.482868313789367676e-01
9.442656040191650391e-01
9.401132464408874512e-01
9.358488917350769043e-01
9.314879179000854492e-01
9.270099997520446777e-01
9.224481582641601562e-01
9.177951812744140625e-01
9.130562543869018555e-01
9.082378745079040527e-01
9.033461213111877441e-01
8.984006643295288086e-01
8.933768272399902344e-01
8.882954716682434082e-01
8.831618428230285645e-01
8.779805302619934082e-01
8.727563619613647461e-01
8.675102591514587402e-01
8.622144460678100586e-01
8.568899631500244141e-01
8.516443967819213867e-01
8.464008569717407227e-01
8.411434292793273926e-01
8.358931541442871094e-01
8.306200504302978516e-01
8.253434896469116211e-01
8.200676441192626953e-01
8.148116469383239746e-01
8.095618486404418945e-01
8.043053746223449707e-01
7.990767359733581543e-01
7.938622236251831055e-01
7.886644601821899414e-01
7.834861278533935547e-01
7.783293128013610840e-01
7.731789946556091309e-01
7.680709362030029297e-01
7.629898190498352051e-01
7.579501271247863770e-01
7.529875040054321289e-01
7.480568289756774902e-01
7.431595325469970703e-01
7.382811307907104492e-01
7.334545254707336426e-01
7.286642789840698242e-01
7.239127755165100098e-01
7.192006111145019531e-01
7.145283222198486328e-01
7.098972201347351074e-01
7.053075432777404785e-01
7.007755041122436523e-01
6.962718367576599121e-01
6.918264627456665039e-01
6.874119043350219727e-01
6.830417513847351074e-01
6.787310838699340820e-01
6.744520068168640137e-01
6.702333092689514160e-01
6.661108136177062988e-01
6.621037721633911133e-01
6.581313610076904297e-01
6.542200446128845215e-01
6.503440737724304199e-01
6.465292572975158691e-01
6.427509188652038574e-01
6.390338540077209473e-01
6.353533267974853516e-01
6.317221522331237793e-01
6.281521320343017578e-01
6.246196031570434570e-01
6.211482882499694824e-01
6.177260875701904297e-01
6.143530607223510742e-01
6.110286712646484375e-01
6.077543497085571289e-01
6.045293211936950684e-01
6.013534069061279297e-01
5.982266664505004883e-01
5.951495170593261719e-01
5.921061635017395020e-01
5.891042351722717285e-01
5.861514806747436523e-01
5.832464694976806641e-01
5.803906917572021484e-01
5.775822997093200684e-01
5.748233199119567871e-01
5.721114277839660645e-01
5.694490075111389160e-01
5.668340921401977539e-01
5.642684102058410645e-01
5.617502331733703613e-01
5.592812895774841309e-01
5.568602085113525391e-01
5.544887781143188477e-01
5.521736145019531250e-01
5.498996376991271973e-01
5.476819872856140137e-01
5.455064177513122559e-01
5.433872938156127930e-01
5.413108468055725098e-01
5.392905473709106445e-01
5.372929573059082031e-01
5.353385210037231445e-01
5.334250330924987793e-01
5.315670371055603027e-01
5.297589898109436035e-01
5.279926657676696777e-01
5.262823700904846191e-01
5.246160626411437988e-01
5.230049490928649902e-01
5.214378237724304199e-01
5.199273824691772461e-01
5.184603333473205566e-01
5.170490145683288574e-01
5.156833529472351074e-01
5.143719911575317383e-01
5.131058692932128906e-01
5.118948817253112793e-01
5.107326507568359375e-01
5.096202492713928223e-01
5.085558891296386719e-01
5.075398087501525879e-01
5.065728425979614258e-01
5.056521892547607422e-01
5.047379136085510254e-01
5.035811662673950195e-01
5.024646520614624023e-01
5.013940930366516113e-01
5.003656744956970215e-01
4.993788897991180420e-01
4.984329938888549805e-01
4.975274801254272461e-01
4.966614842414855957e-01
4.958344101905822754e-01
4.950456917285919189e-01
4.942945837974548340e-01
4.935804307460784912e-01
4.929025769233703613e-01
4.922603964805603027e-01
4.916532933712005615e-01
4.910797178745269775e-01
4.905409216880798340e-01
4.900354444980621338e-01
4.895634353160858154e-01
4.891228973865509033e-01
4.887141585350036621e-01
4.883370399475097656e-01
4.879903793334960938e-01
4.876742362976074219e-01
4.873851835727691650e-01
4.871053397655487061e-01
4.868562817573547363e-01
4.866372346878051758e-01
4.864486753940582275e-01
4.862900078296661377e-01
4.861601293087005615e-01
4.860603511333465576e-01
4.859886169433593750e-01
4.859467744827270508e-01
4.859336316585540771e-01
4.859476089477539062e-01
4.859903156757354736e-01
4.860621392726898193e-01
4.861601591110229492e-01
4.862878024578094482e-01
4.864430129528045654e-01
4.866237342357635498e-01
4.868339598178863525e-01
4.870691299438476562e-01
4.873313009738922119e-01
4.876202940940856934e-01
4.879387617111206055e-01
4.882812500000000000e-01
4.886502921581268311e-01
4.890488684177398682e-01
4.894707798957824707e-01
4.899224340915679932e-01
4.904029667377471924e-01
4.909135401248931885e-01
4.914452433586120605e-01
4.920031130313873291e-01
4.925890564918518066e-01
4.931974112987518311e-01
4.938298761844635010e-01
4.944924414157867432e-01
4.951747953891754150e-01
4.958820044994354248e-01
4.966151118278503418e-01
4.973761737346649170e-01
4.981583356857299805e-01
4.989638924598693848e-01
4.997997879981994629e-01
5.006541013717651367e-01
5.015336275100708008e-01
5.024363994598388672e-01
5.033639073371887207e-01
5.043144822120666504e-01
5.052899718284606934e-01
5.062880516052246094e-01
5.073107481002807617e-01
5.083561539649963379e-01
5.094263553619384766e-01
5.105185508728027344e-01
5.116351246833801270e-01
5.127673745155334473e-01
5.138071775436401367e-01
5.148671865463256836e-01
5.159507393836975098e-01
5.170571804046630859e-01
5.181884765625000000e-01
5.193437337875366211e-01
5.205225348472595215e-01
5.217238664627075195e-01
5.229500532150268555e-01
5.241994261741638184e-01
5.254722237586975098e-01
5.267681479454040527e-01
5.280867815017700195e-01
5.294292569160461426e-01
5.307947397232055664e-01
5.321832299232482910e-01
5.335865616798400879e-01
5.350196957588195801e-01
5.364764332771301270e-01
5.379477739334106445e-01
5.394496321678161621e-01
5.409730076789855957e-01
5.425105690956115723e-01
5.440798997879028320e-01
5.456708669662475586e-01
5.472840070724487305e-01
5.489086508750915527e-01
5.505657196044921875e-01
5.522443056106567383e-01
5.539348721504211426e-01
5.556696653366088867e-01
5.574449896812438965e-01
5.592303276062011719e-01
5.610485672950744629e-01
5.628878474235534668e-01
5.647361278533935547e-01
5.666171312332153320e-01
5.685176253318786621e-01
5.704292654991149902e-01
5.723721385002136230e-01
5.743338465690612793e-01
5.763171911239624023e-01
5.783089995384216309e-01
5.803202390670776367e-01
5.823630690574645996e-01
5.844128727912902832e-01
5.864949822425842285e-01
5.885848999023437500e-01
5.907038450241088867e-01
5.928316116333007812e-01
5.949772596359252930e-01
5.971534252166748047e-01
5.993368625640869141e-01
6.015491485595703125e-01
6.037685871124267578e-01
6.060178875923156738e-01
6.082723736763000488e-01
6.105574965476989746e-01
6.128469705581665039e-01
6.151531338691711426e-01
6.174893975257873535e-01
6.198294162750244141e-01
6.221995949745178223e-01
6.245216131210327148e-01
6.268451809883117676e-01
6.291722059249877930e-01
6.315179467201232910e-01
6.338939666748046875e-01
6.362736821174621582e-01
6.386837959289550781e-01
6.410980224609375000e-01
6.435270309448242188e-01
6.459875106811523438e-01
6.484494209289550781e-01
6.509280204772949219e-01
6.534206271171569824e-01
6.559297442436218262e-01
6.584671735763549805e-01
6.610053181648254395e-01
6.635584235191345215e-01
6.661250591278076172e-01
6.687059998512268066e-01
6.713137626647949219e-01
6.739217042922973633e-01
6.765418648719787598e-01
6.791744828224182129e-01
6.818195581436157227e-01
6.844918727874755859e-01
6.871602535247802734e-01
6.898403167724609375e-01
6.925311684608459473e-01
6.952332258224487305e-01
6.979591250419616699e-01
7.006813883781433105e-01
7.034122347831726074e-01
7.061527967453002930e-01
7.089008688926696777e-01
7.116740345954895020e-01
7.144641280174255371e-01
7.173184752464294434e-01
7.201777100563049316e-01
7.230435609817504883e-01
7.259143590927124023e-01
7.287907004356384277e-01
7.316713333129882812e-01
7.345542907714843750e-01
7.374421954154968262e-01
7.403326034545898438e-01
7.432258129119873047e-01
7.461205124855041504e-01
7.490168213844299316e-01
7.519141435623168945e-01
7.548125982284545898e-01
7.577105164527893066e-01
7.606084346771240234e-01
7.635043263435363770e-01
7.663999795913696289e-01
7.692925930023193359e-01
7.721838951110839844e-01
7.750709652900695801e-01
7.779548168182373047e-01
7.808344960212707520e-01
7.837098836898803711e-01
7.865792512893676758e-01
7.894437909126281738e-01
7.923008203506469727e-01
7.951518893241882324e-01
7.979946732521057129e-01
8.008303642272949219e-01
8.036565184593200684e-01
8.064740300178527832e-01
8.092812299728393555e-01
8.120788931846618652e-01
8.148650527000427246e-01
8.176251053810119629e-01
8.203875422477722168e-01
8.231335282325744629e-01
8.258429765701293945e-01
8.285398483276367188e-01
8.312245011329650879e-01
8.338809609413146973e-01
8.365371227264404297e-01
8.391786813735961914e-01
8.446412086486816406e-01
8.472308516502380371e-01
8.497895002365112305e-01
8.523438572883605957e-01
8.548787832260131836e-01
8.573948144912719727e-01
8.598898649215698242e-01
8.623643517494201660e-01
8.648040890693664551e-01
8.672344684600830078e-01
8.696421384811401367e-01
8.720262050628662109e-01
8.743855953216552734e-01
8.767203688621520996e-01
8.790172934532165527e-01
8.813003301620483398e-01
8.835562467575073242e-01
8.857843875885009766e-01
8.879846334457397461e-01
8.901443481445312500e-01
8.922861814498901367e-01
8.943980932235717773e-01
8.964678645133972168e-01
8.985179662704467773e-01
9.005354642868041992e-01
9.025101661682128906e-01
9.044622778892517090e-01
9.063802361488342285e-01
9.082542061805725098e-01
9.101028442382812500e-01
9.119162559509277344e-01
9.136840701103210449e-01
9.154250621795654297e-01
9.171282052993774414e-01
9.187847971916198730e-01
9.205121994018554688e-01
9.222193956375122070e-01
9.238771200180053711e-01
9.255008697509765625e-01
9.270813465118408203e-01
9.286113381385803223e-01
9.301049709320068359e-01
9.315544366836547852e-01
9.329521059989929199e-01
9.343116879463195801e-01
9.356247782707214355e-01
9.368858933448791504e-01
9.381055831909179688e-01
9.392780065536499023e-01
9.403964281082153320e-01
9.414715766906738281e-01
9.424918889999389648e-01
9.434669017791748047e-01
9.443860054016113281e-01
9.452577233314514160e-01
9.460720419883728027e-01
9.468365311622619629e-01
9.475452899932861328e-01
9.481955766677856445e-01
9.487910270690917969e-01
9.493249654769897461e-01
9.498016238212585449e-01
9.502149820327758789e-01
9.505676031112670898e-01
9.508550763130187988e-01
9.510788321495056152e-01
9.512360095977783203e-01
9.513271450996398926e-01
9.513511657714843750e-01
9.513081312179565430e-01
9.511992931365966797e-01
9.510245919227600098e-01
9.507877826690673828e-01
9.504890441894531250e-01
9.501349925994873047e-01
9.497258663177490234e-01
9.492708444595336914e-01
9.487701654434204102e-01
9.482346773147583008e-01
9.476638436317443848e-01
9.470666050910949707e-01
9.464498162269592285e-01
9.458108544349670410e-01
9.451592564582824707e-01
9.444904327392578125e-01
9.438120722770690918e-01
9.431217312812805176e-01
9.424136877059936523e-01
9.416957497596740723e-01
9.409581422805786133e-01
9.402065277099609375e-01
9.394358396530151367e-01
9.386381506919860840e-01
9.378218650817871094e-01
9.369740486145019531e-01
9.361033439636230469e-01
9.352040290832519531e-01
9.342681169509887695e-01
9.333060979843139648e-01
9.323048591613769531e-01
9.312760233879089355e-01
9.302123188972473145e-01
9.291077256202697754e-01
9.279746413230895996e-01
9.267990589141845703e-01
9.255950450897216797e-01
9.243553280830383301e-01
9.230738282203674316e-01
9.217635393142700195e-01
9.204112291336059570e-01
9.190322160720825195e-01
9.176186919212341309e-01
9.161639213562011719e-01
9.146830439567565918e-01
9.131619334220886230e-01
9.116158485412597656e-01
9.100379347801208496e-01
9.084205031394958496e-01
9.067801237106323242e-01
9.051102995872497559e-01
9.034008383750915527e-01
9.016719460487365723e-01
8.999134898185729980e-01
8.981269598007202148e-01
8.963040709495544434e-01
8.944628238677978516e-01
8.925960659980773926e-01
8.906924128532409668e-01
8.887742161750793457e-01
8.869319558143615723e-01
8.850760459899902344e-01
8.831875324249267578e-01
8.812870383262634277e-01
8.793655037879943848e-01
8.774116039276123047e-01
8.754485845565795898e-01
8.734648823738098145e-01
8.714514374732971191e-01
8.694294095039367676e-01
8.673899173736572266e-01
8.653317093849182129e-01
8.632451295852661133e-01
8.611527681350708008e-01
8.590446710586547852e-01
8.569083213806152344e-01
8.547686338424682617e-01
8.526134490966796875e-01
8.504449129104614258e-01
8.482491374015808105e-01
8.460530042648315430e-01
8.438426256179809570e-01
8.416084051132202148e-01
8.393735289573669434e-01
8.371275067329406738e-01
8.348702192306518555e-01
8.325889110565185547e-01
8.303103446960449219e-01
8.280211687088012695e-01
8.257229328155517578e-01
8.234146237373352051e-01
8.210859298706054688e-01
8.187603354454040527e-01
8.164278268814086914e-01
8.140866756439208984e-01
8.117392063140869141e-01
8.093711733818054199e-01
8.070101737976074219e-01
8.046423792839050293e-01
8.022693991661071777e-01
7.998901605606079102e-01
7.975068092346191406e-01
7.951046228408813477e-01
7.927121520042419434e-01
7.903145551681518555e-01
7.879138588905334473e-01
7.855091691017150879e-01
7.830888628959655762e-01
7.806779146194458008e-01
7.782655954360961914e-01
7.758498191833496094e-01
7.734332680702209473e-01
7.710008025169372559e-01
7.685921192169189453e-01
7.662189006805419922e-01
7.638444900512695312e-01
7.614700198173522949e-01
7.590807676315307617e-01
7.567056417465209961e-01
7.543309330940246582e-01
7.519564628601074219e-01
7.495828866958618164e-01
7.472091913223266602e-01
7.448242306709289551e-01
7.424541711807250977e-01
7.400853633880615234e-01
7.377185225486755371e-01
7.353525161743164062e-01
7.329895496368408203e-01
7.306293249130249023e-01
7.282713651657104492e-01
7.259163260459899902e-01
7.235510945320129395e-01
7.212010025978088379e-01
7.188555002212524414e-01
7.165130376815795898e-01
7.141743898391723633e-01
7.118396759033203125e-01
7.095078229904174805e-01
7.071810960769653320e-01
7.048585414886474609e-01
7.025275826454162598e-01
7.002142667770385742e-01
6.979045867919921875e-01
6.956007480621337891e-01
6.933016777038574219e-01
6.910077929496765137e-01
6.887193918228149414e-01
6.864360570907592773e-01
6.841574311256408691e-01
6.818726062774658203e-01
6.796061992645263672e-01
6.773456931114196777e-01
6.750910878181457520e-01
6.728417277336120605e-01
6.705990433692932129e-01
6.683629155158996582e-01
6.661332249641418457e-01
6.639097929000854492e-01
6.616795063018798828e-01
6.594694256782531738e-01
6.572658419609069824e-01
6.550692319869995117e-01
6.528792977333068848e-01
6.506954431533813477e-01
6.485195159912109375e-01
6.463507413864135742e-01
6.441891193389892578e-01
6.420346498489379883e-01
6.398875117301940918e-01
6.377470493316650391e-01
6.356144547462463379e-01
6.335004568099975586e-01
6.314378976821899414e-01
6.293829083442687988e-01
6.273356676101684570e-01
6.252961754798889160e-01
6.232644319534301758e-01
6.212400197982788086e-01
6.192234754562377930e-01
6.172148585319519043e-01
6.152129769325256348e-01
6.132197976112365723e-01
6.112236380577087402e-01
6.092463731765747070e-01
6.072775125503540039e-01
6.053161025047302246e-01
6.033627390861511230e-01
6.014177799224853516e-01
5.994805693626403809e-01
5.975515842437744141e-01
5.956296920776367188e-01
5.937166810035705566e-01
5.918121337890625000e-01
5.899153351783752441e-01
5.880270600318908691e-01
5.861468911170959473e-01
5.842745900154113770e-01
5.823782086372375488e-01
5.804871320724487305e-01
5.786033868789672852e-01
5.767276883125305176e-01
5.748610496520996094e-01
5.730019211769104004e-01
5.711507201194763184e-01
5.693085789680480957e-01
5.674738287925720215e-01
5.656470060348510742e-01
5.638287067413330078e-01
5.620192885398864746e-01
5.602169632911682129e-01
5.584231019020080566e-01
5.566380023956298828e-01
5.548604726791381836e-01
5.530908107757568359e-01
5.513302087783813477e-01
5.495771765708923340e-01
5.478318333625793457e-01
5.460958480834960938e-01
5.443667769432067871e-01
5.426458716392517090e-01
5.409342050552368164e-01
5.392293930053710938e-01
5.375329256057739258e-01
5.359011888504028320e-01
5.343245267868041992e-01
5.327560901641845703e-01
5.311951637268066406e-01
5.296429991722106934e-01
5.280980467796325684e-01
5.265604853630065918e-01
5.250400304794311523e-01
5.235180258750915527e-01
5.220046043395996094e-01
5.204983353614807129e-01
5.189995169639587402e-01
5.175083875656127930e-01
5.160257816314697266e-01
5.145499110221862793e-01
5.130818486213684082e-01
5.116211771965026855e-01
5.101680755615234375e-01
5.087233781814575195e-01
5.072852373123168945e-01
5.058549046516418457e-01
5.044317841529846191e-01
5.030171871185302734e-01
5.016088485717773438e-01
5.002079606056213379e-01
4.988146722316741943e-01
4.974368512630462646e-01
4.960584044456481934e-01
4.946813285350799561e-01
4.933115243911743164e-01
4.919497072696685791e-01
4.905941486358642578e-01
4.892460703849792480e-01
4.879049360752105713e-01
4.865707159042358398e-01
4.852446615695953369e-01
4.839245975017547607e-01
4.826115667819976807e-01
4.813055992126464844e-01
4.800074398517608643e-01
4.787155091762542725e-01
4.774381518363952637e-01
4.761598408222198486e-01
4.748893380165100098e-01
4.736247062683105469e-01
4.723670482635498047e-01
4.711160361766815186e-01
4.698726534843444824e-01
4.686352908611297607e-01
4.674048125743865967e-01
4.661808907985687256e-01
4.649642705917358398e-01
4.637536108493804932e-01
4.625495672225952148e-01
4.613519012928009033e-01
4.601688683032989502e-01
4.590122103691101074e-01
4.579053819179534912e-01
4.568057656288146973e-01
4.557111859321594238e-01
4.546240270137786865e-01
4.535422623157501221e-01
4.524666368961334229e-01
4.513980746269226074e-01
4.503413140773773193e-01
4.492845833301544189e-01
4.482334256172180176e-01
4.471882581710815430e-01
4.461500346660614014e-01
4.451168477535247803e-01
4.440895915031433105e-01
4.430690407752990723e-01
4.420536160469055176e-01
4.410451650619506836e-01
4.400480389595031738e-01
4.390502572059631348e-01
4.380592703819274902e-01
4.370728433132171631e-01
4.360933899879455566e-01
4.351188540458679199e-01
4.341499209403991699e-01
4.331877827644348145e-01
4.322302341461181641e-01
4.312849938869476318e-01
4.303388297557830811e-01
4.293980598449707031e-01
4.284637272357940674e-01
4.275344312191009521e-01
4.266105294227600098e-01
4.256923496723175049e-01
4.247789978981018066e-01
4.238710999488830566e-01
4.229741096496582031e-01
4.220759570598602295e-01
4.211837053298950195e-01
4.202965795993804932e-01
4.194149672985076904e-01
4.185380339622497559e-01
4.176662564277648926e-01
4.167999327182769775e-01
4.159438014030456543e-01
4.150871634483337402e-01
4.142351746559143066e-01
4.133885502815246582e-01
4.125469923019409180e-01
4.117102324962615967e-01
4.108787775039672852e-01
4.100572466850280762e-01
4.092351794242858887e-01
4.084183573722839355e-01
4.076060354709625244e-01
4.067984223365783691e-01
4.059952199459075928e-01
4.051972031593322754e-01
4.044089913368225098e-01
4.036207199096679688e-01
4.028367996215820312e-01
4.020669460296630859e-01
4.013572633266448975e-01
4.006522893905639648e-01
3.999513387680053711e-01
3.992603719234466553e-01
3.985683619976043701e-01
3.978802263736724854e-01
3.971963822841644287e-01
3.965172171592712402e-01
3.958425819873809814e-01
3.951714336872100830e-01
3.945094048976898193e-01
3.938465118408203125e-01
3.931877613067626953e-01
3.925341367721557617e-01
3.918836414813995361e-01
3.912373781204223633e-01
3.904892504215240479e-01
3.897433876991271973e-01
3.889966011047363281e-01
3.882530033588409424e-01
3.875119090080261230e-01
3.867748677730560303e-01
3.860413432121276855e-01
3.853104412555694580e-01
3.845877647399902344e-01
3.838638961315155029e-01
3.831425011157989502e-01
3.824251890182495117e-01
3.817113041877746582e-01
3.810002207756042480e-01
3.802957534790039062e-01
3.795909881591796875e-01
3.788947165012359619e-01
3.782112896442413330e-01
3.775295615196228027e-01
3.768503665924072266e-01
3.761768639087677002e-01
3.755013346672058105e-01
3.748272061347961426e-01
3.741556406021118164e-01
3.734863400459289551e-01
3.728185892105102539e-01
3.721570074558258057e-01
3.714928925037384033e-01
3.708301782608032227e-01
3.701697885990142822e-01
3.695114850997924805e-01
3.688546419143676758e-01
3.682031929492950439e-01
3.673313856124877930e-01
3.661436438560485840e-01
3.649557828903198242e-01
3.637661039829254150e-01
3.625763654708862305e-01
3.613888025283813477e-01
3.601971566677093506e-01
3.590043783187866211e-01
3.578097820281982422e-01
3.566150069236755371e-01
3.554182946681976318e-01
3.542248308658599854e-01
3.530268073081970215e-01
3.518273532390594482e-01
3.506271839141845703e-01
3.494249582290649414e-01
3.482225537300109863e-01
3.470127284526824951e-01
3.456219434738159180e-01
3.442338705062866211e-01
3.428465425968170166e-01
3.414598107337951660e-01
3.400756716728210449e-01
3.386947512626647949e-01
3.373128175735473633e-01
3.359319567680358887e-01
3.345528542995452881e-01
3.331750333309173584e-01
3.318014740943908691e-01
3.304264843463897705e-01
3.290520906448364258e-01
3.276804983615875244e-01
3.263090252876281738e-01
3.249432742595672607e-01
3.235754966735839844e-01
3.221998810768127441e-01
3.208022713661193848e-01
3.194100558757781982e-01
3.180204331874847412e-01
3.166384100914001465e-01
3.152574598789215088e-01
3.138802647590637207e-01
3.125073313713073730e-01
3.111374676227569580e-01
3.097752034664154053e-01
3.084146678447723389e-01
3.070568144321441650e-01
3.057037293910980225e-01
3.043545782566070557e-01
3.030118048191070557e-01
3.016706109046936035e-01
3.003325760364532471e-01
2.989999055862426758e-01
2.976818084716796875e-01
2.965986132621765137e-01
2.955220639705657959e-01
2.944464981555938721e-01
2.933764457702636719e-01
2.923097014427185059e-01
2.912464141845703125e-01
2.901902198791503906e-01
2.891356348991394043e-01
2.880845665931701660e-01
2.870380878448486328e-01
2.859949469566345215e-01
2.849565446376800537e-01
2.839242219924926758e-01
2.828930914402008057e-01
2.818664908409118652e-01
2.808445692062377930e-01
2.798252701759338379e-01
2.788125872611999512e-01
2.778010666370391846e-01
2.767940163612365723e-01
2.757908701896667480e-01
2.747909724712371826e-01
2.737975418567657471e-01
2.728058695793151855e-01
2.718174755573272705e-01
2.708334624767303467e-01
2.698525786399841309e-01
2.688781023025512695e-01
2.679060697555541992e-01
2.669364809989929199e-01
2.659712731838226318e-01
2.650097906589508057e-01
2.640532255172729492e-01
2.630991041660308838e-01
2.621487081050872803e-01
2.612012922763824463e-01
2.602582275867462158e-01
2.593616247177124023e-01
2.585911154747009277e-01
2.578246295452117920e-01
2.570600509643554688e-01
2.563001215457916260e-01
2.555443644523620605e-01
2.547902166843414307e-01
2.540392577648162842e-01
2.532914876937866211e-01
2.525469064712524414e-01
2.518071532249450684e-01
2.510689198970794678e-01
2.503338158130645752e-01
2.496025115251541138e-01
2.488730251789093018e-01
2.481495141983032227e-01
2.474268823862075806e-01
2.467073500156402588e-01
2.459908425807952881e-01
2.452774345874786377e-01
2.445670664310455322e-01
2.438611388206481934e-01
2.431568056344985962e-01
2.424554526805877686e-01
2.417577803134918213e-01
2.410617917776107788e-01
2.403713911771774292e-01
2.396819442510604858e-01
2.389954179525375366e-01
2.383118569850921631e-01
2.376312166452407837e-01
2.369547039270401001e-01
2.362804859876632690e-01
2.356078773736953735e-01
2.349387407302856445e-01
2.342731505632400513e-01
2.336102724075317383e-01
2.329503297805786133e-01
2.322925627231597900e-01
2.316375970840454102e-01
2.309431135654449463e-01
2.302087396383285522e-01
2.294764220714569092e-01
2.287468314170837402e-01
2.280205637216567993e-01
2.272973656654357910e-01
2.265764027833938599e-01
2.258574515581130981e-01
2.251411676406860352e-01
2.244281619787216187e-01
2.237181067466735840e-01
2.230103313922882080e-01
2.223050594329833984e-01
2.216018289327621460e-01
2.209018468856811523e-01
2.202046513557434082e-01
2.195098102092742920e-01
2.188168168067932129e-01
2.181263864040374756e-01
2.174391448497772217e-01
2.167546153068542480e-01
2.160724252462387085e-01
2.153920382261276245e-01
2.147141695022583008e-01
2.140394598245620728e-01
2.133673131465911865e-01
2.126975506544113159e-01
2.120295315980911255e-01
2.113639861345291138e-01
2.107021212577819824e-01
2.100421339273452759e-01
2.093845456838607788e-01
2.087286859750747681e-01
2.080759108066558838e-01
2.074248343706130981e-01
2.067767828702926636e-01
2.061311453580856323e-01
2.054871916770935059e-01
2.048462629318237305e-01
2.042070180177688599e-01
2.035706639289855957e-01
2.029367834329605103e-01
2.023090571165084839e-01
2.016866356134414673e-01
2.010660171508789062e-01
2.004483938217163086e-01
1.998334228992462158e-01
1.992201954126358032e-01
1.986101269721984863e-01
1.980018317699432373e-01
1.973971128463745117e-01
1.967936307191848755e-01
1.961932927370071411e-01
1.955946534872055054e-01
1.949991285800933838e-01
1.944056749343872070e-01
1.938149183988571167e-01
1.932258158922195435e-01
1.926397681236267090e-01
1.920554041862487793e-01
1.914737075567245483e-01
1.908947229385375977e-01
1.903173327445983887e-01
1.897429823875427246e-01
1.891702562570571899e-01
1.886008232831954956e-01
1.880326569080352783e-01
1.874675154685974121e-01
1.869039237499237061e-01
1.863433420658111572e-01
1.857845187187194824e-01
1.852284222841262817e-01
1.846738606691360474e-01
1.841222643852233887e-01
1.835721731185913086e-01
1.830251961946487427e-01
1.824795305728912354e-01
1.819360703229904175e-01
1.813955307006835938e-01
1.808564662933349609e-01
1.803204268217086792e-01
1.797856986522674561e-01
1.792538613080978394e-01
1.787234544754028320e-01
1.781959235668182373e-01
1.776694208383560181e-01
1.771466881036758423e-01
1.766270995140075684e-01
1.761091053485870361e-01
1.755941510200500488e-01
1.750810742378234863e-01
1.745699942111968994e-01
1.740619242191314697e-01
1.735554188489913940e-01
1.730514615774154663e-01
1.725502163171768188e-01
1.720504760742187500e-01
1.715532839298248291e-01
1.710580587387084961e-01
1.705657839775085449e-01
1.700757443904876709e-01
1.695866584777832031e-01
1.691010296344757080e-01
1.686176061630249023e-01
1.681356430053710938e-01
1.676561534404754639e-01
1.671784073114395142e-01
1.667037010192871094e-01
1.662311404943466187e-01
1.657595783472061157e-01
1.652913093566894531e-01
1.648242622613906860e-01
1.643602550029754639e-01
1.638979464769363403e-01
1.634374409914016724e-01
1.629797518253326416e-01
1.625232100486755371e-01
1.620692908763885498e-01
1.616178601980209351e-01
1.611677855253219604e-01
1.607204973697662354e-01
1.602745652198791504e-01
1.598306298255920410e-01
1.593894660472869873e-01
1.589496135711669922e-01
1.585121005773544312e-01
1.580770164728164673e-01
1.576428562402725220e-01
1.572117656469345093e-01
1.567815244197845459e-01
1.563543975353240967e-01
1.559292525053024292e-01
1.555070877075195312e-01
1.551154404878616333e-01
1.547254472970962524e-01
1.543385982513427734e-01
1.539526432752609253e-01
1.535694003105163574e-01
1.531878411769866943e-01
1.528086215257644653e-01
1.524310559034347534e-01
1.520550698041915894e-01
1.516816914081573486e-01
1.513100117444992065e-01
1.509406417608261108e-01
1.505728662014007568e-01
1.502073705196380615e-01
1.498434394598007202e-01
1.494805216789245605e-01
1.491211503744125366e-01
1.487629413604736328e-01
1.484069824218750000e-01
1.480525434017181396e-01
1.476990431547164917e-01
1.473490595817565918e-01
1.470002084970474243e-01
1.466535776853561401e-01
1.463084071874618530e-01
1.459654420614242554e-01
1.456232964992523193e-01
1.452835798263549805e-01
1.449460536241531372e-01
1.446099281311035156e-01
1.442759782075881958e-01
1.439427584409713745e-01
1.436126977205276489e-01
1.432833224534988403e-01
1.429560333490371704e-01
1.426308900117874146e-01
1.423070877790451050e-01
1.419850140810012817e-01
1.416642963886260986e-01
1.413456350564956665e-01
1.410290598869323730e-01
1.407137811183929443e-01
1.403998285531997681e-01
1.400879025459289551e-01
1.397783607244491577e-01
1.394694298505783081e-01
1.391624510288238525e-01
1.388575285673141479e-01
1.385530233383178711e-01
1.383172124624252319e-01
1.380940377712249756e-01
1.378720402717590332e-01
1.376511305570602417e-01
1.374316215515136719e-01
1.372144222259521484e-01
1.369979828596115112e-01
1.367833912372589111e-01
1.365706175565719604e-01
1.363585442304611206e-01
1.361477971076965332e-01
1.359393298625946045e-01
1.357312500476837158e-01
1.355256587266921997e-01
1.353207528591156006e-01
1.351179629564285278e-01
1.349156647920608521e-01
1.347146332263946533e-01
1.345160454511642456e-01
1.343188285827636719e-01
1.341222375631332397e-01
1.339277476072311401e-01
1.337333321571350098e-01
1.335408240556716919e-01
1.333503872156143188e-01
1.331612616777420044e-01
1.329724490642547607e-01
1.327859908342361450e-01
1.325991004705429077e-01
1.324152499437332153e-01
1.322326809167861938e-01
1.320503950119018555e-01
1.318704187870025635e-01
1.316917091608047485e-01
1.315125077962875366e-01
1.313363164663314819e-01
1.311611235141754150e-01
1.309867203235626221e-01
1.308142840862274170e-01
1.306431144475936890e-01
1.304713338613510132e-01
1.303023099899291992e-01
1.301340460777282715e-01
1.299677193164825439e-01
1.298026144504547119e-01
1.296379566192626953e-01
1.294738203287124634e-01
1.293122768402099609e-01
1.291511505842208862e-01
1.289919465780258179e-01
1.288339048624038696e-01
1.286760121583938599e-01
1.285270601511001587e-01
1.283822357654571533e-01
1.282382607460021973e-01
1.280963718891143799e-01
1.279545873403549194e-01
1.278141587972640991e-01
1.276736110448837280e-01
1.275358349084854126e-01
1.273986548185348511e-01
1.272622644901275635e-01
1.271272301673889160e-01
1.269939541816711426e-01
1.268595010042190552e-01
1.267276108264923096e-01
1.265971809625625610e-01
1.264673620462417603e-01
1.263385713100433350e-01
1.262105554342269897e-01
1.260845363140106201e-01
1.259575039148330688e-01
1.258325129747390747e-01
1.257095187902450562e-01
1.255865097045898438e-01
1.254647672176361084e-01
1.253439933061599731e-01
1.252246946096420288e-01
1.251045614480972290e-01
1.249864771962165833e-01
1.248703226447105408e-01
1.247544065117835999e-01
1.246391981840133667e-01
1.245252043008804321e-01
1.244126334786415100e-01
1.242991387844085693e-01
1.241879537701606750e-01
1.240781769156455994e-01
1.239688619971275330e-01
1.238601878285408020e-01
1.237526908516883850e-01
1.236468404531478882e-01
1.235395148396492004e-01
1.234347447752952576e-01
1.233306303620338440e-01
1.232283636927604675e-01
1.231262907385826111e-01
1.230248287320137024e-01
1.229252219200134277e-01
1.228242889046669006e-01
1.227254867553710938e-01
1.226277425885200500e-01
1.225313767790794373e-01
1.224353834986686707e-01
1.223402097821235657e-01
1.222463846206665039e-01
1.221514567732810974e-01
1.220464557409286499e-01
1.219318732619285583e-01
1.218181401491165161e-01
1.217045336961746216e-01
1.215922310948371887e-01
1.214809939265251160e-01
1.213690564036369324e-01
1.212587282061576843e-01
1.211499720811843872e-01
1.210417672991752625e-01
1.209338679909706116e-01
1.208274960517883301e-01
1.207219585776329041e-01
1.206148862838745117e-01
1.205109208822250366e-01
1.204074770212173462e-01
1.203050762414932251e-01
1.202027127146720886e-01
1.201018169522285461e-01
1.200017258524894714e-01
1.198998391628265381e-01
1.198012605309486389e-01
1.197034642100334167e-01
1.196056455373764038e-01
1.195093095302581787e-01
1.194137483835220337e-01
1.193187013268470764e-01
1.192238703370094299e-01
1.191304996609687805e-01
1.190362274646759033e-01
1.189435571432113647e-01
1.188521608710289001e-01
1.187616959214210510e-01
1.186719313263893127e-01
1.185821741819381714e-01
1.184938177466392517e-01
1.184061914682388306e-01
1.183183044195175171e-01
1.182303801178932190e-01
1.181448101997375488e-01
1.180592179298400879e-01
1.179750487208366394e-01
1.178913712501525879e-01
1.178085431456565857e-01
1.177256703376770020e-01
1.176441982388496399e-01
1.175616756081581116e-01
1.174808070063591003e-01
1.174011304974555969e-01
1.173223406076431274e-01
1.172434538602828979e-01
1.171659082174301147e-01
1.170890778303146362e-01
1.170126795768737793e-01
1.169363707304000854e-01
1.168597117066383362e-01
1.167853921651840210e-01
1.167110130190849304e-01
1.166379675269126892e-01
1.165811643004417419e-01
1.165291666984558105e-01
1.164777576923370361e-01
1.164270341396331787e-01
1.163769364356994629e-01
1.163256615400314331e-01
1.162768155336380005e-01
1.162285506725311279e-01
1.161809638142585754e-01
1.161339879035949707e-01
1.160874068737030029e-01
1.160416677594184875e-01
1.159965172410011292e-01
1.159501671791076660e-01
1.159062683582305908e-01
1.158629655838012695e-01
1.158202439546585083e-01
1.157781481742858887e-01
1.157366260886192322e-01
1.156957224011421204e-01
1.156552359461784363e-01
1.156155243515968323e-01
1.155744940042495728e-01
1.155359521508216858e-01
1.154980063438415527e-01
1.154606267809867859e-01
1.154238507151603699e-01
1.153876632452011108e-01
1.153520345687866211e-01
1.153169646859169006e-01
1.152824759483337402e-01
1.152483969926834106e-01
1.152150854468345642e-01
1.151823177933692932e-01
1.151482015848159790e-01
1.151165515184402466e-01
1.150854825973510742e-01
1.150549873709678650e-01
1.150250211358070374e-01
1.149956211447715759e-01
1.149659901857376099e-01
1.149375513195991516e-01
1.149098128080368042e-01
1.148826032876968384e-01
1.148559898138046265e-01
1.148298904299736023e-01
1.148023679852485657e-01
1.147773414850234985e-01
1.147528588771820068e-01
1.147289350628852844e-01
1.147055551409721375e-01
1.146825104951858521e-01
1.146602183580398560e-01
1.146383956074714661e-01
1.146171465516090393e-01
1.145964413881301880e-01
1.145762279629707336e-01
1.145565509796142578e-01
1.145353689789772034e-01
1.145167052745819092e-01
1.144986227154731750e-01
1.144810169935226440e-01
1.144665405154228210e-01
1.144593209028244019e-01
1.144525036215782166e-01
1.144464313983917236e-01
1.144409999251365662e-01
1.144361197948455811e-01
1.144318357110023499e-01
1.144281700253486633e-01
1.144227981567382812e-01
1.144202426075935364e-01
1.144182980060577393e-01
1.144169643521308899e-01
1.144161745905876160e-01
1.144159436225891113e-01
1.144161969423294067e-01
1.144171282649040222e-01
1.144186332821846008e-01
1.144207566976547241e-01
1.144234165549278259e-01
1.144266426563262939e-01
1.144281029701232910e-01
1.144324839115142822e-01
1.144374087452888489e-01
1.144428774714469910e-01
1.144489496946334839e-01
1.144555360078811646e-01
1.144625321030616760e-01
1.144702732563018799e-01
1.144785284996032715e-01
1.144873350858688354e-01
1.144967377185821533e-01
1.145066395401954651e-01
1.145169138908386230e-01
1.145279034972190857e-01
1.145386770367622375e-01
1.145507469773292542e-01
1.145633533596992493e-01
1.145765334367752075e-01
1.145900785923004150e-01
1.146020367741584778e-01
1.146168112754821777e-01
1.146320775151252747e-01
1.146478727459907532e-01
1.146641597151756287e-01
1.146808862686157227e-01
1.146982535719871521e-01
1.147161126136779785e-01
1.147345229983329773e-01
1.147534251213073730e-01
1.147728264331817627e-01
1.147926375269889832e-01
1.148130372166633606e-01
1.148339658975601196e-01
1.148554384708404541e-01
1.148773506283760071e-01
1.148997470736503601e-01
1.149226650595664978e-01
1.149459704756736755e-01
1.149698495864868164e-01
1.149942278861999512e-01
1.150167956948280334e-01
1.150421276688575745e-01
1.150679439306259155e-01
1.150941476225852966e-01
1.151209026575088501e-01
1.151481419801712036e-01
1.151758432388305664e-01
1.152377054095268250e-01
1.153168007731437683e-01
1.153965890407562256e-01
1.154760569334030151e-01
1.155568882822990417e-01
1.156384050846099854e-01
1.157203987240791321e-01
1.158030554652214050e-01
1.158861294388771057e-01
1.159698292613029480e-01
1.160541549324989319e-01
1.161389276385307312e-01
1.162243708968162537e-01
1.163078621029853821e-01
1.163934692740440369e-01
1.164805814623832703e-01
1.165681779384613037e-01
1.166563928127288818e-01
1.167450323700904846e-01
1.168342605233192444e-01
1.169241294264793396e-01
1.170144155621528625e-01
1.171053871512413025e-01
1.171968132257461548e-01
1.172879859805107117e-01
1.173804551362991333e-01
1.174734979867935181e-01
1.175671666860580444e-01
1.176612228155136108e-01
1.177560091018676758e-01
1.178511828184127808e-01
1.179468482732772827e-01
1.180432587862014771e-01
1.181399971246719360e-01
1.182365491986274719e-01
1.183343678712844849e-01
1.184327453374862671e-01
1.185317635536193848e-01
1.186311617493629456e-01
1.187312677502632141e-01
1.188317313790321350e-01
1.189328506588935852e-01
1.190344020724296570e-01
1.191364601254463196e-01
1.192382648587226868e-01
1.193413510918617249e-01
1.194451376795768738e-01
1.195492818951606750e-01
1.196539476513862610e-01
1.197593137621879578e-01
1.198650300502777100e-01
1.199713870882987976e-01
1.200781837105751038e-01
1.201854720711708069e-01
1.202925220131874084e-01
1.204008832573890686e-01
1.205098554491996765e-01
1.206192374229431152e-01
1.207291036844253540e-01
1.208397001028060913e-01
1.209506392478942871e-01
1.210622191429138184e-01
1.211742311716079712e-01
1.212868466973304749e-01
1.213989779353141785e-01
1.215125843882560730e-01
1.216267570853233337e-01
1.217413693666458130e-01
1.218565776944160461e-01
1.219722628593444824e-01
1.220884323120117188e-01
1.222311481833457947e-01
1.224116757512092590e-01
1.225929185748100281e-01
1.227747052907943726e-01
1.229581236839294434e-01
1.231412738561630249e-01
1.233250945806503296e-01
1.235096380114555359e-01
1.236947849392890930e-01
1.238815411925315857e-01
1.240680292248725891e-01
1.242552846670150757e-01
1.244431436061859131e-01
1.246317103505134583e-01
1.248219236731529236e-01
1.250118464231491089e-01
1.252024322748184204e-01
1.253937929868698120e-01
1.255857795476913452e-01
1.257793456315994263e-01
1.259727180004119873e-01
1.261668056249618530e-01
1.263615787029266357e-01
1.265570223331451416e-01
1.267541199922561646e-01
1.269509643316268921e-01
1.271485090255737305e-01
1.273468136787414551e-01
1.275457292795181274e-01
1.277462989091873169e-01
1.279468387365341187e-01
1.281479001045227051e-01
1.283496469259262085e-01
1.285521239042282104e-01
1.287553757429122925e-01
1.289602220058441162e-01
1.291678398847579956e-01
1.293732225894927979e-01
1.295793056488037109e-01
1.297860443592071533e-01
1.299945414066314697e-01
1.302027702331542969e-01
1.304116845130920410e-01
1.306213587522506714e-01
1.308317929506301880e-01
1.310438662767410278e-01
1.312557160854339600e-01
1.314683109521865845e-01
1.316816359758377075e-01
1.318956464529037476e-01
1.321114450693130493e-01
1.323269307613372803e-01
1.325432062149047852e-01
1.327602267265319824e-01
1.329779326915740967e-01
1.331973522901535034e-01
1.334165632724761963e-01
1.336365640163421631e-01
1.338573396205902100e-01
1.340787857770919800e-01
1.343019902706146240e-01
1.345249116420745850e-01
1.347486078739166260e-01
1.349730938673019409e-01
1.352014839649200439e-01
1.354284137487411499e-01
1.356551200151443481e-01
1.358826458454132080e-01
1.361108571290969849e-01
1.363398283720016479e-01
1.365706026554107666e-01
1.368011087179183960e-01
1.370323598384857178e-01
1.372644603252410889e-01
1.374972611665725708e-01
1.377318203449249268e-01
1.379673629999160767e-01
1.382151246070861816e-01
1.384645998477935791e-01
1.387138217687606812e-01
1.389648467302322388e-01
1.392156183719635010e-01
1.394681781530380249e-01
1.397215425968170166e-01
1.399746090173721313e-01
1.402294933795928955e-01
1.404875665903091431e-01
1.407439857721328735e-01
1.410011947154998779e-01
1.412581652402877808e-01
1.415170133113861084e-01
1.417755633592605591e-01
1.420358568429946899e-01
1.422970592975616455e-01
1.425579488277435303e-01
1.428206562995910645e-01
1.430831551551818848e-01
1.433474272489547729e-01
1.436150074005126953e-01
1.438809186220169067e-01
1.441475600004196167e-01
1.444139778614044189e-01
1.446822136640548706e-01
1.449502408504486084e-01
1.452200561761856079e-01
1.454906612634658813e-01
1.457611024379730225e-01
1.460333019495010376e-01
1.463052928447723389e-01
1.465791463851928711e-01
1.468562483787536621e-01
1.471316665410995483e-01
1.474078297615051270e-01
1.476838737726211548e-01
1.479616761207580566e-01
1.482392251491546631e-01
1.485187113285064697e-01
1.487988978624343872e-01
1.490789353847503662e-01
1.493607908487319946e-01
1.496423631906509399e-01
1.499257683753967285e-01
1.502126604318618774e-01
1.504977047443389893e-01
1.507835090160369873e-01
1.510691046714782715e-01
1.513566225767135620e-01
1.516438424587249756e-01
1.519328802824020386e-01
1.522228270769119263e-01
1.525124311447143555e-01
1.528038978576660156e-01
1.530951559543609619e-01
1.533882468938827515e-01
1.536859124898910522e-01
1.539795249700546265e-01
1.542751193046569824e-01
1.545703560113906860e-01
1.548674553632736206e-01
1.551644504070281982e-01
1.554631739854812622e-01
1.557626873254776001e-01
1.560619771480560303e-01
1.563631594181060791e-01
1.566639840602874756e-01
1.569705456495285034e-01
1.572741717100143433e-01
1.575774401426315308e-01
1.578825861215591431e-01
1.581875085830688477e-01
1.584942191839218140e-01
1.588007062673568726e-01
1.591091006994247437e-01
1.594182252883911133e-01
1.597270220518112183e-01
1.600417196750640869e-01
1.603521108627319336e-01
1.606644243001937866e-01
1.609809249639511108e-01
1.613421440124511719e-01
1.617041528224945068e-01
1.620670258998870850e-01
1.624319851398468018e-01
1.628005802631378174e-01
1.631660759449005127e-01
1.635324656963348389e-01
1.639007925987243652e-01
1.642688959836959839e-01
1.646378785371780396e-01
1.650088131427764893e-01
1.653834879398345947e-01
1.657550036907196045e-01
1.661274284124374390e-01
1.665017455816268921e-01
1.668757200241088867e-01
1.672506928443908691e-01
1.676275432109832764e-01
1.680081635713577271e-01
1.683855801820755005e-01
1.687638163566589355e-01
1.691439747810363770e-01
1.695238351821899414e-01
1.699045896530151367e-01
1.702861040830612183e-01
1.706736534833908081e-01
1.710568517446517944e-01
1.714407801628112793e-01
1.718266308307647705e-01
1.722122281789779663e-01
1.725985556840896606e-01
1.729856729507446289e-01
1.733746826648712158e-01
1.737675964832305908e-01
1.741570681333541870e-01
1.745473295450210571e-01
1.749395728111267090e-01
1.753313243389129639e-01
1.757238656282424927e-01
1.761183887720108032e-01
1.765166521072387695e-01
1.769114881753921509e-01
1.773070991039276123e-01
1.777045726776123047e-01
1.781015694141387939e-01
1.784993261098861694e-01
1.788979023694992065e-01
1.793025434017181396e-01
1.797024458646774292e-01
1.801031678915023804e-01
1.805057227611541748e-01
1.809077709913253784e-01
1.813105642795562744e-01
1.817140132188796997e-01
1.821192800998687744e-01
1.825284361839294434e-01
1.829340159893035889e-01
1.833413392305374146e-01
1.837481558322906494e-01
1.841556876897811890e-01
1.845638304948806763e-01
1.849738061428070068e-01
1.853876709938049316e-01
1.857977062463760376e-01
1.862084418535232544e-01
1.866209805011749268e-01
1.870329529047012329e-01
1.874455064535140991e-01
1.878642439842224121e-01
1.882780641317367554e-01
1.886924356222152710e-01
1.891073882579803467e-01
1.895241588354110718e-01
1.899447292089462280e-01
1.903614103794097900e-01
1.907787322998046875e-01
1.911977380514144897e-01
1.916161179542541504e-01
1.920350193977355957e-01
1.924602091312408447e-01
1.928801983594894409e-01
1.933006644248962402e-01
1.937218159437179565e-01
1.941445618867874146e-01
1.945710629224777222e-01
1.949937343597412109e-01
1.954167783260345459e-01
1.958415210247039795e-01
1.962897181510925293e-01
1.967501342296600342e-01
1.972053647041320801e-01
1.976622492074966431e-01
1.981197148561477661e-01
1.985775679349899292e-01
1.990405023097991943e-01
1.994993984699249268e-01
1.999587118625640869e-01
2.004172503948211670e-01
2.008775174617767334e-01
2.013427615165710449e-01
2.018038481473922729e-01
2.022654414176940918e-01
2.027274966239929199e-01
2.031899243593215942e-01
2.036560922861099243e-01
2.041194438934326172e-01
2.045830935239791870e-01
2.050471454858779907e-01
2.055116891860961914e-01
2.059811949729919434e-01
2.064464539289474487e-01
2.069109380245208740e-01
2.073769271373748779e-01
2.078433334827423096e-01
2.083100229501724243e-01
2.087818980216979980e-01
2.092493623495101929e-01
2.097171843051910400e-01
2.101841717958450317e-01
2.106526494026184082e-01
2.111261487007141113e-01
2.115953862667083740e-01
2.120648026466369629e-01
2.125345915555953979e-01
2.130047231912612915e-01
2.134786546230316162e-01
2.139493674039840698e-01
2.144203484058380127e-01
2.148917168378829956e-01
2.153632342815399170e-01
2.158398032188415527e-01
2.163107544183731079e-01
2.167831510305404663e-01
2.172558009624481201e-01
2.177287936210632324e-01
2.182066440582275391e-01
2.186800390481948853e-01
2.191537171602249146e-01
2.196263968944549561e-01
2.201004922389984131e-01
2.205796241760253906e-01
2.210542410612106323e-01
2.215290069580078125e-01
2.220040112733840942e-01
2.224840223789215088e-01
2.229581773281097412e-01
2.234337627887725830e-01
2.239095270633697510e-01
2.243903577327728271e-01
2.248664945363998413e-01
2.253427952527999878e-01
2.258194088935852051e-01
2.262995541095733643e-01
2.267763763666152954e-01
2.272534668445587158e-01
2.277305573225021362e-01
2.282126098871231079e-01
2.286901324987411499e-01
2.291677445173263550e-01
2.296441048383712769e-01
2.301267236471176147e-01
2.306047677993774414e-01
2.310828268527984619e-01
2.315610498189926147e-01
2.320441901683807373e-01
2.325226366519927979e-01
2.329998314380645752e-01
2.334785163402557373e-01
2.339619994163513184e-01
2.344408184289932251e-01
2.349196672439575195e-01
2.353986948728561401e-01
2.358825057744979858e-01
2.363603115081787109e-01
2.368395626544952393e-01
2.373187839984893799e-01
2.378028333187103271e-01
2.382822930812835693e-01
2.387616336345672607e-01
2.392410933971405029e-01
2.397241294384002686e-01
2.402036041021347046e-01
2.406831383705139160e-01
2.411835789680480957e-01
2.417047321796417236e-01
2.422246187925338745e-01
2.427459359169006348e-01
2.432708740234375000e-01
2.437923550605773926e-01
2.443126291036605835e-01
2.448343038558959961e-01
2.453595250844955444e-01
2.458812892436981201e-01
2.464017868041992188e-01
2.469237893819808960e-01
2.474492043256759644e-01
2.479712367057800293e-01
2.484920471906661987e-01
2.490141987800598145e-01
2.495398372411727905e-01
2.500621080398559570e-01
2.505829632282257080e-01
2.511052191257476807e-01
2.516311109066009521e-01
2.521533966064453125e-01
2.526743710041046143e-01
2.531967759132385254e-01
2.537226676940917969e-01
2.542449831962585449e-01
2.547659873962402344e-01
2.552884817123413086e-01
2.558142244815826416e-01
2.563365995883941650e-01
2.568576335906982422e-01
2.573799490928649902e-01
2.579056918621063232e-01
2.584279775619506836e-01
2.589488923549652100e-01
2.594711482524871826e-01
2.599967420101165771e-01
2.605189383029937744e-01
2.610396146774291992e-01
2.615663707256317139e-01
2.620871067047119141e-01
2.626090049743652344e-01
2.631342709064483643e-01
2.636561095714569092e-01
2.641764283180236816e-01
2.647027969360351562e-01
2.652229368686676025e-01
2.657445371150970459e-01
2.662692666053771973e-01
2.667905092239379883e-01
2.673104107379913330e-01
2.678361833095550537e-01
2.683558166027069092e-01
2.688767313957214355e-01
2.694008052349090576e-01
2.699214220046997070e-01
2.704405486583709717e-01
2.709656953811645508e-01
2.714845836162567139e-01
2.720046639442443848e-01
2.725279927253723145e-01
2.730477750301361084e-01
2.735660374164581299e-01
2.740903496742248535e-01
2.746082544326782227e-01
2.751274406909942627e-01
2.756451368331909180e-01
2.761686146259307861e-01
2.766858637332916260e-01
2.772043645381927490e-01
2.777259647846221924e-01
2.782440781593322754e-01
2.787605226039886475e-01
2.792829275131225586e-01
2.797990441322326660e-01
2.803163230419158936e-01
2.808366119861602783e-01
2.813534736633300781e-01
2.818686962127685547e-01
2.823896408081054688e-01
2.829044759273529053e-01
2.834204137325286865e-01
2.839392125606536865e-01
2.844547033309936523e-01
2.849684953689575195e-01
2.854879498481750488e-01
2.860012650489807129e-01
2.865156531333923340e-01
2.870328426361083984e-01
2.875466644763946533e-01
2.880588769912719727e-01
2.885766625404357910e-01
2.890882790088653564e-01
2.896009683609008789e-01
2.901119291782379150e-01
2.906284630298614502e-01
2.911388874053955078e-01
2.916503250598907471e-01
2.921645045280456543e-01
2.926754057407379150e-01
2.931843698024749756e-01
2.936989665031433105e-01
2.942073643207550049e-01
2.947165369987487793e-01
2.952215075492858887e-01
2.957231402397155762e-01
2.962228953838348389e-01
2.967280447483062744e-01
2.972283065319061279e-01
2.977267801761627197e-01
2.982305586338043213e-01
2.987280786037445068e-01
2.992266118526458740e-01
2.997275888919830322e-01
3.002251684665679932e-01
3.007222115993499756e-01
3.012218177318572998e-01
3.017179965972900391e-01
3.022121787071228027e-01
3.027116656303405762e-01
3.032049238681793213e-01
3.037033677101135254e-01
3.041970729827880859e-01
3.046887814998626709e-01
3.051856458187103271e-01
3.056763410568237305e-01
3.061722218990325928e-01
3.066618144512176514e-01
3.071523606777191162e-01
3.076466321945190430e-01
3.081346452236175537e-01
3.086276948451995850e-01
3.091146349906921387e-01
3.096024096012115479e-01
3.100923597812652588e-01
3.105790019035339355e-01
3.110651373863220215e-01
3.115533888339996338e-01
3.120382726192474365e-01
3.125253319740295410e-01
3.130091130733489990e-01
3.134908080101013184e-01
3.139775097370147705e-01
3.144594728946685791e-01
3.149434626102447510e-01
3.154242336750030518e-01
3.159029185771942139e-01
3.163864612579345703e-01
3.168638646602630615e-01
3.173461556434631348e-01
3.178237974643707275e-01
3.182993531227111816e-01
3.187797069549560547e-01
3.192539215087890625e-01
3.197329938411712646e-01
3.202059566974639893e-01
3.206796944141387939e-01
3.211566209793090820e-01
3.216276168823242188e-01
3.221033215522766113e-01
3.225728869438171387e-01
3.230432569980621338e-01
3.235154747962951660e-01
3.239844441413879395e-01
3.244527280330657959e-01
3.249228000640869141e-01
3.253897130489349365e-01
3.258583247661590576e-01
3.263238966464996338e-01
3.267872333526611328e-01
3.272550404071807861e-01
3.277170062065124512e-01
3.281834423542022705e-01
3.286453485488891602e-01
3.291050791740417480e-01
3.295693099498748779e-01
3.300275802612304688e-01
3.304902017116546631e-01
3.309470415115356445e-01
3.314045667648315430e-01
3.318649530410766602e-01
3.323194682598114014e-01
3.327783644199371338e-01
3.332313597202301025e-01
3.336850702762603760e-01
3.341401517391204834e-01
3.345922827720642090e-01
3.350472152233123779e-01
3.354964256286621094e-01
3.359462320804595947e-01
3.363973200321197510e-01
3.368456065654754639e-01
3.372916281223297119e-01
3.377417623996734619e-01
3.381876051425933838e-01
3.386346995830535889e-01
3.390789628028869629e-01
3.395209312438964844e-01
3.399670124053955078e-01
3.404073715209960938e-01
3.408517837524414062e-01
3.412919938564300537e-01
3.417332172393798828e-01
3.421717286109924316e-01
3.426112532615661621e-01
3.430481851100921631e-01
3.434860110282897949e-01
3.439211845397949219e-01
3.443588614463806152e-01
3.447909057140350342e-01
3.452267646789550781e-01
3.456571400165557861e-01
3.460880219936370850e-01
3.465199470520019531e-01
3.469491899013519287e-01
3.473807275295257568e-01
3.477745950222015381e-01
3.481616675853729248e-01
3.485447168350219727e-01
3.489299714565277100e-01
3.493111729621887207e-01
3.496946692466735840e-01
3.500741422176361084e-01
3.504572510719299316e-01
3.508349657058715820e-01
3.512148559093475342e-01
3.515907227993011475e-01
3.519657552242279053e-01
3.523429036140441895e-01
3.527161180973052979e-01
3.530913889408111572e-01
3.534628748893737793e-01
3.538377881050109863e-01
3.542074561119079590e-01
3.545791208744049072e-01
3.549469113349914551e-01
3.553166985511779785e-01
3.556827008724212646e-01
3.560506403446197510e-01
3.564147651195526123e-01
3.567808568477630615e-01
3.571447432041168213e-01
3.575060963630676270e-01
3.578694462776184082e-01
3.582290112972259521e-01
3.585904538631439209e-01
3.589481711387634277e-01
3.593077659606933594e-01
3.596636056900024414e-01
3.600228130817413330e-01
3.603768348693847656e-01
3.607326149940490723e-01
3.610847890377044678e-01
3.614386916160583496e-01
3.617889881134033203e-01
3.621410131454467773e-01
3.624894618988037109e-01
3.628369867801666260e-01
3.631876409053802490e-01
3.635332286357879639e-01
3.638805449008941650e-01
3.642242848873138428e-01
3.645696341991424561e-01
3.649114966392517090e-01
3.652550280094146729e-01
3.655950129032135010e-01
3.659365475177764893e-01
3.662761151790618896e-01
3.666157126426696777e-01
3.669519126415252686e-01
3.672896325588226318e-01
3.676239848136901855e-01
3.679573833942413330e-01
3.682921826839447021e-01
3.686237037181854248e-01
3.689565956592559814e-01
3.692876398563385010e-01
3.696186244487762451e-01
3.699463009834289551e-01
3.702754080295562744e-01
3.706012070178985596e-01
3.709282875061035156e-01
3.712522089481353760e-01
3.715773820877075195e-01
3.719008266925811768e-01
3.722240626811981201e-01
3.725441396236419678e-01
3.728654980659484863e-01
3.731836676597595215e-01
3.735030293464660645e-01
3.738214373588562012e-01
3.741367459297180176e-01
3.744532167911529541e-01
3.747680485248565674e-01
3.750825822353363037e-01
3.753941059112548828e-01
3.757066726684570312e-01
3.760162591934204102e-01
3.763269186019897461e-01
3.766345679759979248e-01
3.769433200359344482e-01
3.772510290145874023e-01
3.775573372840881348e-01
3.778631389141082764e-01
3.781660199165344238e-01
3.784698843955993652e-01
3.787708878517150879e-01
3.790727853775024414e-01
3.793718814849853516e-01
3.796718418598175049e-01
3.799690902233123779e-01
3.802685737609863281e-01
3.805656433105468750e-01
3.808599710464477539e-01
3.811551034450531006e-01
3.814475238323211670e-01
3.817407488822937012e-01
3.820312321186065674e-01
3.823225796222686768e-01
3.826111555099487305e-01
3.829019665718078613e-01
3.831886649131774902e-01
3.834761083126068115e-01
3.837625682353973389e-01
3.840464353561401367e-01
3.843310177326202393e-01
3.846129775047302246e-01
3.848955929279327393e-01
3.851771056652069092e-01
3.854577839374542236e-01
3.857359588146209717e-01
3.860147595405578613e-01
3.862925469875335693e-01
3.865679800510406494e-01
3.868438899517059326e-01
3.871173262596130371e-01
3.873913586139678955e-01
3.876643478870391846e-01
3.879230320453643799e-01
3.881462514400482178e-01
3.883686065673828125e-01
3.885900676250457764e-01
3.888104856014251709e-01
3.890315294265747070e-01
3.892487883567810059e-01
3.894678950309753418e-01
3.896833658218383789e-01
3.899006843566894531e-01
3.901142776012420654e-01
3.903298079967498779e-01
3.905430734157562256e-01
3.907552361488342285e-01
3.909667432308197021e-01
3.911771476268768311e-01
3.913879692554473877e-01
3.915953338146209717e-01
3.918044269084930420e-01
3.920099437236785889e-01
3.922172188758850098e-01
3.924210369586944580e-01
3.926264643669128418e-01
3.928284645080566406e-01
3.930321037769317627e-01
3.932323455810546875e-01
3.934341967105865479e-01
3.936336934566497803e-01
3.938327431678771973e-01
3.940319418907165527e-01
3.942277133464813232e-01
3.944251537322998047e-01
3.946192264556884766e-01
3.948148190975189209e-01
3.950081467628479004e-01
3.952010273933410645e-01
3.953925371170043945e-01
3.955836892127990723e-01
3.957735300064086914e-01
3.959637880325317383e-01
3.961509466171264648e-01
3.963395357131958008e-01
3.965257704257965088e-01
3.967117667198181152e-01
3.968977332115173340e-01
3.970813453197479248e-01
3.972647786140441895e-01
3.974467217922210693e-01
3.976283669471740723e-01
3.978086113929748535e-01
3.979893922805786133e-01
3.981670737266540527e-01
3.983461558818817139e-01
3.985229432582855225e-01
3.986995220184326172e-01
3.988746106624603271e-01
3.990495800971984863e-01
3.992229104042053223e-01
3.993968665599822998e-01
3.995693325996398926e-01
3.997401297092437744e-01
3.999115526676177979e-01
4.000801146030426025e-01
4.002497792243957520e-01
4.004172980785369873e-01
4.005847871303558350e-01
4.007505476474761963e-01
4.009163975715637207e-01
4.010806083679199219e-01
4.012452661991119385e-01
4.014073014259338379e-01
4.015703797340393066e-01
4.017311930656433105e-01
4.018921554088592529e-01
4.020528197288513184e-01
4.022107124328613281e-01
4.023697078227996826e-01
4.025265276432037354e-01
4.026833772659301758e-01
4.028385877609252930e-01
4.029943346977233887e-01
4.031474292278289795e-01
4.033015966415405273e-01
4.034535288810729980e-01
4.036056697368621826e-01
4.037560224533081055e-01
4.039066433906555176e-01
4.040553569793701172e-01
4.042046964168548584e-01
4.043515026569366455e-01
4.044992923736572266e-01
4.046462774276733398e-01
4.047907590866088867e-01
4.049361646175384521e-01
4.050792157649993896e-01
4.052229821681976318e-01
4.053646922111511230e-01
4.055067896842956543e-01
4.056468605995178223e-01
4.057875871658325195e-01
4.059260487556457520e-01
4.060651659965515137e-01
4.062022268772125244e-01
4.063397645950317383e-01
4.064752459526062012e-01
4.066112637519836426e-01
4.067466557025909424e-01
4.068798422813415527e-01
4.070136249065399170e-01
4.071453809738159180e-01
4.072776734828948975e-01
4.074078798294067383e-01
4.075387120246887207e-01
4.076673984527587891e-01
4.077967405319213867e-01
4.079240262508392334e-01
4.080518484115600586e-01
4.081776142120361328e-01
4.083040058612823486e-01
4.084283113479614258e-01
4.085532426834106445e-01
4.086774289608001709e-01
4.087995290756225586e-01
4.089222848415374756e-01
4.090429246425628662e-01
4.091642498970031738e-01
4.092834591865539551e-01
4.094032943248748779e-01
4.095209836959838867e-01
4.096395075321197510e-01
4.097558557987213135e-01
4.098727405071258545e-01
4.099878370761871338e-01
4.101033508777618408e-01
4.102090895175933838e-01
4.102445840835571289e-01
4.102784693241119385e-01
4.103128015995025635e-01
4.103466570377349854e-01
4.103787541389465332e-01
4.104114472866058350e-01
4.104421734809875488e-01
4.104737341403961182e-01
4.105035960674285889e-01
4.105340242385864258e-01
4.105624854564666748e-01
4.105918109416961670e-01
4.106208086013793945e-01
4.106477200984954834e-01
4.106752872467041016e-01
4.107014536857604980e-01
4.107279479503631592e-01
4.107526540756225586e-01
4.107780754566192627e-01
4.108021259307861328e-01
4.108265042304992676e-01
4.108490645885467529e-01
4.108728170394897461e-01
4.108956754207611084e-01
4.109166264533996582e-01
4.109384417533874512e-01
4.109588265419006348e-01
4.109796285629272461e-01
4.109984934329986572e-01
4.110182821750640869e-01
4.110366702079772949e-01
4.110554456710815430e-01
4.110736548900604248e-01
4.110906720161437988e-01
4.111078381538391113e-01
4.111233353614807129e-01
4.111395478248596191e-01
4.111546576023101807e-01
4.111698865890502930e-01
4.111834466457366943e-01
4.111983478069305420e-01
4.112109541893005371e-01
4.112243056297302246e-01
4.112372696399688721e-01
4.112489819526672363e-01
4.112610518932342529e-01
