6.901260018348693848e-01
6.899080276489257812e-01
6.896845102310180664e-01
6.894544959068298340e-01
6.892182826995849609e-01
6.890560984611511230e-01
6.889061331748962402e-01
6.887429356575012207e-01
6.885666847229003906e-01
6.883772015571594238e-01
6.885445713996887207e-01
6.889033317565917969e-01
6.892413496971130371e-01
6.895552873611450195e-01
6.898446083068847656e-01
6.902251243591308594e-01
6.907956004142761230e-01
6.913383603096008301e-01
6.918509602546691895e-01
6.923336982727050781e-01
6.927877068519592285e-01
6.931454539299011230e-01
6.934754252433776855e-01
6.937871575355529785e-01
6.940862536430358887e-01
6.943818926811218262e-01
6.947372555732727051e-01
6.952320337295532227e-01
6.957500576972961426e-01
6.962866783142089844e-01
6.968324184417724609e-01
6.973852515220642090e-01
6.978584527969360352e-01
6.982697844505310059e-01
6.987101435661315918e-01
6.991794705390930176e-01
6.996753811836242676e-01
7.001922130584716797e-01
7.005864977836608887e-01
7.008824944496154785e-01
7.011845111846923828e-01
7.014885544776916504e-01
7.017880082130432129e-01
7.020792961120605469e-01
7.023544907569885254e-01
7.026079893112182617e-01
7.028420567512512207e-01
7.030541896820068359e-01
7.032425403594970703e-01
7.034057974815368652e-01
7.035228610038757324e-01
7.032986283302307129e-01
7.030506730079650879e-01
7.027830481529235840e-01
7.024972438812255859e-01
7.021979093551635742e-01
7.018864750862121582e-01
7.016201615333557129e-01
7.013965845108032227e-01
7.011657357215881348e-01
7.009336352348327637e-01
7.007018923759460449e-01
7.004714012145996094e-01
7.002419233322143555e-01
6.999337673187255859e-01
6.995990276336669922e-01
6.992648839950561523e-01
6.989330053329467773e-01
6.986032128334045410e-01
6.982753872871398926e-01
6.979507803916931152e-01
6.975274682044982910e-01
6.970682144165039062e-01
6.966092586517333984e-01
6.961498856544494629e-01
6.956889033317565918e-01
6.952253580093383789e-01
6.947604417800903320e-01
6.943049430847167969e-01
6.938702464103698730e-01
6.934139132499694824e-01
6.929785609245300293e-01
6.925574541091918945e-01
6.921445727348327637e-01
6.917402744293212891e-01
6.913459897041320801e-01
6.909665465354919434e-01
6.905989050865173340e-01
6.902419924736022949e-01
6.898978948593139648e-01
6.895654201507568359e-01
6.892466545104980469e-01
6.889395117759704590e-01
6.885915994644165039e-01
6.880574226379394531e-01
6.875335574150085449e-01
6.870182752609252930e-01
6.865096092224121094e-01
6.860056519508361816e-01
6.855042576789855957e-01
6.850025653839111328e-01
6.845375895500183105e-01
6.842627525329589844e-01
6.839810013771057129e-01
6.836881637573242188e-01
6.833842992782592773e-01
6.830657720565795898e-01
6.827323436737060547e-01
6.823836565017700195e-01
6.820178627967834473e-01
6.814685463905334473e-01
6.808639764785766602e-01
6.802431344985961914e-01
6.796080470085144043e-01
6.789577603340148926e-01
6.782946586608886719e-01
6.776208281517028809e-01
6.769365072250366211e-01
6.762568354606628418e-01
6.756415963172912598e-01
6.750223636627197266e-01
6.743986010551452637e-01
6.737734079360961914e-01
6.731468439102172852e-01
6.725218892097473145e-01
6.718982458114624023e-01
6.712767481803894043e-01
6.706784367561340332e-01
6.701886057853698730e-01
6.697043180465698242e-01
6.692260503768920898e-01
6.687546372413635254e-01
6.682910919189453125e-01
6.678342223167419434e-01
6.673850417137145996e-01
6.669436693191528320e-01
6.665105223655700684e-01
6.659192442893981934e-01
6.652961969375610352e-01
6.646819710731506348e-01
6.640753149986267090e-01
6.634782552719116211e-01
6.628897190093994141e-01
6.623089909553527832e-01
6.617372632026672363e-01
6.611730456352233887e-01
6.606236696243286133e-01
6.601567864418029785e-01
6.596963405609130859e-01
6.592437028884887695e-01
6.586819887161254883e-01
6.582459807395935059e-01
6.578160524368286133e-01
6.573894619941711426e-01
6.569674611091613770e-01
6.565482020378112793e-01
6.561305522918701172e-01
6.558985114097595215e-01
6.556749939918518066e-01
6.554510593414306641e-01
6.552264094352722168e-01
6.550014019012451172e-01
6.547732949256896973e-01
6.545429229736328125e-01
6.543095111846923828e-01
6.540730595588684082e-01
6.538333892822265625e-01
6.536247730255126953e-01
6.534605622291564941e-01
6.532930135726928711e-01
6.531224250793457031e-01
6.529491543769836426e-01
6.527738571166992188e-01
6.525964736938476562e-01
6.524177789688110352e-01
6.522382497787475586e-01
6.520584225654602051e-01
6.518788337707519531e-01
6.517083644866943359e-01
6.515505909919738770e-01
6.513941287994384766e-01
6.512396335601806641e-01
6.510868668556213379e-01
6.509363651275634766e-01
6.507879495620727539e-01
6.506413221359252930e-01
6.504968404769897461e-01
6.503539085388183594e-01
6.502126455307006836e-01
6.500726342201232910e-01
6.499003171920776367e-01
6.497277021408081055e-01
6.495545506477355957e-01
6.493821740150451660e-01
6.492084860801696777e-01
6.490349769592285156e-01
6.488595604896545410e-01
6.486837863922119141e-01
6.485056877136230469e-01
6.483267545700073242e-01
6.481451392173767090e-01
6.479624509811401367e-01
6.477296948432922363e-01
6.474933624267578125e-01
6.472546458244323730e-01
6.470142602920532227e-01
6.467706561088562012e-01
6.465245485305786133e-01
6.462774276733398438e-01
6.460278630256652832e-01
6.457771062850952148e-01
6.455256938934326172e-01
6.452751159667968750e-01
6.450238227844238281e-01
6.446341276168823242e-01
6.440765857696533203e-01
6.435198187828063965e-01
6.429643034934997559e-01
6.424098610877990723e-01
6.418581008911132812e-01
6.413072347640991211e-01
6.407585740089416504e-01
6.402129530906677246e-01
6.396702527999877930e-01
6.391323804855346680e-01
6.385979056358337402e-01
6.380685567855834961e-01
6.376150846481323242e-01
6.372974514961242676e-01
6.369894146919250488e-01
6.366903185844421387e-01
6.364039182662963867e-01
6.361299157142639160e-01
6.358727216720581055e-01
6.356328725814819336e-01
6.354157328605651855e-01
6.352231502532958984e-01
6.350621581077575684e-01
6.349367499351501465e-01
6.348569393157958984e-01
6.348306536674499512e-01
6.349189877510070801e-01
6.351219415664672852e-01
6.354379057884216309e-01
6.359066963195800781e-01
6.365908980369567871e-01
6.376014351844787598e-01
6.391623616218566895e-01
6.418858170509338379e-01
6.527377367019653320e-01
6.438342928886413574e-01
6.408485770225524902e-01
6.388611197471618652e-01
6.373922824859619141e-01
6.362544894218444824e-01
6.353400945663452148e-01
6.345575451850891113e-01
6.339150667190551758e-01
6.333840489387512207e-01
6.329484581947326660e-01
6.325914859771728516e-01
6.323047876358032227e-01
6.320788860321044922e-01
6.319052577018737793e-01
6.317809820175170898e-01
6.316983103752136230e-01
6.316557526588439941e-01
6.316463947296142578e-01
6.316686868667602539e-01
6.317197084426879883e-01
6.317958831787109375e-01
6.318910717964172363e-01
6.320106983184814453e-01
6.321509480476379395e-01
6.323106884956359863e-01
6.324875354766845703e-01
6.326813101768493652e-01
6.328880190849304199e-01
6.331077218055725098e-01
6.333383321762084961e-01
6.335803270339965820e-01
6.338297724723815918e-01
6.340872049331665039e-01
6.343515515327453613e-01
6.346207857131958008e-01
6.348938941955566406e-01
6.351836323738098145e-01
6.355265974998474121e-01
6.358699202537536621e-01
6.362140774726867676e-01
6.365562677383422852e-01
6.368979215621948242e-01
6.372357606887817383e-01
6.375713348388671875e-01
6.379019021987915039e-01
6.382283568382263184e-01
6.385484933853149414e-01
6.388632059097290039e-01
6.391704678535461426e-01
6.394702792167663574e-01
6.397629380226135254e-01
6.400464773178100586e-01
6.403222084045410156e-01
6.406115293502807617e-01
6.409170031547546387e-01
6.412135362625122070e-01
6.414992213249206543e-01
6.417750120162963867e-01
6.420417428016662598e-01
6.422976255416870117e-01
6.425439715385437012e-01
6.427816152572631836e-01
6.430094838142395020e-01
6.432283520698547363e-01
6.434387564659118652e-01
6.436421871185302734e-01
6.438373923301696777e-01
6.440258026123046875e-01
6.442092061042785645e-01
6.443858742713928223e-01
6.445577144622802734e-01
6.449090242385864258e-01
6.452911496162414551e-01
6.456692814826965332e-01
6.460444927215576172e-01
6.464169621467590332e-01
6.467866301536560059e-01
6.471560001373291016e-01
6.475250124931335449e-01
6.478938460350036621e-01
6.482629776000976562e-01
6.486332416534423828e-01
6.490048766136169434e-01
6.493772268295288086e-01
6.497523784637451172e-01
6.501296162605285645e-01
6.505089998245239258e-01
6.508908867835998535e-01
6.512751579284667969e-01
6.516715288162231445e-01
6.521069407463073730e-01
6.525447964668273926e-01
6.529835462570190430e-01
6.534234285354614258e-01
6.538642644882202148e-01
6.543053984642028809e-01
6.547465324401855469e-01
6.551870107650756836e-01
6.556262373924255371e-01
6.560636758804321289e-01
6.564985513687133789e-01
6.569302082061767578e-01
6.573580503463745117e-01
6.577812433242797852e-01
6.581998467445373535e-01
6.586117744445800781e-01
6.590168476104736328e-01
6.594143509864807129e-01
6.598036885261535645e-01
6.602457761764526367e-01
6.607308387756347656e-01
6.612057089805603027e-01
6.616697907447814941e-01
6.621226072311401367e-01
6.625637412071228027e-01
6.629927754402160645e-01
6.634094715118408203e-01
6.638133525848388672e-01
6.642043590545654297e-01
6.645823717117309570e-01
6.649471521377563477e-01
6.652989387512207031e-01
6.656376123428344727e-01
6.659633517265319824e-01
6.662755012512207031e-01
6.665757894515991211e-01
6.668637990951538086e-01
6.671398878097534180e-01
6.674044728279113770e-01
6.676579117774963379e-01
6.678703427314758301e-01
6.680597662925720215e-01
6.682413816452026367e-01
6.684139966964721680e-01
6.685799360275268555e-01
6.687381863594055176e-01
6.688910722732543945e-01
6.690375804901123047e-01
6.691800951957702637e-01
6.693176627159118652e-01
6.694526076316833496e-01
6.695839166641235352e-01
6.697140932083129883e-01
6.698420643806457520e-01
6.699702739715576172e-01
6.700981259346008301e-01
6.702269911766052246e-01
6.703567504882812500e-01
6.704887747764587402e-01
6.706228256225585938e-01
6.707603335380554199e-01
6.709008812904357910e-01
6.710219979286193848e-01
6.711328625679016113e-01
6.712472438812255859e-01
6.713665723800659180e-01
6.714918613433837891e-01
6.716212630271911621e-01
6.717566847801208496e-01
6.718981862068176270e-01
6.720452904701232910e-01
6.721979975700378418e-01
6.723579764366149902e-01
6.725230813026428223e-01
6.726945638656616211e-01
6.728729605674743652e-01
6.730567812919616699e-01
6.732466816902160645e-01
6.734431982040405273e-01
6.736449599266052246e-01
6.738528609275817871e-01
6.740656495094299316e-01
6.742835044860839844e-01
6.745072007179260254e-01
6.747346520423889160e-01
6.749319434165954590e-01
6.748885512351989746e-01
6.748488545417785645e-01
6.748121976852416992e-01
6.747785210609436035e-01
6.747474670410156250e-01
6.747187376022338867e-01
6.746921539306640625e-01
6.746670603752136230e-01
6.746433973312377930e-01
6.746206283569335938e-01
6.745985150337219238e-01
6.745766997337341309e-01
6.745547056198120117e-01
6.745322346687316895e-01
6.745088696479797363e-01
6.744834780693054199e-01
6.744572520256042480e-01
6.744289994239807129e-01
6.743980050086975098e-01
6.743646264076232910e-01
6.743280887603759766e-01
6.742878556251525879e-01
6.742440462112426758e-01
6.741960644721984863e-01
6.741391420364379883e-01
6.740490794181823730e-01
6.739541888236999512e-01
6.738538742065429688e-01
6.737483739852905273e-01
6.736370325088500977e-01
6.735194325447082520e-01
6.733958125114440918e-01
6.732653379440307617e-01
6.731282472610473633e-01
6.729841232299804688e-01
6.728326082229614258e-01
6.726731061935424805e-01
6.725066900253295898e-01
6.723324656486511230e-01
6.721504330635070801e-01
6.719604730606079102e-01
6.717623472213745117e-01
6.715560555458068848e-01
6.713415384292602539e-01
6.711188554763793945e-01
6.708878874778747559e-01
6.706486344337463379e-01
6.704012155532836914e-01
6.701456308364868164e-01
6.698817610740661621e-01
6.696099638938903809e-01
6.693376898765563965e-01
6.690653562545776367e-01
6.687858700752258301e-01
6.684982180595397949e-01
6.682040095329284668e-01
6.679015755653381348e-01
6.675931215286254883e-01
6.672771573066711426e-01
6.669548749923706055e-01
6.666258573532104492e-01
6.662906408309936523e-01
6.659501194953918457e-01
6.656029224395751953e-01
6.652513742446899414e-01
6.648939847946166992e-01
6.645319461822509766e-01
6.641650199890136719e-01
6.637944579124450684e-01
6.634190678596496582e-01
6.630408167839050293e-01
6.626583337783813477e-01
6.622734069824218750e-01
6.618849039077758789e-01
6.614946722984313965e-01
6.611014008522033691e-01
6.607068777084350586e-01
6.603100299835205078e-01
6.599126458168029785e-01
6.595141291618347168e-01
6.589958667755126953e-01
6.584723591804504395e-01
6.579482555389404297e-01
6.574229001998901367e-01
6.568981409072875977e-01
6.563734412193298340e-01
6.558492779731750488e-01
6.553251147270202637e-01
6.548026204109191895e-01
6.542814970016479492e-01
6.537619233131408691e-01
6.532442569732666016e-01
6.527278423309326172e-01
6.522146463394165039e-01
6.517041325569152832e-01
6.511965394020080566e-01
6.506925821304321289e-01
6.501907110214233398e-01
6.496933698654174805e-01
6.492002010345458984e-01
6.487108469009399414e-01
6.482250094413757324e-01
6.477449536323547363e-01
6.472691893577575684e-01
6.467984318733215332e-01
6.463329195976257324e-01
6.458721756935119629e-01
6.454175114631652832e-01
6.449686288833618164e-01
6.445258259773254395e-01
6.440969705581665039e-01
6.436867713928222656e-01
6.432824134826660156e-01
6.428854465484619141e-01
6.424953341484069824e-01
6.421114206314086914e-01
6.417353749275207520e-01
6.413657665252685547e-01
6.410042643547058105e-01
6.406502127647399902e-01
6.403028368949890137e-01
6.399639248847961426e-01
6.396325826644897461e-01
6.393080353736877441e-01
6.389923095703125000e-01
6.386834383010864258e-01
6.383835077285766602e-01
6.380912661552429199e-01
6.378064155578613281e-01
6.375300884246826172e-01
6.372617483139038086e-01
6.370009183883666992e-01
6.367485523223876953e-01
6.365038156509399414e-01
6.362674236297607422e-01
6.360394954681396484e-01
6.358180642127990723e-01
6.356059908866882324e-01
6.354011297225952148e-01
6.352031230926513672e-01
6.350143551826477051e-01
6.348316669464111328e-01
6.346581578254699707e-01
6.344109773635864258e-01
6.341251134872436523e-01
6.338452100753784180e-01
6.335737109184265137e-01
6.333105564117431641e-01
6.330529451370239258e-01
6.328043937683105469e-01
6.325620412826538086e-01
6.323256492614746094e-01
6.320980787277221680e-01
6.318759322166442871e-01
6.316604018211364746e-01
6.314501762390136719e-01
6.312469840049743652e-01
6.310507655143737793e-01
6.308583021163940430e-01
6.306720972061157227e-01
6.304910182952880859e-01
6.303150057792663574e-01
6.301440596580505371e-01
6.299772262573242188e-01
6.298144459724426270e-01
6.296547651290893555e-01
6.294994354248046875e-01
6.293488740921020508e-01
6.291996836662292480e-01
6.290524005889892578e-01
6.289081573486328125e-01
6.287659406661987305e-01
6.286257505416870117e-01
6.284862756729125977e-01
6.283474564552307129e-01
6.282091140747070312e-01
6.280698776245117188e-01
6.279327869415283203e-01
6.278174519538879395e-01
6.277558803558349609e-01
6.276913285255432129e-01
6.276253461837768555e-01
6.275563240051269531e-01
6.274841427803039551e-01
6.274081468582153320e-01
6.273269057273864746e-01
6.272419691085815430e-01
6.271516680717468262e-01
6.270558238029479980e-01
6.269537210464477539e-01
6.268443465232849121e-01
6.267285943031311035e-01
6.266054511070251465e-01
6.264742016792297363e-01
6.263347268104553223e-01
6.261853575706481934e-01
6.260276436805725098e-01
6.258600354194641113e-01
6.256824135780334473e-01
6.254940629005432129e-01
6.252940893173217773e-01
6.250833868980407715e-01
6.248610615730285645e-01
6.246264576911926270e-01
6.243795156478881836e-01
6.241188645362854004e-01
6.238459348678588867e-01
6.235594749450683594e-01
6.232594251632690430e-01
6.229451894760131836e-01
6.226161122322082520e-01
6.222732067108154297e-01
6.219156980514526367e-01
6.215431094169616699e-01
6.211547255516052246e-01
6.207519173622131348e-01
6.203100085258483887e-01
6.197274923324584961e-01
6.191297173500061035e-01
6.185172200202941895e-01
6.178886294364929199e-01
6.172442436218261719e-01
6.165841817855834961e-01
6.156837940216064453e-01
6.149762272834777832e-01
6.142535209655761719e-01
6.135146021842956543e-01
6.127601265907287598e-01
6.119908690452575684e-01
6.112054586410522461e-01
6.104047298431396484e-01
6.095897555351257324e-01
6.087590456008911133e-01
6.079134941101074219e-01
6.070533394813537598e-01
6.061788797378540039e-01
6.052903532981872559e-01
6.043899655342102051e-01
6.034740209579467773e-01
6.025448441505432129e-01
6.016027927398681641e-01
6.006480455398559570e-01
5.996825098991394043e-01
5.987035632133483887e-01
5.977130532264709473e-01
5.967130064964294434e-01
5.957012176513671875e-01
5.946783423423767090e-01
5.936470627784729004e-01
5.926045179367065430e-01
5.915527343750000000e-01
5.904939770698547363e-01
5.894250869750976562e-01
5.883480906486511230e-01
5.872655510902404785e-01
5.861749649047851562e-01
5.850767493247985840e-01
5.839742422103881836e-01
5.830004215240478516e-01
5.820500850677490234e-01
5.810980200767517090e-01
5.801405310630798340e-01
5.791798830032348633e-01
5.782189965248107910e-01
5.772538185119628906e-01
5.762872099876403809e-01
5.753213167190551758e-01
5.743527412414550781e-01
5.733836889266967773e-01
5.724169015884399414e-01
5.714484453201293945e-01
5.704809427261352539e-01
5.695165991783142090e-01
5.685519576072692871e-01
5.675911307334899902e-01
5.666307806968688965e-01
5.656748414039611816e-01
5.647200345993041992e-01
5.637704133987426758e-01
5.628225207328796387e-01
5.618783831596374512e-01
5.609413385391235352e-01
5.600058436393737793e-01
5.590770244598388672e-01
5.581512451171875000e-01
5.572323799133300781e-01
5.563173294067382812e-01
5.554096102714538574e-01
5.545060634613037109e-01
5.536101460456848145e-01
5.527189373970031738e-01
5.518357753753662109e-01
5.509576201438903809e-01
5.500878691673278809e-01
5.492234826087951660e-01
5.483676195144653320e-01
5.475176572799682617e-01
5.466763973236083984e-01
5.458413362503051758e-01
5.450150966644287109e-01
5.441953539848327637e-01
5.433847308158874512e-01
5.425807833671569824e-01
5.417832136154174805e-01
5.409944057464599609e-01
5.402133464813232422e-01
5.394410490989685059e-01
5.386769175529479980e-01
5.379213094711303711e-01
5.371751189231872559e-01
5.364353656768798828e-01
5.357055664062500000e-01
5.349838733673095703e-01
5.342710614204406738e-01
5.335677266120910645e-01
5.328711867332458496e-01
5.321854352951049805e-01
5.315063595771789551e-01
5.308368802070617676e-01
5.301769971847534180e-01
5.295242667198181152e-01
5.288817882537841797e-01
5.282463431358337402e-01
5.276212096214294434e-01
5.270037651062011719e-01
5.263945460319519043e-01
5.257952809333801270e-01
5.252030491828918457e-01
5.246208310127258301e-01
5.240464806556701660e-01
5.234807133674621582e-01
5.229229331016540527e-01
5.223731398582458496e-01
5.218329429626464844e-01
5.213003754615783691e-01
5.207762718200683594e-01
5.202597379684448242e-01
5.197519659996032715e-01
5.192518830299377441e-01
5.187594294548034668e-01
5.182756185531616211e-01
5.177989602088928223e-01
5.173309445381164551e-01
5.168698430061340332e-01
5.164171457290649414e-01
5.159710645675659180e-01
5.155324935913085938e-01
5.151023864746093750e-01
5.146784782409667969e-01
5.142625570297241211e-01
5.138530135154724121e-01
5.134512186050415039e-01
5.131856203079223633e-01
5.129388570785522461e-01
5.126993060111999512e-01
5.124651789665222168e-01
5.122380256652832031e-01
5.120162963867187500e-01
5.118007659912109375e-01
5.115903019905090332e-01
5.113865733146667480e-01
5.111871361732482910e-01
5.109938383102416992e-01
5.108045935630798340e-01
5.106218457221984863e-01
5.104427933692932129e-01
5.102692842483520508e-01
5.101000070571899414e-01
5.099353194236755371e-01
5.097743868827819824e-01
5.096185207366943359e-01
5.094664096832275391e-01
5.093185901641845703e-01
5.091734528541564941e-01
5.090336203575134277e-01
5.088960528373718262e-01
5.087627172470092773e-01
5.086327195167541504e-01
5.085054039955139160e-01
5.083817243576049805e-01
5.082601308822631836e-01
5.081422924995422363e-01
5.080263614654541016e-01
5.079142451286315918e-01
5.078034996986389160e-01
5.076960325241088867e-01
5.075901150703430176e-01
5.074872970581054688e-01
5.073861479759216309e-01
5.072875618934631348e-01
5.071901679039001465e-01
5.070955157279968262e-01
5.070018768310546875e-01
5.069105625152587891e-01
5.068210363388061523e-01
5.067333579063415527e-01
5.066463947296142578e-01
5.065615177154541016e-01
5.064775347709655762e-01
5.063964128494262695e-01
5.063152313232421875e-01
5.062361359596252441e-01
5.061572194099426270e-01
5.060806274414062500e-01
5.060050487518310547e-01
5.059382915496826172e-01
5.058971643447875977e-01
5.058570504188537598e-01
5.058179497718811035e-01
5.057794451713562012e-01
5.057422518730163574e-01
5.057060718536376953e-01
5.056707262992858887e-01
5.056362748146057129e-01
5.056019425392150879e-01
5.055695772171020508e-01
5.055377483367919922e-01
5.055066943168640137e-01
5.054764747619628906e-01
5.054462552070617676e-01
5.054174065589904785e-01
5.053895711898803711e-01
5.053625702857971191e-01
5.053362846374511719e-01
5.053113698959350586e-01
5.052855610847473145e-01
5.052615404129028320e-01
5.052382946014404297e-01
5.052157640457153320e-01
5.051939487457275391e-01
5.051720142364501953e-01
5.051513910293579102e-01
5.051317214965820312e-01
5.051133632659912109e-01
5.050950646400451660e-01
5.050766468048095703e-01
5.050594210624694824e-01
5.050431489944458008e-01
5.050275325775146484e-01
5.050125122070312500e-01
5.049982070922851562e-01
5.049833655357360840e-01
5.049707889556884766e-01
5.049582719802856445e-01
5.049462914466857910e-01
5.049348473548889160e-01
5.049231052398681641e-01
5.049124956130981445e-01
5.049026012420654297e-01
5.048932433128356934e-01
5.048843026161193848e-01
5.048756003379821777e-01
5.048671960830688477e-01
5.048595070838928223e-01
5.048521757125854492e-01
5.048452019691467285e-01
5.048377513885498047e-01
5.048310756683349609e-01
5.048249363899230957e-01
5.048190355300903320e-01
5.048133730888366699e-01
5.048078298568725586e-01
5.048016309738159180e-01
5.047960877418518066e-01
5.047997236251831055e-01
5.048400163650512695e-01
5.048804879188537598e-01
5.049204826354980469e-01
5.049606561660766602e-01
5.050005912780761719e-01
5.050399899482727051e-01
5.050794482231140137e-01
5.051182508468627930e-01
5.051562786102294922e-01
5.051944255828857422e-01
5.052328705787658691e-01
5.052701234817504883e-01
5.053071975708007812e-01
5.053434371948242188e-01
5.053794980049133301e-01
5.054146051406860352e-01
5.054494142532348633e-01
5.054833292961120605e-01
5.055160522460937500e-01
5.055485963821411133e-01
5.055807232856750488e-01
5.056118369102478027e-01
5.056424140930175781e-01
5.056722164154052734e-01
5.057009458541870117e-01
5.056964159011840820e-01
5.056883692741394043e-01
5.056787133216857910e-01
5.056682825088500977e-01
5.056577920913696289e-01
5.056456327438354492e-01
5.056326985359191895e-01
5.056196451187133789e-01
5.056049823760986328e-01
5.055894255638122559e-01
5.055730342864990234e-01
5.055565834045410156e-01
5.055385828018188477e-01
5.055196285247802734e-01
5.055007338523864746e-01
5.054802298545837402e-01
5.054589509963989258e-01
5.054376721382141113e-01
5.054148435592651367e-01
5.053913593292236328e-01
5.053679347038269043e-01
5.053430795669555664e-01
5.053176283836364746e-01
5.052923560142517090e-01
5.052657723426818848e-01
5.052386522293090820e-01
5.052599906921386719e-01
5.053215026855468750e-01
5.053826570510864258e-01
5.054436326026916504e-01
5.055051445960998535e-01
5.055657625198364258e-01
5.056263208389282227e-01
5.056868791580200195e-01
5.057475566864013672e-01
5.058091878890991211e-01
5.058702230453491211e-01
5.059316158294677734e-01
5.059934258460998535e-01
5.060564279556274414e-01
5.061192512512207031e-01
5.061826705932617188e-01
5.062468051910400391e-01
5.063117742538452148e-01
5.063783526420593262e-01
5.064451694488525391e-01
5.065129399299621582e-01
5.065819025039672852e-01
5.066528320312500000e-01
5.067242980003356934e-01
5.067971944808959961e-01
5.068714618682861328e-01
5.069472193717956543e-01
5.070249438285827637e-01
5.070965886116027832e-01
5.071700811386108398e-01
5.072461366653442383e-01
5.073233842849731445e-01
5.074028968811035156e-01
5.074841380119323730e-01
5.075675249099731445e-01
5.076538920402526855e-01
5.077417492866516113e-01
5.078318715095520020e-01
5.079244375228881836e-01
5.080202221870422363e-01
5.081177353858947754e-01
5.082179307937622070e-01
5.083205699920654297e-01
5.084267258644104004e-01
5.085347890853881836e-01
5.086455941200256348e-01
5.087592005729675293e-01
5.088765025138854980e-01
5.089958310127258301e-01
5.091184377670288086e-01
5.092436671257019043e-01
5.093727707862854004e-01
5.095040798187255859e-01
5.096384286880493164e-01
5.097759366035461426e-01
5.099169611930847168e-01
5.100852847099304199e-01
5.102953314781188965e-01
5.105093121528625488e-01
5.107254385948181152e-01
5.109458565711975098e-01
5.111685991287231445e-01
5.113945603370666504e-01
5.116245150566101074e-01
5.118564367294311523e-01
5.120924711227416992e-01
5.123311281204223633e-01
5.125730037689208984e-01
5.128188133239746094e-01
5.130670070648193359e-01
5.133183598518371582e-01
5.135732293128967285e-01
5.138307809829711914e-01
5.140922069549560547e-01
5.143552422523498535e-01
5.146219730377197266e-01
5.148925185203552246e-01
5.151649713516235352e-01
5.154415369033813477e-01
5.157202482223510742e-01
5.160018801689147949e-01
5.162872076034545898e-01
5.165746212005615234e-01
5.168645977973937988e-01
5.171576738357543945e-01
5.174536108970642090e-01
5.177502632141113281e-01
5.180459618568420410e-01
5.183441638946533203e-01
5.186450481414794922e-01
5.189480781555175781e-01
5.192533731460571289e-01
5.195600986480712891e-01
5.198696255683898926e-01
5.201817750930786133e-01
5.204961299896240234e-01
5.208130478858947754e-01
5.211317539215087891e-01
5.214526057243347168e-01
5.217758417129516602e-01
5.220997333526611328e-01
5.224266648292541504e-01
5.227550268173217773e-01
5.230858325958251953e-01
5.234184861183166504e-01
5.237530469894409180e-01
5.240897536277770996e-01
5.244266986846923828e-01
5.247665643692016602e-01
5.251084566116333008e-01
5.254517197608947754e-01
5.257965922355651855e-01
5.261425375938415527e-01
5.264905691146850586e-01
5.268388986587524414e-01
5.271903276443481445e-01
5.275428295135498047e-01
5.279044508934020996e-01
5.283136963844299316e-01
5.287243127822875977e-01
5.291354656219482422e-01
5.295470356941223145e-01
5.299602746963500977e-01
5.303739905357360840e-01
5.307884216308593750e-01
5.312039256095886230e-01
5.316206812858581543e-01
5.320371389389038086e-01
5.324533581733703613e-01
5.328710675239562988e-01
5.332893133163452148e-01
5.337093472480773926e-01
5.341284871101379395e-01
5.345485806465148926e-01
5.348512530326843262e-01
5.351455807685852051e-01
5.354413390159606934e-01
5.357362031936645508e-01
5.360298156738281250e-01
5.363238453865051270e-01
5.366172790527343750e-01
5.369098186492919922e-01
5.372007489204406738e-01
5.374925732612609863e-01
5.377828478813171387e-01
5.380732417106628418e-01
5.383635163307189941e-01
5.386525988578796387e-01
5.389386415481567383e-01
5.392261743545532227e-01
5.395098328590393066e-01
5.397881269454956055e-01
5.400638580322265625e-01
5.403379797935485840e-01
5.406079888343811035e-01
5.408773422241210938e-01
5.411441326141357422e-01
5.414090156555175781e-01
5.416720509529113770e-01
5.419323444366455078e-01
5.421893596649169922e-01
5.424449443817138672e-01
5.426977872848510742e-01
5.429485440254211426e-01
5.431973338127136230e-01
5.434430241584777832e-01
5.436848402023315430e-01
5.436995625495910645e-01
5.433822274208068848e-01
5.430600643157958984e-01
5.427314639091491699e-01
5.423977971076965332e-01
5.420567393302917480e-01
5.417115688323974609e-01
5.413606762886047363e-01
5.410031080245971680e-01
5.406404733657836914e-01
5.402712225914001465e-01
5.398954153060913086e-01
5.395151972770690918e-01
5.391287803649902344e-01
5.387365818023681641e-01
5.383377075195312500e-01
5.379335880279541016e-01
5.375140905380249023e-01
5.369417071342468262e-01
5.363675951957702637e-01
5.357897877693176270e-01
5.352079868316650391e-01
5.346245169639587402e-01
5.340350866317749023e-01
5.334448218345642090e-01
5.328513979911804199e-01
5.322549939155578613e-01
5.316557288169860840e-01
5.310516953468322754e-01
5.304463505744934082e-01
5.298373103141784668e-01
5.292267799377441406e-01
5.286118388175964355e-01
5.279939770698547363e-01
5.273740887641906738e-01
5.267528295516967773e-01
5.261346697807312012e-01
5.255186557769775391e-01
5.249019265174865723e-01
5.242851972579956055e-01
5.236709117889404297e-01
5.230574607849121094e-01
5.224448442459106445e-01
5.218325853347778320e-01
5.212203264236450195e-01
5.206115245819091797e-01
5.200023055076599121e-01
5.193948745727539062e-01
5.187886953353881836e-01
5.181820392608642578e-01
5.175782442092895508e-01
5.169750452041625977e-01
5.163747072219848633e-01
5.157878994941711426e-01
5.154708623886108398e-01
5.151541829109191895e-01
5.148407816886901855e-01
5.145310163497924805e-01
5.142228603363037109e-01
5.139161944389343262e-01
5.136108398437500000e-01
5.133095979690551758e-01
5.130097866058349609e-01
5.127131938934326172e-01
5.124182701110839844e-01
5.121263861656188965e-01
5.118353366851806641e-01
5.115475654602050781e-01
5.112630724906921387e-01
5.109817981719970703e-01
5.107014775276184082e-01
5.104227066040039062e-01
5.101474523544311523e-01
5.098756551742553711e-01
5.096064209938049316e-01
5.093389153480529785e-01
5.090730786323547363e-01
5.088117718696594238e-01
5.085521936416625977e-01
5.082962512969970703e-01
5.080421566963195801e-01
5.077897310256958008e-01
5.075426101684570312e-01
5.072967410087585449e-01
5.070545673370361328e-01
5.068151950836181641e-01
5.065758824348449707e-01
5.063422322273254395e-01
5.061114430427551270e-01
5.058826804161071777e-01
5.056577324867248535e-01
5.054787397384643555e-01
5.054407715797424316e-01
5.054059028625488281e-01
5.053719282150268555e-01
5.053417086601257324e-01
5.053111314773559570e-01
5.052847862243652344e-01
5.052611231803894043e-01
5.052395462989807129e-01
5.052203536033630371e-01
5.052017569541931152e-01
5.051873326301574707e-01
5.051752328872680664e-01
5.051665306091308594e-01
5.051587224006652832e-01
5.051526427268981934e-01
5.051501989364624023e-01
5.051501393318176270e-01
5.051530599594116211e-01
5.051578879356384277e-01
5.051651597023010254e-01
5.051732063293457031e-01
5.051854252815246582e-01
5.052000880241394043e-01
5.052180886268615723e-01
5.052371621131896973e-01
5.052580237388610840e-01
5.052825212478637695e-01
5.053095817565917969e-01
5.053395628929138184e-01
5.053715109825134277e-01
5.054039359092712402e-01
5.054418444633483887e-01
5.054808855056762695e-01
5.055229067802429199e-01
5.055683255195617676e-01
5.056128501892089844e-01
5.056633949279785156e-01
5.057154893875122070e-01
5.057701468467712402e-01
5.057707428932189941e-01
5.057239532470703125e-01
5.056787729263305664e-01
5.056362152099609375e-01
5.055973529815673828e-01
5.055578947067260742e-01
5.055243968963623047e-01
5.054926276206970215e-01
5.054634809494018555e-01
5.054380297660827637e-01
5.054121613502502441e-01
5.053921341896057129e-01
5.053744316101074219e-01
5.053589940071105957e-01
5.053473711013793945e-01
5.053353309631347656e-01
5.053292512893676758e-01
5.053251385688781738e-01
5.053238272666931152e-01
5.053263306617736816e-01
5.053284168243408203e-01
5.053365826606750488e-01
5.053467750549316406e-01
5.053598284721374512e-01
5.053767561912536621e-01
5.053933858871459961e-01
5.054160952568054199e-01
5.054409503936767578e-01
5.054686069488525391e-01
5.055005550384521484e-01
5.055319070816040039e-01
5.055694580078125000e-01
5.056090950965881348e-01
5.056526660919189453e-01
5.056984424591064453e-01
5.057448148727416992e-01
5.057975053787231445e-01
5.058522820472717285e-01
5.059111714363098145e-01
5.059720277786254883e-01
5.060337185859680176e-01
5.061016678810119629e-01
5.061914324760437012e-01
5.062945485115051270e-01
5.064001679420471191e-01
5.065069198608398438e-01
5.066202878952026367e-01
5.067363977432250977e-01
5.068567991256713867e-01
5.069796442985534668e-01
5.071045160293579102e-01
5.072343945503234863e-01
5.073685646057128906e-01
5.075053572654724121e-01
5.076464414596557617e-01
5.077877044677734375e-01
5.079355835914611816e-01
5.080862045288085938e-01
5.082411766052246094e-01
5.083985328674316406e-01
5.085570216178894043e-01
5.087221264839172363e-01
5.088899135589599609e-01
5.090619325637817383e-01
5.092364549636840820e-01
5.094127655029296875e-01
5.095942020416259766e-01
5.097797513008117676e-01
5.099678039550781250e-01
5.101600885391235352e-01
5.103523731231689453e-01
5.105513930320739746e-01
5.107527971267700195e-01
5.109583735466003418e-01
5.111663937568664551e-01
5.113761425018310547e-01
5.115907788276672363e-01
5.118085145950317383e-01
5.120304226875305176e-01
5.122546553611755371e-01
5.124804377555847168e-01
5.127110481262207031e-01
5.129455924034118652e-01
5.131824016571044922e-01
5.134232044219970703e-01
5.136637687683105469e-01
5.139287710189819336e-01
5.142101049423217773e-01
5.144940614700317383e-01
5.147818922996520996e-01
5.150703787803649902e-01
5.153637528419494629e-01
5.156608819961547852e-01
5.159603357315063477e-01
5.162636041641235352e-01
5.165697336196899414e-01
5.168754458427429199e-01
5.171872973442077637e-01
5.175011754035949707e-01
5.178185105323791504e-01
5.181384682655334473e-01
5.184578895568847656e-01
5.187830328941345215e-01
5.191106200218200684e-01
5.194398760795593262e-01
5.197723507881164551e-01
5.201038718223571777e-01
5.204406976699829102e-01
5.207797288894653320e-01
5.211201906204223633e-01
5.214632749557495117e-01
5.218051671981811523e-01
5.221520662307739258e-01
5.225007534027099609e-01
5.228503346443176270e-01
5.232022404670715332e-01
5.235525965690612793e-01
5.239076018333435059e-01
5.242636799812316895e-01
5.246204733848571777e-01
5.249789953231811523e-01
5.253364443778991699e-01
5.256962776184082031e-01
5.260576605796813965e-01
5.264191627502441406e-01
5.267820954322814941e-01
5.271454453468322754e-01
5.275063514709472656e-01
5.278704166412353516e-01
5.282342433929443359e-01
5.285985469818115234e-01
5.289629101753234863e-01
5.293270349502563477e-01
5.297277569770812988e-01
5.301276445388793945e-01
5.305267572402954102e-01
5.309240221977233887e-01
5.313181281089782715e-01
5.317121148109436035e-01
5.321049094200134277e-01
5.324951410293579102e-01
5.328832864761352539e-01
5.332676172256469727e-01
5.336508750915527344e-01
5.340322256088256836e-01
5.344101190567016602e-01
5.347856283187866211e-01
5.351573824882507324e-01
5.355242490768432617e-01
5.358896851539611816e-01
5.362510085105895996e-01
5.366090536117553711e-01
5.369624495506286621e-01
5.373103022575378418e-01
5.376555919647216797e-01
5.379958152770996094e-01
5.383318066596984863e-01
5.386623144149780273e-01
5.389881134033203125e-01
5.393067002296447754e-01
5.396210551261901855e-01
5.399302244186401367e-01
5.402328372001647949e-01
5.405298471450805664e-01
5.408187508583068848e-01
5.411025881767272949e-01
5.413795113563537598e-01
5.416491627693176270e-01
5.419121384620666504e-01
5.421671867370605469e-01
5.424140691757202148e-01
5.426537394523620605e-01
5.428852438926696777e-01
5.431088805198669434e-01
5.433235168457031250e-01
5.435293316841125488e-01
5.437263846397399902e-01
5.439144968986511230e-01
5.440930724143981934e-01
5.442619919776916504e-01
5.444213151931762695e-01
5.445700883865356445e-01
5.447224378585815430e-01
5.448657274246215820e-01
5.449975132942199707e-01
5.451172590255737305e-01
5.452253222465515137e-01
5.453211665153503418e-01
5.454045534133911133e-01
5.454756021499633789e-01
5.455339550971984863e-01
5.455792546272277832e-01
5.456121563911437988e-01
5.456314682960510254e-01
5.456373095512390137e-01
5.456297397613525391e-01
5.456083416938781738e-01
5.455731749534606934e-01
5.455249547958374023e-01
5.454615950584411621e-01
5.453840494155883789e-01
5.452920198440551758e-01
5.451853275299072266e-01
5.450639128684997559e-01
5.449290275573730469e-01
5.447776913642883301e-01
5.446113348007202148e-01
5.444297194480895996e-01
5.442325472831726074e-01
5.440199375152587891e-01
5.437935590744018555e-01
5.435497164726257324e-01
5.432900190353393555e-01
5.430141687393188477e-01
5.427224040031433105e-01
5.424145460128784180e-01
5.420928001403808594e-01
5.417524576187133789e-01
5.413954854011535645e-01
5.410223007202148438e-01
5.406325459480285645e-01
5.402261614799499512e-01
5.398059487342834473e-01
5.393660664558410645e-01
5.389096140861511230e-01
5.384364128112792969e-01
5.379462838172912598e-01
5.374393463134765625e-01
5.369185209274291992e-01
5.363776683807373047e-01
5.358200073242187500e-01
5.352453589439392090e-01
5.346537232398986816e-01
5.340448021888732910e-01
5.334274768829345703e-01
5.327910184860229492e-01
5.321376323699951172e-01
5.314680337905883789e-01
5.307815670967102051e-01
5.300790071487426758e-01
5.293643474578857422e-01
5.286285281181335449e-01
5.278767347335815430e-01
5.271083712577819824e-01
5.263240933418273926e-01
5.255237817764282227e-01
5.247117280960083008e-01
5.238793492317199707e-01
5.230307579040527344e-01
5.221666097640991211e-01
5.212868452072143555e-01
5.203908085823059082e-01
5.194798707962036133e-01
5.185589790344238281e-01
5.176168680191040039e-01
5.166601538658142090e-01
5.156878829002380371e-01
5.147012472152709961e-01
5.136998891830444336e-01
5.126832127571105957e-01
5.116586089134216309e-01
5.106132030487060547e-01
5.095543265342712402e-01
5.084813237190246582e-01
5.073938369750976562e-01
5.062932372093200684e-01
5.051785111427307129e-01
5.040575265884399414e-01
5.029169917106628418e-01
5.017628669738769531e-01
5.005964636802673340e-01
4.994169175624847412e-01
4.982255697250366211e-01
4.970221221446990967e-01
4.958126544952392578e-01
4.945852160453796387e-01
4.933454394340515137e-01
4.920952916145324707e-01
4.908335804939270020e-01
4.895603060722351074e-01
4.882771968841552734e-01
4.869907200336456299e-01
4.856856465339660645e-01
4.843715429306030273e-01
4.830468595027923584e-01
4.817130565643310547e-01
4.803700149059295654e-01
4.790172576904296875e-01
4.776634573936462402e-01
4.762824475765228271e-01
4.748834967613220215e-01
4.734756648540496826e-01
4.720587134361267090e-01
4.706330001354217529e-01
4.691999852657318115e-01
4.677668809890747070e-01
4.663179814815521240e-01
4.648618102073669434e-01
4.633978307247161865e-01
4.619274139404296875e-01
4.604506790637969971e-01
4.589673578739166260e-01
4.574857354164123535e-01
4.559903740882873535e-01
4.544886648654937744e-01
4.529822468757629395e-01
4.514702558517456055e-01
4.499539732933044434e-01
4.484328627586364746e-01
4.469141960144042969e-01
4.453845620155334473e-01
4.438508749008178711e-01
4.423132240772247314e-01
4.407726824283599854e-01
4.392288327217102051e-01
4.376811683177947998e-01
4.361312687397003174e-01
4.345794916152954102e-01
4.330338835716247559e-01
4.314775168895721436e-01
4.299189448356628418e-01
4.283598959445953369e-01
4.267996847629547119e-01
4.252377450466156006e-01
4.236759245395660400e-01
4.221134483814239502e-01
4.205491840839385986e-01
4.189948439598083496e-01
4.174324274063110352e-01
4.158696234226226807e-01
4.143082201480865479e-01
4.127466082572937012e-01
4.111873209476470947e-01
4.096284806728363037e-01
4.080719947814941406e-01
4.065255224704742432e-01
4.049719274044036865e-01
4.034204185009002686e-01
4.018721282482147217e-01
4.003257453441619873e-01
3.987831771373748779e-01
3.972433507442474365e-01
3.957058787345886230e-01
3.941720426082611084e-01
3.926505148410797119e-01
3.911249935626983643e-01
3.896023631095886230e-01
3.880850374698638916e-01
3.865920007228851318e-01
3.851100206375122070e-01
3.836334645748138428e-01
3.821620047092437744e-01
3.806961476802825928e-01
3.792437911033630371e-01
3.777894675731658936e-01
3.763413727283477783e-01
3.748992383480072021e-01
3.734634816646575928e-01
3.720334172248840332e-01
3.706108033657073975e-01
3.691950440406799316e-01
3.677935302257537842e-01
3.663915693759918213e-01
3.649968802928924561e-01
3.636096119880676270e-01
3.622297346591949463e-01
3.608575463294982910e-01
3.594929873943328857e-01
3.581353724002838135e-01
3.567866683006286621e-01
3.554531335830688477e-01
3.541206419467926025e-01
3.527964353561401367e-01
3.514807224273681641e-01
3.501734435558319092e-01
3.488747775554656982e-01
3.475848734378814697e-01
3.463039100170135498e-01
3.450317978858947754e-01
3.437678515911102295e-01
3.425137400627136230e-01
3.412688970565795898e-01
3.400396406650543213e-01
3.388133943080902100e-01
3.375965058803558350e-01
3.363890945911407471e-01
3.351913392543792725e-01
3.340031802654266357e-01
3.328236341476440430e-01
3.316541314125061035e-01
3.304952979087829590e-01
3.293464481830596924e-01
3.282073736190795898e-01
3.270784020423889160e-01
3.259651064872741699e-01
3.248563110828399658e-01
3.237576186656951904e-01
3.226691186428070068e-01
3.215908110141754150e-01
3.205221891403198242e-01
3.194644451141357422e-01
3.184172511100769043e-01
3.173803389072418213e-01
3.163538277149200439e-01
3.153378367424011230e-01
3.143323063850402832e-01
3.133421540260314941e-01
3.123576641082763672e-01
3.113836050033569336e-01
3.104201853275299072e-01
3.094659149646759033e-01
3.085216581821441650e-01
3.075883090496063232e-01
3.066670596599578857e-01
3.057571649551391602e-01
3.048588037490844727e-01
3.039719164371490479e-01
3.030964136123657227e-01
3.022359907627105713e-01
3.013834357261657715e-01
3.005422949790954590e-01
2.997125685214996338e-01
2.988943457603454590e-01
2.980875372886657715e-01
2.972915172576904297e-01
2.965075373649597168e-01
2.957349419593811035e-01
2.949736416339874268e-01
2.942237854003906250e-01
2.934852242469787598e-01
2.927608191967010498e-01
2.920447885990142822e-01
2.913400530815124512e-01
2.906465828418731689e-01
2.899642884731292725e-01
2.892932593822479248e-01
2.886329293251037598e-01
2.879841923713684082e-01
2.873466312885284424e-01
2.867201566696166992e-01
2.861047089099884033e-01
2.855003476142883301e-01
2.849065661430358887e-01
2.843241989612579346e-01
2.837513387203216553e-01
2.831908464431762695e-01
2.826412320137023926e-01
2.821024358272552490e-01
2.815741002559661865e-01
2.810589969158172607e-01
2.805525362491607666e-01
2.800568044185638428e-01
2.795717716217041016e-01
2.790973782539367676e-01
2.786332368850708008e-01
2.781800627708435059e-01
2.777374386787414551e-01
2.773053348064422607e-01
2.768837213516235352e-01
2.764725685119628906e-01
2.760714590549468994e-01
2.756811082363128662e-01
2.753010988235473633e-01
2.749313712120056152e-01
2.745719552040100098e-01
2.742227613925933838e-01
2.738838195800781250e-01
2.735547125339508057e-01
2.732360661029815674e-01
2.729275524616241455e-01
2.726297974586486816e-01
2.723413407802581787e-01
2.720628678798675537e-01
2.717941403388977051e-01
2.715356349945068359e-01
2.712870240211486816e-01
2.710483074188232422e-01
2.708799540996551514e-01
2.707517445087432861e-01
2.706339359283447266e-01
2.705245018005371094e-01
2.704266309738159180e-01
2.703390419483184814e-01
2.702612578868865967e-01
2.701936364173889160e-01
2.701357603073120117e-01
2.700878977775573730e-01
2.700500786304473877e-01
2.700219750404357910e-01
2.700039148330688477e-01
2.699949741363525391e-01
2.699948251247406006e-01
2.700061500072479248e-01
2.700271606445312500e-01
2.700580060482025146e-01
2.700984477996826172e-01
2.701486349105834961e-01
2.702086865901947021e-01
2.702782452106475830e-01
2.703576683998107910e-01
2.704465985298156738e-01
2.705437242984771729e-01
2.706519067287445068e-01
2.707697451114654541e-01
2.708972990512847900e-01
2.710342705249786377e-01
2.711810171604156494e-01
2.713372111320495605e-01
2.715028822422027588e-01
2.716783583164215088e-01
2.718631625175476074e-01
2.720560729503631592e-01
2.722599506378173828e-01
2.724734246730804443e-01
2.726964950561523438e-01
2.729289233684539795e-01
2.731710970401763916e-01
2.734225690364837646e-01
2.736836373805999756e-01
2.739541828632354736e-01
2.742342054843902588e-01
2.745221853256225586e-01
2.748211622238159180e-01
2.751298248767852783e-01
2.754477858543395996e-01
2.757752835750579834e-01
2.761124670505523682e-01
2.764589786529541016e-01
2.768150568008422852e-01
2.771806418895721436e-01
2.775556743144989014e-01
2.779386937618255615e-01
2.783328294754028320e-01
2.787364721298217773e-01
2.791496217250823975e-01
2.795721888542175293e-01
2.800045609474182129e-01
2.804463207721710205e-01
2.808976173400878906e-01
2.813585102558135986e-01
2.818289399147033691e-01
2.823072671890258789e-01
2.827969193458557129e-01
2.832959890365600586e-01
2.838047146797180176e-01
2.843229472637176514e-01
2.848508954048156738e-01
2.853883802890777588e-01
2.859809100627899170e-01
2.866483032703399658e-01
2.873252630233764648e-01
2.880120277404785156e-01
2.887103855609893799e-01
2.894168198108673096e-01
2.901330888271331787e-01
2.908593118190765381e-01
2.915951907634735107e-01
2.923426032066345215e-01
2.930980920791625977e-01
2.938637137413024902e-01
2.946389913558959961e-01
2.954241633415222168e-01
2.962210178375244141e-01
2.970258593559265137e-01
2.978405356407165527e-01
2.986653149127960205e-01
2.994997501373291016e-01
3.003456294536590576e-01
3.011997938156127930e-01
3.020638227462768555e-01
3.029376864433288574e-01
3.038213253021240234e-01
3.047164976596832275e-01
3.056197762489318848e-01
3.065328001976013184e-01
3.074557483196258545e-01
3.083882033824920654e-01
3.093321025371551514e-01
3.102842867374420166e-01
3.112459480762481689e-01
3.122172057628631592e-01
3.131981790065765381e-01
3.141889274120330811e-01
3.151907324790954590e-01
3.162071108818054199e-01
3.172264695167541504e-01
3.182552456855773926e-01
3.192932009696960449e-01
3.203425407409667969e-01
3.213993310928344727e-01
3.224653005599975586e-01
3.235405087471008301e-01
3.246250748634338379e-01
3.257202208042144775e-01
3.268227279186248779e-01
3.279342353343963623e-01
3.290545642375946045e-01
3.301835656166076660e-01
3.313233256340026855e-01
3.324696421623229980e-01
3.336246907711029053e-01
3.347882330417633057e-01
3.359598517417907715e-01
3.371415138244628906e-01
3.383296132087707520e-01
3.395259082317352295e-01
3.407297432422637939e-01
3.419415056705474854e-01
3.431628346443176270e-01
3.443897068500518799e-01
3.456239700317382812e-01
3.468656837940216064e-01
3.481227457523345947e-01
3.493799865245819092e-01
3.506422936916351318e-01
3.519113659858703613e-01
3.531865775585174561e-01
3.544680476188659668e-01
3.557575047016143799e-01
3.570509254932403564e-01
3.583498597145080566e-01
3.596546053886413574e-01
3.609642386436462402e-01
3.622806668281555176e-01
3.636017441749572754e-01
3.649375736713409424e-01
3.662797510623931885e-01
3.676240742206573486e-01
3.689740598201751709e-01
3.703256845474243164e-01
3.716823160648345947e-01
3.730421066284179688e-01
3.744025230407714844e-01
3.757672607898712158e-01
3.771421015262603760e-01
3.785106241703033447e-01
3.798806369304656982e-01
3.812501132488250732e-01
3.826225399971008301e-01
3.839933872222900391e-01
3.853659927845001221e-01
3.867389559745788574e-01
3.881092965602874756e-01
3.894805014133453369e-01
3.908489048480987549e-01
3.922172188758850098e-01
3.935913145542144775e-01
3.949553668498992920e-01
3.963164389133453369e-01
3.976725935935974121e-01
3.990268111228942871e-01
4.003754556179046631e-01
4.017211496829986572e-01
4.030619561672210693e-01
4.043960571289062500e-01
4.057257473468780518e-01
4.070476889610290527e-01
4.083648025989532471e-01
4.096822440624237061e-01
4.109843969345092773e-01
4.122783243656158447e-01
4.135625660419464111e-01
4.148390889167785645e-01
4.161044657230377197e-01
4.173618555068969727e-01
4.186084866523742676e-01
4.198425412178039551e-01
4.210670888423919678e-01
4.222778975963592529e-01
4.234779477119445801e-01
4.246725738048553467e-01
4.258463978767395020e-01
4.270061552524566650e-01
4.281500577926635742e-01
4.292810261249542236e-01
4.303948283195495605e-01
4.314942657947540283e-01
4.325778186321258545e-01
4.336426258087158203e-01
4.346917569637298584e-01
4.357218444347381592e-01
4.367351233959197998e-01
4.377374947071075439e-01
4.387112259864807129e-01
4.396673440933227539e-01
4.406015872955322266e-01
4.415169060230255127e-01
4.424101710319519043e-01
4.432834088802337646e-01
4.441348910331726074e-01
4.449629485607147217e-01
4.457700550556182861e-01
4.465525746345520020e-01
4.473197162151336670e-01
4.480570852756500244e-01
4.487688839435577393e-01
4.494579434394836426e-01
4.501210451126098633e-01
4.507606029510498047e-01
4.513736665248870850e-01
4.519628584384918213e-01
4.525262713432312012e-01
4.530622363090515137e-01
4.535784125328063965e-01
4.540617763996124268e-01
4.545201361179351807e-01
4.549565613269805908e-01
4.554264545440673828e-01
4.558691680431365967e-01
4.562844932079315186e-01
4.566741883754730225e-01
4.570381939411163330e-01
4.573712944984436035e-01
4.576767683029174805e-01
4.579562842845916748e-01
4.582068324089050293e-01
4.584299027919769287e-01
4.586266577243804932e-01
4.587967693805694580e-01
4.589373469352722168e-01
4.590506851673126221e-01
4.591382145881652832e-01
4.591969847679138184e-01
4.592292010784149170e-01
4.592359662055969238e-01
4.592156112194061279e-01
4.591675996780395508e-01
4.590937495231628418e-01
4.589953124523162842e-01
4.588698446750640869e-01
4.587189257144927979e-01
4.585424959659576416e-01
4.583424925804138184e-01
4.581167995929718018e-01
4.578668773174285889e-01
4.575939774513244629e-01
4.572965502738952637e-01
4.569759368896484375e-01
4.566324651241302490e-01
4.562678337097167969e-01
4.558777511119842529e-01
4.554679095745086670e-01
4.550367891788482666e-01
4.545860290527343750e-01
4.541132450103759766e-01
4.536208808422088623e-01
4.531101584434509277e-01
4.525766670703887939e-01
4.520264267921447754e-01
4.514583945274353027e-01
4.508739709854125977e-01
4.502710998058319092e-01
4.496514499187469482e-01
4.490149021148681641e-01
4.483610391616821289e-01
4.476938843727111816e-01
4.470116794109344482e-01
4.463159143924713135e-01
4.456055760383605957e-01
4.448817074298858643e-01
4.441450238227844238e-01
4.433971047401428223e-01
4.426315426826477051e-01
4.418586790561676025e-01
4.410761296749114990e-01
4.402818381786346436e-01
4.394768774509429932e-01
4.386628270149230957e-01
4.378407001495361328e-01
4.370042681694030762e-01
4.361635148525238037e-01
4.353152811527252197e-01
4.344607591629028320e-01
4.335981011390686035e-01
4.327289462089538574e-01
4.318496882915496826e-01
4.309684634208679199e-01
4.300819933414459229e-01
4.291905462741851807e-01
4.282950460910797119e-01
4.273900985717773438e-01
4.264860153198242188e-01
4.255783259868621826e-01
4.246687293052673340e-01
4.237548410892486572e-01
4.228389859199523926e-01
4.219172000885009766e-01
4.209974706172943115e-01
4.200759530067443848e-01
4.191533923149108887e-01
4.182312786579132080e-01
4.173029065132141113e-01
4.163787066936492920e-01
4.154542982578277588e-01
4.145316481590270996e-01
4.136463701725006104e-01
4.127682447433471680e-01
4.118940830230712891e-01
4.110211730003356934e-01
4.101491868495941162e-01
4.092784225940704346e-01
4.084040522575378418e-01
4.075351655483245850e-01
4.066683650016784668e-01
4.058023691177368164e-01
4.049390256404876709e-01
4.040729105472564697e-01
4.032139778137207031e-01
4.023572206497192383e-01
4.015028476715087891e-01
4.006507992744445801e-01
3.997967243194580078e-01
3.989504277706146240e-01
3.981073498725891113e-01
3.972673416137695312e-01
3.964298665523529053e-01
3.955918848514556885e-01
3.947615623474121094e-01
3.939335644245147705e-01
3.931097984313964844e-01
3.922898471355438232e-01
3.914736211299896240e-01
3.906566798686981201e-01
3.898474872112274170e-01
3.890422880649566650e-01
3.882400393486022949e-01
3.874425888061523438e-01
3.866448104381561279e-01
3.858549892902374268e-01
3.850693702697753906e-01
3.842876255512237549e-01
3.835094273090362549e-01
3.827310204505920410e-01
3.819612264633178711e-01
3.811954855918884277e-01
3.804332017898559570e-01
3.796755075454711914e-01
3.789181709289550781e-01
3.781675398349761963e-01
3.774214088916778564e-01
3.766795694828033447e-01
3.759414851665496826e-01
3.752041757106781006e-01
3.744738399982452393e-01
3.737475872039794922e-01
3.730244636535644531e-01
3.723059594631195068e-01
3.715876638889312744e-01
3.708765506744384766e-01
3.701693117618560791e-01
3.694656789302825928e-01
3.687622845172882080e-01
3.680652976036071777e-01
3.673725128173828125e-01
3.666832447052001953e-01
3.659940659999847412e-01
3.653116822242736816e-01
3.646327257156372070e-01
3.639568090438842773e-01
3.632807731628417969e-01
3.626115620136260986e-01
3.619453608989715576e-01
3.612824976444244385e-01
3.606198728084564209e-01
3.599626421928405762e-01
3.593086302280426025e-01
3.586572110652923584e-01
3.580063581466674805e-01
3.573605716228485107e-01
3.567179143428802490e-01
3.560778498649597168e-01
3.554377555847167969e-01
3.548026084899902344e-01
3.541698455810546875e-01
3.535397648811340332e-01
3.529097139835357666e-01
3.522841632366180420e-01
3.516612052917480469e-01
3.510402739048004150e-01
3.504192233085632324e-01
3.498020172119140625e-01
3.491873145103454590e-01
3.485747277736663818e-01
3.479617238044738770e-01
3.473524749279022217e-01
3.467455208301544189e-01
3.461401760578155518e-01
3.455338180065155029e-01
3.449316322803497314e-01
3.443312346935272217e-01
3.437300026416778564e-01
3.431321680545806885e-01
3.425350189208984375e-01
3.419392704963684082e-01
3.413415253162384033e-01
3.407471776008605957e-01
3.401532471179962158e-01
3.395605385303497314e-01
3.389657139778137207e-01
3.383740782737731934e-01
3.377829492092132568e-01
3.371922075748443604e-01
3.365995883941650391e-01
3.360098302364349365e-01
3.354203999042510986e-01
3.348312973976135254e-01
3.342401087284088135e-01
3.336514830589294434e-01
3.330633342266082764e-01
3.324752449989318848e-01
3.318846821784973145e-01
3.312971889972686768e-01
3.307092487812042236e-01
3.301214575767517090e-01
3.295312523841857910e-01
3.289438784122467041e-01
3.283559381961822510e-01
3.277679681777954102e-01
3.271780312061309814e-01
3.265899121761322021e-01
3.260014951229095459e-01
3.254131078720092773e-01
3.248224556446075439e-01
3.242336511611938477e-01
3.236443996429443359e-01
3.230554163455963135e-01
3.224634528160095215e-01
3.218734860420227051e-01
3.212832212448120117e-01
3.206908702850341797e-01
3.200997710227966309e-01
3.195085823535919189e-01
3.189145922660827637e-01
3.183229565620422363e-01
3.177305459976196289e-01
3.171355724334716797e-01
3.165427148342132568e-01
3.159490227699279785e-01
3.153526186943054199e-01
3.147583007812500000e-01
3.141636550426483154e-01
3.135660886764526367e-01
3.129702210426330566e-01
3.123744428157806396e-01
3.117753863334655762e-01
3.111783266067504883e-01
3.105807006359100342e-01
3.099807500839233398e-01
3.093822002410888672e-01
3.087833821773529053e-01
3.081819415092468262e-01
3.075822591781616211e-01
3.069819808006286621e-01
3.063788712024688721e-01
3.057781755924224854e-01
3.051767349243164062e-01
3.045746982097625732e-01
3.039699792861938477e-01
3.033676743507385254e-01
3.027645945549011230e-01
3.021584749221801758e-01
3.015551269054412842e-01
3.009508550167083740e-01
3.003437519073486328e-01
2.997387051582336426e-01
2.991339564323425293e-01
2.985257506370544434e-01
2.979198694229125977e-01
2.973140776157379150e-01
2.967051267623901367e-01
2.960982024669647217e-01
2.954912185668945312e-01
2.948818802833557129e-01
2.942743599414825439e-01
2.936665415763854980e-01
2.930566072463989258e-01
2.924483716487884521e-01
2.918401360511779785e-01
2.912290990352630615e-01
2.906211316585540771e-01
2.900123000144958496e-01
2.894009649753570557e-01
2.887919545173645020e-01
2.881835699081420898e-01
2.875745296478271484e-01
2.869629263877868652e-01
2.863542735576629639e-01
2.857453227043151855e-01
2.851335406303405762e-01
2.845245599746704102e-01
2.839161753654479980e-01
2.833046913146972656e-01
2.826958596706390381e-01
2.820934951305389404e-01
2.815597951412200928e-01
2.810295224189758301e-01
2.804997563362121582e-01
2.799674868583679199e-01
2.794392108917236328e-01
2.789113819599151611e-01
2.783816754817962646e-01
2.778546512126922607e-01
2.773289680480957031e-01
2.768011093139648438e-01
2.762768566608428955e-01
2.757533490657806396e-01
2.752269506454467773e-01
2.747047841548919678e-01
2.741832435131072998e-01
2.736597955226898193e-01
2.731390893459320068e-01
2.726171314716339111e-01
2.720986306667327881e-01
2.715808153152465820e-01
2.710605561733245850e-01
2.705442309379577637e-01
2.700260281562805176e-01
2.695112824440002441e-01
2.689968943595886230e-01
2.684810459613800049e-01
2.679686546325683594e-01
2.674545049667358398e-01
2.669437229633331299e-01
2.664334177970886230e-01
2.659215331077575684e-01
2.654134631156921387e-01
2.649061977863311768e-01
2.643962502479553223e-01
2.638907730579376221e-01
2.633830904960632324e-01
2.628792822360992432e-01
2.623756229877471924e-01
2.618707418441772461e-01
2.613696455955505371e-01
2.608664035797119141e-01
2.603664398193359375e-01
2.598678171634674072e-01
2.593674957752227783e-01
2.588707506656646729e-01
2.583722174167633057e-01
2.578769028186798096e-01
2.573828697204589844e-01
2.568871676921844482e-01
2.563950717449188232e-01
2.559006810188293457e-01
2.554104626178741455e-01
2.549214363098144531e-01
2.544306218624114990e-01
2.539426982402801514e-01
2.534537315368652344e-01
2.529684305191040039e-01
2.524843215942382812e-01
2.519974708557128906e-01
2.515153884887695312e-01
2.510342597961425781e-01
2.505510747432708740e-01
2.500719726085662842e-01
2.495902627706527710e-01
2.491131424903869629e-01
2.486369013786315918e-01
2.481591403484344482e-01
2.476843297481536865e-01
2.472085952758789062e-01
2.467367202043533325e-01
2.462656795978546143e-01
2.457924783229827881e-01
2.453235387802124023e-01
2.448531240224838257e-01
2.443862557411193848e-01
2.439201474189758301e-01
2.434529066085815430e-01
2.429893165826797485e-01
2.425241917371749878e-01
2.420627623796463013e-01
2.416020631790161133e-01
2.411399781703948975e-01
2.406820803880691528e-01
2.402224838733673096e-01
2.397658675909042358e-01
2.393112331628799438e-01
2.388547062873840332e-01
2.384022623300552368e-01
2.379501014947891235e-01
2.374971508979797363e-01
2.370481193065643311e-01
2.365970909595489502e-01
2.361496835947036743e-01
2.357037216424942017e-01
2.352563738822937012e-01
2.348126620054244995e-01
2.343670129776000977e-01
2.339258044958114624e-01
2.334827631711959839e-01
2.330438792705535889e-01
2.326031327247619629e-01
2.321658730506896973e-01
2.317274212837219238e-01
2.312931120395660400e-01
2.308571487665176392e-01
2.304242551326751709e-01
2.299906909465789795e-01
2.295606285333633423e-01
2.291321009397506714e-01
2.287010699510574341e-01
2.282747775316238403e-01
2.278470098972320557e-01
2.274342924356460571e-01
2.270230352878570557e-01
2.266149222850799561e-01
2.262057960033416748e-01
2.258004397153854370e-01
2.253933995962142944e-01
2.249901145696640015e-01
2.245855480432510376e-01
2.241843491792678833e-01
2.237810045480728149e-01
2.233819812536239624e-01
2.229840010404586792e-01
2.225843966007232666e-01
2.221885323524475098e-01
2.217911034822463989e-01
2.213972806930541992e-01
2.210022956132888794e-01
2.206100523471832275e-01
2.202168107032775879e-01
2.198272943496704102e-01
2.194362133741378784e-01
2.190487980842590332e-01
2.186598181724548340e-01
2.182745486497879028e-01
2.178877145051956177e-01
2.175042182207107544e-01
2.171221375465393066e-01
2.167384326457977295e-01
2.163584232330322266e-01
2.159768640995025635e-01
2.155989706516265869e-01
2.152194976806640625e-01
2.148437350988388062e-01
2.144661247730255127e-01
2.140924483537673950e-01
2.137172371149063110e-01
2.133456468582153320e-01
2.129725515842437744e-01
2.126030623912811279e-01
2.122320532798767090e-01
2.118641138076782227e-01
2.114977538585662842e-01
2.111302316188812256e-01
2.107660174369812012e-01
2.104002088308334351e-01
2.100380659103393555e-01
2.096744477748870850e-01
2.093143761157989502e-01
2.089522182941436768e-01
2.085942327976226807e-01
2.082347571849822998e-01
2.078791856765747070e-01
2.075218260288238525e-01
2.071679979562759399e-01
2.068126499652862549e-01
2.064608782529830933e-01
2.061095982789993286e-01
2.057574242353439331e-01
2.054087221622467041e-01
2.050585895776748657e-01
2.047123163938522339e-01
2.043642401695251465e-01
2.040196955204010010e-01
2.036731392145156860e-01
2.033305913209915161e-01
2.029866725206375122e-01
2.026461809873580933e-01
2.023042589426040649e-01
2.019661962985992432e-01
2.016263455152511597e-01
2.012899369001388550e-01
2.009515464305877686e-01
2.006171643733978271e-01
2.002813816070556641e-01
1.999465823173522949e-01
1.996152400970458984e-01
1.992824971675872803e-01
1.989535093307495117e-01
1.986227631568908691e-01
1.982949078083038330e-01
1.979661881923675537e-01
1.976408362388610840e-01
1.973141133785247803e-01
1.969907730817794800e-01
1.966660171747207642e-01
1.963423192501068115e-01
1.960217654705047607e-01
1.957000195980072021e-01
1.953816115856170654e-01
1.950618624687194824e-01
1.947454065084457397e-01
1.944276392459869385e-01
1.941131651401519775e-01
1.937973797321319580e-01
1.934842914342880249e-01
1.931708008050918579e-01
1.928579509258270264e-01
1.925483047962188721e-01
1.922373920679092407e-01
1.919297277927398682e-01
1.916207075119018555e-01
1.913149952888488770e-01
1.910074204206466675e-01
1.907036006450653076e-01
1.903988271951675415e-01
1.900969296693801880e-01
1.897937208414077759e-01
1.894914358854293823e-01
1.891923844814300537e-01
1.888915151357650757e-01
1.885943561792373657e-01
1.882959008216857910e-01
1.880010217428207397e-01
1.877044588327407837e-01
1.874110549688339233e-01
1.871163696050643921e-01
1.868226528167724609e-01
1.865315139293670654e-01
1.862396448850631714e-01
1.859509199857711792e-01
1.856608837842941284e-01
1.853744089603424072e-01
1.850873082876205444e-01
1.848083287477493286e-01
1.845271587371826172e-01
1.842493563890457153e-01
1.839703470468521118e-01
1.836919933557510376e-01
1.834162473678588867e-01
1.831400692462921143e-01
1.828659623861312866e-01
1.825909018516540527e-01
1.823189109563827515e-01
1.820454597473144531e-01
1.817749738693237305e-01
1.815032809972763062e-01
1.812343746423721313e-01
1.809637844562530518e-01
1.806948930025100708e-01
1.804280281066894531e-01
1.801602244377136230e-01
1.798954308032989502e-01
1.796292215585708618e-01
1.793655008077621460e-01
1.791013777256011963e-01
1.788392513990402222e-01
1.785766780376434326e-01
1.783161014318466187e-01
1.780546754598617554e-01
1.777940839529037476e-01
1.775362342596054077e-01
1.772771179676055908e-01
1.770209074020385742e-01
1.767633259296417236e-01
1.765082031488418579e-01
1.762526631355285645e-01
1.759970039129257202e-01
1.757445633411407471e-01
1.754909306764602661e-01
1.752400249242782593e-01
1.749874204397201538e-01
1.747364997863769531e-01
1.744874268770217896e-01
1.742375344038009644e-01
1.739884614944458008e-01
1.737420707941055298e-01
1.734944432973861694e-01
1.732476353645324707e-01
1.730034649372100830e-01
1.727576702833175659e-01
1.725154817104339600e-01
1.722711920738220215e-01
1.720280349254608154e-01
1.717876195907592773e-01
1.715459674596786499e-01
1.713046431541442871e-01
1.710668206214904785e-01
1.708269566297531128e-01
1.705901622772216797e-01
1.703521907329559326e-01
1.701149344444274902e-01
1.698802858591079712e-01
1.696445345878601074e-01
1.694094091653823853e-01
1.691765189170837402e-01
1.689433157444000244e-01
1.687099635601043701e-01
1.684796214103698730e-01
1.682481616735458374e-01
1.680192202329635620e-01
1.677887290716171265e-01
1.675597727298736572e-01
1.673325598239898682e-01
1.671045869588851929e-01
1.668773442506790161e-01
1.666526496410369873e-01
1.664267480373382568e-01
1.662034392356872559e-01
1.659789830446243286e-01
1.657547503709793091e-01
1.655339598655700684e-01
1.653111279010772705e-01
1.650893986225128174e-01
1.648702323436737061e-01
1.646498888731002808e-01
1.644298136234283447e-01
1.642130762338638306e-01
1.639943569898605347e-01
1.637785583734512329e-01
1.635616123676300049e-01
1.633453369140625000e-01
1.631315499544143677e-01
1.629166007041931152e-01
1.627023667097091675e-01
1.624905467033386230e-01
1.622776091098785400e-01
1.620666980743408203e-01
1.618555486202239990e-01
1.616441756486892700e-01
1.614356487989425659e-01
1.612260341644287109e-01
1.610170751810073853e-01
1.608100682497024536e-01
1.606028228998184204e-01
1.603953987360000610e-01
1.601907461881637573e-01
1.599850356578826904e-01
1.597816944122314453e-01
1.595772653818130493e-01
1.593734472990036011e-01
1.591720134019851685e-01
1.589690893888473511e-01
1.587676107883453369e-01
1.585676521062850952e-01
1.583670526742935181e-01
1.581670641899108887e-01
1.579694002866744995e-01
1.577702611684799194e-01
1.575742512941360474e-01
1.573763638734817505e-01
1.571795195341110229e-01
1.569849401712417603e-01
1.567893326282501221e-01
1.565943360328674316e-01
1.564016193151473999e-01
1.562078446149826050e-01
1.560142785310745239e-01
1.558237820863723755e-01
1.556314378976821899e-01
1.554401367902755737e-01
1.552494168281555176e-01
1.550609320402145386e-01
1.548710167407989502e-01
1.546825021505355835e-01
1.544954031705856323e-01
1.543076932430267334e-01
1.541164815425872803e-01
1.538914442062377930e-01
1.536678224802017212e-01
1.534440517425537109e-01
1.532205343246459961e-01
1.529991477727890015e-01
1.527768969535827637e-01
1.525551974773406982e-01
1.523341834545135498e-01
1.521153002977371216e-01
1.518955230712890625e-01
1.516763269901275635e-01
1.514577716588973999e-01
1.512417793273925781e-01
1.510240584611892700e-01
1.508077234029769897e-01
1.505927592515945435e-01
1.503776758909225464e-01
1.501624137163162231e-01
1.499485373497009277e-01
1.497360020875930786e-01
1.495233476161956787e-01
1.493104845285415649e-01
1.491005569696426392e-01
1.488893628120422363e-01
1.486786752939224243e-01
1.484686732292175293e-01
1.482606977224349976e-01
1.480518877506256104e-01
1.478436142206192017e-01
1.476360112428665161e-01
1.474304199218750000e-01
1.472239792346954346e-01
1.470185071229934692e-01
1.468143165111541748e-01
1.466100066900253296e-01
1.464055180549621582e-01
1.462024152278900146e-01
1.460005342960357666e-01
1.457985788583755493e-01
1.455964446067810059e-01
1.453971117734909058e-01
1.451960951089859009e-01
1.449964940547943115e-01
1.447971016168594360e-01
1.445996016263961792e-01
1.444013565778732300e-01
