6.179654598236083984e-01
6.189545392990112305e-01
6.205251216888427734e-01
6.224837303161621094e-01
6.246742010116577148e-01
6.270635724067687988e-01
6.294765472412109375e-01
6.318210959434509277e-01
6.340480446815490723e-01
6.361308097839355469e-01
6.385989189147949219e-01
6.413972973823547363e-01
6.445595026016235352e-01
6.485115289688110352e-01
6.535958051681518555e-01
6.597339510917663574e-01
6.662641763687133789e-01
6.722663044929504395e-01
6.773218512535095215e-01
6.812322139739990234e-01
6.839160919189453125e-01
6.851987242698669434e-01
6.853464841842651367e-01
6.845039129257202148e-01
6.828144192695617676e-01
6.804572939872741699e-01
6.775707006454467773e-01
6.743034124374389648e-01
6.706825494766235352e-01
6.667859554290771484e-01
6.627000570297241211e-01
6.585172414779663086e-01
6.542323231697082520e-01
6.499608755111694336e-01
6.458891630172729492e-01
6.421241760253906250e-01
6.387473940849304199e-01
6.358647346496582031e-01
6.333407163619995117e-01
6.311461925506591797e-01
6.291205883026123047e-01
6.269375085830688477e-01
6.248074173927307129e-01
6.232926249504089355e-01
6.226423382759094238e-01
6.228514313697814941e-01
6.238825321197509766e-01
6.257122755050659180e-01
6.283364295959472656e-01
6.317121982574462891e-01
6.357935070991516113e-01
6.401333808898925781e-01
6.450560092926025391e-01
6.504163146018981934e-01
6.560260057449340820e-01
6.616632938385009766e-01
6.670705080032348633e-01
6.720969676971435547e-01
6.765134334564208984e-01
6.800867915153503418e-01
6.827281713485717773e-01
6.844516396522521973e-01
6.854689121246337891e-01
6.864709854125976562e-01
6.884922981262207031e-01
6.896389126777648926e-01
6.874036192893981934e-01
6.840791106224060059e-01
6.807980537414550781e-01
6.777015924453735352e-01
6.748089194297790527e-01
6.720575690269470215e-01
6.695151329040527344e-01
6.672123074531555176e-01
6.651532053947448730e-01
6.633216738700866699e-01
6.616927385330200195e-01
6.602336168289184570e-01
6.588947176933288574e-01
6.575958728790283203e-01
6.569347381591796875e-01
6.582140326499938965e-01
6.523702144622802734e-01
6.499736309051513672e-01
6.480500698089599609e-01
6.462006568908691406e-01
6.443377733230590820e-01
6.424328684806823730e-01
6.404976844787597656e-01
6.385461688041687012e-01
6.365905404090881348e-01
6.346594095230102539e-01
6.327819228172302246e-01
6.309459805488586426e-01
6.290754675865173340e-01
6.273349523544311523e-01
6.257606148719787598e-01
6.243853569030761719e-01
6.232338547706604004e-01
6.223275661468505859e-01
6.216731071472167969e-01
6.212950348854064941e-01
6.213027238845825195e-01
6.214793324470520020e-01
6.217622756958007812e-01
6.220972537994384766e-01
6.224371194839477539e-01
6.227701306343078613e-01
6.231110692024230957e-01
6.235064864158630371e-01
6.238409280776977539e-01
6.243155002593994141e-01
6.250326037406921387e-01
6.260555982589721680e-01
6.274179816246032715e-01
6.291556358337402344e-01
6.312637925148010254e-01
6.337370872497558594e-01
6.365739107131958008e-01
6.398051977157592773e-01
6.432865858078002930e-01
6.469604372978210449e-01
6.507337689399719238e-01
6.545053720474243164e-01
6.581611633300781250e-01
6.616046428680419922e-01
6.647163033485412598e-01
6.674107909202575684e-01
6.696714162826538086e-01
6.713266968727111816e-01
6.723330616950988770e-01
6.726527214050292969e-01
6.722846627235412598e-01
6.712391972541809082e-01
6.695451140403747559e-01
6.672391295433044434e-01
6.643813848495483398e-01
6.608943939208984375e-01
6.569432020187377930e-01
6.526451110839843750e-01
6.480642557144165039e-01
6.432650685310363770e-01
6.383339166641235352e-01
6.333281993865966797e-01
6.283035278320312500e-01
6.233347058296203613e-01
6.184868812561035156e-01
6.139007210731506348e-01
6.095136404037475586e-01
6.053544282913208008e-01
5.980893969535827637e-01
5.947604775428771973e-01
5.917572379112243652e-01
5.891095399856567383e-01
5.868344306945800781e-01
5.849551558494567871e-01
5.834980010986328125e-01
5.826007723808288574e-01
5.821932554244995117e-01
5.823078155517578125e-01
5.829740166664123535e-01
5.842035412788391113e-01
5.859675407409667969e-01
5.881929397583007812e-01
5.907606482505798340e-01
5.935040712356567383e-01
5.962044000625610352e-01
5.986861586570739746e-01
6.007956266403198242e-01
6.023963093757629395e-01
6.034584045410156250e-01
6.039994955062866211e-01
6.040752530097961426e-01
6.037566661834716797e-01
6.031235456466674805e-01
6.022489070892333984e-01
6.011951565742492676e-01
6.000175476074218750e-01
5.987636446952819824e-01
5.974690914154052734e-01
5.961538553237915039e-01
5.948393344879150391e-01
5.935358405113220215e-01
5.922595262527465820e-01
5.910157561302185059e-01
5.898168683052062988e-01
5.886670351028442383e-01
5.875768661499023438e-01
5.865508317947387695e-01
5.855981707572937012e-01
5.847371220588684082e-01
5.839668512344360352e-01
5.832962989807128906e-01
5.827332735061645508e-01
5.822868943214416504e-01
5.819661617279052734e-01
5.817785859107971191e-01
5.817337632179260254e-01
5.818388462066650391e-01
5.821031332015991211e-01
5.825327634811401367e-01
5.831356644630432129e-01
5.838921070098876953e-01
5.848277211189270020e-01
5.859459042549133301e-01
5.872480869293212891e-01
5.887356996536254883e-01
5.903965830802917480e-01
5.922291278839111328e-01
5.942211747169494629e-01
5.963596701622009277e-01
5.986274480819702148e-01
6.009978652000427246e-01
6.034519076347351074e-01
6.058242917060852051e-01
6.080560088157653809e-01
6.103169918060302734e-01
6.125947833061218262e-01
6.148988604545593262e-01
6.172971129417419434e-01
6.198822259902954102e-01
6.228182911872863770e-01
6.263098716735839844e-01
6.306038498878479004e-01
6.358373761177062988e-01
6.419324874877929688e-01
6.485903263092041016e-01
6.552979350090026855e-01
6.614759564399719238e-01
6.665691733360290527e-01
6.703152060508728027e-01
6.727071404457092285e-01
6.738468408584594727e-01
6.739060282707214355e-01
6.730499267578125000e-01
6.714332699775695801e-01
6.691936254501342773e-01
6.664337515830993652e-01
6.632564663887023926e-01
6.597253084182739258e-01
6.559203863143920898e-01
6.519210338592529297e-01
6.477814316749572754e-01
6.435036063194274902e-01
6.391555070877075195e-01
6.347684860229492188e-01
6.304367780685424805e-01
6.262586116790771484e-01
6.225712895393371582e-01
6.230737566947937012e-01
6.188899278640747070e-01
6.158225536346435547e-01
6.130672097206115723e-01
6.105065941810607910e-01
6.080518364906311035e-01
6.056279540061950684e-01
6.031845808029174805e-01
6.007143259048461914e-01
5.982139706611633301e-01
5.956475138664245605e-01
5.930227041244506836e-01
5.903230905532836914e-01
5.875341892242431641e-01
5.846760272979736328e-01
5.817312598228454590e-01
5.787249803543090820e-01
5.756455063819885254e-01
5.725261569023132324e-01
5.693908333778381348e-01
5.662658214569091797e-01
5.632820129394531250e-01
5.607240796089172363e-01
5.592499971389770508e-01
5.603986382484436035e-01
5.656415820121765137e-01
5.701762437820434570e-01
5.678999423980712891e-01
5.624440908432006836e-01
5.571511387825012207e-01
5.527020692825317383e-01
5.489750504493713379e-01
5.458288192749023438e-01
5.431276559829711914e-01
5.408102869987487793e-01
5.388123989105224609e-01
5.371109843254089355e-01
5.356745719909667969e-01
5.345011949539184570e-01
5.335478782653808594e-01
5.328013896942138672e-01
5.322456955909729004e-01
5.318636894226074219e-01
5.316411852836608887e-01
5.315639376640319824e-01
5.316178202629089355e-01
5.317887663841247559e-01
5.320665240287780762e-01
5.324373245239257812e-01
5.328938961029052734e-01
5.334257483482360840e-01
5.340219140052795410e-01
5.346797108650207520e-01
5.353876948356628418e-01
5.361498594284057617e-01
5.369579195976257324e-01
5.377993583679199219e-01
5.386767387390136719e-01
5.395809412002563477e-01
5.405127406120300293e-01
5.414695739746093750e-01
5.424499511718750000e-01
5.434522628784179688e-01
5.444711446762084961e-01
5.455126762390136719e-01
5.465714931488037109e-01
5.476471781730651855e-01
5.487377047538757324e-01
5.498421192169189453e-01
5.509555339813232422e-01
5.520831942558288574e-01
5.532208085060119629e-01
5.544173121452331543e-01
5.556337833404541016e-01
5.568590760231018066e-01
5.580886602401733398e-01
5.593289136886596680e-01
5.605744123458862305e-01
5.618256330490112305e-01
5.630774497985839844e-01
5.643332600593566895e-01
5.655979514122009277e-01
5.668640136718750000e-01
5.681364536285400391e-01
5.694161057472229004e-01
5.707069635391235352e-01
5.720111131668090820e-01
5.733361244201660156e-01
5.746783614158630371e-01
5.760465860366821289e-01
5.774664282798767090e-01
5.789985060691833496e-01
5.805760025978088379e-01
5.822049975395202637e-01
5.838962793350219727e-01
5.856466889381408691e-01
5.874662995338439941e-01
5.893611907958984375e-01
5.913357138633728027e-01
5.933936238288879395e-01
5.955388545989990234e-01
5.977725386619567871e-01
6.000887751579284668e-01
6.025005578994750977e-01
6.049917340278625488e-01
6.075736880302429199e-01
6.102337241172790527e-01
6.129564046859741211e-01
6.157503724098205566e-01
6.185891628265380859e-01
6.215628385543823242e-01
6.246278882026672363e-01
6.277194023132324219e-01
6.308056712150573730e-01
6.338920593261718750e-01
6.369464397430419922e-01
6.399736404418945312e-01
6.429429650306701660e-01
6.458603143692016602e-01
6.487051248550415039e-01
6.514591574668884277e-01
6.541298627853393555e-01
6.566935777664184570e-01
6.591524481773376465e-01
6.615015268325805664e-01
6.637368202209472656e-01
6.658572554588317871e-01
6.678614616394042969e-01
6.697500348091125488e-01
6.715242266654968262e-01
6.731862425804138184e-01
6.747593879699707031e-01
6.762318611145019531e-01
6.776009202003479004e-01
6.788685917854309082e-01
6.800414323806762695e-01
6.811221837997436523e-01
6.821174621582031250e-01
6.830299496650695801e-01
6.838661432266235352e-01
6.846283674240112305e-01
6.853227615356445312e-01
6.859510540962219238e-01
6.865187287330627441e-01
6.870267987251281738e-01
6.874800324440002441e-01
6.878783106803894043e-01
6.882264018058776855e-01
6.885232329368591309e-01
6.887720227241516113e-01
6.889716386795043945e-01
6.891238689422607422e-01
6.892274022102355957e-01
6.892629861831665039e-01
6.892336606979370117e-01
6.891471147537231445e-01
6.890046000480651855e-01
6.888049840927124023e-01
6.885431408882141113e-01
6.882213950157165527e-01
6.878349184989929199e-01
6.873840093612670898e-01
6.868630647659301758e-01
6.862750649452209473e-01
6.856110692024230957e-01
6.848748922348022461e-01
6.840591430664062500e-01
6.831659078598022461e-01
6.821871995925903320e-01
6.811282038688659668e-01
6.799820065498352051e-01
6.787478327751159668e-01
6.774222850799560547e-01
6.760042309761047363e-01
6.744927763938903809e-01
6.728848218917846680e-01
6.711485981941223145e-01
6.690956354141235352e-01
6.669424772262573242e-01
6.647009253501892090e-01
6.623647809028625488e-01
6.599338650703430176e-01
6.574082374572753906e-01
6.547882556915283203e-01
6.520746946334838867e-01
6.492683887481689453e-01
6.463708877563476562e-01
6.433833837509155273e-01
6.403079032897949219e-01
6.371462345123291016e-01
6.339011788368225098e-01
6.305752396583557129e-01
6.271708011627197266e-01
6.236920952796936035e-01
6.201423406600952148e-01
6.165369749069213867e-01
6.128565669059753418e-01
6.091171503067016602e-01
6.053349375724792480e-01
6.014904379844665527e-01
5.976008176803588867e-01
5.936830639839172363e-01
5.897130966186523438e-01
5.857123136520385742e-01
5.816995501518249512e-01
5.776535272598266602e-01
5.735930204391479492e-01
5.695368647575378418e-01
5.654639005661010742e-01
5.614065527915954590e-01
5.573436021804809570e-01
5.532939434051513672e-01
5.492759943008422852e-01
5.452684760093688965e-01
5.412910580635070801e-01
5.373618602752685547e-01
5.334590077400207520e-01
5.296019315719604492e-01
5.258074998855590820e-01
5.220553278923034668e-01
5.183749198913574219e-01
5.147581100463867188e-01
5.112096667289733887e-01
5.077219605445861816e-01
5.043225288391113281e-01
5.010029077529907227e-01
4.977563023567199707e-01
4.946081042289733887e-01
4.915534853935241699e-01
4.885950684547424316e-01
4.857242703437805176e-01
4.829616248607635498e-01
4.803009927272796631e-01
4.777356088161468506e-01
4.752849936485290527e-01
4.729415774345397949e-01
4.707014262676239014e-01
4.685789942741394043e-01
4.665687978267669678e-01
4.646727144718170166e-01
4.628854393959045410e-01
4.612193107604980469e-01
4.596683979034423828e-01
4.582303166389465332e-01
4.569121599197387695e-01
4.557107686996459961e-01
4.546250402927398682e-01
4.536554813385009766e-01
4.528004527091979980e-01
4.520603120326995850e-01
4.514331817626953125e-01
4.509191215038299561e-01
4.505156576633453369e-01
4.502227008342742920e-01
4.500374794006347656e-01
4.499593973159790039e-01
4.499838650226593018e-01
4.500457644462585449e-01
4.502089023590087891e-01
4.504732787609100342e-01
4.508362412452697754e-01
4.512963891029357910e-01
4.518507122993469238e-01
4.524966478347778320e-01
4.532310366630554199e-01
4.540520906448364258e-01
4.549565911293029785e-01
4.559416174888610840e-01
4.570041894912719727e-01
4.581412672996520996e-01
4.593506157398223877e-01
4.606288373470306396e-01
4.619731605052947998e-01
4.633733034133911133e-01
4.648405313491821289e-01
4.663656651973724365e-01
4.679378867149353027e-01
4.695699214935302734e-01
4.712513387203216553e-01
4.729718267917633057e-01
4.747455716133117676e-01
4.765620231628417969e-01
4.784192144870758057e-01
4.803057610988616943e-01
4.822382032871246338e-01
4.842063188552856445e-01
4.861990213394165039e-01
4.882345795631408691e-01
4.903028905391693115e-01
4.923916757106781006e-01
4.945196807384490967e-01
4.966765642166137695e-01
4.988517761230468750e-01
5.010655522346496582e-01
5.033081173896789551e-01
5.055691003799438477e-01
5.078698396682739258e-01
5.102004408836364746e-01
5.125618577003479004e-01
5.149444937705993652e-01
5.173593163490295410e-01
5.198189616203308105e-01
5.223030447959899902e-01
5.248348712921142578e-01
5.273934602737426758e-01
5.300029516220092773e-01
5.326417088508605957e-01
5.353229641914367676e-01
5.380595922470092773e-01
5.408293604850769043e-01
5.436576604843139648e-01
5.465201139450073242e-01
5.494438409805297852e-01
5.524022579193115234e-01
5.554221868515014648e-01
5.584772825241088867e-01
5.615786910057067871e-01
5.647410154342651367e-01
5.679332613945007324e-01
5.711822509765625000e-01
5.744311809539794922e-01
5.777156949043273926e-01
5.810189247131347656e-01
5.843500494956970215e-01
5.877198576927185059e-01
5.910915732383728027e-01
5.944895148277282715e-01
5.978761315345764160e-01
6.012590527534484863e-01
6.046450138092041016e-01
6.079964041709899902e-01
6.113190650939941406e-01
6.146048903465270996e-01
6.178442835807800293e-01
6.210435628890991211e-01
6.241649985313415527e-01
6.272152066230773926e-01
6.301870346069335938e-01
6.330718398094177246e-01
6.358765363693237305e-01
6.385693550109863281e-01
6.411587595939636230e-01
6.436386704444885254e-01
6.460074782371520996e-01
6.482704281806945801e-01
6.504068970680236816e-01
6.524247527122497559e-01
6.543251872062683105e-01
6.561071872711181641e-01
6.577800512313842773e-01
6.593300104141235352e-01
6.607680320739746094e-01
6.620956659317016602e-01
6.633172631263732910e-01
6.644408106803894043e-01
6.654633283615112305e-01
6.663975119590759277e-01
6.672453880310058594e-01
6.680108904838562012e-01
6.686998009681701660e-01
6.693152785301208496e-01
6.698626875877380371e-01
6.703466176986694336e-01
6.707713007926940918e-01
6.711420416831970215e-01
6.714614033699035645e-01
6.717350482940673828e-01
6.719647049903869629e-01
6.721568107604980469e-01
6.723129153251647949e-01
6.724377274513244629e-01
6.725330948829650879e-01
6.726025938987731934e-01
6.726492643356323242e-01
6.726762652397155762e-01
6.726849675178527832e-01
6.726787686347961426e-01
6.726580262184143066e-01
6.726274490356445312e-01
6.725870370864868164e-01
6.725396513938903809e-01
6.724859476089477539e-01
6.724275350570678711e-01
6.723665595054626465e-01
6.723045110702514648e-01
6.722415685653686523e-01
6.721798777580261230e-01
6.721186041831970215e-01
6.720613837242126465e-01
6.720073223114013672e-01
6.719580888748168945e-01
6.719120144844055176e-01
6.718736886978149414e-01
6.718067526817321777e-01
6.715650558471679688e-01
6.713302135467529297e-01
6.711038351058959961e-01
6.708836555480957031e-01
6.706730723381042480e-01
6.704717278480529785e-01
6.706236004829406738e-01
6.704554557800292969e-01
6.702966094017028809e-01
6.701501607894897461e-01
6.700149178504943848e-01
6.698922514915466309e-01
6.697803139686584473e-01
6.696803569793701172e-01
6.695906519889831543e-01
6.695147752761840820e-01
6.694511771202087402e-01
6.693998575210571289e-01
6.693607568740844727e-01
6.693338751792907715e-01
6.693177819252014160e-01
6.693149805068969727e-01
6.693239212036132812e-01
6.693444848060607910e-01
6.693764328956604004e-01
6.694169044494628906e-01
6.694705486297607422e-01
6.695345640182495117e-01
6.696056127548217773e-01
6.696897149085998535e-01
6.697815656661987305e-01
6.698788404464721680e-01
6.699864268302917480e-01
6.701006889343261719e-01
6.702179908752441406e-01
6.703432202339172363e-01
6.704727411270141602e-01
6.706023216247558594e-01
6.707376837730407715e-01
6.708731055259704590e-01
6.710051894187927246e-01
6.712738275527954102e-01
6.715668439865112305e-01
6.718516349792480469e-01
6.721323728561401367e-01
6.724040508270263672e-01
6.726620793342590332e-01
6.729100346565246582e-01
6.731429696083068848e-01
6.733559966087341309e-01
6.735522747039794922e-01
6.737264990806579590e-01
6.738743185997009277e-01
6.739975810050964355e-01
6.740916967391967773e-01
6.741520166397094727e-01
6.741797924041748047e-01
6.741688847541809082e-01
6.741196513175964355e-01
6.740267276763916016e-01
6.738896965980529785e-01
6.737038493156433105e-01
6.734679937362670898e-01
6.731784939765930176e-01
6.728336811065673828e-01
6.724293231964111328e-01
6.719642281532287598e-01
6.714347004890441895e-01
6.708400845527648926e-01
6.701758503913879395e-01
6.694427728652954102e-01
6.686351299285888672e-01
6.677553653717041016e-01
6.667966246604919434e-01
6.657634377479553223e-01
6.646475195884704590e-01
6.634553670883178711e-01
6.621776223182678223e-01
6.608225703239440918e-01
6.593801975250244141e-01
6.578605175018310547e-01
6.562522649765014648e-01
6.545675992965698242e-01
6.527942419052124023e-01
6.509468555450439453e-01
6.490114927291870117e-01
6.469939947128295898e-01
6.449063420295715332e-01
6.427343487739562988e-01
6.404967904090881348e-01
6.381779909133911133e-01
6.357986330986022949e-01
6.333532333374023438e-01
6.308319568634033203e-01
6.282600164413452148e-01
6.256189346313476562e-01
6.229329109191894531e-01
6.201960444450378418e-01
6.173976063728332520e-01
6.145668625831604004e-01
6.116812229156494141e-01
6.087700128555297852e-01
6.058256030082702637e-01
6.028364896774291992e-01
5.998345613479614258e-01
5.967950820922851562e-01
5.937500596046447754e-01
5.906885862350463867e-01
5.876013040542602539e-01
5.845196843147277832e-01
5.814184546470642090e-01
5.783297419548034668e-01
5.752425193786621094e-01
5.721474885940551758e-01
5.690736770629882812e-01
5.659986138343811035e-01
5.629523992538452148e-01
5.599239468574523926e-01
5.569040179252624512e-01
5.539209842681884766e-01
5.509537458419799805e-01
5.480290055274963379e-01
5.451379418373107910e-01
5.422719120979309082e-01
5.394573807716369629e-01
5.366868376731872559e-01
5.339500308036804199e-01
5.312756896018981934e-01
5.286533236503601074e-01
5.260878801345825195e-01
5.235738754272460938e-01
5.211341977119445801e-01
5.187648534774780273e-01
5.164588093757629395e-01
5.142424106597900391e-01
5.122365951538085938e-01
5.103335380554199219e-01
5.085203647613525391e-01
5.068178772926330566e-01
5.052256584167480469e-01
5.037437081336975098e-01
5.023922920227050781e-01
5.011708140373229980e-01
5.000840425491333008e-01
4.991439878940582275e-01
4.983528852462768555e-01
4.977113902568817139e-01
4.972209632396697998e-01
4.968770444393157959e-01
4.966700673103332520e-01
4.965829849243164062e-01
4.965885877609252930e-01
4.966507256031036377e-01
4.967232644557952881e-01
4.967477023601531982e-01
4.966526031494140625e-01
4.963624179363250732e-01
4.957990944385528564e-01
4.948898553848266602e-01
4.935743212699890137e-01
4.918097853660583496e-01
4.895664155483245850e-01
4.868754148483276367e-01
4.837608635425567627e-01
4.802784919738769531e-01
4.764957726001739502e-01
4.724699258804321289e-01
4.683133661746978760e-01
4.640785753726959229e-01
4.598229229450225830e-01
4.555978775024414062e-01
4.514188468456268311e-01
4.473570585250854492e-01
4.434089064598083496e-01
4.395868182182312012e-01
4.358950257301330566e-01
4.323363304138183594e-01
4.288903176784515381e-01
4.255887866020202637e-01
4.224064946174621582e-01
4.193382561206817627e-01
4.163765907287597656e-01
4.135014414787292480e-01
4.107324481010437012e-01
4.080505669116973877e-01
4.054469764232635498e-01
4.029185175895690918e-01
4.004453122615814209e-01
3.980541527271270752e-01
3.957415223121643066e-01
3.934819698333740234e-01
3.912725150585174561e-01
3.890971243381500244e-01
3.869763612747192383e-01
3.848955929279327393e-01
3.828518390655517578e-01
3.808430135250091553e-01
3.788658082485198975e-01
3.769102096557617188e-01
3.749934732913970947e-01
3.731035888195037842e-01
3.712395429611206055e-01
3.693988621234893799e-01
3.675817549228668213e-01
3.657872378826141357e-01
3.640136122703552246e-01
3.622602820396423340e-01
3.605179488658905029e-01
3.588017523288726807e-01
3.571050167083740234e-01
3.554255962371826172e-01
3.537634611129760742e-01
3.521181643009185791e-01
3.504884541034698486e-01
3.488753736019134521e-01
3.472783863544464111e-01
3.456894457340240479e-01
3.441239595413208008e-01
3.425731062889099121e-01
3.410381972789764404e-01
3.395187854766845703e-01
3.380148112773895264e-01
3.365264534950256348e-01
3.350534141063690186e-01
3.335951864719390869e-01
3.321466147899627686e-01
3.307211101055145264e-01
3.293118476867675781e-01
3.279189169406890869e-01
3.265419900417327881e-01
3.251822292804718018e-01
3.238400220870971680e-01
3.225154280662536621e-01
3.212085664272308350e-01
3.199129104614257812e-01
3.186427950859069824e-01
3.173917829990386963e-01
3.161602318286895752e-01
3.149483799934387207e-01
3.137561380863189697e-01
3.125850856304168701e-01
3.114354014396667480e-01
3.103074133396148682e-01
3.092015087604522705e-01
3.081182837486267090e-01
3.070576786994934082e-01
3.060209751129150391e-01
3.050160109996795654e-01
3.040644228458404541e-01
3.031381070613861084e-01
3.022372126579284668e-01
3.013627231121063232e-01
3.005149364471435547e-01
2.996939718723297119e-01
2.989011108875274658e-01
2.981364130973815918e-01
2.974001467227935791e-01
2.966937422752380371e-01
2.960146963596343994e-01
2.953690588474273682e-01
2.947549223899841309e-01
2.941720783710479736e-01
2.936216592788696289e-01
2.931038439273834229e-01
2.926194667816162109e-01
2.921686172485351562e-01
2.917517423629760742e-01
2.913698852062225342e-01
2.910236716270446777e-01
2.907128036022186279e-01
2.904384732246398926e-01
2.902007400989532471e-01
2.899997532367706299e-01
2.898094058036804199e-01
2.896548509597778320e-01
2.895382344722747803e-01
2.894605398178100586e-01
2.894226312637329102e-01
2.894237339496612549e-01
2.894647419452667236e-01
2.895464897155761719e-01
2.896681427955627441e-01
2.898305058479309082e-01
2.900337576866149902e-01
2.902787029743194580e-01
2.905644476413726807e-01
2.908915877342224121e-01
2.912608981132507324e-01
2.916712760925292969e-01
2.921235263347625732e-01
2.926180362701416016e-01
2.931537628173828125e-01
2.937314808368682861e-01
2.943512499332427979e-01
2.950123846530914307e-01
2.957150936126708984e-01
2.964596152305603027e-01
2.972451448440551758e-01
2.980716824531555176e-01
2.989646792411804199e-01
2.999180257320404053e-01
3.009096682071685791e-01
3.019397556781768799e-01
3.030079901218414307e-01
3.041130900382995605e-01
3.052554726600646973e-01
3.064259588718414307e-01
3.076407313346862793e-01
3.088914453983306885e-01
3.101766407489776611e-01
3.114965260028839111e-01
3.128503561019897461e-01
3.142378330230712891e-01
3.156577646732330322e-01
3.171096444129943848e-01
3.185930848121643066e-01
3.201072514057159424e-01
3.216517269611358643e-01
3.232253789901733398e-01
3.248273134231567383e-01
3.264573514461517334e-01
3.281144797801971436e-01
3.297979533672332764e-01
3.315069079399108887e-01
3.332403004169464111e-01
3.349855542182922363e-01
3.367657065391540527e-01
3.385623693466186523e-01
3.403806686401367188e-01
3.422201871871948242e-01
3.440797030925750732e-01
3.459585607051849365e-01
3.478555083274841309e-01
3.497702777385711670e-01
3.517014980316162109e-01
3.536487221717834473e-01
3.556109964847564697e-01
3.575872480869293213e-01
3.595768809318542480e-01
3.615786731243133545e-01
3.635784685611724854e-01
3.656027615070343018e-01
3.676368296146392822e-01
3.696801066398620605e-01
3.717314600944519043e-01
3.737904429435729980e-01
3.758560419082641602e-01
3.779272437095642090e-01
3.800036609172821045e-01
3.820841014385223389e-01
3.841684460639953613e-01
3.862552344799041748e-01
3.883440196514129639e-01
3.904344439506530762e-01
3.925106525421142578e-01
3.946017026901245117e-01
3.966933488845825195e-01
3.987839519977569580e-01
4.008732438087463379e-01
4.029602408409118652e-01
4.050444960594177246e-01
4.071256816387176514e-01
4.092029929161071777e-01
4.112620949745178223e-01
4.133307933807373047e-01
4.153940677642822266e-01
4.174517691135406494e-01
4.195031523704528809e-01
4.215483367443084717e-01
4.235866069793701172e-01
4.256172478199005127e-01
4.276404976844787598e-01
4.296551346778869629e-01
4.316475093364715576e-01
4.336452186107635498e-01
4.356334805488586426e-01
4.376128315925598145e-01
4.395818710327148438e-01
4.415408670902252197e-01
4.434897303581237793e-01
4.454274773597717285e-01
4.473548233509063721e-01
4.492581188678741455e-01
4.511628448963165283e-01
4.530564248561859131e-01
4.549516141414642334e-01
4.568545222282409668e-01
4.587471783161163330e-01
4.606287181377410889e-01
4.625004231929779053e-01
4.643611311912536621e-01
4.661986827850341797e-01
4.680374562740325928e-01
4.698652327060699463e-01
4.716818630695343018e-01
4.734866023063659668e-01
4.752806723117828369e-01
4.770630896091461182e-01
4.788332879543304443e-01
4.805806875228881836e-01
4.823281764984130859e-01
4.840630888938903809e-01
4.857868254184722900e-01
4.874985516071319580e-01
4.891985654830932617e-01
4.908859133720397949e-01
4.925506114959716797e-01
4.942146241664886475e-01
4.958658516407012939e-01
4.975056350231170654e-01
4.991335272789001465e-01
5.007483959197998047e-01
5.023519992828369141e-01
5.039332509040832520e-01
5.055122375488281250e-01
5.070797801017761230e-01
5.086460113525390625e-01
5.102699398994445801e-01
5.118840932846069336e-01
5.134896636009216309e-01
5.150766372680664062e-01
5.166633725166320801e-01
5.182418227195739746e-01
5.198111534118652344e-01
5.213706493377685547e-01
5.229221582412719727e-01
5.244644880294799805e-01
5.259882807731628418e-01
5.275129675865173340e-01
5.290288329124450684e-01
5.305355191230773926e-01
5.320338010787963867e-01
5.335228443145751953e-01
5.351136326789855957e-01
5.366950631141662598e-01
5.382770299911499023e-01
5.398520827293395996e-01
5.414196252822875977e-01
5.429800152778625488e-01
5.445325970649719238e-01
5.460771322250366211e-01
5.476070046424865723e-01
5.491375327110290527e-01
5.506603717803955078e-01
5.521758198738098145e-01
5.536832213401794434e-01
5.551839470863342285e-01
5.566694140434265137e-01
5.581552982330322266e-01
5.597102642059326172e-01
5.613909959793090820e-01
5.630686879158020020e-01
5.647414922714233398e-01
5.664042830467224121e-01
5.680701732635498047e-01
5.697310566902160645e-01
5.713889598846435547e-01
5.730420351028442383e-01
5.746918916702270508e-01
5.763303041458129883e-01
5.779721736907958984e-01
5.796087384223937988e-01
5.812422633171081543e-01
5.828707814216613770e-01
5.844959020614624023e-01
5.861107707023620605e-01
5.877784490585327148e-01
5.895126461982727051e-01
5.912379026412963867e-01
5.929532051086425781e-01
5.946587920188903809e-01
5.963473916053771973e-01
5.980322957038879395e-01
5.997066497802734375e-01
6.013695001602172852e-01
6.030213832855224609e-01
6.046612858772277832e-01
6.062848567962646484e-01
6.079012751579284668e-01
6.095038056373596191e-01
6.110949516296386719e-01
6.126726865768432617e-01
6.142374873161315918e-01
6.157658696174621582e-01
6.169348955154418945e-01
6.180793046951293945e-01
6.192003488540649414e-01
6.202958822250366211e-01
6.213660240173339844e-01
6.224076747894287109e-01
6.234277486801147461e-01
6.244201064109802246e-01
6.253876686096191406e-01
6.263286471366882324e-01
6.272382736206054688e-01
6.281251311302185059e-01
6.289837360382080078e-01
6.298143267631530762e-01
6.306169033050537109e-01
6.313890218734741211e-01
6.321355700492858887e-01
6.327468156814575195e-01
6.330391168594360352e-01
6.332973837852478027e-01
6.335217356681823730e-01
6.337118744850158691e-01
6.338692903518676758e-01
6.339908838272094727e-01
6.340802907943725586e-01
6.341348290443420410e-01
6.341560482978820801e-01
6.341430544853210449e-01
6.340961456298828125e-01
6.340165138244628906e-01
6.339032649993896484e-01
6.337548494338989258e-01
6.335747241973876953e-01
6.333602070808410645e-01
6.331127285957336426e-01
6.328312754631042480e-01
6.324929594993591309e-01
6.321317553520202637e-01
6.317468285560607910e-01
6.313389539718627930e-01
6.309067606925964355e-01
6.304525136947631836e-01
6.299763321876525879e-01
6.294764876365661621e-01
6.289552450180053711e-01
6.284114718437194824e-01
6.278468370437622070e-01
6.272602081298828125e-01
6.266545653343200684e-01
6.260268688201904297e-01
6.253780722618103027e-01
6.247103214263916016e-01
6.240219473838806152e-01
6.233156323432922363e-01
6.225881576538085938e-01
6.218409538269042969e-01
6.210748553276062012e-01
6.202906966209411621e-01
6.194903850555419922e-01
6.186693310737609863e-01
6.178309917449951172e-01
6.169745922088623047e-01
6.161013841629028320e-01
6.152137517929077148e-01
6.143078804016113281e-01
6.133845448493957520e-01
6.124445796012878418e-01
6.114886403083801270e-01
6.105207204818725586e-01
6.095337867736816406e-01
6.085317134857177734e-01
6.075150966644287109e-01
6.064835190773010254e-01
6.054824590682983398e-01
6.045904755592346191e-01
6.036890745162963867e-01
6.027773022651672363e-01
6.018580198287963867e-01
6.009339690208435059e-01
5.999978184700012207e-01
5.990515947341918945e-01
5.980990529060363770e-01
5.971385836601257324e-01
5.961724519729614258e-01
5.951966643333435059e-01
5.942135453224182129e-01
5.932229757308959961e-01
5.922239422798156738e-01
5.912233591079711914e-01
5.902123451232910156e-01
5.891947746276855469e-01
5.881690382957458496e-01
5.871387124061584473e-01
5.861023664474487305e-01
5.850623250007629395e-01
5.840142369270324707e-01
5.829605460166931152e-01
5.819012522697448730e-01
5.808351039886474609e-01
5.797693133354187012e-01
5.786945223808288574e-01
5.776147246360778809e-01
5.765286087989807129e-01
5.754394531250000000e-01
5.743497014045715332e-01
5.732516646385192871e-01
5.721477270126342773e-01
5.710412263870239258e-01
5.699309110641479492e-01
5.688189268112182617e-01
5.677009224891662598e-01
5.665791630744934082e-01
5.654538869857788086e-01
5.643003582954406738e-01
5.631107091903686523e-01
5.619152188301086426e-01
5.607142448425292969e-01
5.595080852508544922e-01
5.583004951477050781e-01
5.570839643478393555e-01
5.558621883392333984e-01
5.546356439590454102e-01
5.534045100212097168e-01
5.521726012229919434e-01
5.509324669837951660e-01
5.496891736984252930e-01
5.484400987625122070e-01
5.471872091293334961e-01
5.459339618682861328e-01
5.446731448173522949e-01
5.434081554412841797e-01
5.421395301818847656e-01
5.408676862716674805e-01
5.395960211753845215e-01
5.383173823356628418e-01
5.370351076126098633e-01
5.357496738433837891e-01
5.344616174697875977e-01
5.331742167472839355e-01
5.318804383277893066e-01
5.305835008621215820e-01
5.292839407920837402e-01
5.279839038848876953e-01
5.266832709312438965e-01
5.253768563270568848e-01
5.240676999092102051e-01
5.227569341659545898e-01
5.214435458183288574e-01
5.201320648193359375e-01
5.188153386116027832e-01
5.174962878227233887e-01
5.161761045455932617e-01
5.148537158966064453e-01
5.135335922241210938e-01
5.122088193893432617e-01
5.108551383018493652e-01
5.094891786575317383e-01
5.081223249435424805e-01
5.067591071128845215e-01
5.053927898406982422e-01
5.040257573127746582e-01
5.026595592498779297e-01
5.012928843498229980e-01
4.999307394027709961e-01
4.985645413398742676e-01
4.971994459629058838e-01
4.958340525627136230e-01
4.944699704647064209e-01
4.931092858314514160e-01
4.917464256286621094e-01
4.903834760189056396e-01
4.890220463275909424e-01
4.876607358455657959e-01
4.863037765026092529e-01
4.849450886249542236e-01
4.835865497589111328e-01
4.822299182415008545e-01
4.808735847473144531e-01
4.795227050781250000e-01
4.781687259674072266e-01
4.768169224262237549e-01
4.754655957221984863e-01
4.741165339946746826e-01
4.727713465690612793e-01
4.714251756668090820e-01
4.700796604156494141e-01
4.687366187572479248e-01
4.673943221569061279e-01
4.660577774047851562e-01
4.647188484668731689e-01
4.633816778659820557e-01
4.620472192764282227e-01
4.607136845588684082e-01
4.593860805034637451e-01
4.580563306808471680e-01
4.567295312881469727e-01
4.554037451744079590e-01
4.540809988975524902e-01
4.527609050273895264e-01
4.514170587062835693e-01
4.500592648983001709e-01
4.487036466598510742e-01
4.473522901535034180e-01
4.460057616233825684e-01
4.446599483489990234e-01
4.433185160160064697e-01
4.419794082641601562e-01
4.406433105468750000e-01
4.393120706081390381e-01
4.379859566688537598e-01
4.366602003574371338e-01
4.353382587432861328e-01
4.340208470821380615e-01
4.327070415019989014e-01
4.313969910144805908e-01
4.300902485847473145e-01
4.287871122360229492e-01
4.274865388870239258e-01
4.261893332004547119e-01
4.248985648155212402e-01
4.236100316047668457e-01
4.223251640796661377e-01
4.210415780544281006e-01
4.197641611099243164e-01
4.184918403625488281e-01
4.172218739986419678e-01
4.159544706344604492e-01
4.146909713745117188e-01
4.134324193000793457e-01
4.121788442134857178e-01
4.109266400337219238e-01
4.096795916557312012e-01
4.084351956844329834e-01
4.071958363056182861e-01
4.059613645076751709e-01
4.047285914421081543e-01
4.035009145736694336e-01
4.022759497165679932e-01
4.010548889636993408e-01
3.998389542102813721e-01
3.986278772354125977e-01
3.974198400974273682e-01
3.962133526802062988e-01
3.950132429599761963e-01
3.938170969486236572e-01
3.926281929016113281e-01
3.914748430252075195e-01
3.903249800205230713e-01
3.891821503639221191e-01
3.880415856838226318e-01
3.869099318981170654e-01
3.857797980308532715e-01
3.846544027328491211e-01
3.835335373878479004e-01
3.824161887168884277e-01
3.813076317310333252e-01
3.802006542682647705e-01
3.790984153747558594e-01
3.780006766319274902e-01
3.769077360630035400e-01
3.758192360401153564e-01
3.747359216213226318e-01
3.736578822135925293e-01
3.725831806659698486e-01
3.715133070945739746e-01
3.704478144645690918e-01
3.693873882293701172e-01
3.683322966098785400e-01
3.672805726528167725e-01
3.662335872650146484e-01
3.651909828186035156e-01
3.641532063484191895e-01
3.631211519241333008e-01
3.620921969413757324e-01
3.610680699348449707e-01
3.600482344627380371e-01
3.590331971645355225e-01
3.580237329006195068e-01
3.570187687873840332e-01
3.560160398483276367e-01
3.550188243389129639e-01
3.540264070034027100e-01
3.530381917953491211e-01
3.520569503307342529e-01
3.510767519474029541e-01
3.501020073890686035e-01
3.491320610046386719e-01
3.481662869453430176e-01
3.472063839435577393e-01
3.462495207786560059e-01
3.452983796596527100e-01
3.443494439125061035e-01
3.434059023857116699e-01
3.424671888351440430e-01
3.415334820747375488e-01
3.407322168350219727e-01
3.399567902088165283e-01
3.391846716403961182e-01
3.384163677692413330e-01
3.376544415950775146e-01
3.368957638740539551e-01
3.361399769783020020e-01
3.353887498378753662e-01
3.346425592899322510e-01
3.338991999626159668e-01
3.331620395183563232e-01
3.324282169342041016e-01
3.316963315010070801e-01
3.309707045555114746e-01
3.302478194236755371e-01
3.295303583145141602e-01
3.288176059722900391e-01
3.281060755252838135e-01
3.274007141590118408e-01
3.266994059085845947e-01
3.260007798671722412e-01
3.253075182437896729e-01
3.246179819107055664e-01
3.239313364028930664e-01
3.232500255107879639e-01
3.225726485252380371e-01
3.218971490859985352e-01
3.212276995182037354e-01
3.205613195896148682e-01
3.198997378349304199e-01
3.192420601844787598e-01
3.185862302780151367e-01
3.179363608360290527e-01
3.172904253005981445e-01
3.166473805904388428e-01
3.160091936588287354e-01
3.153740763664245605e-01
3.147422969341278076e-01
3.141156733036041260e-01
3.134928643703460693e-01
3.128728568553924561e-01
3.122569918632507324e-01
3.116443455219268799e-01
3.110368251800537109e-01
3.104330897331237793e-01
3.098318576812744141e-01
3.092351555824279785e-01
3.086427748203277588e-01
3.080528378486633301e-01
3.074679672718048096e-01
3.068868517875671387e-01
3.063074946403503418e-01
3.057507276535034180e-01
3.052015602588653564e-01
3.046553134918212891e-01
3.041146099567413330e-01
3.035754859447479248e-01
3.030406236648559570e-01
3.025092482566833496e-01
3.019821047782897949e-01
3.014578521251678467e-01
3.009364902973175049e-01
3.004193007946014404e-01
2.999069392681121826e-01
2.993960082530975342e-01
2.988893389701843262e-01
2.983868420124053955e-01
2.978872060775756836e-01
2.973910272121429443e-01
2.968977093696594238e-01
2.964098155498504639e-01
2.959237992763519287e-01
2.954409122467041016e-01
2.949633896350860596e-01
2.944874167442321777e-01
2.940154969692230225e-01
2.935470044612884521e-01
2.930826842784881592e-01
2.926207184791564941e-01
2.921619415283203125e-01
2.917084693908691406e-01
2.912570834159851074e-01
2.908085882663726807e-01
2.903640568256378174e-01
2.899236679077148438e-01
2.894854545593261719e-01
2.890511155128479004e-01
2.886208891868591309e-01
2.881933152675628662e-01
2.877685725688934326e-01
2.873477637767791748e-01
2.869316041469573975e-01
2.865163981914520264e-01
2.861056923866271973e-01
2.856977880001068115e-01
2.852950990200042725e-01
2.848944365978240967e-01
2.844966351985931396e-01
2.841039597988128662e-01
2.837126255035400391e-01
2.833248674869537354e-01
2.829408943653106689e-01
2.825610935688018799e-01
2.821837961673736572e-01
2.818098366260528564e-01
2.814400196075439453e-01
2.810719013214111328e-01
2.806854248046875000e-01
2.802834510803222656e-01
2.798849046230316162e-01
2.794885635375976562e-01
2.790964841842651367e-01
2.787082791328430176e-01
2.783226072788238525e-01
2.779400050640106201e-01
2.775621414184570312e-01
2.771872282028198242e-01
2.768149375915527344e-01
2.764473557472229004e-01
2.760832607746124268e-01
2.757201790809631348e-01
2.753629088401794434e-01
2.750086188316345215e-01
2.746582031250000000e-01
2.743099033832550049e-01
2.739663124084472656e-01
2.736261785030364990e-01
2.732865810394287109e-01
2.729533016681671143e-01
2.726234495639801025e-01
2.722957134246826172e-01
2.719726860523223877e-01
2.716531157493591309e-01
2.713365852832794189e-01
2.710225880146026611e-01
2.707132995128631592e-01
2.704060971736907959e-01
2.701023817062377930e-01
2.698030471801757812e-01
2.695075273513793945e-01
2.692154347896575928e-01
2.689255177974700928e-01
2.686403095722198486e-01
2.683585882186889648e-01
2.680786550045013428e-01
2.678023278713226318e-01
2.675309479236602783e-01
2.672617733478546143e-01
2.669973373413085938e-01
2.667360603809356689e-01
2.664785683155059814e-01
2.662233114242553711e-01
2.659728229045867920e-01
2.657241523265838623e-01
2.654793560504913330e-01
2.652390599250793457e-01
2.650025784969329834e-01
2.647683620452880859e-01
2.645388841629028320e-01
2.643130123615264893e-01
2.640903890132904053e-01
2.638702988624572754e-01
2.636532485485076904e-01
2.634415328502655029e-01
2.632322013378143311e-01
2.630276381969451904e-01
2.628531754016876221e-01
2.626892626285552979e-01
2.625288367271423340e-01
2.623720765113830566e-01
2.622189223766326904e-01
2.620673179626464844e-01
2.619213759899139404e-01
2.617789804935455322e-01
2.616403102874755859e-01
2.615052759647369385e-01
2.613736689090728760e-01
2.612460255622863770e-01
2.611220479011535645e-01
2.609996199607849121e-01
2.608831226825714111e-01
2.607703506946563721e-01
2.606613337993621826e-01
2.605561017990112305e-01
2.604546546936035156e-01
2.603570222854614258e-01
2.602630853652954102e-01
2.601731419563293457e-01
2.600846886634826660e-01
2.600025236606597900e-01
2.599242627620697021e-01
2.598499059677124023e-01
2.597795128822326660e-01
2.597131133079528809e-01
2.596506774425506592e-01
2.595922350883483887e-01
2.595378458499908447e-01
2.594873905181884766e-01
2.594411969184875488e-01
2.593990564346313477e-01
2.593584358692169189e-01
2.593245506286621094e-01
2.592948675155639648e-01
2.592694163322448730e-01
2.592481672763824463e-01
2.592312097549438477e-01
2.592172026634216309e-01
2.592087388038635254e-01
2.592047154903411865e-01
2.592050433158874512e-01
2.592098116874694824e-01
2.592189908027648926e-01
2.592296898365020752e-01
2.592477798461914062e-01
2.592703998088836670e-01
2.592975795269012451e-01
2.593293786048889160e-01
2.593656778335571289e-01
2.594067752361297607e-01
2.594524621963500977e-01
2.595029473304748535e-01
2.595582306385040283e-01
2.596182227134704590e-01
2.596831023693084717e-01
2.597495317459106445e-01
2.598240971565246582e-01
2.599036991596221924e-01
2.599882185459136963e-01
2.600862383842468262e-01
2.602093219757080078e-01
2.603379487991333008e-01
2.604722380638122559e-01
2.606122791767120361e-01
2.607580125331878662e-01
2.609095871448516846e-01
2.610670328140258789e-01
2.612266540527343750e-01
2.613958418369293213e-01
2.615710496902465820e-01
2.617523670196533203e-01
2.619397044181823730e-01
2.621331810951232910e-01
2.623330354690551758e-01
2.625389993190765381e-01
2.627512812614440918e-01
2.629700005054473877e-01
2.631950974464416504e-01
2.634266614913940430e-01
2.636607587337493896e-01
2.639054954051971436e-01
2.641568481922149658e-01
2.644148766994476318e-01
2.646797597408294678e-01
2.649514079093933105e-01
2.652300894260406494e-01
2.655156850814819336e-01
2.658081948757171631e-01
2.661078274250030518e-01
2.664146721363067627e-01
2.667286396026611328e-01
2.670499980449676514e-01
2.673785984516143799e-01
2.677133977413177490e-01
2.680568695068359375e-01
2.684078514575958252e-01
2.687665522098541260e-01
2.691330611705780029e-01
2.695022225379943848e-01
2.698840796947479248e-01
2.702737748622894287e-01
2.706713974475860596e-01
2.710770070552825928e-01
2.714910805225372314e-01
2.719130218029022217e-01
2.723431587219238281e-01
2.727816998958587646e-01
2.732285261154174805e-01
2.736838459968566895e-01
2.741480171680450439e-01
2.746204435825347900e-01
2.751015722751617432e-01
2.755915522575378418e-01
2.760902345180511475e-01
2.765978276729583740e-01
2.771144211292266846e-01
2.776404917240142822e-01
2.781752645969390869e-01
2.787192761898040771e-01
2.792668342590332031e-01
2.798294126987457275e-01
2.804014980792999268e-01
2.809835672378540039e-01
2.815747261047363281e-01
2.821756005287170410e-01
2.827862203121185303e-01
2.834613025188446045e-01
2.841734588146209717e-01
2.848949432373046875e-01
2.856256663799285889e-01
2.863674461841583252e-01
2.871187031269073486e-01
2.878805696964263916e-01
2.886519432067871094e-01
2.894339263439178467e-01
2.902262806892395020e-01
2.910282611846923828e-01
2.918410599231719971e-01
2.926637232303619385e-01
2.934904694557189941e-01
2.943333983421325684e-01
2.951874136924743652e-01
2.960526943206787109e-01
2.969278991222381592e-01
2.978143095970153809e-01
2.987115383148193359e-01
2.996188402175903320e-01
3.005374968051910400e-01
3.014664351940155029e-01
3.024069070816040039e-01
3.033563792705535889e-01
3.043185472488403320e-01
3.052917718887329102e-01
3.062751889228820801e-01
3.072701692581176758e-01
3.082756996154785156e-01
3.092928230762481689e-01
3.103208243846893311e-01
3.113594651222229004e-01
3.124096095561981201e-01
3.134690821170806885e-01
3.145413398742675781e-01
3.156247138977050781e-01
3.167183399200439453e-01
3.178236186504364014e-01
3.189392983913421631e-01
3.200665414333343506e-01
3.212039470672607422e-01
3.223530948162078857e-01
3.235130012035369873e-01
3.246819376945495605e-01
3.258633613586425781e-01
3.270548582077026367e-01
3.282575905323028564e-01
3.294708728790283203e-01
3.306940197944641113e-01
3.319281935691833496e-01
3.331718146800994873e-01
3.344265818595886230e-01
3.356913626194000244e-01
3.369644284248352051e-01
3.382491171360015869e-01
3.395425677299499512e-01
3.408464789390563965e-01
3.421597182750701904e-01
3.434816300868988037e-01
3.448133468627929688e-01
3.461530506610870361e-01
3.475025296211242676e-01
3.488594889640808105e-01
3.502250313758850098e-01
3.515995740890502930e-01
3.529808819293975830e-01
3.543708324432373047e-01
3.557671010494232178e-01
3.571716547012329102e-01
3.585829138755798340e-01
3.600090146064758301e-01
3.614521026611328125e-01
3.628974854946136475e-01
3.643469810485839844e-01
3.657999634742736816e-01
3.672547042369842529e-01
3.687114417552947998e-01
3.701699674129486084e-01
3.716294765472412109e-01
3.730902075767517090e-01
3.745506703853607178e-01
3.760113120079040527e-01
3.774710595607757568e-01
3.789297938346862793e-01
3.803874552249908447e-01
3.818423748016357422e-01
3.832946419715881348e-01
3.847440481185913086e-01
3.861894309520721436e-01
3.876307606697082520e-01
3.890670239925384521e-01
3.904978930950164795e-01
3.919226825237274170e-01
3.933407664299011230e-01
3.947517275810241699e-01
3.961545825004577637e-01
3.975487947463989258e-01
3.989339172840118408e-01
4.003088772296905518e-01
4.016732871532440186e-01
4.030256867408752441e-01
4.043667614459991455e-01
4.056950211524963379e-01
4.070098996162414551e-01
4.083107113838195801e-01
4.095963239669799805e-01
4.108752906322479248e-01
4.121287763118743896e-01
4.133650064468383789e-01
4.145830571651458740e-01
4.157823622226715088e-01
4.169620871543884277e-01
4.181213974952697754e-01
4.192596077919006348e-01
4.203759431838989258e-01
4.214690923690795898e-01
4.225389659404754639e-01
4.235844910144805908e-01
4.246048033237457275e-01
4.255990684032440186e-01
4.265663623809814453e-01
4.275062680244445801e-01
4.284178912639617920e-01
4.293003678321838379e-01
4.301528334617614746e-01
4.309741258621215820e-01
4.317644238471984863e-01
4.325225949287414551e-01
4.332472085952758789e-01
4.339386224746704102e-01
4.345951378345489502e-01
4.352169632911682129e-01
4.358029663562774658e-01
4.363525211811065674e-01
4.368685185909271240e-01
4.373421967029571533e-01
4.377780258655548096e-01
4.381748437881469727e-01
4.385319948196411133e-01
4.388489723205566406e-01
4.391246736049652100e-01
4.393597245216369629e-01
4.395530521869659424e-01
4.397042393684387207e-01
4.398128390312194824e-01
4.398777484893798828e-01
4.398992657661437988e-01
4.398716092109680176e-01
4.398010373115539551e-01
4.396885633468627930e-01
4.395325779914855957e-01
4.393342733383178711e-01
4.390921294689178467e-01
4.388066232204437256e-01
4.384783804416656494e-01
4.381059110164642334e-01
4.376873672008514404e-01
4.372274279594421387e-01
4.367238879203796387e-01
4.361773729324340820e-01
4.355866909027099609e-01
4.349533021450042725e-01
4.342761039733886719e-01
4.335556328296661377e-01
4.327929913997650146e-01
4.319870769977569580e-01
4.311392307281494141e-01
4.302487373352050781e-01
4.293104410171508789e-01
4.283362925052642822e-01
4.273211061954498291e-01
4.262657165527343750e-01
4.251695573329925537e-01
4.240339398384094238e-01
4.228585958480834961e-01
4.216444492340087891e-01
4.203921556472778320e-01
4.191019237041473389e-01
4.177747666835784912e-01
4.164104759693145752e-01
4.150000214576721191e-01
4.135642647743225098e-01
4.120939970016479492e-01
4.105896055698394775e-01
4.090518653392791748e-01
4.074818193912506104e-01
4.058793187141418457e-01
4.042459726333618164e-01
4.025832116603851318e-01
4.008895456790924072e-01
3.991673886775970459e-01
3.974169790744781494e-01
3.956250548362731934e-01
3.938204646110534668e-01
3.919903934001922607e-01
3.901353776454925537e-01
3.882558643817901611e-01
3.863533437252044678e-01
3.844285905361175537e-01
3.824816942214965820e-01
3.805144131183624268e-01
3.785272538661956787e-01
3.765205144882202148e-01
3.744957447052001953e-01
3.724369406700134277e-01
3.703778386116027832e-01
3.683023750782012939e-01
3.662121891975402832e-01
3.641079664230346680e-01
3.619904518127441406e-01
3.598599433898925781e-01
3.577175736427307129e-01
3.555634617805480957e-01
3.533992469310760498e-01
3.512254655361175537e-01
3.490249812602996826e-01
3.468337357044219971e-01
3.446350693702697754e-01
3.424300253391265869e-01
3.402182161808013916e-01
3.380019664764404297e-01
3.357802331447601318e-01
3.335547149181365967e-01
3.313261568546295166e-01
3.290944695472717285e-01
3.268418312072753906e-01
3.246063590049743652e-01
3.223702609539031982e-01
3.201370239257812500e-01
3.179422914981842041e-01
3.157494068145751953e-01
3.135573863983154297e-01
3.113687634468078613e-01
3.091639578342437744e-01
3.069813847541809082e-01
3.048011958599090576e-01
3.026269674301147461e-01
3.004564940929412842e-01
2.982907593250274658e-01
2.961298823356628418e-01
2.939560413360595703e-01
2.918071746826171875e-01
2.896641492843627930e-01
2.875287532806396484e-01
2.853989601135253906e-01
2.832764387130737305e-01
2.811624407768249512e-01
2.790366113185882568e-01
2.769366800785064697e-01
2.748458385467529297e-01
2.727642953395843506e-01
2.706906199455261230e-01
2.686254680156707764e-01
2.665688693523406982e-01
2.645046114921569824e-01
2.624672353267669678e-01
2.604399621486663818e-01
2.584224641323089600e-01
2.564144730567932129e-01
2.544170022010803223e-01
2.524296641349792480e-01
2.504535913467407227e-01
2.484679818153381348e-01
2.465121150016784668e-01
2.445668578147888184e-01
2.426327764987945557e-01
2.407087385654449463e-01
2.387961149215698242e-01
2.368949204683303833e-01
2.349868863821029663e-01
2.331068813800811768e-01
2.312384992837905884e-01
2.293823361396789551e-01
2.275369018316268921e-01
2.257027328014373779e-01
2.238789051771163940e-01
2.220509946346282959e-01
2.202511429786682129e-01
2.184621542692184448e-01
2.166851460933685303e-01
2.149194478988647461e-01
2.131648957729339600e-01
2.114219963550567627e-01
2.096914798021316528e-01
2.079544365406036377e-01
2.062455117702484131e-01
2.045491933822631836e-01
2.028634548187255859e-01
2.011884748935699463e-01
1.995253562927246094e-01
1.978742480278015137e-01
1.962173879146575928e-01
1.945880055427551270e-01
1.929698586463928223e-01
1.913635581731796265e-01
1.897676289081573486e-01
1.881829947233200073e-01
1.865942925214767456e-01
1.850314736366271973e-01
1.834798008203506470e-01
1.819390058517456055e-01
1.804092526435852051e-01
1.788749098777770996e-01
1.773664951324462891e-01
1.758685111999511719e-01
1.743820458650588989e-01
1.729052513837814331e-01
1.714391559362411499e-01
1.699692755937576294e-01
1.685240864753723145e-01
1.670892685651779175e-01
1.656642109155654907e-01
1.642504781484603882e-01
1.628321856260299683e-01
1.614376604557037354e-01
1.600534766912460327e-01
1.586800366640090942e-01
1.573341637849807739e-01
1.559894829988479614e-01
1.546670198440551758e-01
1.533543467521667480e-01
1.520503908395767212e-01
1.507558673620223999e-01
1.494565904140472412e-01
1.481794565916061401e-01
1.469115465879440308e-01
1.456518769264221191e-01
1.444014012813568115e-01
1.431467086076736450e-01
1.419140100479125977e-01
1.406898200511932373e-01
1.394740939140319824e-01
1.382670998573303223e-01
1.370557546615600586e-01
1.358657032251358032e-01
1.346846073865890503e-01
1.335120201110839844e-01
1.323474198579788208e-01
1.311792433261871338e-01
1.300318986177444458e-01
1.288920342922210693e-01
1.277613788843154907e-01
1.266389787197113037e-01
1.255250871181488037e-01
1.244070678949356079e-01
1.233095824718475342e-01
1.222202479839324951e-01
1.211384832859039307e-01
1.200656294822692871e-01
1.189894452691078186e-01
1.179327145218849182e-01
1.168845221400260925e-01
1.158443093299865723e-01
1.148120164871215820e-01
1.137762144207954407e-01
1.127603426575660706e-01
1.117525920271873474e-01
1.107525452971458435e-01
1.097610145807266235e-01
1.087667420506477356e-01
1.077905297279357910e-01
1.068229675292968750e-01
1.058635488152503967e-01
1.049118787050247192e-01
1.039583683013916016e-01
1.030230522155761719e-01
1.020957231521606445e-01
1.011759042739868164e-01
1.002647578716278076e-01
9.935162216424942017e-02
9.845642745494842529e-02
9.756948798894882202e-02
9.669050574302673340e-02
9.580990672111511230e-02
9.494670480489730835e-02
9.409202635288238525e-02
9.324549883604049683e-02
9.239757806062698364e-02
9.156730026006698608e-02
9.074519574642181396e-02
8.993085473775863647e-02
8.911571651697158813e-02
8.831802755594253540e-02
8.752828836441040039e-02
8.674707263708114624e-02
8.596549183130264282e-02
8.520042896270751953e-02
8.444373309612274170e-02
8.369511365890502930e-02
8.294693380594253540e-02
8.221498876810073853e-02
8.149161189794540405e-02
8.077649772167205811e-02
8.006189763545989990e-02
7.936350256204605103e-02
7.867328077554702759e-02
7.799164205789566040e-02
7.731121033430099487e-02
7.664657384157180786e-02
7.599054276943206787e-02
7.534283399581909180e-02
7.469678670167922974e-02
7.406590878963470459e-02
7.344385236501693726e-02
7.283053547143936157e-02
7.221922278404235840e-02
7.162293046712875366e-02
7.103562355041503906e-02
7.045682519674301147e-02
6.988006830215454102e-02
6.931877136230468750e-02
6.876624375581741333e-02
6.821915507316589355e-02
6.769111007452011108e-02
6.717149913311004639e-02
6.666100770235061646e-02
6.615324318408966064e-02
6.566032767295837402e-02
6.517585366964340210e-02
6.470061093568801880e-02
6.422868371009826660e-02
6.377128511667251587e-02
6.332253664731979370e-02
6.288283318281173706e-02
6.244710832834243774e-02
6.202552840113639832e-02
6.161260977387428284e-02
6.120898202061653137e-02
6.080973520874977112e-02
6.042424589395523071e-02
6.004770845174789429e-02
5.968046188354492188e-02
5.931788682937622070e-02
5.896908417344093323e-02
5.862897634506225586e-02
5.829826742410659790e-02
5.797283723950386047e-02
5.766075477004051208e-02
5.735743045806884766e-02
5.706352367997169495e-02
5.677561834454536438e-02
5.650034546852111816e-02
5.623398348689079285e-02
5.597723647952079773e-02
5.572681128978729248e-02
5.548869818449020386e-02
5.525954812765121460e-02
5.504010245203971863e-02
5.482731014490127563e-02
5.462650582194328308e-02
5.443477258086204529e-02
5.425082892179489136e-02
5.407782644033432007e-02
5.391457304358482361e-02
5.375872179865837097e-02
5.361438915133476257e-02
5.347908660769462585e-02
5.335219949483871460e-02
5.323591083288192749e-02
5.312925204634666443e-02
5.303077027201652527e-02
5.294318124651908875e-02
5.286478996276855469e-02
5.279549956321716309e-02
5.273614823818206787e-02
5.268672108650207520e-02
5.264611542224884033e-02
5.261583253741264343e-02
5.259480327367782593e-02
5.258378386497497559e-02
5.258210003376007080e-02
5.259038880467414856e-02
5.260845273733139038e-02
5.263624340295791626e-02
5.267344042658805847e-02
5.272143706679344177e-02
5.277838930487632751e-02
5.284543707966804504e-02
5.292205512523651123e-02
5.301005020737648010e-02
5.310671404004096985e-02
5.321364849805831909e-02
5.333184078335762024e-02
5.345911905169487000e-02
5.359615385532379150e-02
5.374564975500106812e-02
5.390333384275436401e-02
5.407174676656723022e-02
5.425242334604263306e-02
5.444180592894554138e-02
5.464146658778190613e-02
5.485462024807929993e-02
5.507576093077659607e-02
5.530799925327301025e-02
5.555380508303642273e-02
5.580811202526092529e-02
5.607313662767410278e-02
5.635312572121620178e-02
5.664084479212760925e-02
5.694026499986648560e-02
5.725464597344398499e-02
5.757744237780570984e-02
5.791172385215759277e-02
5.826244503259658813e-02
5.862087756395339966e-02
5.899188667535781860e-02
5.937483534216880798e-02
5.977547168731689453e-02
6.018395349383354187e-02
6.060546636581420898e-02
6.104504689574241638e-02
6.149313598871231079e-02
6.195415183901786804e-02
6.243496760725975037e-02
6.292364001274108887e-02
6.342682242393493652e-02
6.394968926906585693e-02
6.448074430227279663e-02
6.502553820610046387e-02
6.559180468320846558e-02
6.616586446762084961e-02
6.675454229116439819e-02
6.736583262681961060e-02
6.798484921455383301e-02
6.861982494592666626e-02
6.927815824747085571e-02
6.994512677192687988e-02
7.062828540802001953e-02
7.133650779724121094e-02
7.205359637737274170e-02
7.278737425804138184e-02
7.354833930730819702e-02
7.431779056787490845e-02
7.511534541845321655e-02
7.592207193374633789e-02
7.674706727266311646e-02
7.760198414325714111e-02
7.846598327159881592e-02
7.936123013496398926e-02
8.026553690433502197e-02
8.119088411331176758e-02
8.214912563562393188e-02
8.311680704355239868e-02
8.411882817745208740e-02
8.513090014457702637e-02
8.616586029529571533e-02
8.723659813404083252e-02
8.831840753555297852e-02
8.942429721355438232e-02
9.056818485260009766e-02
9.172328561544418335e-02
9.291823208332061768e-02
9.412501007318496704e-02
9.535746276378631592e-02
9.663287550210952759e-02
9.791994094848632812e-02
9.925072640180587769e-02
1.005942523479461670e-01
1.019658148288726807e-01
1.033845096826553345e-01
1.048151180148124695e-01
1.062949150800704956e-01
1.077874898910522461e-01
1.093108430504798889e-01
1.108858510851860046e-01
1.124733611941337585e-01
1.141145974397659302e-01
1.157688945531845093e-01
1.174569502472877502e-01
1.192005872726440430e-01
1.209579631686210632e-01
1.227736398577690125e-01
1.246019080281257629e-01
1.264669746160507202e-01
1.283928602933883667e-01
1.303318589925765991e-01
1.323085725307464600e-01
1.343485713005065918e-01
1.364021152257919312e-01
1.385203152894973755e-01
1.406526267528533936e-01
1.428233683109283447e-01
1.450617760419845581e-01
1.473132073879241943e-01
1.496339142322540283e-01
1.519667208194732666e-01
1.543395817279815674e-01
1.567846834659576416e-01
1.592398881912231445e-01
1.617676615715026855e-01
1.643059253692626953e-01
1.668854057788848877e-01
1.695385128259658813e-01
1.721993684768676758e-01
1.749359518289566040e-01
1.776782870292663574e-01
1.804613173007965088e-01
1.833194494247436523e-01
1.861812621355056763e-01
1.891186088323593140e-01
1.920584589242935181e-01
1.950351297855377197e-01
1.980859041213989258e-01
2.011359930038452148e-01
2.042204290628433228e-01
2.073780149221420288e-01
2.105289697647094727e-01
2.137522995471954346e-01
2.169659733772277832e-01
2.202077209949493408e-01
2.235186696052551270e-01
2.268136292695999146e-01
2.301752269268035889e-01
2.335172295570373535e-01
2.369209975004196167e-01
2.403008639812469482e-01
2.437394559383392334e-01
2.471506595611572266e-01
2.506149709224700928e-01
2.540452182292938232e-01
2.575266063213348389e-01
2.609679698944091797e-01
2.644531726837158203e-01
2.678943872451782227e-01
2.713293433189392090e-01
2.748024761676788330e-01
2.782205045223236084e-01
2.816674411296844482e-01
2.850335836410522461e-01
2.884189188480377197e-01
2.917404770851135254e-01
2.950788438320159912e-01
2.983461320400238037e-01
3.016252517700195312e-01
3.048276007175445557e-01
3.080329298973083496e-01
3.111574947834014893e-01
3.142782747745513916e-01
3.173111975193023682e-01
3.202945590019226074e-01
3.232634365558624268e-01
3.261373341083526611e-01
3.289889097213745117e-01
3.317427635192871094e-01
3.344654440879821777e-01
3.370872139930725098e-01
3.396724164485931396e-01
3.421510756015777588e-01
3.445867896080017090e-01
3.469142317771911621e-01
3.491925299167633057e-01
3.513595759868621826e-01
3.534722030162811279e-01
3.554726839065551758e-01
3.573876321315765381e-01
3.592409491539001465e-01
3.609809577465057373e-01
3.626545667648315430e-01
3.642153739929199219e-01
3.657063245773315430e-01
3.670853674411773682e-01
3.683907091617584229e-01
3.695869147777557373e-01
3.707074522972106934e-01
3.717209100723266602e-01
3.726566135883331299e-01
3.734883964061737061e-01
3.742414116859436035e-01
3.748939931392669678e-01
3.754590153694152832e-01
3.759434521198272705e-01
3.763348758220672607e-01
3.766472935676574707e-01
3.768704831600189209e-01
3.770150542259216309e-01
3.770758509635925293e-01
3.770589828491210938e-01
3.769638836383819580e-01
3.767929971218109131e-01
3.765483498573303223e-01
3.762308359146118164e-01
3.758463263511657715e-01
3.753901124000549316e-01
3.748728036880493164e-01
3.742921352386474609e-01
3.736441135406494141e-01
3.729436695575714111e-01
3.721781671047210693e-01
3.713652789592742920e-01
3.704909980297088623e-01
3.695760071277618408e-01
3.686010241508483887e-01
3.675912916660308838e-01
3.665255904197692871e-01
3.654298186302185059e-01
3.642808198928833008e-01
3.631064891815185547e-01
3.618826866149902344e-01
3.606390655040740967e-01
3.593473434448242188e-01
3.580413162708282471e-01
3.566911518573760986e-01
3.553136289119720459e-01
3.539276719093322754e-01
3.525016307830810547e-01
3.510704040527343750e-01
3.496023416519165039e-01
3.481326699256896973e-01
3.466291129589080811e-01
3.451279103755950928e-01
3.435945510864257812e-01
3.420669734477996826e-01
3.405090570449829102e-01
3.389413654804229736e-01
3.373820781707763672e-01
3.357973992824554443e-01
3.342253863811492920e-01
3.326287865638732910e-01
3.310469090938568115e-01
3.294422924518585205e-01
3.278547227382659912e-01
3.262462019920349121e-01
3.246549963951110840e-01
3.230453133583068848e-01
3.214370012283325195e-01
3.198494911193847656e-01
3.182451426982879639e-01
3.166632056236267090e-01
3.150653243064880371e-01
3.134915232658386230e-01
3.119019269943237305e-01
3.103382587432861328e-01
3.087607026100158691e-01
3.072092235088348389e-01
3.056452870368957520e-01
3.040884137153625488e-01
3.025585711002349854e-01
3.010165989398956299e-01
2.995030283927917480e-01
2.979792952537536621e-01
2.964832782745361328e-01
2.949778735637664795e-01
2.935005724430084229e-01
2.920145988464355469e-01
2.905389368534088135e-01
2.890901565551757812e-01
2.876349687576293945e-01
2.862085103988647461e-01
2.847744524478912354e-01
2.833694815635681152e-01
2.819664776325225830e-01
2.806183695793151855e-01
2.792625725269317627e-01
2.779343128204345703e-01
2.766006588935852051e-01
2.752763628959655762e-01
2.739796638488769531e-01
2.726781368255615234e-01
2.714027762413024902e-01
2.701219022274017334e-01
2.688690423965454102e-01
2.676098048686981201e-01
2.663776278495788574e-01
2.651412487030029297e-01
2.639304697513580322e-01
2.627148926258087158e-01
2.615115046501159668e-01
2.603330612182617188e-01
2.591501772403717041e-01
2.579941153526306152e-01
2.568328678607940674e-01
2.556968629360198975e-01
2.545580565929412842e-01
2.534433007240295410e-01
2.523255646228790283e-01
2.512315511703491211e-01
2.501342296600341797e-01
2.490479201078414917e-01
2.479849457740783691e-01
2.469186186790466309e-01
2.458765953779220581e-01
2.448305189609527588e-01
2.438077181577682495e-01
2.427826970815658569e-01
2.417664378881454468e-01
2.407732903957366943e-01
2.397776246070861816e-01
2.388037294149398804e-01
2.378263175487518311e-01
2.368599027395248413e-01
2.359138727188110352e-01
2.349652498960494995e-01
2.340265512466430664e-01
2.331084758043289185e-01
2.321875691413879395e-01
2.312763035297393799e-01
2.303849309682846069e-01
2.294904589653015137e-01
2.286175489425659180e-01
2.277405709028244019e-01
2.268726229667663574e-01
2.260246425867080688e-01
2.251736670732498169e-01
2.243307381868362427e-01
2.235077917575836182e-01
2.226813137531280518e-01
2.218737155199050903e-01
2.210639417171478271e-01
2.202618271112442017e-01
2.194776535034179688e-01
2.186915725469589233e-01
2.179125547409057617e-01
2.171507924795150757e-01
2.163878083229064941e-01
2.156309783458709717e-01
2.148915529251098633e-01
2.141502648591995239e-01
2.134249955415725708e-01
2.126970887184143066e-01
2.119773328304290771e-01
2.112725377082824707e-01
2.105658203363418579e-01
2.098663151264190674e-01
2.091820836067199707e-01
2.084953784942626953e-01
2.078244537115097046e-01
2.071510106325149536e-01
2.064833045005798340e-01
2.058318406343460083e-01
2.051768600940704346e-01
2.045284509658813477e-01
2.038948684930801392e-01
2.032587379217147827e-01
2.026281207799911499e-01
2.020125687122344971e-01
2.013937234878540039e-01
2.007890045642852783e-01
2.001822441816329956e-01
1.995809525251388550e-01
1.989932209253311157e-01
1.984028816223144531e-01
1.978182047605514526e-01
1.972465068101882935e-01
1.966724097728729248e-01
1.961104720830917358e-01
1.955476552248001099e-01
1.949886977672576904e-01
1.944424211978912354e-01
1.938943117856979370e-01
1.933509558439254761e-01
1.928189396858215332e-01
1.922859847545623779e-01
1.917567253112792969e-01
1.912392824888229370e-01
1.907201707363128662e-01
1.902120113372802734e-01
1.897018253803253174e-01
1.891963034868240356e-01
1.887015551328659058e-01
1.882043331861495972e-01
1.877125203609466553e-01
1.872302591800689697e-01
1.867464631795883179e-01
1.862670630216598511e-01
1.857977807521820068e-01
1.853259801864624023e-01
1.848654150962829590e-01
1.844017654657363892e-01
1.839426010847091675e-01
1.834933757781982422e-01
1.830419600009918213e-01
1.825944483280181885e-01
1.821566820144653320e-01
1.817167103290557861e-01
1.812800318002700806e-01
1.808537095785140991e-01
1.804243326187133789e-01
1.799991130828857422e-01
1.795775890350341797e-01
1.791647672653198242e-01
1.787495911121368408e-01
1.783389300107955933e-01
1.779358834028244019e-01
1.775313466787338257e-01
1.771251410245895386e-01
1.766787320375442505e-01
1.762396544218063354e-01
1.757999211549758911e-01
1.753629595041275024e-01
1.749342083930969238e-01
1.745037138462066650e-01
1.740764826536178589e-01
1.736523509025573730e-01
1.732361763715744019e-01
1.728182435035705566e-01
1.724034845829010010e-01
1.719916164875030518e-01
1.715879738330841064e-01
1.711816340684890747e-01
1.707792282104492188e-01
1.703832298517227173e-01
1.699866652488708496e-01
1.695918887853622437e-01
1.692009717226028442e-01
1.688161641359329224e-01
1.684308052062988281e-01
1.680470854043960571e-01
1.676714122295379639e-01
1.672936230897903442e-01
1.669185012578964233e-01
1.665459573268890381e-01
1.661802232265472412e-01
1.658128201961517334e-01
1.654480695724487305e-01
1.650857925415039062e-01
1.647300422191619873e-01
1.643726825714111328e-01
1.640183329582214355e-01
1.636692881584167480e-01
1.633196920156478882e-01
1.629715114831924438e-01
1.626266986131668091e-01
1.622869372367858887e-01
1.619467288255691528e-01
1.616078019142150879e-01
1.612758487462997437e-01
1.609413474798202515e-01
1.606101542711257935e-01
1.602806001901626587e-01
1.599568128585815430e-01
1.596315652132034302e-01
