9.121318459510803223e-01
9.072768092155456543e-01
9.024711251258850098e-01
8.977376818656921387e-01
8.930595517158508301e-01
8.884094357490539551e-01
8.838360905647277832e-01
8.793505430221557617e-01
8.749561905860900879e-01
8.706493377685546875e-01
8.667398095130920410e-01
8.630837202072143555e-01
8.594871163368225098e-01
8.559753298759460449e-01
8.525393009185791016e-01
8.493292331695556641e-01
8.464826941490173340e-01
8.437283635139465332e-01
8.410757780075073242e-01
8.385344743728637695e-01
8.361106514930725098e-01
8.338518142700195312e-01
8.317198157310485840e-01
8.297089934349060059e-01
8.278140425682067871e-01
8.260715007781982422e-01
8.245149850845336914e-01
8.232293725013732910e-01
8.220552802085876465e-01
8.209852576255798340e-01
8.200160861015319824e-01
8.191443681716918945e-01
8.183352351188659668e-01
8.175879716873168945e-01
8.169240951538085938e-01
8.163465857505798340e-01
8.158497810363769531e-01
8.154472708702087402e-01
8.150078058242797852e-01
8.145517110824584961e-01
8.141626715660095215e-01
8.138386607170104980e-01
8.135749697685241699e-01
8.133696913719177246e-01
8.132162094116210938e-01
8.131098747253417969e-01
8.130535483360290527e-01
8.130446076393127441e-01
8.130782246589660645e-01
8.131635785102844238e-01
8.132728338241577148e-01
8.131723999977111816e-01
8.131029009819030762e-01
8.130649328231811523e-01
8.130548596382141113e-01
8.130714297294616699e-01
8.131126761436462402e-01
8.132159113883972168e-01
8.133789896965026855e-01
8.135591745376586914e-01
8.137546181678771973e-01
8.139638304710388184e-01
8.141886591911315918e-01
8.144217729568481445e-01
8.145992159843444824e-01
8.147611021995544434e-01
8.149248361587524414e-01
8.150898814201354980e-01
8.152542710304260254e-01
8.154150843620300293e-01
8.155738115310668945e-01
8.156471252441406250e-01
8.156857490539550781e-01
8.157173395156860352e-01
8.157430291175842285e-01
8.157613873481750488e-01
8.157702088356018066e-01
8.157677054405212402e-01
8.157544136047363281e-01
8.157309293746948242e-01
8.156923055648803711e-01
8.156377077102661133e-01
8.155683875083923340e-01
8.154813051223754883e-01
8.153765201568603516e-01
8.152539134025573730e-01
8.151160478591918945e-01
8.149586319923400879e-01
8.147819042205810547e-01
8.145858049392700195e-01
8.143671154975891113e-01
8.141271471977233887e-01
8.138647079467773438e-01
8.135465383529663086e-01
8.130856752395629883e-01
8.126040697097778320e-01
8.121016025543212891e-01
8.115782141685485840e-01
8.110325932502746582e-01
8.104645609855651855e-01
8.098740577697753906e-01
8.092843890190124512e-01
8.087942600250244141e-01
8.082785010337829590e-01
8.077357411384582520e-01
8.071656823158264160e-01
8.065673112869262695e-01
8.059396743774414062e-01
8.052834272384643555e-01
8.045958280563354492e-01
8.037776350975036621e-01
8.029046058654785156e-01
8.020003437995910645e-01
8.010637760162353516e-01
8.000941872596740723e-01
7.990905642509460449e-01
7.980549931526184082e-01
7.969856262207031250e-01
7.958950996398925781e-01
7.948385477066040039e-01
7.937519550323486328e-01
7.926337122917175293e-01
7.914869785308837891e-01
7.903118729591369629e-01
7.891119122505187988e-01
7.878870964050292969e-01
7.866392731666564941e-01
7.853809595108032227e-01
7.841564416885375977e-01
7.829164862632751465e-01
7.816618084907531738e-01
7.803968191146850586e-01
7.791226506233215332e-01
7.778406739234924316e-01
7.765525579452514648e-01
7.752591967582702637e-01
7.739637494087219238e-01
7.725875377655029297e-01
7.711918354034423828e-01
7.697982192039489746e-01
7.684063315391540527e-01
7.670176029205322266e-01
7.656337618827819824e-01
7.642540335655212402e-01
7.628799080848693848e-01
7.615118026733398438e-01
7.601581811904907227e-01
7.588877677917480469e-01
7.576252818107604980e-01
7.563717961311340332e-01
7.540335059165954590e-01
7.528062462806701660e-01
7.515888214111328125e-01
7.503812909126281738e-01
7.491847276687622070e-01
7.479990124702453613e-01
7.468234896659851074e-01
7.457682490348815918e-01
7.447291612625122070e-01
7.437026500701904297e-01
7.426885962486267090e-01
7.416878938674926758e-01
7.406998872756958008e-01
7.397251725196838379e-01
7.387641668319702148e-01
7.378168702125549316e-01
7.368835806846618652e-01
7.359899282455444336e-01
7.351454496383666992e-01
7.343159914016723633e-01
7.335017323493957520e-01
7.327029109001159668e-01
7.319198250770568848e-01
7.311526536941528320e-01
7.304015159606933594e-01
7.296666502952575684e-01
7.289485931396484375e-01
7.282469272613525391e-01
7.275565862655639648e-01
7.268759608268737793e-01
7.262127995491027832e-01
7.255665063858032227e-01
7.249382734298706055e-01
7.243271470069885254e-01
7.237343192100524902e-01
7.231590747833251953e-01
7.226023077964782715e-01
7.220633625984191895e-01
7.215431928634643555e-01
7.210415601730346680e-01
7.204854488372802734e-01
7.199459075927734375e-01
7.194238901138305664e-01
7.189222574234008789e-01
7.184383869171142578e-01
7.179744839668273926e-01
7.175284624099731445e-01
7.171025872230529785e-01
7.166956663131713867e-01
7.163092494010925293e-01
7.159420847892761230e-01
7.155957221984863281e-01
7.152106761932373047e-01
7.148445844650268555e-01
7.144990563392639160e-01
7.141751050949096680e-01
7.138727307319641113e-01
7.135907411575317383e-01
7.133309245109558105e-01
7.130923867225646973e-01
7.128760814666748047e-01
7.126824855804443359e-01
7.125111818313598633e-01
7.123627066612243652e-01
7.121618986129760742e-01
7.118924856185913086e-01
7.116498947143554688e-01
7.114331722259521484e-01
7.112417817115783691e-01
7.110799551010131836e-01
7.109460234642028809e-01
7.108414769172668457e-01
7.107654213905334473e-01
7.107228040695190430e-01
7.107135653495788574e-01
7.107362747192382812e-01
7.107967138290405273e-01
7.109525203704833984e-01
7.112526893615722656e-01
7.115969061851501465e-01
7.119829654693603516e-01
7.124166488647460938e-01
7.128983736038208008e-01
7.134373188018798828e-01
7.140329480171203613e-01
7.146961688995361328e-01
7.154282331466674805e-01
7.162427306175231934e-01
7.171440124511718750e-01
7.181500792503356934e-01
7.192710638046264648e-01
7.205635309219360352e-01
7.220377922058105469e-01
7.237186431884765625e-01
7.256569266319274902e-01
7.279445528984069824e-01
7.307253479957580566e-01
7.342961430549621582e-01
7.394183874130249023e-01
7.543088197708129883e-01
7.566093206405639648e-01
7.586419582366943359e-01
7.605969309806823730e-01
7.624944448471069336e-01
7.643493413925170898e-01
7.661637663841247559e-01
7.679132819175720215e-01
7.696383595466613770e-01
7.713341712951660156e-01
7.730091810226440430e-01
7.746577262878417969e-01
7.762846350669860840e-01
7.778931260108947754e-01
7.794773578643798828e-01
7.810447812080383301e-01
7.825888991355895996e-01
7.841168642044067383e-01
7.856222987174987793e-01
7.871063947677612305e-01
7.885745763778686523e-01
7.900226712226867676e-01
7.914710044860839844e-01
7.928990125656127930e-01
7.943084239959716797e-01
7.957031726837158203e-01
7.970775365829467773e-01
7.984383702278137207e-01
7.997785806655883789e-01
8.011050224304199219e-01
8.024122118949890137e-01
8.037064075469970703e-01
8.049813508987426758e-01
8.062431216239929199e-01
8.074873089790344238e-01
8.087183833122253418e-01
8.099317550659179688e-01
8.111404776573181152e-01
8.123593330383300781e-01
8.135657310485839844e-01
8.147584199905395508e-01
8.159338831901550293e-01
8.170985579490661621e-01
8.182466030120849609e-01
8.193846344947814941e-01
8.205090761184692383e-01
8.216187357902526855e-01
8.227179646492004395e-01
8.238027691841125488e-01
8.248777389526367188e-01
8.259410262107849121e-01
8.269907236099243164e-01
8.280312418937683105e-01
8.290587663650512695e-01
8.300949931144714355e-01
8.311398029327392578e-01
8.321720957756042480e-01
8.331960439682006836e-01
8.342073559761047363e-01
8.352094292640686035e-01
8.362014293670654297e-01
8.371840119361877441e-01
8.381578922271728516e-01
8.391197323799133301e-01
8.400754928588867188e-01
8.410227298736572266e-01
8.419620990753173828e-01
8.428927659988403320e-01
8.438155055046081543e-01
8.447285294532775879e-01
8.456360697746276855e-01
8.465360999107360840e-01
8.475386500358581543e-01
8.485544919967651367e-01
8.495625257492065430e-01
8.505602478981018066e-01
8.515529036521911621e-01
8.525378108024597168e-01
8.535158634185791016e-01
8.544844388961791992e-01
8.554461598396301270e-01
8.564035296440124512e-01
8.573517799377441406e-01
8.582936525344848633e-01
8.592287302017211914e-01
8.601579666137695312e-01
8.610811233520507812e-01
8.620009422302246094e-01
8.629122376441955566e-01
8.638178706169128418e-01
8.647181391716003418e-01
8.656146526336669922e-01
8.665060997009277344e-01
8.673914074897766113e-01
8.682737946510314941e-01
8.691482543945312500e-01
8.700176477432250977e-01
8.708816766738891602e-01
8.717405796051025391e-01
8.725945949554443359e-01
8.734435439109802246e-01
8.742877244949340820e-01
8.751245737075805664e-01
8.759591579437255859e-01
8.767866492271423340e-01
8.776123523712158203e-01
8.784329295158386230e-01
8.792467117309570312e-01
8.800584673881530762e-01
8.808633089065551758e-01
8.816848397254943848e-01
8.825151920318603516e-01
8.833429217338562012e-01
8.841634392738342285e-01
8.849813938140869141e-01
8.857922554016113281e-01
8.866005539894104004e-01
8.874018788337707520e-01
8.882007598876953125e-01
8.889949321746826172e-01
8.897821903228759766e-01
8.905670642852783203e-01
8.913450837135314941e-01
8.921185135841369629e-01
8.928874731063842773e-01
8.936514854431152344e-01
8.944113850593566895e-01
8.951668143272399902e-01
8.959177732467651367e-01
8.966643214225769043e-01
8.974064588546752930e-01
8.980935811996459961e-01
8.987546563148498535e-01
8.994114398956298828e-01
9.000632166862487793e-01
9.007107019424438477e-01
9.013532996177673340e-01
9.019914865493774414e-01
9.026249647140502930e-01
9.032540917396545410e-01
9.038784503936767578e-01
9.044984579086303711e-01
9.051137566566467285e-01
9.057248234748840332e-01
9.063311815261840820e-01
9.069331884384155273e-01
9.075284600257873535e-01
9.081216454505920410e-01
9.087079763412475586e-01
9.092922806739807129e-01
9.098698496818542480e-01
9.104453325271606445e-01
9.110141992568969727e-01
9.115393757820129395e-01
9.120311737060546875e-01
9.125198125839233398e-01
9.130017161369323730e-01
9.134791493415832520e-01
9.139536023139953613e-01
9.144212007522583008e-01
9.148865938186645508e-01
9.153448343276977539e-01
9.158005118370056152e-01
9.162497520446777344e-01
9.166962504386901855e-01
9.171361327171325684e-01
9.175736308097839355e-01
9.180043935775756836e-01
9.184324145317077637e-01
9.188544750213623047e-01
9.192715883255004883e-01
9.196847081184387207e-01
9.200929403305053711e-01
9.204968810081481934e-01
9.208966493606567383e-01
9.212918877601623535e-01
9.216670393943786621e-01
9.219280481338500977e-01
9.221870899200439453e-01
9.224405884742736816e-01
9.226902723312377930e-01
9.229362607002258301e-01
9.231785535812377930e-01
9.234169721603393555e-01
9.236519336700439453e-01
9.238832592964172363e-01
9.241110086441040039e-01
9.243351221084594727e-01
9.245557188987731934e-01
9.247727394104003906e-01
9.249863028526306152e-01
9.251962900161743164e-01
9.254024624824523926e-01
9.256055951118469238e-01
9.258052706718444824e-01
9.259996414184570312e-01
9.261925220489501953e-01
9.263820052146911621e-01
9.265661239624023438e-01
9.267489910125732422e-01
9.269285202026367188e-01
9.271063208580017090e-01
9.273043870925903320e-01
9.274997115135192871e-01
9.276903867721557617e-01
9.278801083564758301e-01
9.280670881271362305e-01
9.282495975494384766e-01
9.284310936927795410e-01
9.286081790924072266e-01
9.287843704223632812e-01
9.289578199386596680e-01
9.291269779205322266e-01
9.292949438095092773e-01
9.294606447219848633e-01
9.296219944953918457e-01
9.297825694084167480e-01
9.299403429031372070e-01
9.300941824913024902e-01
9.302471876144409180e-01
9.303960800170898438e-01
9.305425286293029785e-01
9.306865930557250977e-01
9.308299422264099121e-01
9.309691786766052246e-01
9.311060905456542969e-01
9.312424063682556152e-01
9.313746690750122070e-01
9.315005540847778320e-01
9.316191673278808594e-01
9.317374825477600098e-01
9.318516850471496582e-01
9.319636225700378418e-01
9.320746064186096191e-01
9.321820139884948730e-01
9.322869181632995605e-01
9.323915243148803711e-01
9.324919581413269043e-01
9.325903058052062988e-01
9.326871037483215332e-01
9.327827095985412598e-01
9.328750371932983398e-01
9.329649209976196289e-01
9.330547451972961426e-01
9.331405758857727051e-01
9.332247972488403320e-01
9.333069324493408203e-01
9.333872199058532715e-01
9.334653019905090332e-01
9.335417747497558594e-01
9.336160421371459961e-01
9.336888194084167480e-01
9.337594509124755859e-01
9.338289499282836914e-01
9.338960051536560059e-01
9.339616894721984863e-01
9.340237379074096680e-01
9.340555071830749512e-01
9.340851902961730957e-01
9.341130852699279785e-01
9.341393113136291504e-01
9.341645240783691406e-01
9.341886043548583984e-01
9.342111349105834961e-01
9.342320561408996582e-01
9.342523217201232910e-01
9.342710375785827637e-01
9.342885613441467285e-01
9.343048334121704102e-01
9.343199729919433594e-01
9.343339800834655762e-01
9.343468546867370605e-01
9.343585968017578125e-01
9.343681931495666504e-01
9.343775510787963867e-01
9.343861937522888184e-01
9.343926906585693359e-01
9.343994259834289551e-01
9.344048500061035156e-01
9.344081878662109375e-01
9.344124197959899902e-01
9.344154596328735352e-01
9.344176650047302246e-01
9.344173073768615723e-01
9.344182014465332031e-01
9.344179630279541016e-01
9.344156384468078613e-01
9.344198107719421387e-01
9.344317317008972168e-01
9.344408512115478516e-01
9.344514012336730957e-01
9.344612956047058105e-01
9.344685077667236328e-01
9.344771504402160645e-01
9.344846010208129883e-01
9.344906806945800781e-01
9.344976544380187988e-01
9.345034360885620117e-01
9.345093965530395508e-01
9.345131516456604004e-01
9.345165491104125977e-01
9.345210790634155273e-01
9.345232844352722168e-01
9.345270991325378418e-01
9.345291256904602051e-01
9.345315694808959961e-01
9.345329999923706055e-01
9.345337152481079102e-01
9.345355629920959473e-01
9.345360994338989258e-01
9.345371127128601074e-01
9.345371723175048828e-01
9.345380067825317383e-01
9.345374107360839844e-01
9.345381855964660645e-01
9.345372319221496582e-01
9.345361590385437012e-01
9.345362186431884766e-01
9.345349073410034180e-01
9.345351457595825195e-01
9.345178008079528809e-01
9.344930648803710938e-01
9.344666004180908203e-01
9.344410896301269531e-01
9.344167709350585938e-01
9.343915581703186035e-01
9.343678951263427734e-01
9.343436360359191895e-01
9.343190789222717285e-01
9.342968463897705078e-01
9.342733621597290039e-01
9.342505931854248047e-01
9.342277050018310547e-01
9.342058300971984863e-01
9.341853260993957520e-01
9.341641068458557129e-01
9.341436624526977539e-01
9.341233968734741211e-01
9.341039061546325684e-01
9.340857267379760742e-01
9.340673685073852539e-01
9.340491890907287598e-01
9.340317249298095703e-01
9.340147376060485840e-01
9.339999556541442871e-01
9.339842200279235840e-01
9.339691400527954102e-01
9.339546561241149902e-01
9.339411258697509766e-01
9.339289665222167969e-01
9.339167475700378418e-01
9.339048862457275391e-01
9.338940382003784180e-01
9.338833689689636230e-01
9.338752031326293945e-01
9.338769912719726562e-01
9.339043498039245605e-01
9.339315891265869141e-01
9.339599609375000000e-01
9.339884519577026367e-01
9.340178370475769043e-01
9.340476989746093750e-01
9.340775609016418457e-01
9.341084957122802734e-01
9.341396093368530273e-01
9.341716170310974121e-01
9.342038035392761230e-01
9.342366456985473633e-01
9.342699646949768066e-01
9.343041181564331055e-01
9.343385100364685059e-01
9.343737363815307617e-01
9.344090223312377930e-01
9.344453215599060059e-01
9.344819188117980957e-01
9.345193505287170410e-01
9.345570802688598633e-01
9.345954060554504395e-01
9.346342086791992188e-01
9.346738457679748535e-01
9.347137212753295898e-01
9.347544312477111816e-01
9.347952008247375488e-01
9.348370432853698730e-01
9.348791241645812988e-01
9.349220395088195801e-01
9.349651336669921875e-01
9.350089430809020996e-01
9.350531101226806641e-01
9.350981712341308594e-01
9.351434111595153809e-01
9.351881742477416992e-01
9.352344274520874023e-01
9.352777600288391113e-01
9.353020191192626953e-01
9.353271126747131348e-01
9.353533387184143066e-01
9.353791475296020508e-01
9.354069232940673828e-01
9.354354739189147949e-01
9.356412291526794434e-01
9.356713294982910156e-01
9.357011914253234863e-01
9.357329010963439941e-01
9.357653260231018066e-01
9.357987046241760254e-01
9.358325600624084473e-01
9.358671903610229492e-01
9.359015226364135742e-01
9.359375238418579102e-01
9.359741806983947754e-01
9.360114932060241699e-01
9.360494017601013184e-01
9.360879659652709961e-01
9.361262917518615723e-01
9.361659288406372070e-01
9.362061619758605957e-01
9.362469315528869629e-01
9.362881779670715332e-01
9.363288879394531250e-01
9.363710880279541016e-01
9.364137053489685059e-01
9.364557862281799316e-01
9.364993572235107422e-01
9.365430474281311035e-01
9.365862607955932617e-01
9.366306662559509277e-01
9.366753101348876953e-01
9.367193579673767090e-01
9.367645382881164551e-01
9.368098974227905273e-01
9.368546009063720703e-01
9.369006752967834473e-01
9.369464516639709473e-01
9.369915723800659180e-01
9.370923638343811035e-01
9.372036457061767578e-01
9.373133182525634766e-01
9.374228715896606445e-01
9.375312328338623047e-01
9.376379251480102539e-01
9.377442598342895508e-01
9.378496408462524414e-01
9.379529953002929688e-01
9.380562901496887207e-01
9.381581544876098633e-01
9.382583498954772949e-01
9.383579492568969727e-01
9.384564757347106934e-01
9.385529756546020508e-01
9.386490583419799805e-01
9.387430548667907715e-01
9.388365745544433594e-01
9.389280080795288086e-01
9.390189647674560547e-01
9.391076564788818359e-01
9.391958713531494141e-01
9.392824769020080566e-01
9.393674135208129883e-01
9.394513964653015137e-01
9.395331144332885742e-01
9.396141767501831055e-01
9.396929740905761719e-01
9.397709369659423828e-01
9.398466944694519043e-01
9.399216175079345703e-01
9.399942755699157715e-01
9.400659799575805664e-01
9.401354193687438965e-01
9.402039051055908203e-01
9.402700662612915039e-01
9.403352141380310059e-01
9.403980374336242676e-01
9.404597282409667969e-01
9.405191540718078613e-01
9.405773878097534180e-01
9.406332969665527344e-01
9.406879544258117676e-01
9.407403469085693359e-01
9.407913088798522949e-01
9.408417940139770508e-01
9.408899545669555664e-01
9.409366846084594727e-01
9.409809708595275879e-01
9.410238265991210938e-01
9.410641193389892578e-01
9.411025643348693848e-01
9.411391019821166992e-01
9.411734342575073242e-01
9.412059783935546875e-01
9.412360787391662598e-01
9.412642717361450195e-01
9.412903785705566406e-01
9.413143992424011230e-01
9.413362145423889160e-01
9.413557648658752441e-01
9.413732886314392090e-01
9.413886666297912598e-01
9.414018392562866211e-01
9.414127469062805176e-01
9.414215087890625000e-01
9.414278864860534668e-01
9.414321780204772949e-01
9.414342045783996582e-01
9.414339065551757812e-01
9.414314031600952148e-01
9.414265751838684082e-01
9.414195418357849121e-01
9.414100050926208496e-01
9.413981437683105469e-01
9.413841962814331055e-01
9.413678050041198730e-01
9.413490295410156250e-01
9.413278698921203613e-01
9.413044452667236328e-01
9.412785768508911133e-01
9.412503242492675781e-01
9.412196874618530273e-01
9.411866664886474609e-01
9.411513805389404297e-01
9.411134123802185059e-01
9.410732984542846680e-01
9.410306215286254883e-01
9.409855604171752930e-01
9.409379959106445312e-01
9.408879876136779785e-01
9.408357739448547363e-01
9.407806396484375000e-01
9.407234787940979004e-01
9.406907558441162109e-01
9.406583905220031738e-01
9.406236410140991211e-01
9.405868649482727051e-01
9.405481815338134766e-01
9.405066967010498047e-01
9.404636025428771973e-01
9.404181838035583496e-01
9.403704404830932617e-01
9.403206706047058105e-01
9.402690529823303223e-01
9.402150511741638184e-01
9.401586651802062988e-01
9.401003718376159668e-01
9.400402307510375977e-01
9.399772882461547852e-01
9.399129152297973633e-01
9.398462176322937012e-01
9.397776722908020020e-01
9.397063255310058594e-01
9.396336078643798828e-01
9.395586252212524414e-01
9.394811987876892090e-01
9.394021034240722656e-01
9.393212199211120605e-01
9.392382502555847168e-01
9.391524195671081543e-01
9.390654563903808594e-01
9.389761686325073242e-01
9.388851523399353027e-01
9.387919306755065918e-01
9.386962652206420898e-01
9.385990500450134277e-01
9.385001063346862793e-01
9.383989572525024414e-01
9.382960796356201172e-01
9.381902813911437988e-01
9.380835294723510742e-01
9.379745721817016602e-01
9.378639459609985352e-01
9.377511739730834961e-01
9.376367926597595215e-01
9.375194311141967773e-01
9.374011754989624023e-01
9.372808337211608887e-01
9.371588826179504395e-01
9.370347857475280762e-01
9.369082450866699219e-01
9.367804527282714844e-01
9.366511106491088867e-01
9.365196824073791504e-01
9.363866448402404785e-01
9.362506866455078125e-01
9.361185431480407715e-01
9.359993338584899902e-01
9.358785748481750488e-01
9.357564449310302734e-01
9.356316328048706055e-01
9.355065822601318359e-01
9.353801012039184570e-01
9.352522492408752441e-01
9.351229071617126465e-01
9.349918961524963379e-01
9.348588585853576660e-01
9.347253441810607910e-01
9.345904588699340820e-01
9.344541430473327637e-01
9.343162178993225098e-01
9.341772198677062988e-01
9.340368509292602539e-01
9.338951706886291504e-01
9.337520599365234375e-01
9.336066246032714844e-01
9.334605932235717773e-01
9.333135485649108887e-01
9.331651329994201660e-01
9.330154657363891602e-01
9.328644275665283203e-01
9.327118396759033203e-01
9.325582981109619141e-01
9.324034452438354492e-01
9.322461485862731934e-01
9.320887327194213867e-01
9.319297075271606445e-01
9.317698478698730469e-01
9.316086173057556152e-01
9.314461946487426758e-01
9.312825202941894531e-01
9.311176538467407227e-01
9.309512376785278320e-01
9.307826757431030273e-01
9.306141138076782227e-01
9.304443001747131348e-01
9.302733540534973145e-01
9.301008582115173340e-01
9.299275875091552734e-01
9.297530651092529297e-01
9.295773506164550781e-01
9.294005036354064941e-01
9.292208552360534668e-01
9.290417432785034180e-01
9.288613796234130859e-01
9.286799430847167969e-01
9.284973144531250000e-01
9.283131957054138184e-01
9.281284213066101074e-01
9.279424548149108887e-01
9.277554154396057129e-01
9.275671839714050293e-01
9.273779392242431641e-01
9.271872043609619141e-01
9.269957542419433594e-01
9.268080592155456543e-01
9.266396164894104004e-01
9.264702200889587402e-01
9.263001084327697754e-01
9.261290431022644043e-01
9.259571433067321777e-01
9.257845282554626465e-01
9.256110191345214844e-01
9.254367351531982422e-01
9.252611994743347168e-01
9.250853061676025391e-01
9.249071478843688965e-01
9.247296452522277832e-01
9.245513081550598145e-01
9.243722558021545410e-01
9.241923093795776367e-01
9.240117073059082031e-01
9.238302707672119141e-01
9.236481189727783203e-01
9.234647154808044434e-01
9.232810139656066895e-01
9.230965375900268555e-01
9.229113459587097168e-01
9.227253198623657227e-01
9.225386381149291992e-01
9.223511815071105957e-01
9.221528768539428711e-01
9.219531416893005371e-01
9.217521548271179199e-01
9.215502738952636719e-01
9.213480353355407715e-01
9.211445450782775879e-01
9.209402203559875488e-01
9.207355380058288574e-01
9.205296039581298828e-01
9.203228354454040527e-01
9.201152324676513672e-01
9.199073314666748047e-01
9.196981787681579590e-01
9.194881916046142578e-01
9.192779064178466797e-01
9.190663695335388184e-01
9.188540577888488770e-01
9.186413884162902832e-01
9.184275269508361816e-01
9.182128310203552246e-01
9.179978966712951660e-01
9.177816510200500488e-01
9.175646901130676270e-01
9.173474311828613281e-01
9.171289801597595215e-01
9.169097542762756348e-01
9.167203307151794434e-01
9.165557622909545898e-01
9.163908958435058594e-01
9.162255525588989258e-01
9.160603284835815430e-01
9.158942103385925293e-01
9.157277345657348633e-01
9.155625700950622559e-01
9.153953194618225098e-01
9.152281880378723145e-01
9.150602221488952637e-01
9.148918390274047852e-01
9.147230982780456543e-01
9.145544767379760742e-01
9.143849611282348633e-01
9.142151474952697754e-01
9.140449166297912598e-01
9.138743281364440918e-01
9.137038588523864746e-01
9.135325551033020020e-01
9.133608937263488770e-01
9.131888747215270996e-01
9.130169749259948730e-01
9.128442406654357910e-01
9.126711487770080566e-01
9.124976992607116699e-01
9.123256206512451172e-01
9.121520519256591797e-01
9.119811058044433594e-01
9.118098616600036621e-01
9.116386771202087402e-01
9.114666581153869629e-01
9.112942218780517578e-01
9.111214876174926758e-01
9.109483957290649414e-01
9.107754826545715332e-01
9.106016755104064941e-01
9.104275107383728027e-01
9.102529883384704590e-01
9.100786447525024414e-01
9.099034070968627930e-01
9.097295999526977539e-01
9.095536470413208008e-01
9.093779325485229492e-01
9.092013239860534668e-01
9.090243577957153320e-01
9.088470339775085449e-01
9.086699485778808594e-01
9.084919095039367676e-01
9.083135724067687988e-01
9.081348776817321777e-01
9.079563617706298828e-01
9.077770113945007324e-01
9.075973629951477051e-01
9.074172973632812500e-01
9.072392582893371582e-01
9.070817232131958008e-01
9.069604873657226562e-01
9.068396687507629395e-01
9.067181348800659180e-01
9.065969586372375488e-01
9.064751267433166504e-01
9.063530564308166504e-01
9.062314033508300781e-01
9.061108231544494629e-01
9.059888720512390137e-01
9.058661460876464844e-01
9.057432413101196289e-01
9.056207537651062012e-01
9.054974913597106934e-01
9.053740501403808594e-01
9.052510857582092285e-01
9.051272869110107422e-01
9.050039052963256836e-01
9.048815965652465820e-01
9.047573208808898926e-01
9.046334028244018555e-01
9.045087695121765137e-01
9.043844938278198242e-01
9.042595028877258301e-01
9.041342735290527344e-01
9.040095210075378418e-01
9.038839340209960938e-01
9.037606716156005859e-01
9.036347270011901855e-01
9.035086035728454590e-01
9.033917188644409180e-01
9.032861590385437012e-01
9.031803011894226074e-01
9.030742645263671875e-01
9.029679298400878906e-01
9.028614163398742676e-01
9.027564525604248047e-01
9.026488065719604492e-01
9.025415778160095215e-01
9.024340510368347168e-01
9.023262262344360352e-01
9.022182226181030273e-01
9.021099209785461426e-01
9.020013809204101562e-01
9.018944501876831055e-01
9.017854332923889160e-01
9.016755223274230957e-01
9.015659689903259277e-01
9.014561772346496582e-01
9.013460874557495117e-01
9.012357592582702637e-01
9.011270403861999512e-01
9.010161757469177246e-01
9.009050726890563965e-01
9.007936716079711914e-01
9.006819725036621094e-01
9.005694389343261719e-01
9.004572629928588867e-01
9.003466367721557617e-01
9.002339243888854980e-01
9.001209139823913574e-01
9.000180959701538086e-01
8.999794721603393555e-01
8.999405503273010254e-01
8.999013304710388184e-01
8.998643755912780762e-01
8.998246192932128906e-01
8.997846245765686035e-01
8.997443914413452148e-01
8.997038006782531738e-01
8.996636271476745605e-01
8.996224999427795410e-01
8.995829820632934570e-01
8.995413184165954590e-01
8.994993567466735840e-01
8.994576930999755859e-01
8.994151949882507324e-01
8.993723392486572266e-01
8.992902040481567383e-01
8.992072343826293945e-01
8.991215229034423828e-01
8.990349769592285156e-01
8.989469408988952637e-01
8.988586068153381348e-01
8.987694978713989258e-01
8.986788392066955566e-01
8.985898494720458984e-01
8.984980583190917969e-01
8.984047770500183105e-01
8.983112573623657227e-01
8.982168436050415039e-01
8.981215357780456543e-01
8.980265855789184570e-01
8.979294300079345703e-01
8.978558778762817383e-01
8.978235721588134766e-01
8.977897763252258301e-01
8.977546095848083496e-01
8.977198600769042969e-01
8.976816534996032715e-01
8.976413607597351074e-01
8.976001739501953125e-01
8.975575566291809082e-01
8.975133299827575684e-01
8.974695801734924316e-01
8.974223136901855469e-01
8.973728418350219727e-01
8.973224163055419922e-01
8.972705006599426270e-01
8.972169756889343262e-01
8.971638083457946777e-01
8.969712257385253906e-01
8.965778946876525879e-01
8.961794972419738770e-01
8.957746624946594238e-01
8.953647017478942871e-01
8.949503302574157715e-01
8.945286273956298828e-01
8.941010236740112305e-01
8.936666846275329590e-01
8.932270407676696777e-01
8.927805423736572266e-01
8.923306465148925781e-01
8.918725848197937012e-01
8.914076089859008789e-01
8.909370303153991699e-01
8.904592990875244141e-01
8.899759054183959961e-01
8.894773125648498535e-01
8.887690305709838867e-01
8.880544900894165039e-01
8.873327374458312988e-01
8.866030573844909668e-01
8.858670592308044434e-01
8.851250410079956055e-01
8.843743205070495605e-01
8.836157321929931641e-01
8.828502893447875977e-01
8.820774555206298828e-01
8.812986612319946289e-01
8.805108666419982910e-01
8.797146677970886230e-01
8.789118528366088867e-01
8.781004548072814941e-01
8.772844672203063965e-01
8.764583468437194824e-01
8.755953907966613770e-01
8.746467232704162598e-01
8.736920952796936035e-01
8.727293014526367188e-01
8.717625141143798828e-01
8.707863688468933105e-01
8.698025345802307129e-01
8.688121438026428223e-01
8.678137063980102539e-01
8.668112754821777344e-01
8.657995462417602539e-01
8.647795915603637695e-01
8.637532591819763184e-01
8.627196550369262695e-01
8.616805076599121094e-01
8.606323599815368652e-01
8.595759868621826172e-01
8.585135340690612793e-01
8.574521541595458984e-01
8.565663099288940430e-01
8.556786775588989258e-01
8.547841310501098633e-01
8.538866639137268066e-01
8.529841303825378418e-01
8.520770668983459473e-01
8.511685729026794434e-01
8.502535223960876465e-01
8.493340015411376953e-01
8.484106063842773438e-01
8.474826812744140625e-01
8.465510010719299316e-01
8.456174731254577637e-01
8.446770906448364258e-01
8.437329530715942383e-01
8.427855372428894043e-01
8.418326973915100098e-01
8.408784866333007812e-01
8.399173617362976074e-01
8.389524817466735840e-01
8.379834294319152832e-01
8.370099067687988281e-01
8.360350728034973145e-01
8.350536823272705078e-01
8.340678215026855469e-01
8.330782055854797363e-01
8.320840597152709961e-01
8.310886621475219727e-01
8.300877213478088379e-01
8.290812373161315918e-01
8.280711770057678223e-01
8.270570039749145508e-01
8.260407447814941406e-01
8.250184059143066406e-01
8.239920735359191895e-01
8.229611515998840332e-01
8.219266533851623535e-01
8.209368586540222168e-01
8.200812339782714844e-01
8.192238211631774902e-01
8.183625340461730957e-01
8.175003528594970703e-01
8.166376948356628418e-01
8.157702088356018066e-01
8.148999214172363281e-01
8.140277266502380371e-01
8.131531476974487305e-01
8.122782707214355469e-01
8.113989830017089844e-01
8.105174303054809570e-01
8.096340298652648926e-01
8.087467551231384277e-01
8.078612685203552246e-01
8.069704174995422363e-01
8.060772418975830078e-01
8.051812648773193359e-01
8.042834997177124023e-01
8.033834695816040039e-01
8.024832010269165039e-01
8.015785813331604004e-01
8.006716966629028320e-01
7.997631430625915527e-01
7.988507747650146484e-01
7.979402542114257812e-01
7.970243692398071289e-01
7.961062788963317871e-01
7.951855063438415527e-01
7.942630052566528320e-01
7.933407425880432129e-01
7.924144268035888672e-01
7.914842367172241211e-01
7.905529141426086426e-01
7.896199822425842285e-01
7.886857986450195312e-01
7.877485156059265137e-01
7.868084907531738281e-01
7.858663201332092285e-01
7.848777174949645996e-01
7.838391065597534180e-01
7.827968001365661621e-01
7.817513942718505859e-01
7.807034850120544434e-01
7.796544432640075684e-01
7.786003351211547852e-01
7.775424718856811523e-01
7.764815688133239746e-01
7.754182219505310059e-01
7.743536829948425293e-01
7.732842564582824707e-01
7.722120285034179688e-01
7.711358070373535156e-01
7.700571417808532715e-01
7.689772844314575195e-01
7.678925991058349609e-01
7.668040990829467773e-01
7.657126188278198242e-01
7.646187543869018555e-01
7.635238170623779297e-01
7.624239921569824219e-01
7.613204121589660645e-01
7.602138519287109375e-01
7.591050267219543457e-01
7.579950094223022461e-01
7.568802833557128906e-01
7.557617425918579102e-01
7.546402812004089355e-01
7.535176873207092285e-01
7.523928880691528320e-01
7.512633204460144043e-01
7.501300573348999023e-01
7.489945888519287109e-01
7.478554248809814453e-01
7.467159628868103027e-01
7.455717325210571289e-01
7.444238066673278809e-01
7.432737946510314941e-01
7.421200871467590332e-01
7.409660220146179199e-01
7.398074269294738770e-01
7.386361956596374512e-01
7.374591231346130371e-01
7.362785935401916504e-01
7.350980639457702637e-01
7.339131832122802734e-01
7.327248454093933105e-01
7.315347790718078613e-01
7.303413748741149902e-01
7.291488647460937500e-01
7.279502749443054199e-01
7.267500758171081543e-01
7.255464196205139160e-01
7.243412137031555176e-01
7.231351733207702637e-01
7.219249606132507324e-01
7.207113504409790039e-01
7.194961309432983398e-01
7.182775735855102539e-01
7.170591950416564941e-01
7.158366441726684570e-01
7.146107554435729980e-01
7.133833169937133789e-01
7.121526002883911133e-01
7.109230756759643555e-01
7.096874713897705078e-01
7.084504961967468262e-01
7.072101831436157227e-01
7.059684991836547852e-01
7.047261595726013184e-01
7.034797668457031250e-01
7.022300362586975098e-01
7.009790539741516113e-01
6.997247338294982910e-01
6.984717249870300293e-01
6.972128152847290039e-01
6.959516406059265137e-01
6.946892142295837402e-01
6.934235095977783203e-01
6.921592354774475098e-01
6.908890604972839355e-01
6.896176934242248535e-01
6.883431077003479004e-01
6.870673298835754395e-01
6.857897639274597168e-01
6.844926476478576660e-01
6.831825375556945801e-01
6.818693876266479492e-01
6.805554032325744629e-01
6.792411208152770996e-01
6.779223680496215820e-01
6.766029000282287598e-01
6.752805113792419434e-01
6.739561557769775391e-01
6.726312637329101562e-01
6.713061332702636719e-01
6.699765324592590332e-01
6.686452031135559082e-01
6.673132777214050293e-01
6.659797430038452148e-01
6.646447777748107910e-01
6.633077859878540039e-01
6.619691252708435059e-01
6.606276631355285645e-01
6.592845320701599121e-01
6.579425334930419922e-01
6.565974354743957520e-01
6.552506685256958008e-01
6.539000272750854492e-01
6.525501608848571777e-01
6.512003540992736816e-01
6.498474478721618652e-01
6.484918594360351562e-01
6.471348404884338379e-01
6.457775235176086426e-01
6.444202065467834473e-01
6.430587768554687500e-01
6.416972279548645020e-01
6.403329968452453613e-01
6.389686465263366699e-01
6.376043558120727539e-01
6.362360715866088867e-01
6.348677277565002441e-01
6.334967613220214844e-01
6.321245431900024414e-01
6.307522654533386230e-01
6.293801665306091309e-01
6.280054450035095215e-01
6.266269683837890625e-01
6.252498626708984375e-01
6.238715052604675293e-01
6.224959492683410645e-01
6.211516857147216797e-01
6.198055148124694824e-01
6.184611916542053223e-01
6.171138286590576172e-01
6.157710552215576172e-01
6.144238114356994629e-01
6.130760908126831055e-01
6.117277145385742188e-01
6.103777289390563965e-01
6.090323925018310547e-01
6.076827049255371094e-01
6.063326001167297363e-01
6.049820184707641602e-01
6.036311388015747070e-01
6.022797822952270508e-01
6.009295582771301270e-01
5.995787978172302246e-01
5.982264280319213867e-01
5.968739390373229980e-01
5.955210328102111816e-01
5.941692590713500977e-01
5.928171873092651367e-01
5.914635658264160156e-01
5.901098847389221191e-01
5.887558460235595703e-01
5.874018669128417969e-01
5.860502123832702637e-01
5.846958160400390625e-01
5.833414793014526367e-01
5.819869041442871094e-01
5.806323885917663574e-01
5.792803764343261719e-01
5.779271125793457031e-01
5.765711665153503418e-01
5.752165913581848145e-01
5.738621354103088379e-01
5.725075602531433105e-01
5.711570978164672852e-01
5.698015689849853516e-01
5.684473514556884766e-01
5.670934319496154785e-01
5.657395124435424805e-01
5.643885731697082520e-01
5.630350112915039062e-01
5.616831779479980469e-01
5.603288412094116211e-01
5.589759945869445801e-01
5.576237440109252930e-01
5.562740564346313477e-01
5.550718903541564941e-01
5.538954734802246094e-01
5.527186989784240723e-01
5.515425205230712891e-01
5.503711104393005371e-01
5.491980910301208496e-01
5.480244159698486328e-01
5.468519926071166992e-01
5.456815361976623535e-01
5.445106029510498047e-01
5.433444976806640625e-01
5.421769022941589355e-01
5.410075187683105469e-01
5.398417711257934570e-01
5.386754870414733887e-01
5.375117063522338867e-01
5.363514423370361328e-01
5.351869463920593262e-01
5.340262055397033691e-01
5.328664183616638184e-01
5.317062735557556152e-01
5.305485725402832031e-01
5.293933153152465820e-01
5.282362699508666992e-01
5.270818471908569336e-01
5.259285569190979004e-01
5.247736573219299316e-01
5.236225128173828125e-01
5.224735140800476074e-01
5.213246941566467285e-01
5.201770067214965820e-01
5.190278291702270508e-01
5.178825259208679199e-01
5.167383551597595215e-01
5.155962705612182617e-01
5.144546031951904297e-01
5.133128762245178223e-01
5.121720433235168457e-01
5.110340118408203125e-01
5.098971724510192871e-01
5.087624192237854004e-01
5.076270103454589844e-01
5.064924359321594238e-01
5.053607225418090820e-01
5.042302608489990234e-01
5.030996203422546387e-01
5.019730329513549805e-01
5.008465051651000977e-01
4.997197985649108887e-01
4.985959827899932861e-01
4.974734783172607422e-01
4.963496923446655273e-01
4.952563047409057617e-01
4.941679239273071289e-01
4.930797815322875977e-01
4.919956922531127930e-01
4.909102916717529297e-01
4.898273646831512451e-01
4.887481331825256348e-01
4.876683950424194336e-01
4.865895807743072510e-01
4.855110943317413330e-01
4.844351112842559814e-01
4.833621382713317871e-01
4.822901487350463867e-01
4.812183976173400879e-01
4.801486432552337646e-01
4.790797531604766846e-01
4.780123531818389893e-01
4.769452810287475586e-01
4.758823513984680176e-01
4.748215377330780029e-01
4.737589061260223389e-01
4.727003872394561768e-01
4.716407060623168945e-01
4.705835878849029541e-01
4.695279896259307861e-01
4.684743881225585938e-01
4.674239754676818848e-01
4.663717746734619141e-01
4.653238356113433838e-01
4.642757773399353027e-01
4.632281661033630371e-01
4.621831774711608887e-01
4.611402451992034912e-01
4.601005017757415771e-01
4.590601623058319092e-01
4.580219089984893799e-01
4.569846391677856445e-01
4.559479355812072754e-01
4.549138545989990234e-01
4.538829624652862549e-01
4.528530836105346680e-01
4.518237113952636719e-01
4.507948756217956543e-01
4.497703313827514648e-01
4.487457275390625000e-01
4.477217197418212891e-01
4.467019736766815186e-01
4.456843435764312744e-01
4.446651041507720947e-01
4.436486065387725830e-01
4.426343142986297607e-01
4.416210353374481201e-01
4.406093955039978027e-01
4.396000206470489502e-01
4.385936856269836426e-01
4.375549852848052979e-01
4.364912509918212891e-01
4.354291856288909912e-01
4.343670904636383057e-01
4.333074092864990234e-01
4.322503805160522461e-01
4.311970770359039307e-01
4.301418066024780273e-01
4.290898144245147705e-01
4.280386269092559814e-01
4.269884824752807617e-01
4.259416759014129639e-01
4.248965680599212646e-01
4.238535463809967041e-01
4.228118956089019775e-01
4.217710494995117188e-01
4.207328557968139648e-01
4.196947515010833740e-01
4.186601042747497559e-01
4.176271557807922363e-01
4.165952801704406738e-01
4.155658483505249023e-01
4.145381152629852295e-01
4.135105609893798828e-01
4.124864041805267334e-01
4.114640057086944580e-01
4.104424118995666504e-01
4.094218909740447998e-01
4.084048271179199219e-01
4.073913991451263428e-01
4.063762426376342773e-01
4.053635299205780029e-01
4.043535590171813965e-01
4.033454060554504395e-01
4.023373425006866455e-01
4.013327658176422119e-01
4.003299772739410400e-01
3.993264138698577881e-01
3.983290493488311768e-01
3.973316848278045654e-01
3.963344097137451172e-01
3.953406512737274170e-01
3.943477272987365723e-01
3.933576047420501709e-01
3.923676013946533203e-01
3.913810551166534424e-01
3.903981447219848633e-01
3.894135951995849609e-01
3.884316086769104004e-01
3.874523341655731201e-01
3.864732384681701660e-01
3.854976594448089600e-01
3.845238685607910156e-01
3.835510313510894775e-01
3.825792372226715088e-01
3.816126883029937744e-01
3.806462585926055908e-01
3.796799182891845703e-01
3.787171542644500732e-01
3.777922689914703369e-01
3.768793344497680664e-01
3.759682476520538330e-01
3.750588893890380859e-01
3.741514086723327637e-01
3.732474446296691895e-01
3.723435699939727783e-01
3.714415729045867920e-01
3.705413341522216797e-01
3.696429133415222168e-01
3.687455058097839355e-01
3.678507506847381592e-01
3.669578135013580322e-01
3.660683333873748779e-01
3.651790022850036621e-01
3.642914891242980957e-01
3.634058237075805664e-01
3.625219464302062988e-01
3.616399168968200684e-01
3.607596755027770996e-01
3.598803877830505371e-01
3.590037822723388672e-01
3.581306040287017822e-01
3.572576344013214111e-01
3.563864231109619141e-01
3.555170595645904541e-01
3.546495139598846436e-01
3.537837266921997070e-01
3.529197871685028076e-01
3.520576953887939453e-01
3.511973619461059570e-01
3.503380417823791504e-01
3.494813144207000732e-01
3.486264050006866455e-01
3.477748036384582520e-01
3.469235002994537354e-01
3.460739850997924805e-01
3.452262580394744873e-01
3.443803787231445312e-01
3.435362577438354492e-01
3.426922857761383057e-01
3.418509364128112793e-01
3.410122096538543701e-01
3.401753008365631104e-01
3.393401205539703369e-01
3.385067582130432129e-01
3.376766741275787354e-01
3.368468880653381348e-01
3.360188901424407959e-01
3.351926803588867188e-01
3.343682289123535156e-01
3.335448205471038818e-01
3.327239155769348145e-01
3.319048583507537842e-01
3.310875296592712402e-01
3.302719593048095703e-01
3.294582068920135498e-01
3.286461830139160156e-01
3.278373777866363525e-01
3.270289301872253418e-01
3.262222111225128174e-01
3.254172801971435547e-01
3.246132731437683105e-01
3.238119781017303467e-01
3.230119347572326660e-01
3.222145736217498779e-01
3.214191198348999023e-01
3.206256628036499023e-01
3.198341131210327148e-01
3.190445005893707275e-01
3.182575106620788574e-01
3.174717724323272705e-01
3.166879713535308838e-01
3.159060776233673096e-01
3.151261508464813232e-01
3.143481314182281494e-01
3.135713040828704834e-01
3.127971291542053223e-01
3.120248615741729736e-01
3.112544417381286621e-01
3.104859888553619385e-01
3.097194433212280273e-01
3.089554011821746826e-01
3.081926107406616211e-01
3.074317574501037598e-01
3.066727817058563232e-01
3.059156537055969238e-01
3.051604628562927246e-01
3.044064640998840332e-01
3.036549985408782959e-01
3.029054403305053711e-01
3.021577596664428711e-01
3.014119267463684082e-01
3.006679713726043701e-01
2.999252378940582275e-01
2.991850078105926514e-01
2.984449863433837891e-01
2.977084815502166748e-01
2.969738245010375977e-01
2.962409853935241699e-01
2.955093681812286377e-01
2.947814464569091797e-01
2.940541505813598633e-01
2.933287024497985840e-01
2.926050722599029541e-01
2.918832898139953613e-01
2.911626696586608887e-01
2.904445230960845947e-01
2.897281944751739502e-01
2.890136837959289551e-01
2.883009910583496094e-01
2.875901162624359131e-01
2.868804037570953369e-01
2.861731350421905518e-01
2.854676842689514160e-01
2.847639918327331543e-01
2.840621173381805420e-01
2.833620607852935791e-01
2.826637625694274902e-01
2.819666266441345215e-01
2.812719047069549561e-01
2.805789709091186523e-01
2.798888981342315674e-01
2.791995108127593994e-01
2.785119116306304932e-01
2.778254151344299316e-01
2.771413326263427734e-01
2.764590084552764893e-01
2.757784426212310791e-01
2.751609385013580322e-01
2.745755016803741455e-01
2.739923000335693359e-01
2.734085023403167725e-01
2.728279232978820801e-01
2.722495496273040771e-01
2.716722190380096436e-01
2.710970938205718994e-01
2.705229818820953369e-01
2.699504494667053223e-01
2.693801522254943848e-01
2.688108682632446289e-01
2.682437300682067871e-01
2.676786482334136963e-01
2.671125531196594238e-01
2.665501832962036133e-01
2.659887969493865967e-01
2.654295861721038818e-01
2.648713886737823486e-01
2.643147408962249756e-01
2.637602686882019043e-01
2.632067799568176270e-01
2.626553773880004883e-01
2.621049880981445312e-01
2.615551948547363281e-01
2.610079348087310791e-01
2.604621946811676025e-01
2.599186003208160400e-01
2.593759894371032715e-01
2.588354349136352539e-01
2.582958936691284180e-01
2.577579021453857422e-01
2.572219371795654297e-01
2.566870152950286865e-01
2.561526000499725342e-01
2.556207180023193359e-01
2.550903260707855225e-01
2.545619904994964600e-01
2.540346682071685791e-01
2.535093426704406738e-01
2.529850304126739502e-01
2.524627447128295898e-01
2.519414126873016357e-01
2.514216005802154541e-01
2.509022951126098633e-01
2.503854930400848389e-01
2.498706728219985962e-01
2.493568509817123413e-01
2.488445192575454712e-01
2.483341395854949951e-01
2.478247731924057007e-01
2.473173737525939941e-01
2.468109428882598877e-01
2.463060021400451660e-01
2.458015382289886475e-01
2.452995181083679199e-01
2.447994947433471680e-01
2.443004250526428223e-01
2.438028305768966675e-01
2.433071583509445190e-01
2.428124696016311646e-01
2.423197329044342041e-01
2.418279498815536499e-01
2.413381040096282959e-01
2.408477514982223511e-01
2.403603047132492065e-01
2.398748099803924561e-01
2.393902689218521118e-01
2.389076501131057739e-01
2.384259849786758423e-01
2.379457652568817139e-01
2.375120818614959717e-01
2.371438294649124146e-01
2.367772310972213745e-01
2.364112883806228638e-01
2.360479384660720825e-01
2.356842607259750366e-01
2.353217303752899170e-01
2.349603027105331421e-01
2.346000224351882935e-01
2.342423349618911743e-01
2.338843196630477905e-01
2.335274070501327515e-01
2.331716418266296387e-01
2.328169941902160645e-01
2.324648946523666382e-01
2.321124821901321411e-01
2.317612022161483765e-01
2.314110100269317627e-01
2.310619503259658813e-01
2.307154685258865356e-01
2.303686290979385376e-01
2.300229072570800781e-01
2.296783030033111572e-01
2.293348014354705811e-01
2.289938479661941528e-01
2.286525666713714600e-01
2.283123880624771118e-01
2.279733121395111084e-01
2.276353538036346436e-01
2.272999286651611328e-01
2.269645631313323975e-01
2.266299128532409668e-01
2.262963503599166870e-01
2.259638905525207520e-01
2.256325185298919678e-01
2.253036648035049438e-01
2.249737530946731567e-01
2.246456593275070190e-01
2.243186831474304199e-01
2.239927947521209717e-01
2.236693948507308960e-01
2.233456820249557495e-01
2.230230718851089478e-01
2.227015495300292969e-01
2.223810851573944092e-01
2.220631390810012817e-01
2.217448651790618896e-01
2.214276641607284546e-01
2.211115658283233643e-01
2.207965701818466187e-01
2.204839885234832764e-01
2.201711535453796387e-01
2.198593765497207642e-01
2.195486724376678467e-01
2.192390710115432739e-01
2.189319133758544922e-01
2.186244577169418335e-01
2.183180600404739380e-01
2.180131375789642334e-01
2.177089154720306396e-01
2.174071073532104492e-01
2.171050310134887695e-01
2.168040126562118530e-01
2.165040522813796997e-01
2.162045091390609741e-01
2.159080803394317627e-01
2.156113386154174805e-01
2.153156697750091553e-01
2.150210738182067871e-01
2.147275507450103760e-01
2.144364267587661743e-01
2.141450196504592896e-01
2.138547003269195557e-01
2.135653942823410034e-01
2.132771909236907959e-01
2.129913717508316040e-01
2.127073258161544800e-01
2.124478965997695923e-01
2.121903449296951294e-01
2.119323909282684326e-01
2.116766870021820068e-01
2.114205807447433472e-01
2.111667245626449585e-01
2.109137773513793945e-01
2.106604576110839844e-01
2.104093581438064575e-01
2.101572155952453613e-01
2.099079638719558716e-01
2.096596211194992065e-01
2.094108909368515015e-01
2.091643512248992920e-01
2.089174389839172363e-01
2.086727619171142578e-01
2.084289491176605225e-01
2.081847637891769409e-01
2.079427838325500488e-01
2.077004015445709229e-01
2.074602246284484863e-01
2.072193771600723267e-01
2.069810032844543457e-01
2.067435234785079956e-01
2.065056562423706055e-01
2.062699645757675171e-01
2.060338705778121948e-01
2.057999670505523682e-01
2.055669575929641724e-01
2.053335160017013550e-01
2.051022797822952271e-01
2.048706263303756714e-01
2.046411186456680298e-01
2.044106572866439819e-01
2.041829228401184082e-01
2.039560675621032715e-01
2.037287950515747070e-01
2.035036683082580566e-01
2.032781541347503662e-01
2.030547410249710083e-01
2.028322219848632812e-01
2.026095837354660034e-01
2.023887485265731812e-01
2.021675407886505127e-01
2.019484192132949829e-01
2.017283141613006592e-01
2.015108764171600342e-01
2.012943029403686523e-01
2.010773122310638428e-01
2.008623778820037842e-01
2.006470412015914917e-01
2.004338055849075317e-01
2.002213448286056519e-01
2.000085115432739258e-01
1.997977197170257568e-01
1.995864957571029663e-01
1.993773281574249268e-01
1.991683989763259888e-01
1.989596188068389893e-01
1.987528353929519653e-01
1.985456496477127075e-01
1.983404904603958130e-01
1.981351375579833984e-01
1.979315280914306641e-01
1.977286934852600098e-01
1.975254118442535400e-01
1.973241120576858521e-01
1.971223801374435425e-01
1.969220638275146484e-01
1.967230290174484253e-01
1.965235620737075806e-01
1.963260322809219360e-01
1.961280405521392822e-01
1.959319859743118286e-01
1.957354694604873657e-01
1.955408453941345215e-01
1.953469663858413696e-01
1.951526105403900146e-01
1.949595957994461060e-01
1.947666555643081665e-01
1.945755779743194580e-01
1.943892091512680054e-01
1.942542493343353271e-01
1.941197514533996582e-01
1.939854174852371216e-01
1.938529163599014282e-01
1.937191933393478394e-01
1.935863941907882690e-01
1.934537142515182495e-01
1.933228820562362671e-01
1.931912750005722046e-01
1.930600404739379883e-01
1.929300874471664429e-01
1.927991211414337158e-01
1.926690191030502319e-01
1.925392597913742065e-01
1.924110054969787598e-01
1.922817081212997437e-01
1.921529769897460938e-01
1.920257210731506348e-01
1.918971687555313110e-01
1.917691677808761597e-01
1.916417181491851807e-01
1.915156990289688110e-01
1.913888454437255859e-01
1.912622451782226562e-01
1.911357045173645020e-01
1.910103112459182739e-01
1.908845156431198120e-01
1.907590031623840332e-01
1.906345784664154053e-01
1.905095279216766357e-01
1.903847008943557739e-01
1.902600973844528198e-01
1.901368051767349243e-01
1.900119036436080933e-01
1.898878961801528931e-01
1.897640824317932129e-01
1.896415054798126221e-01
1.895178109407424927e-01
1.893945038318634033e-01
1.892724037170410156e-01
1.891489177942276001e-01
1.890257894992828369e-01
1.889030188322067261e-01
1.887814402580261230e-01
1.886588931083679199e-01
1.885364651679992676e-01
1.884138584136962891e-01
1.882921904325485229e-01
1.881700009107589722e-01
1.880478411912918091e-01
1.879265755414962769e-01
1.878045499324798584e-01
1.876825392246246338e-01
1.875605583190917969e-01
1.874396651983261108e-01
1.873170435428619385e-01
1.871950924396514893e-01
1.870741993188858032e-01
1.869522333145141602e-01
1.868300288915634155e-01
1.867080181837081909e-01
1.865869909524917603e-01
1.864644438028335571e-01
1.863420754671096802e-01
1.862198412418365479e-01
1.860985606908798218e-01
1.859761774539947510e-01
1.858537197113037109e-01
1.857315152883529663e-01
1.856088489294052124e-01
1.854860633611679077e-01
1.853631585836410522e-01
1.852408945560455322e-01
1.851173043251037598e-01
1.849939823150634766e-01
1.848705112934112549e-01
1.847478747367858887e-01
1.846238523721694946e-01
1.844998747110366821e-01
1.843762844800949097e-01
1.842519342899322510e-01
1.841271817684173584e-01
1.840024143457412720e-01
1.838784366846084595e-01
1.837528795003890991e-01
1.836274564266204834e-01
1.835016161203384399e-01
1.833767294883728027e-01
1.832796037197113037e-01
1.831905692815780640e-01
1.831006556749343872e-01
1.830111742019653320e-01
1.829215735197067261e-01
1.828316599130630493e-01
1.827410161495208740e-01
1.826502084732055664e-01
1.825592964887619019e-01
1.824671030044555664e-01
1.823755204677581787e-01
1.822829693555831909e-01
1.821907162666320801e-01
1.820981055498123169e-01
1.820051372051239014e-01
1.819115877151489258e-01
1.818166077136993408e-01
1.817225962877273560e-01
1.816282421350479126e-01
1.815335303544998169e-01
1.814382076263427734e-01
1.813423931598663330e-01
1.812466084957122803e-01
1.811495125293731689e-01
1.810527890920639038e-01
1.809559166431427002e-01
1.808587163686752319e-01
1.807607263326644897e-01
1.806625425815582275e-01
1.805642396211624146e-01
1.804646402597427368e-01
1.803656220436096191e-01
1.802656203508377075e-01
1.801658570766448975e-01
1.800657659769058228e-01
1.799653023481369019e-01
1.798642277717590332e-01
1.797617524862289429e-01
1.796602159738540649e-01
1.795583367347717285e-01
1.794558316469192505e-01
1.793532371520996094e-01
1.792499274015426636e-01
1.791457086801528931e-01
1.790418177843093872e-01
1.789378374814987183e-01
1.788334846496582031e-01
1.787284463644027710e-01
1.786231845617294312e-01
1.785178184509277344e-01
1.784112304449081421e-01
1.783052086830139160e-01
1.781982332468032837e-01
1.780915409326553345e-01
1.779845356941223145e-01
1.778771877288818359e-01
1.777689158916473389e-01
1.776600629091262817e-01
1.775517761707305908e-01
1.774431914091110229e-01
1.773336529731750488e-01
1.772244572639465332e-01
1.771149486303329468e-01
1.770051270723342896e-01
1.768935471773147583e-01
1.767831444740295410e-01
1.766724586486816406e-01
1.765615046024322510e-01
1.764499247074127197e-01
1.763381361961364746e-01
1.762263327836990356e-01
1.761134266853332520e-01
1.760007590055465698e-01
1.758879125118255615e-01
1.757750809192657471e-01
1.756619960069656372e-01
1.755483150482177734e-01
1.754344701766967773e-01
1.753198057413101196e-01
1.752057522535324097e-01
1.750911474227905273e-01
1.749763786792755127e-01
1.748616695404052734e-01
1.747467219829559326e-01
1.746312528848648071e-01
1.745147854089736938e-01
1.743992269039154053e-01
1.742834746837615967e-01
1.741672158241271973e-01
1.740508079528808594e-01
1.739345192909240723e-01
1.738180369138717651e-01
1.737001985311508179e-01
1.735831201076507568e-01
1.734661459922790527e-01
1.733550876379013062e-01
1.732543706893920898e-01
1.731525957584381104e-01
1.730517446994781494e-01
1.729492396116256714e-01
1.728477329015731812e-01
1.727451980113983154e-01
1.726436018943786621e-01
1.725404113531112671e-01
1.724382191896438599e-01
1.723353117704391479e-01
1.722328066825866699e-01
1.721290200948715210e-01
1.720262616872787476e-01
1.719227880239486694e-01
1.718197613954544067e-01
1.717154681682586670e-01
1.716122180223464966e-01
1.715083271265029907e-01
1.714048832654953003e-01
1.713001877069473267e-01
1.711968630552291870e-01
1.710923314094543457e-01
1.709885746240615845e-01
1.708835810422897339e-01
1.707799881696701050e-01
1.706752181053161621e-01
1.705712080001831055e-01
1.704663336277008057e-01
1.703622639179229736e-01
1.702573299407958984e-01
1.701532304286956787e-01
1.700482368469238281e-01
1.699440926313400269e-01
1.698390990495681763e-01
1.697352230548858643e-01
1.696299463510513306e-01
1.695257872343063354e-01
1.694208532571792603e-01
1.693167388439178467e-01
1.692118048667907715e-01
1.691077649593353271e-01
1.690026372671127319e-01
1.688989400863647461e-01
1.687941998243331909e-01
1.686900407075881958e-01
1.685856878757476807e-01
1.684819161891937256e-01
1.683771163225173950e-01
1.682735085487365723e-01
1.681694090366363525e-01
1.680656671524047852e-01
1.679614633321762085e-01
1.678584516048431396e-01
1.677541583776473999e-01
1.676510572433471680e-01
1.675472408533096313e-01
1.674443483352661133e-01
1.673407405614852905e-01
1.672380864620208740e-01
1.671347022056579590e-01
1.670322865247726440e-01
1.669291853904724121e-01
1.668267250061035156e-01
1.667241454124450684e-01
1.666222661733627319e-01
1.665196716785430908e-01
1.664177924394607544e-01
1.663157939910888672e-01
1.662144809961318970e-01
1.661122143268585205e-01
1.660114973783493042e-01
1.659098565578460693e-01
1.658089011907577515e-01
1.657075881958007812e-01
1.656075268983840942e-01
1.655062735080718994e-01
1.654063016176223755e-01
1.653059571981430054e-01
1.652060598134994507e-01
1.651058048009872437e-01
1.650065630674362183e-01
1.649066954851150513e-01
1.648078262805938721e-01
1.647083461284637451e-01
1.646098792552947998e-01
1.645107865333557129e-01
1.644127070903778076e-01
1.643137782812118530e-01
1.642163991928100586e-01
1.641181409358978271e-01
1.640206426382064819e-01
1.639228016138076782e-01
1.638262569904327393e-01
1.637288630008697510e-01
1.636322289705276489e-01
1.635355353355407715e-01
1.634396165609359741e-01
1.633428484201431274e-01
1.632473617792129517e-01
1.631515920162200928e-01
1.630563139915466309e-01
1.629607230424880981e-01
1.628690958023071289e-01
1.628082692623138428e-01
1.627486497163772583e-01
1.626883596181869507e-01
1.626284867525100708e-01
1.625692993402481079e-01
1.625094264745712280e-01
1.624502688646316528e-01
1.623904258012771606e-01
1.623318046331405640e-01
1.622722595930099487e-01
1.622139215469360352e-01
1.621557325124740601e-01
1.620963662862777710e-01
1.620384454727172852e-01
1.619798988103866577e-01
1.619220227003097534e-01
1.618635058403015137e-01
1.618059277534484863e-01
1.617487519979476929e-01
1.616909205913543701e-01
1.616335362195968628e-01
1.615760028362274170e-01
1.615191549062728882e-01
1.614619195461273193e-01
1.614053696393966675e-01
1.613489687442779541e-01
1.612921804189682007e-01
1.612360775470733643e-01
1.611795723438262939e-01
1.611237674951553345e-01
1.610673218965530396e-01
1.610120534896850586e-01
1.609569340944290161e-01
1.609006673097610474e-01
1.608458608388900757e-01
1.607901453971862793e-01
1.607356220483779907e-01
1.606802046298980713e-01
1.606257259845733643e-01
1.605716496706008911e-01
1.605166941881179810e-01
1.604626476764678955e-01
1.604082286357879639e-01
1.603544950485229492e-01
1.603003740310668945e-01
1.602469235658645630e-01
1.601936370134353638e-01
1.601399481296539307e-01
1.600869446992874146e-01
1.600335538387298584e-01
1.599806100130081177e-01
1.599275022745132446e-01
1.598753333091735840e-01
1.598230898380279541e-01
1.597701907157897949e-01
1.597182154655456543e-01
1.596658527851104736e-01
1.596144288778305054e-01
1.595618575811386108e-01
1.595107316970825195e-01
1.594597250223159790e-01
1.594078540802001953e-01
1.593571454286575317e-01
1.593053340911865234e-01
1.592549085617065430e-01
1.592038571834564209e-01
1.591535061597824097e-01
1.591024994850158691e-01
1.590524166822433472e-01
1.590027213096618652e-01
1.589523851871490479e-01
1.589025110006332397e-01
1.588524580001831055e-01
1.588031202554702759e-01
1.587533503770828247e-01
1.587042659521102905e-01
1.586553454399108887e-01
1.586060076951980591e-01
1.585573554039001465e-01
1.585083156824111938e-01
1.584599465131759644e-01
1.584109514951705933e-01
1.583631038665771484e-01
1.583151668310165405e-01
1.582665741443634033e-01
1.582191437482833862e-01
1.581708639860153198e-01
1.581236869096755981e-01
1.580756753683090210e-01
1.580285727977752686e-01
1.579818278551101685e-01
1.579342335462570190e-01
1.578875333070755005e-01
1.578404456377029419e-01
1.577940285205841064e-01
1.577472090721130371e-01
1.577008366584777832e-01
1.576550304889678955e-01
1.576084196567535400e-01
1.575628966093063354e-01
1.575165539979934692e-01
1.574710756540298462e-01
1.574250012636184692e-01
1.573800146579742432e-01
1.573349535465240479e-01
1.572892516851425171e-01
1.572444736957550049e-01
1.571992486715316772e-01
1.571549475193023682e-01
1.571095734834671021e-01
1.570655107498168945e-01
1.570213884115219116e-01
1.569676995277404785e-01
1.569112688302993774e-01
1.568549424409866333e-01
1.567987799644470215e-01
1.567429453134536743e-01
1.566870510578155518e-01
1.566314846277236938e-01
1.565765887498855591e-01
1.565212905406951904e-01
1.564656943082809448e-01
1.564106643199920654e-01
1.563557535409927368e-01
1.563007831573486328e-01
1.562461405992507935e-01
1.561914384365081787e-01
1.561370491981506348e-01
1.560833454132080078e-01
1.560290008783340454e-01
1.559748053550720215e-01
1.559209376573562622e-01
1.558670103549957275e-01
1.558133959770202637e-01
1.557597219944000244e-01
1.557063758373260498e-01
1.556529700756072998e-01
1.556003838777542114e-01
1.555474102497100830e-01
1.554943770170211792e-01
1.554416567087173462e-01
1.553888767957687378e-01
1.553364098072052002e-01
1.552838832139968872e-01
1.552316695451736450e-01
1.551799029111862183e-01
1.551279425621032715e-01
1.550759226083755493e-01
1.550242006778717041e-01
1.549724191427230835e-01
1.549209505319595337e-01
1.548694223165512085e-01
1.548179984092712402e-01
1.547668874263763428e-01
1.547164469957351685e-01
1.546656042337417603e-01
1.546146720647811890e-01
1.545640528202056885e-01
1.545133888721466064e-01
1.544630229473114014e-01
1.544123739004135132e-01
1.543622463941574097e-01
1.543120592832565308e-01
1.542628854513168335e-01
1.542129367589950562e-01
1.541632860898971558e-01
1.541135609149932861e-01
1.540641486644744873e-01
1.540146470069885254e-01
1.539652943611145020e-01
1.539162248373031616e-01
1.538671106100082397e-01
1.538189947605133057e-01
1.537701040506362915e-01
1.537215113639831543e-01
1.536726504564285278e-01
1.536242812871932983e-01
1.535758674144744873e-01
1.535277217626571655e-01
1.534795314073562622e-01
1.534323394298553467e-01
1.533843725919723511e-01
1.533367037773132324e-01
1.532887667417526245e-01
1.532413065433502197e-01
1.531938016414642334e-01
1.531464159488677979e-01
1.530992984771728516e-01
1.530521363019943237e-01
1.530059427022933960e-01
1.529590040445327759e-01
1.529121398925781250e-01
1.528654247522354126e-01
1.528189778327941895e-01
1.527724862098693848e-01
1.527262628078460693e-01
1.526799798011779785e-01
1.526338160037994385e-01
1.525884270668029785e-01
1.525424718856811523e-01
1.524967849254608154e-01
1.524510532617568970e-01
1.524055898189544678e-01
1.523600816726684570e-01
1.523148268461227417e-01
1.522695422172546387e-01
1.522243022918701172e-01
1.521799117326736450e-01
1.521349400281906128e-01
1.520902216434478760e-01
1.520454585552215576e-01
1.520009487867355347e-01
1.519563943147659302e-01
1.519121080636978149e-01
1.518675684928894043e-01
1.518234908580780029e-01
1.517800390720367432e-01
1.517361700534820557e-01
1.516922414302825928e-01
1.516484022140502930e-01
1.516048461198806763e-01
1.515610367059707642e-01
1.515176743268966675e-01
1.514742523431777954e-01
1.514317840337753296e-01
1.513885706663131714e-01
1.513456106185913086e-01
1.513026058673858643e-01
1.512597054243087769e-01
1.512168496847152710e-01
1.511741578578948975e-01
1.511317044496536255e-01
1.510891914367675781e-01
1.510476171970367432e-01
1.510008424520492554e-01
1.509443074464797974e-01
1.508868932723999023e-01
1.508304029703140259e-01
1.507733911275863647e-01
1.507169753313064575e-01
1.506601274013519287e-01
1.506041139364242554e-01
1.505474895238876343e-01
1.504915058612823486e-01
1.504352837800979614e-01
1.503795087337493896e-01
1.503239870071411133e-01
1.502679437398910522e-01
1.502126306295394897e-01
1.501566171646118164e-01
1.501015722751617432e-01
1.500459015369415283e-01
1.499908864498138428e-01
1.499356180429458618e-01
1.498807966709136963e-01
1.498255580663681030e-01
1.497711241245269775e-01
1.497161090373992920e-01
1.496618837118148804e-01
1.496070474386215210e-01
1.495528817176818848e-01
1.494982987642288208e-01
1.494444608688354492e-01
1.493905782699584961e-01
1.493364572525024414e-01
1.492827832698822021e-01
1.492286771535873413e-01
1.491753906011581421e-01
1.491213589906692505e-01
1.490682363510131836e-01
1.490145772695541382e-01
1.489616632461547852e-01
1.489080339670181274e-01
1.488553583621978760e-01
1.488020718097686768e-01
1.487494111061096191e-01
1.486963629722595215e-01
1.486440449953079224e-01
1.485916823148727417e-01
1.485389471054077148e-01
1.484869122505187988e-01
1.484341919422149658e-01
1.483825445175170898e-01
1.483300328254699707e-01
1.482782661914825439e-01
1.482262462377548218e-01
1.481746882200241089e-01
1.481225639581680298e-01
1.480714827775955200e-01
1.480195671319961548e-01
1.479685157537460327e-01
1.479169428348541260e-01
1.478659659624099731e-01
1.478152126073837280e-01
1.477639377117156982e-01
1.477132439613342285e-01
1.476621180772781372e-01
1.476117968559265137e-01
1.475607305765151978e-01
1.475105434656143188e-01
1.474598646163940430e-01
1.474098563194274902e-01
1.473591923713684082e-01
1.473094224929809570e-01
1.472590565681457520e-01
1.472093164920806885e-01
1.471591889858245850e-01
1.471097618341445923e-01
1.470602899789810181e-01
1.470105499029159546e-01
1.469612866640090942e-01
1.469114571809768677e-01
1.468626409769058228e-01
1.468130052089691162e-01
1.467640995979309082e-01
1.467149257659912109e-01
1.466661989688873291e-01
1.466169357299804688e-01
1.465686559677124023e-01
1.465195715427398682e-01
1.464713364839553833e-01
1.464225798845291138e-01
1.463744044303894043e-01
1.463259607553482056e-01
1.462779641151428223e-01
1.462300568819046021e-01
1.461818665266036987e-01
1.461341381072998047e-01
1.460859775543212891e-01
1.460385918617248535e-01
1.459904909133911133e-01
1.459432244300842285e-01
1.458954662084579468e-01
1.458482742309570312e-01
1.458006352186203003e-01
1.457537710666656494e-01
1.457062065601348877e-01
1.456594616174697876e-01
1.456122398376464844e-01
1.455656737089157104e-01
1.455190926790237427e-01
1.454721093177795410e-01
1.454257965087890625e-01
1.453788429498672485e-01
1.453327536582946777e-01
1.452860683202743530e-01
1.452400088310241699e-01
1.451935470104217529e-01
1.451477557420730591e-01
1.451013088226318359e-01
1.450558304786682129e-01
1.450095623731613159e-01
1.449640095233917236e-01
1.449181586503982544e-01
1.448727548122406006e-01
1.448274403810501099e-01
1.447818428277969360e-01
1.447366923093795776e-01
1.446910053491592407e-01
1.446462869644165039e-01
1.446007639169692993e-01
1.445559561252593994e-01
1.445107609033584595e-01
1.444661915302276611e-01
1.444210112094879150e-01
1.443766653537750244e-01
1.443317383527755737e-01
1.442874073982238770e-01
1.442383974790573120e-01
1.441515535116195679e-01
1.440642029047012329e-01
1.439776718616485596e-01
1.438911557197570801e-01
1.438044011592864990e-01
1.437181830406188965e-01
1.436316519975662231e-01
1.435457319021224976e-01
1.434595882892608643e-01
1.433739811182022095e-01
1.432880610227584839e-01
1.432027369737625122e-01
1.431178152561187744e-01
1.430321931838989258e-01
1.429474651813507080e-01
1.428622305393218994e-01
1.427778303623199463e-01
1.426928043365478516e-01
1.426086872816085815e-01
1.425240486860275269e-01
1.424402296543121338e-01
1.423557996749877930e-01
1.422723531723022461e-01
1.421888470649719238e-01
1.421050131320953369e-01
1.420217901468276978e-01
1.419383287429809570e-01
1.418553888797760010e-01
1.417721509933471680e-01
1.416895240545272827e-01
1.416066437959671021e-01
1.415242999792098999e-01
1.414422541856765747e-01
1.413596719503402710e-01
1.412779092788696289e-01
1.411955505609512329e-01
1.411140710115432739e-01
1.410320699214935303e-01
1.409508883953094482e-01
1.408691108226776123e-01
1.407883018255233765e-01
1.407067924737930298e-01
1.406261920928955078e-01
1.405455917119979858e-01
1.404647380113601685e-01
1.403844207525253296e-01
