8.465719819068908691e-01
8.447073101997375488e-01
8.431168198585510254e-01
8.422384262084960938e-01
8.422212600708007812e-01
8.430251479148864746e-01
8.444753289222717285e-01
8.464508056640625000e-01
8.488718867301940918e-01
8.516710400581359863e-01
8.549636602401733398e-01
8.585958480834960938e-01
8.624047636985778809e-01
8.662927746772766113e-01
8.702252507209777832e-01
8.742215037345886230e-01
8.783122897148132324e-01
8.824732303619384766e-01
8.867572546005249023e-01
8.912252187728881836e-01
8.959299921989440918e-01
9.007815122604370117e-01
9.058677554130554199e-01
9.111458063125610352e-01
9.165337681770324707e-01
9.218469858169555664e-01
9.270928502082824707e-01
9.322975277900695801e-01
9.375826120376586914e-01
9.430493116378784180e-01
9.485946297645568848e-01
9.540870189666748047e-01
9.598488807678222656e-01
9.656739830970764160e-01
9.706725478172302246e-01
9.743449687957763672e-01
9.765630960464477539e-01
9.773163199424743652e-01
9.766981601715087891e-01
9.748054146766662598e-01
9.717630147933959961e-01
9.677166342735290527e-01
9.628205299377441406e-01
9.572319984436035156e-01
9.511049985885620117e-01
9.445874691009521484e-01
9.378231167793273926e-01
9.309393763542175293e-01
9.240355491638183594e-01
9.172708988189697266e-01
9.106639027595520020e-01
9.041193127632141113e-01
8.978145718574523926e-01
8.918113112449645996e-01
8.861528635025024414e-01
8.808807730674743652e-01
8.760503530502319336e-01
8.717561960220336914e-01
8.680481314659118652e-01
8.641283512115478516e-01
8.589469790458679199e-01
8.548785448074340820e-01
8.518266677856445312e-01
8.492571711540222168e-01
8.469778895378112793e-01
8.449928760528564453e-01
8.433017730712890625e-01
8.418933749198913574e-01
8.407544493675231934e-01
8.398694992065429688e-01
8.392211198806762695e-01
8.387401103973388672e-01
8.384361267089843750e-01
8.383030295372009277e-01
8.383116722106933594e-01
8.384373784065246582e-01
8.386622667312622070e-01
8.389807939529418945e-01
8.394098281860351562e-01
8.400630950927734375e-01
8.410605788230895996e-01
8.418874740600585938e-01
8.429667353630065918e-01
8.441926240921020508e-01
8.454775214195251465e-01
8.467330932617187500e-01
8.479033112525939941e-01
8.489848375320434570e-01
8.500183224678039551e-01
8.510977029800415039e-01
8.523340821266174316e-01
8.538237810134887695e-01
8.556441664695739746e-01
8.578523397445678711e-01
8.604453206062316895e-01
8.635211586952209473e-01
8.670852184295654297e-01
8.711251616477966309e-01
8.756412267684936523e-01
8.805975317955017090e-01
8.859434723854064941e-01
8.916604518890380859e-01
8.976627588272094727e-01
9.038735628128051758e-01
9.102035164833068848e-01
9.165966510772705078e-01
9.229390025138854980e-01
9.291664958000183105e-01
9.351639151573181152e-01
9.408683180809020996e-01
9.461829066276550293e-01
9.510528445243835449e-01
9.553911089897155762e-01
9.591598510742187500e-01
9.623008370399475098e-01
9.647963047027587891e-01
9.666152596473693848e-01
9.677625894546508789e-01
9.682474136352539062e-01
9.680773615837097168e-01
9.672940969467163086e-01
9.659330844879150391e-01
9.640414714813232422e-01
9.616717696189880371e-01
9.588857293128967285e-01
9.557303786277770996e-01
9.522703289985656738e-01
9.485731124877929688e-01
9.447375535964965820e-01
9.407835006713867188e-01
9.367448091506958008e-01
9.326937198638916016e-01
9.286556243896484375e-01
9.246761202812194824e-01
9.207799434661865234e-01
9.169868230819702148e-01
9.133358597755432129e-01
9.097321033477783203e-01
9.062508940696716309e-01
9.029268026351928711e-01
8.997269868850708008e-01
8.965973258018493652e-01
8.934701681137084961e-01
8.902302384376525879e-01
8.867487907409667969e-01
8.829476237297058105e-01
8.788191080093383789e-01
8.744729757308959961e-01
8.701009154319763184e-01
8.659084439277648926e-01
8.590425252914428711e-01
8.560525178909301758e-01
8.534820675849914551e-01
8.513001799583435059e-01
8.494569063186645508e-01
8.479111790657043457e-01
8.466296195983886719e-01
8.457053899765014648e-01
8.449968099594116211e-01
8.444847464561462402e-01
8.441517353057861328e-01
8.439848423004150391e-01
8.439701795578002930e-01
8.440948724746704102e-01
8.443444371223449707e-01
8.447054624557495117e-01
8.451627492904663086e-01
8.457168936729431152e-01
8.463567495346069336e-01
8.470398783683776855e-01
8.477494120597839355e-01
8.484681844711303711e-01
8.491807579994201660e-01
8.498708605766296387e-01
8.505268096923828125e-01
8.511390686035156250e-01
8.517012596130371094e-01
8.522103428840637207e-01
8.526743054389953613e-01
8.531000018119812012e-01
8.534865379333496094e-01
8.538456559181213379e-01
8.541890978813171387e-01
8.545329570770263672e-01
8.548914194107055664e-01
8.552809357643127441e-01
8.557155728340148926e-01
8.562097549438476562e-01
8.567752838134765625e-01
8.574226498603820801e-01
8.581411242485046387e-01
8.589509129524230957e-01
8.598548769950866699e-01
8.608576655387878418e-01
8.619561791419982910e-01
8.631509542465209961e-01
8.644360899925231934e-01
8.658098578453063965e-01
8.672661781311035156e-01
8.687990307807922363e-01
8.704000115394592285e-01
8.720607757568359375e-01
8.737376928329467773e-01
8.754487037658691406e-01
8.771794438362121582e-01
8.789117336273193359e-01
8.806258440017700195e-01
8.822856545448303223e-01
8.838624358177185059e-01
8.853240013122558594e-01
8.866562843322753906e-01
8.878987431526184082e-01
8.891959190368652344e-01
8.908262252807617188e-01
8.930450081825256348e-01
8.959134221076965332e-01
8.992746472358703613e-01
9.028062224388122559e-01
9.062795639038085938e-01
9.096234440803527832e-01
9.128163456916809082e-01
9.158788919448852539e-01
9.188283681869506836e-01
9.217057824134826660e-01
9.245198369026184082e-01
9.272743463516235352e-01
9.299938082695007324e-01
9.326983094215393066e-01
9.353990554809570312e-01
9.380645155906677246e-01
9.406777024269104004e-01
9.432435631752014160e-01
9.457516670227050781e-01
9.482130408287048340e-01
9.506093859672546387e-01
9.529503583908081055e-01
9.552182555198669434e-01
9.574223756790161133e-01
9.595468044281005859e-01
9.616007208824157715e-01
9.635709524154663086e-01
9.654706120491027832e-01
9.672896265983581543e-01
9.690399765968322754e-01
9.707221388816833496e-01
9.723607301712036133e-01
9.739805459976196289e-01
9.756537079811096191e-01
9.775521159172058105e-01
9.815829396247863770e-01
9.819359183311462402e-01
9.821954965591430664e-01
9.823089241981506348e-01
9.822796583175659180e-01
9.821158051490783691e-01
9.818244576454162598e-01
9.814143776893615723e-01
9.808936715126037598e-01
9.802739620208740234e-01
9.795613884925842285e-01
9.787694215774536133e-01
9.779072403907775879e-01
9.769840836524963379e-01
9.760203957557678223e-01
9.750313758850097656e-01
9.740520715713500977e-01
9.731259942054748535e-01
9.723452925682067871e-01
9.718751907348632812e-01
9.719889760017395020e-01
9.725704789161682129e-01
9.709408283233642578e-01
9.666073918342590332e-01
9.632441401481628418e-01
9.609437584877014160e-01
9.591167569160461426e-01
9.574785828590393066e-01
9.559341073036193848e-01
9.544312953948974609e-01
9.529615640640258789e-01
9.515089988708496094e-01
9.500782489776611328e-01
9.486605525016784668e-01
9.472640156745910645e-01
9.458805322647094727e-01
9.445185065269470215e-01
9.431748986244201660e-01
9.418733716011047363e-01
9.405856132507324219e-01
9.393154382705688477e-01
9.380654096603393555e-01
9.368280172348022461e-01
9.356081485748291016e-01
9.343976974487304688e-01
9.331976771354675293e-01
9.320092797279357910e-01
9.308226108551025391e-01
9.296412467956542969e-01
9.284546375274658203e-01
9.272617101669311523e-01
9.260613918304443359e-01
9.248418211936950684e-01
9.236044883728027344e-01
9.223400354385375977e-01
9.210458397865295410e-01
9.197155833244323730e-01
9.183361530303955078e-01
9.169083237648010254e-01
9.154227375984191895e-01
9.138733148574829102e-01
9.122549295425415039e-01
9.105630517005920410e-01
9.087978005409240723e-01
9.069468379020690918e-01
9.050125479698181152e-01
9.029936790466308594e-01
9.008900523185729980e-01
8.987027406692504883e-01
8.964403271675109863e-01
8.940944075584411621e-01
8.916758894920349121e-01
8.892353773117065430e-01
8.867480158805847168e-01
8.842142820358276367e-01
8.816507458686828613e-01
8.790527582168579102e-01
8.764371871948242188e-01
8.738146424293518066e-01
8.712025880813598633e-01
8.686037659645080566e-01
8.660206198692321777e-01
8.634768724441528320e-01
8.609740138053894043e-01
8.585202693939208984e-01
8.561233878135681152e-01
8.537901639938354492e-01
8.515197634696960449e-01
8.493314385414123535e-01
8.472227454185485840e-01
8.452005982398986816e-01
8.432762622833251953e-01
8.414406180381774902e-01
8.396953344345092773e-01
8.380370140075683594e-01
8.364769816398620605e-01
8.350104093551635742e-01
8.336375355720520020e-01
8.323581218719482422e-01
8.311715126037597656e-01
8.300766944885253906e-01
8.290726542472839355e-01
8.281610012054443359e-01
8.273338675498962402e-01
8.265952467918395996e-01
8.259385824203491211e-01
8.253636360168457031e-01
8.248706459999084473e-01
8.244537115097045898e-01
8.241140246391296387e-01
8.238692879676818848e-01
8.237163424491882324e-01
8.236307501792907715e-01
8.236122131347656250e-01
8.236570954322814941e-01
8.237642645835876465e-01
8.239309191703796387e-01
8.241553306579589844e-01
8.244354724884033203e-01
8.247693777084350586e-01
8.251546621322631836e-01
8.255903124809265137e-01
8.260732889175415039e-01
8.266023993492126465e-01
8.271758556365966797e-01
8.277917504310607910e-01
8.284490704536437988e-01
8.291460275650024414e-01
8.298810720443725586e-01
8.306527137756347656e-01
8.314594626426696777e-01
8.322539329528808594e-01
8.330612778663635254e-01
8.339000940322875977e-01
8.347685337066650391e-01
8.356660604476928711e-01
8.365909457206726074e-01
8.375426530838012695e-01
8.385196328163146973e-01
8.395213484764099121e-01
8.405463099479675293e-01
8.415942788124084473e-01
8.426638245582580566e-01
8.437548875808715820e-01
8.448660373687744141e-01
8.459973931312561035e-01
8.471441864967346191e-01
8.483139276504516602e-01
8.494982719421386719e-01
8.507050871849060059e-01
8.519259691238403320e-01
8.531694412231445312e-01
8.544269204139709473e-01
8.556724190711975098e-01
8.569101691246032715e-01
8.581708669662475586e-01
8.594462871551513672e-01
8.607411980628967285e-01
8.620600104331970215e-01
8.633939623832702637e-01
8.647531270980834961e-01
8.661274313926696777e-01
8.675271868705749512e-01
8.689429163932800293e-01
8.703845143318176270e-01
8.718417286872863770e-01
8.733256459236145020e-01
8.748250007629394531e-01
8.763506412506103516e-01
8.778923153877258301e-01
8.794542551040649414e-01
8.810372352600097656e-01
8.826402425765991211e-01
8.842634558677673340e-01
8.859065175056457520e-01
8.875689506530761719e-01
8.892357349395751953e-01
8.908199071884155273e-01
8.924295306205749512e-01
8.940516710281372070e-01
8.956918716430664062e-01
8.973494768142700195e-01
8.990239500999450684e-01
9.007144570350646973e-01
9.024205207824707031e-01
9.041413664817810059e-01
9.058758616447448730e-01
9.076234698295593262e-01
9.093831181526184082e-01
9.111540913581848145e-01
9.129351973533630371e-01
9.147255420684814453e-01
9.165237545967102051e-01
9.183295369148254395e-01
9.201412796974182129e-01
9.219506382942199707e-01
9.237709641456604004e-01
9.255937337875366211e-01
9.274106621742248535e-01
9.292349219322204590e-01
9.310578107833862305e-01
9.328726530075073242e-01
9.347007274627685547e-01
9.365236759185791016e-01
9.383328557014465332e-01
9.401410818099975586e-01
9.419398307800292969e-01
9.437206387519836426e-01
9.454959630966186523e-01
9.472504854202270508e-01
9.489963650703430176e-01
9.507251977920532227e-01
9.524290561676025391e-01
9.541192650794982910e-01
9.557881355285644531e-01
9.574273824691772461e-01
9.590486884117126465e-01
9.606434106826782227e-01
9.622045159339904785e-01
9.637424945831298828e-01
9.652439951896667480e-01
9.667134881019592285e-01
9.681494235992431641e-01
9.695558547973632812e-01
9.709202647209167480e-01
9.722470641136169434e-01
9.735397696495056152e-01
9.747867584228515625e-01
9.759911894798278809e-01
9.771518707275390625e-01
9.782729744911193848e-01
9.793441891670227051e-01
9.803690910339355469e-01
9.813500046730041504e-01
9.822786450386047363e-01
9.831575751304626465e-01
9.839891791343688965e-01
9.847658276557922363e-01
9.854901432991027832e-01
9.861615896224975586e-01
9.867811203002929688e-01
9.873436689376831055e-01
9.878508448600769043e-01
9.883039593696594238e-01
9.886986613273620605e-01
9.890366792678833008e-01
9.893172979354858398e-01
9.895403385162353516e-01
9.897054433822631836e-01
9.898124337196350098e-01
9.898610115051269531e-01
9.898511767387390137e-01
9.897828102111816406e-01
9.896559715270996094e-01
9.894706010818481445e-01
9.892269968986511230e-01
9.889265894889831543e-01
9.885493516921997070e-01
9.881133437156677246e-01
9.876196384429931641e-01
9.870684742927551270e-01
9.864605069160461426e-01
9.857960343360900879e-01
9.850757122039794922e-01
9.843001961708068848e-01
9.834702014923095703e-01
9.825866222381591797e-01
9.816503524780273438e-01
9.806625247001647949e-01
9.796237945556640625e-01
9.785359501838684082e-01
9.774001836776733398e-01
9.762179255485534668e-01
9.749957323074340820e-01
9.737256765365600586e-01
9.724145531654357910e-01
9.710696935653686523e-01
9.696829915046691895e-01
9.682618975639343262e-01
9.668152332305908203e-01
9.653335809707641602e-01
9.638262391090393066e-01
9.622960090637207031e-01
9.607525467872619629e-01
9.591865539550781250e-01
9.576077461242675781e-01
9.560259580612182617e-01
9.544318914413452148e-01
9.528357386589050293e-01
9.512465000152587891e-01
9.496541619300842285e-01
9.480680227279663086e-01
9.464972615242004395e-01
9.449304938316345215e-01
9.433760046958923340e-01
9.418414235115051270e-01
9.403147101402282715e-01
9.388028383255004883e-01
9.373055696487426758e-01
9.358288049697875977e-01
9.343652129173278809e-01
9.329082965850830078e-01
9.314685463905334473e-01
9.300327301025390625e-01
9.286112189292907715e-01
9.271907806396484375e-01
9.257816672325134277e-01
9.243766665458679199e-01
9.229680299758911133e-01
9.215667247772216797e-01
9.201598763465881348e-01
9.187583327293395996e-01
9.173493385314941406e-01
9.159438610076904297e-01
9.145302176475524902e-01
9.131195545196533203e-01
9.117057323455810547e-01
9.102829694747924805e-01
9.088628888130187988e-01
9.074342250823974609e-01
9.059894084930419922e-01
9.045242071151733398e-01
9.030622839927673340e-01
9.015983939170837402e-01
9.001269340515136719e-01
8.986600041389465332e-01
8.971868753433227539e-01
8.957193493843078613e-01
8.942523598670959473e-01
8.927806019783020020e-01
8.913164734840393066e-01
8.898543715476989746e-01
8.883948922157287598e-01
8.869388103485107422e-01
8.854808807373046875e-01
8.840327858924865723e-01
8.825897574424743652e-01
8.811521530151367188e-01
8.797203302383422852e-01
8.782888650894165039e-01
8.768699169158935547e-01
8.754581809043884277e-01
8.740536570549011230e-01
8.726572394371032715e-01
8.712635636329650879e-01
8.698841333389282227e-01
8.685131072998046875e-01
8.671516776084899902e-01
8.657996654510498047e-01
8.644520640373229980e-01
8.631198406219482422e-01
8.617981076240539551e-01
8.604868650436401367e-01
8.591861128807067871e-01
8.578913807868957520e-01
8.566193580627441406e-01
8.553733825683593750e-01
8.541393280029296875e-01
8.529179692268371582e-01
8.517090082168579102e-01
8.505126237869262695e-01
8.493289947509765625e-01
8.481582403182983398e-01
8.470006585121154785e-01
8.458562493324279785e-01
8.447251915931701660e-01
8.436074852943420410e-01
8.425030112266540527e-01
8.414124250411987305e-01
8.403354883193969727e-01
8.392723798751831055e-01
8.382231593132019043e-01
8.371875286102294922e-01
8.361660838127136230e-01
8.351588845252990723e-01
8.341655135154724121e-01
8.331865072250366211e-01
8.322212100028991699e-01
8.312704563140869141e-01
8.303338885307312012e-01
8.294116258621215820e-01
8.285033702850341797e-01
8.276090621948242188e-01
8.267291784286499023e-01
8.258634805679321289e-01
8.250116705894470215e-01
8.241738677024841309e-01
8.233494758605957031e-01
8.225392103195190430e-01
8.217424154281616211e-01
8.209590911865234375e-01
8.201912641525268555e-01
8.194341063499450684e-01
8.186765909194946289e-01
8.178628087043762207e-01
8.170608282089233398e-01
8.162705898284912109e-01
8.154934048652648926e-01
8.147247433662414551e-01
8.139663934707641602e-01
8.127185702323913574e-01
8.119901418685913086e-01
8.112725019454956055e-01
8.105609416961669922e-01
8.098571896553039551e-01
8.091610670089721680e-01
8.084713816642761230e-01
8.077878355979919434e-01
8.071118593215942383e-01
8.064393401145935059e-01
8.057715296745300293e-01
8.051080107688903809e-01
8.044483661651611328e-01
8.037919998168945312e-01
8.031406402587890625e-01
8.024897575378417969e-01
8.018410205841064453e-01
8.011941313743591309e-01
8.005487322807312012e-01
7.999061346054077148e-01
7.992629408836364746e-01
7.986204624176025391e-01
7.979801297187805176e-01
7.973390817642211914e-01
7.966979742050170898e-01
7.960584759712219238e-01
7.954176068305969238e-01
7.947768568992614746e-01
7.941376566886901855e-01
7.934970259666442871e-01
7.928564548492431641e-01
7.922174930572509766e-01
7.915778160095214844e-01
7.909378409385681152e-01
7.902995944023132324e-01
7.897351384162902832e-01
7.891879081726074219e-01
7.886443138122558594e-01
7.881016135215759277e-01
7.875614166259765625e-01
7.870252728462219238e-01
7.864903807640075684e-01
7.859585285186767578e-01
7.854308485984802246e-01
7.849050760269165039e-01
7.843825817108154297e-01
7.838646769523620605e-01
7.833490371704101562e-01
7.828369140625000000e-01
7.823296189308166504e-01
7.818250060081481934e-01
7.813252806663513184e-01
7.808284163475036621e-01
7.803364992141723633e-01
7.798476815223693848e-01
7.793639302253723145e-01
7.788833975791931152e-01
7.784070968627929688e-01
7.779364585876464844e-01
7.774687409400939941e-01
7.770061492919921875e-01
7.765471339225769043e-01
7.760932445526123047e-01
7.756430506706237793e-01
7.751979827880859375e-01
7.747566699981689453e-01
7.743204832077026367e-01
7.738881111145019531e-01
7.734608054161071777e-01
7.730374336242675781e-01
7.726190686225891113e-01
7.722046971321105957e-01
7.717952728271484375e-01
7.713899016380310059e-01
7.709894180297851562e-01
7.705929875373840332e-01
7.702014446258544922e-01
7.698140144348144531e-01
7.694314122200012207e-01
7.690529227256774902e-01
7.686772942543029785e-01
7.683058977127075195e-01
7.679393887519836426e-01
7.675769925117492676e-01
7.672195434570312500e-01
7.668661475181579590e-01
7.665178179740905762e-01
7.661733031272888184e-01
7.658334970474243164e-01
7.654986381530761719e-01
7.651678323745727539e-01
7.648421525955200195e-01
7.645204663276672363e-01
7.642041444778442383e-01
7.638918161392211914e-01
7.635840773582458496e-01
7.632817029953002930e-01
7.629837393760681152e-01
7.626910805702209473e-01
7.624028921127319336e-01
7.621201276779174805e-01
7.618418335914611816e-01
7.615692019462585449e-01
7.613021135330200195e-01
7.610402703285217285e-01
7.607843875885009766e-01
7.605338096618652344e-01
7.602903246879577637e-01
7.600520253181457520e-01
7.598208189010620117e-01
7.595966458320617676e-01
7.593792080879211426e-01
7.591706514358520508e-01
7.589688301086425781e-01
7.587771415710449219e-01
7.585933208465576172e-01
7.584191560745239258e-01
7.582572698593139648e-01
7.581050992012023926e-01
7.579658627510070801e-01
7.578405141830444336e-01
7.577288150787353516e-01
7.576317787170410156e-01
7.575511932373046875e-01
7.574906349182128906e-01
7.574464678764343262e-01
7.574223875999450684e-01
7.574196457862854004e-01
7.574359774589538574e-01
7.575712800025939941e-01
7.577340006828308105e-01
7.579145431518554688e-01
7.581031918525695801e-01
7.582976222038269043e-01
7.584915161132812500e-01
7.586728334426879883e-01
7.588337659835815430e-01
7.589682340621948242e-01
7.590626478195190430e-01
7.591145634651184082e-01
7.591190934181213379e-01
7.590788602828979492e-01
7.589929103851318359e-01
7.588691711425781250e-01
7.587137818336486816e-01
7.585344910621643066e-01
7.583386898040771484e-01
7.581347227096557617e-01
7.579275965690612793e-01
7.577230334281921387e-01
7.575237154960632324e-01
7.573347687721252441e-01
7.571557164192199707e-01
7.569895386695861816e-01
7.568362951278686523e-01
7.566960453987121582e-01
7.565692067146301270e-01
7.564545273780822754e-01
7.563531398773193359e-01
7.562631368637084961e-01
7.561861276626586914e-01
7.561187148094177246e-01
7.560624480247497559e-01
7.560154199600219727e-01
7.559785842895507812e-01
7.559511661529541016e-01
7.559319138526916504e-01
7.559201717376708984e-01
7.559168934822082520e-01
7.559203505516052246e-01
7.559313178062438965e-01
7.559504508972167969e-01
7.559751868247985840e-01
7.560055255889892578e-01
7.560424804687500000e-01
7.560848593711853027e-01
7.561355829238891602e-01
7.561893463134765625e-01
7.562492489814758301e-01
7.563134431838989258e-01
7.563838362693786621e-01
7.564605474472045898e-01
7.565459609031677246e-01
7.566528916358947754e-01
7.567644119262695312e-01
7.568803429603576660e-01
7.570018172264099121e-01
7.571265697479248047e-01
7.572556138038635254e-01
7.573888301849365234e-01
7.575262784957885742e-01
7.576671242713928223e-01
7.578147649765014648e-01
7.579644918441772461e-01
7.581182718276977539e-01
7.582759857177734375e-01
7.584370970726013184e-01
7.586024403572082520e-01
7.587720751762390137e-01
7.589455842971801758e-01
7.591230869293212891e-01
7.593069672584533691e-01
7.594912052154541016e-01
7.596803307533264160e-01
7.598733305931091309e-01
7.600702643394470215e-01
7.602709531784057617e-01
7.604748606681823730e-01
7.606830000877380371e-01
7.608953714370727539e-01
7.611143589019775391e-01
7.613344788551330566e-01
7.615578174591064453e-01
7.617853879928588867e-01
7.620172500610351562e-01
7.622529864311218262e-01
7.624926567077636719e-01
7.627363204956054688e-01
7.629828453063964844e-01
7.632375359535217285e-01
7.634931802749633789e-01
7.637528181076049805e-01
7.640165090560913086e-01
7.642835378646850586e-01
7.645549774169921875e-01
7.648308873176574707e-01
7.651109695434570312e-01
7.653952240943908691e-01
7.656862735748291016e-01
7.659784555435180664e-01
7.662753462791442871e-01
7.665765285491943359e-01
7.668820023536682129e-01
7.671911120414733887e-01
7.675048112869262695e-01
7.678233981132507324e-01
7.681463956832885742e-01
7.684738636016845703e-01
7.688058018684387207e-01
7.691416144371032715e-01
7.694822549819946289e-01
7.698352336883544922e-01
7.702226638793945312e-01
7.706151008605957031e-01
7.710115909576416016e-01
7.714132070541381836e-01
7.718194127082824707e-01
7.722299098968505859e-01
7.726456522941589355e-01
7.730656266212463379e-01
7.734903097152709961e-01
7.739199995994567871e-01
7.743589878082275391e-01
7.747986316680908203e-01
7.752435803413391113e-01
7.756931781768798828e-01
7.761483788490295410e-01
7.766080498695373535e-01
7.770735621452331543e-01
7.775436639785766602e-01
7.780189514160156250e-01
7.784997224807739258e-01
7.789862155914306641e-01
7.794777154922485352e-01
7.799750566482543945e-01
7.804779410362243652e-01
7.809858918190002441e-01
7.814638614654541016e-01
7.819443345069885254e-01
7.824298143386840820e-01
7.829210162162780762e-01
7.834187150001525879e-01
7.839215397834777832e-01
7.844302654266357422e-01
7.849456667900085449e-01
7.854663133621215820e-01
7.859930992126464844e-01
7.865259051322937012e-01
7.870655059814453125e-01
7.876107692718505859e-01
7.881621122360229492e-01
7.887205481529235840e-01
7.892845273017883301e-01
7.898550033569335938e-01
7.904325723648071289e-01
7.910158038139343262e-01
7.916057109832763672e-01
7.922026515007019043e-01
7.928056120872497559e-01
7.934152483940124512e-01
7.940319776535034180e-01
7.946549654006958008e-01
7.952845096588134766e-01
7.959589362144470215e-01
7.966711521148681641e-01
7.973892688751220703e-01
7.981136441230773926e-01
7.988447546958923340e-01
7.995812296867370605e-01
8.003239631652832031e-01
8.010669946670532227e-01
8.018218874931335449e-01
8.025833964347839355e-01
8.033502697944641113e-01
8.041232824325561523e-01
8.049022555351257324e-01
8.056877851486206055e-01
8.064787387847900391e-01
8.072754740715026855e-01
8.080781698226928711e-01
8.088866472244262695e-01
8.097014427185058594e-01
8.105214834213256836e-01
8.113470077514648438e-01
8.121782541275024414e-01
8.130154609680175781e-01
8.138577342033386230e-01
8.147053122520446777e-01
8.155581355094909668e-01
8.164098262786865234e-01
8.172725439071655273e-01
8.181253075599670410e-01
8.189830183982849121e-01
8.198461532592773438e-01
8.207136392593383789e-01
8.215861916542053223e-01
8.224627971649169922e-01
8.233439922332763672e-01
8.242298364639282227e-01
8.251195549964904785e-01
8.260133266448974609e-01
8.269109129905700684e-01
8.278128504753112793e-01
8.287178277969360352e-01
8.296201825141906738e-01
8.305320739746093750e-01
8.314475417137145996e-01
8.323656320571899414e-01
8.332864046096801758e-01
8.342100381851196289e-01
8.351364731788635254e-01
8.360646963119506836e-01
8.369956016540527344e-01
8.379278182983398438e-01
8.388623595237731934e-01
8.397978544235229492e-01
8.407346606254577637e-01
8.416727185249328613e-01
8.426052331924438477e-01
8.435497283935546875e-01
8.445020318031311035e-01
8.454546332359313965e-01
8.464061617851257324e-01
8.473578691482543945e-01
8.483084440231323242e-01
8.492581844329833984e-01
8.502070307731628418e-01
8.511476516723632812e-01
8.520932793617248535e-01
8.530371189117431641e-01
8.539790511131286621e-01
8.549190163612365723e-01
8.558564186096191406e-01
8.567911982536315918e-01
8.577229380607604980e-01
8.586518764495849609e-01
8.595777153968811035e-01
8.604933023452758789e-01
8.614118099212646484e-01
8.623266816139221191e-01
8.632369041442871094e-01
8.641433715820312500e-01
8.650450110435485840e-01
8.659420013427734375e-01
8.668342232704162598e-01
8.677211403846740723e-01
8.685966730117797852e-01
8.694727420806884766e-01
8.703432083129882812e-01
8.711997270584106445e-01
8.720400929450988770e-01
8.728749155998229980e-01
8.737041354179382324e-01
8.745272755622863770e-01
8.753441572189331055e-01
8.761491775512695312e-01
8.769536018371582031e-01
8.777512311935424805e-01
8.785421848297119141e-01
8.793264627456665039e-01
8.801035881042480469e-01
8.808734416961669922e-01
8.816362023353576660e-01
8.823860287666320801e-01
8.831335902214050293e-01
8.838731646537780762e-01
8.846049904823303223e-01
8.853288292884826660e-01
8.860445618629455566e-01
8.867522478103637695e-01
8.874465227127075195e-01
8.881372213363647461e-01
8.888195157051086426e-01
8.894928693771362305e-01
8.901575207710266113e-01
8.908131122589111328e-01
8.914598226547241211e-01
8.920932412147521973e-01
8.927219510078430176e-01
8.933413028717041016e-01
8.939529061317443848e-01
8.945657014846801758e-01
8.951700925827026367e-01
8.957659006118774414e-01
8.963496685028076172e-01
8.969284892082214355e-01
8.974984884262084961e-01
8.980598449707031250e-01
8.986124992370605469e-01
8.991566300392150879e-01
8.996917009353637695e-01
9.002149105072021484e-01
9.007323384284973145e-01
9.012410044670104980e-01
9.017411470413208008e-01
9.022319912910461426e-01
9.027140736579895020e-01
9.031559228897094727e-01
9.035854339599609375e-01
9.040098786354064941e-01
9.044262766838073730e-01
9.048343896865844727e-01
9.052348732948303223e-01
9.056272506713867188e-01
9.060114026069641113e-01
9.063854813575744629e-01
9.067537188529968262e-01
9.071135520935058594e-01
9.074655175209045410e-01
9.078093767166137695e-01
9.081450104713439941e-01
9.084703922271728516e-01
9.087896943092346191e-01
9.091085791587829590e-01
9.094339013099670410e-01
9.097524285316467285e-01
9.100641608238220215e-01
9.103677272796630859e-01
9.106658101081848145e-01
9.109567999839782715e-01
9.112412333488464355e-01
9.115187525749206543e-01
9.117893576622009277e-01
9.120521545410156250e-01
9.123090505599975586e-01
9.125586748123168945e-01
9.128016829490661621e-01
9.130377769470214844e-01
9.132668375968933105e-01
9.134883880615234375e-01
9.136417508125305176e-01
9.136977195739746094e-01
9.137454628944396973e-01
9.137841463088989258e-01
9.138143658638000488e-01
9.138351082801818848e-01
9.138472080230712891e-01
9.138500094413757324e-01
9.138430356979370117e-01
9.138267040252685547e-01
9.138002395629882812e-01
9.137644767761230469e-01
9.137184023857116699e-01
9.136616587638854980e-01
9.135947823524475098e-01
9.135169982910156250e-01
9.134287834167480469e-01
9.133242368698120117e-01
9.130914211273193359e-01
9.128445982933044434e-01
9.125832319259643555e-01
9.123067259788513184e-01
9.120156764984130859e-01
9.117103219032287598e-01
9.113888740539550781e-01
9.110514521598815918e-01
9.106987714767456055e-01
9.103301763534545898e-01
9.099467396736145020e-01
9.095458984375000000e-01
9.091281294822692871e-01
9.086942076683044434e-01
9.082430601119995117e-01
9.077775478363037109e-01
9.072928428649902344e-01
9.067655205726623535e-01
9.061511754989624023e-01
9.055176973342895508e-01
9.048639535903930664e-01
9.041935801506042480e-01
9.035006165504455566e-01
9.027872085571289062e-01
9.020541906356811523e-01
9.013004899024963379e-01
9.005303382873535156e-01
8.997368812561035156e-01
8.989225625991821289e-01
8.980884552001953125e-01
8.972340226173400879e-01
8.963621854782104492e-01
8.954669833183288574e-01
8.945507407188415527e-01
8.936147093772888184e-01
8.926625847816467285e-01
8.917856812477111816e-01
8.908964991569519043e-01
8.899868130683898926e-01
8.890618085861206055e-01
8.881200551986694336e-01
8.871622085571289062e-01
8.861931562423706055e-01
8.852039575576782227e-01
8.841991424560546875e-01
8.831789493560791016e-01
8.821431398391723633e-01
8.810924887657165527e-01
8.800313472747802734e-01
8.789505362510681152e-01
8.778549432754516602e-01
8.767454028129577637e-01
8.756205439567565918e-01
8.744864463806152344e-01
8.733329772949218750e-01
8.721653819084167480e-01
8.709838390350341797e-01
8.697883486747741699e-01
8.685846328735351562e-01
8.673619627952575684e-01
8.661258220672607422e-01
8.648765087127685547e-01
8.636139035224914551e-01
8.623440861701965332e-01
8.610566854476928711e-01
8.597555756568908691e-01
8.584420680999755859e-01
8.571162223815917969e-01
8.557836413383483887e-01
8.544334173202514648e-01
8.530712723731994629e-01
8.516969680786132812e-01
8.503113389015197754e-01
8.489574193954467773e-01
8.477004170417785645e-01
8.464358448982238770e-01
8.451619148254394531e-01
8.438814282417297363e-01
8.425989151000976562e-01
8.413027524948120117e-01
8.399985432624816895e-01
8.386874794960021973e-01
8.373692631721496582e-01
8.360497355461120605e-01
8.347175717353820801e-01
8.333785533905029297e-01
8.320331573486328125e-01
8.306798934936523438e-01
8.293279409408569336e-01
8.279628753662109375e-01
8.265916705131530762e-01
8.252135515213012695e-01
8.238302469253540039e-01
8.224410414695739746e-01
8.210518956184387207e-01
8.196513056755065918e-01
8.182451128959655762e-01
8.168339729309082031e-01
8.154160976409912109e-01
8.140009045600891113e-01
8.125737905502319336e-01
8.111415505409240723e-01
8.097038269042968750e-01
8.082619905471801758e-01
8.068218827247619629e-01
8.053711652755737305e-01
8.039144873619079590e-01
8.024544119834899902e-01
8.009905815124511719e-01
7.995273470878601074e-01
7.980550527572631836e-01
7.965783476829528809e-01
7.950976490974426270e-01
7.935788035392761230e-01
7.920096516609191895e-01
7.904348373413085938e-01
7.888548374176025391e-01
7.872701287269592285e-01
7.856864929199218750e-01
7.840917110443115234e-01
7.824916243553161621e-01
7.808868288993835449e-01
7.792777419090270996e-01
7.776701450347900391e-01
7.760519981384277344e-01
7.744297981262207031e-01
7.728022336959838867e-01
7.711709141731262207e-01
7.695412039756774902e-01
7.679015398025512695e-01
7.662570476531982422e-01
7.646086215972900391e-01
7.629567980766296387e-01
7.613070607185363770e-01
7.596476674079895020e-01
7.579836845397949219e-01
7.563162446022033691e-01
7.546457052230834961e-01
7.529774904251098633e-01
7.513000965118408203e-01
7.496184706687927246e-01
7.479336857795715332e-01
7.462473511695861816e-01
7.445624470710754395e-01
7.428686618804931641e-01
7.411710023880004883e-01
7.394711375236511230e-01
7.377674579620361328e-01
7.360672950744628906e-01
7.343586683273315430e-01
7.326464653015136719e-01
7.309322357177734375e-01
7.292146682739257812e-01
7.275006771087646484e-01
7.257787585258483887e-01
7.240421175956726074e-01
7.222990393638610840e-01
7.205531597137451172e-01
7.188115715980529785e-01
7.170627713203430176e-01
7.153110504150390625e-01
7.135584950447082520e-01
7.118034958839416504e-01
7.100537419319152832e-01
7.082952857017517090e-01
7.065361738204956055e-01
7.047746181488037109e-01
7.030125260353088379e-01
7.012542486190795898e-01
6.994894742965698242e-01
6.977223157882690430e-01
6.959547400474548340e-01
6.941851377487182617e-01
6.924203634262084961e-01
6.906494498252868652e-01
6.888763308525085449e-01
6.871031522750854492e-01
6.853281259536743164e-01
6.835591793060302734e-01
6.817820668220520020e-01
6.800052523612976074e-01
6.782266497611999512e-01
6.764482855796813965e-01
6.746740937232971191e-01
6.728942394256591797e-01
6.711127161979675293e-01
6.693317294120788574e-01
6.675490736961364746e-01
6.657727360725402832e-01
6.639890074729919434e-01
6.622049212455749512e-01
6.604214310646057129e-01
6.586365103721618652e-01
6.568581461906433105e-01
6.550725698471069336e-01
6.532879471778869629e-01
6.515019536018371582e-01
6.497168540954589844e-01
6.479349136352539062e-01
6.461321115493774414e-01
6.443182229995727539e-01
6.425033807754516602e-01
6.406902670860290527e-01
6.388821601867675781e-01
6.370689272880554199e-01
6.352574825286865234e-01
6.334454417228698730e-01
6.316338777542114258e-01
6.298243999481201172e-01
6.280199885368347168e-01
6.262107491493225098e-01
6.244022846221923828e-01
6.225958466529846191e-01
6.207904219627380371e-01
6.189888119697570801e-01
6.171851754188537598e-01
6.153824925422668457e-01
6.135796308517456055e-01
6.117777824401855469e-01
6.099823117256164551e-01
6.081839799880981445e-01
6.063866615295410156e-01
6.045880913734436035e-01
6.027932167053222656e-01
6.010037064552307129e-01
5.992112755775451660e-01
5.974190831184387207e-01
5.956281423568725586e-01
5.938398838043212891e-01
5.920568704605102539e-01
5.902701616287231445e-01
5.884863138198852539e-01
5.867024660110473633e-01
5.849216580390930176e-01
5.831460952758789062e-01
5.813670754432678223e-01
5.795909762382507324e-01
5.778151750564575195e-01
5.760411620140075684e-01
5.742700695991516113e-01
5.725044012069702148e-01
5.707368254661560059e-01
5.689684748649597168e-01
5.672045350074768066e-01
5.654424428939819336e-01
5.636886954307556152e-01
5.619720816612243652e-01
5.602566599845886230e-01
5.585463047027587891e-01
5.568360090255737305e-01
5.551357269287109375e-01
5.534318685531616211e-01
5.517308115959167480e-01
5.500321388244628906e-01
5.483351349830627441e-01
5.466480255126953125e-01
5.449576377868652344e-01
5.432700514793395996e-01
5.415850877761840820e-01
5.399032235145568848e-01
5.382238626480102539e-01
5.365508198738098145e-01
5.348784923553466797e-01
5.332077145576477051e-01
5.315400958061218262e-01
5.298751592636108398e-01
5.282164216041564941e-01
5.265586972236633301e-01
5.249025821685791016e-01
5.232496857643127441e-01
5.215995311737060547e-01
5.199527740478515625e-01
5.183130502700805664e-01
5.166720151901245117e-01
5.150343179702758789e-01
5.133994817733764648e-01
5.117679834365844727e-01
5.101437568664550781e-01
5.085197091102600098e-01
5.068961381912231445e-01
5.052770376205444336e-01
5.036612749099731445e-01
5.020485520362854004e-01
5.004445910453796387e-01
4.988372027873992920e-01
4.972340762615203857e-01
4.956345558166503906e-01
4.940380156040191650e-01
4.924491345882415771e-01
4.908591508865356445e-01
4.892739951610565186e-01
4.876894354820251465e-01
4.861094355583190918e-01
4.845331609249114990e-01
4.829638004302978516e-01
4.815458059310913086e-01
4.801567196846008301e-01
4.787701070308685303e-01
4.773865938186645508e-01
4.760120511054992676e-01
4.746371805667877197e-01
4.732642471790313721e-01
4.718954861164093018e-01
4.705312252044677734e-01
4.691690504550933838e-01
4.678156971931457520e-01
4.664621949195861816e-01
4.651096463203430176e-01
4.637632071971893311e-01
4.624186754226684570e-01
4.610794782638549805e-01
4.597474038600921631e-01
4.584126174449920654e-01
4.570839405059814453e-01
4.557588100433349609e-01
4.544358253479003906e-01
4.531178474426269531e-01
4.518059790134429932e-01
4.504934847354888916e-01
4.491861462593078613e-01
4.478824436664581299e-01
4.465796649456024170e-01
4.452829360961914062e-01
4.439917504787445068e-01
4.427021443843841553e-01
4.414161145687103271e-01
4.401310682296752930e-01
4.388520419597625732e-01
4.375766217708587646e-01
4.363065361976623535e-01
4.350382089614868164e-01
4.337722361087799072e-01
4.325093626976013184e-01
4.312515854835510254e-01
4.299971759319305420e-01
4.287481307983398438e-01
4.274998307228088379e-01
4.262544810771942139e-01
4.250142276287078857e-01
4.237774312496185303e-01
4.225426018238067627e-01
4.213149845600128174e-01
4.200885891914367676e-01
4.188642203807830811e-01
4.176448583602905273e-01
4.164289236068725586e-01
4.152139723300933838e-01
4.140300452709197998e-01
4.128517806529998779e-01
4.116758704185485840e-01
4.105058908462524414e-01
4.093367755413055420e-01
4.081719219684600830e-01
4.070134460926055908e-01
4.058558046817779541e-01
4.047009050846099854e-01
4.035484492778778076e-01
4.024001955986022949e-01
4.012568593025207520e-01
4.001172184944152832e-01
3.989788293838500977e-01
3.978445231914520264e-01
3.967127501964569092e-01
3.955843150615692139e-01
3.944581151008605957e-01
3.933377265930175781e-01
3.922218978404998779e-01
3.911055624485015869e-01
3.899949193000793457e-01
3.888851106166839600e-01
3.877794146537780762e-01
3.866769969463348389e-01
3.855783641338348389e-01
3.844850957393646240e-01
3.833913505077362061e-01
3.823033273220062256e-01
3.812169432640075684e-01
3.801328241825103760e-01
3.790527582168579102e-01
3.779765367507934570e-01
3.769055008888244629e-01
3.758349418640136719e-01
3.747682571411132812e-01
3.737039864063262939e-01
3.726420700550079346e-01
3.715841174125671387e-01
3.705308735370635986e-01
3.694808483123779297e-01
3.684322237968444824e-01
3.673858642578125000e-01
3.663450479507446289e-01
3.653056919574737549e-01
3.642686605453491211e-01
3.632370829582214355e-01
3.622095584869384766e-01
3.611816167831420898e-01
3.601577281951904297e-01
3.591375350952148438e-01
3.581196367740631104e-01
3.571048378944396973e-01
3.560938239097595215e-01
3.550873994827270508e-01
3.540525436401367188e-01
3.529964387416839600e-01
3.519434332847595215e-01
3.508919179439544678e-01
3.498443365097045898e-01
3.488006293773651123e-01
3.477623164653778076e-01
3.467231988906860352e-01
3.456886708736419678e-01
3.446564972400665283e-01
3.436265885829925537e-01
3.426012992858886719e-01
3.415789902210235596e-01
3.405604660511016846e-01
3.395442068576812744e-01
3.385303020477294922e-01
3.375201225280761719e-01
3.365113735198974609e-01
3.355072736740112305e-01
3.345060944557189941e-01
3.335077762603759766e-01
3.325125873088836670e-01
3.315203189849853516e-01
3.305295109748840332e-01
3.295432329177856445e-01
3.285598754882812500e-01
3.275787234306335449e-01
3.265996873378753662e-01
3.256251513957977295e-01
3.246556222438812256e-01
3.236853778362274170e-01
3.227188289165496826e-01
3.217559158802032471e-01
3.207958936691284180e-01
3.198371827602386475e-01
3.188829421997070312e-01
3.179315328598022461e-01
3.169807791709899902e-01
3.160370886325836182e-01
3.150942921638488770e-01
3.141527473926544189e-01
3.132155835628509521e-01
3.122805058956146240e-01
3.113490343093872070e-01
3.104187846183776855e-01
3.094928860664367676e-01
3.085716962814331055e-01
3.076498210430145264e-01
3.067315816879272461e-01
3.058167695999145508e-01
3.049032092094421387e-01
3.039939999580383301e-01
3.030874431133270264e-01
3.021830022335052490e-01
3.012804687023162842e-01
3.003839254379272461e-01
2.994883954524993896e-01
2.985939383506774902e-01
2.977037727832794189e-01
2.968486249446868896e-01
2.960049211978912354e-01
2.951639294624328613e-01
2.943254113197326660e-01
2.934895157814025879e-01
2.926579713821411133e-01
2.918272018432617188e-01
2.909990847110748291e-01
2.901734113693237305e-01
2.893503308296203613e-01
2.885291874408721924e-01
2.877111732959747314e-01
2.868957221508026123e-01
2.860844135284423828e-01
2.852739095687866211e-01
2.844659090042114258e-01
2.836604714393615723e-01
2.828574478626251221e-01
2.820569574832916260e-01
2.812588810920715332e-01
2.804626524448394775e-01
2.796695232391357422e-01
2.788804769515991211e-01
2.780922055244445801e-01
2.773063480854034424e-01
2.765229344367980957e-01
2.757419347763061523e-01
2.749632894992828369e-01
2.741870880126953125e-01
2.734133303165435791e-01
2.726418972015380859e-01
2.718722820281982422e-01
2.711055576801300049e-01
2.703412473201751709e-01
2.695807814598083496e-01
2.688211798667907715e-01
2.680639028549194336e-01
2.673089206218719482e-01
2.665562927722930908e-01
2.658059895038604736e-01
2.650565207004547119e-01
2.643102407455444336e-01
2.635668218135833740e-01
2.628257274627685547e-01
2.620868682861328125e-01
2.613503038883209229e-01
2.606174051761627197e-01
2.598854005336761475e-01
2.591556012630462646e-01
2.584280073642730713e-01
2.577026784420013428e-01
2.569790780544281006e-01
2.562581598758697510e-01
2.555395364761352539e-01
2.548230588436126709e-01
2.541087865829467773e-01
2.533967196941375732e-01
2.526868581771850586e-01
2.519805133342742920e-01
2.512750029563903809e-01
2.505716085433959961e-01
2.498704046010971069e-01
2.491728067398071289e-01
2.484826743602752686e-01
2.477943599224090576e-01
2.471088320016860962e-01
2.464254945516586304e-01
2.457444667816162109e-01
2.450656592845916748e-01
2.443890720605850220e-01
2.437155544757843018e-01
2.430434525012969971e-01
2.423735409975051880e-01
2.417058050632476807e-01
2.410403043031692505e-01
2.403770238161087036e-01
2.397153526544570923e-01
2.390564084053039551e-01
2.383996248245239258e-01
2.377449423074722290e-01
2.370924651622772217e-01
2.364421188831329346e-01
2.357946932315826416e-01
2.351485639810562134e-01
2.345045953989028931e-01
2.338627576828002930e-01
2.332229614257812500e-01
2.325853258371353149e-01
2.319493144750595093e-01
2.313157916069030762e-01
2.306843996047973633e-01
2.300550639629364014e-01
2.294277548789978027e-01
2.288025319576263428e-01
2.281789481639862061e-01
2.275578081607818604e-01
2.269372940063476562e-01
2.263202220201492310e-01
2.257051765918731689e-01
2.250920981168746948e-01
2.244806140661239624e-01
2.238727211952209473e-01
2.232656329870223999e-01
2.226605564355850220e-01
2.220574617385864258e-01
2.214563488960266113e-01
2.208567261695861816e-01
2.202595025300979614e-01
2.196642607450485229e-01
2.190709263086318970e-01
2.184795439243316650e-01
2.178900837898254395e-01
2.173021137714385986e-01
2.167165130376815796e-01
2.161328047513961792e-01
2.155509740114212036e-01
2.149710804224014282e-01
2.143930792808532715e-01
2.138169407844543457e-01
2.132422477006912231e-01
2.126698791980743408e-01
2.120993584394454956e-01
2.115316987037658691e-01
2.109649032354354858e-01
2.103999406099319458e-01
2.098363786935806274e-01
2.092750966548919678e-01
2.087156325578689575e-01
2.081580013036727905e-01
2.076544165611267090e-01
2.071785181760787964e-01
2.067046165466308594e-01
2.062305808067321777e-01
2.057595103979110718e-01
2.052904218435287476e-01
2.048225402832031250e-01
2.043566405773162842e-01
2.038919627666473389e-01
2.034288048744201660e-01
2.029676586389541626e-01
2.025076895952224731e-01
2.020496726036071777e-01
2.015937566757202148e-01
2.011371552944183350e-01
2.006837874650955200e-01
2.002315372228622437e-01
1.997812390327453613e-01
1.993321031332015991e-01
1.988844722509384155e-01
1.984387487173080444e-01
1.979941725730895996e-01
1.975514590740203857e-01
1.971098631620407104e-01
1.966688930988311768e-01
1.962303370237350464e-01
1.957932263612747192e-01
1.953579932451248169e-01
1.949238926172256470e-01
1.944915801286697388e-01
1.940604001283645630e-01
1.936307251453399658e-01
1.932027935981750488e-01
1.927760243415832520e-01
1.923497617244720459e-01
1.919258832931518555e-01
1.915034204721450806e-01
1.910827457904815674e-01
1.906631886959075928e-01
1.902453452348709106e-01
1.898286342620849609e-01
1.894136518239974976e-01
1.889997422695159912e-01
1.885872632265090942e-01
1.881752759218215942e-01
1.877656131982803345e-01
1.873576343059539795e-01
1.869507580995559692e-01
1.865452677011489868e-01
1.861414462327957153e-01
1.857387274503707886e-01
1.853376775979995728e-01
1.849376857280731201e-01
1.845390647649765015e-01
1.841408908367156982e-01
1.837449818849563599e-01
1.833507567644119263e-01
1.829575747251510620e-01
1.825657486915588379e-01
1.821755170822143555e-01
1.817863732576370239e-01
1.813988536596298218e-01
1.810123473405838013e-01
1.806274950504302979e-01
1.802424490451812744e-01
1.798599064350128174e-01
1.794790178537368774e-01
1.790991276502609253e-01
1.787208616733551025e-01
1.783435791730880737e-01
1.779676079750061035e-01
1.776287555694580078e-01
1.773419678211212158e-01
1.770565211772918701e-01
1.767717599868774414e-01
1.764891594648361206e-01
1.762063801288604736e-01
1.759245842695236206e-01
1.756437420845031738e-01
1.753639280796051025e-01
1.750862449407577515e-01
1.748083829879760742e-01
1.745314449071884155e-01
1.742555201053619385e-01
1.739805489778518677e-01
1.737076789140701294e-01
1.734346449375152588e-01
1.731625646352767944e-01
1.728914082050323486e-01
1.726212352514266968e-01
1.723531931638717651e-01
1.720849126577377319e-01
1.718175858259201050e-01
1.715511977672576904e-01
1.712857633829116821e-01
1.710224151611328125e-01
1.707588583230972290e-01
1.704962402582168579e-01
1.702345311641693115e-01
1.699738055467605591e-01
1.697151213884353638e-01
1.694564521312713623e-01
1.691984832286834717e-01
1.689414381980895996e-01
1.686853170394897461e-01
1.684300899505615234e-01
1.681769192218780518e-01
1.679228395223617554e-01
1.676703691482543945e-01
1.674188077449798584e-01
1.671681702136993408e-01
1.669195294380187988e-01
1.666706949472427368e-01
1.664227694272994995e-01
1.661757379770278931e-01
1.659295856952667236e-01
1.656854599714279175e-01
1.654410958290100098e-01
1.651976406574249268e-01
1.649550646543502808e-01
1.647133976221084595e-01
1.644736826419830322e-01
1.642337739467620850e-01
1.639947444200515747e-01
1.637565791606903076e-01
1.635193079710006714e-01
1.632840186357498169e-01
1.630484908819198608e-01
1.628138124942779541e-01
1.625802665948867798e-01
1.623473465442657471e-01
1.621163636445999146e-01
1.618851721286773682e-01
1.616548597812652588e-01
1.614253669977188110e-01
1.611961126327514648e-01
1.609694361686706543e-01
1.607425361871719360e-01
1.605164706707000732e-01
1.602912843227386475e-01
1.600669324398040771e-01
1.598444879055023193e-01
1.596218198537826538e-01
1.594000160694122314e-01
1.591790020465850830e-01
1.589588671922683716e-01
1.587406247854232788e-01
1.585235893726348877e-01
1.583233922719955444e-01
1.581247597932815552e-01
1.579258143901824951e-01
1.577286124229431152e-01
1.575311124324798584e-01
1.573353558778762817e-01
1.571402996778488159e-01
1.569449454545974731e-01
1.567513197660446167e-01
1.565567255020141602e-01
1.563645303249359131e-01
1.561730355024337769e-01
1.559812128543853760e-01
1.557910889387130737e-01
1.556006520986557007e-01
1.554119586944580078e-01
1.552239209413528442e-01
1.550355702638626099e-01
1.548489332199096680e-01
1.546619385480880737e-01
1.544766724109649658e-01
1.542906165122985840e-01
1.541066914796829224e-01
1.539234519004821777e-01
1.537398695945739746e-01
1.535579711198806763e-01
1.533757299184799194e-01
1.531951576471328735e-01
1.530152559280395508e-01
1.528349816799163818e-01
1.526564061641693115e-01
1.524774581193923950e-01
1.523001492023468018e-01
1.521219313144683838e-01
1.519459336996078491e-01
1.517706066370010376e-01
1.515948772430419922e-01
1.514208018779754639e-01
1.512463837862014771e-01
1.510735452175140381e-01
1.509013622999191284e-01
1.507289856672286987e-01
1.505580246448516846e-01
1.503867357969284058e-01
1.502170264720916748e-01
1.500463336706161499e-01
1.498778313398361206e-01
1.497099548578262329e-01
1.495417058467864990e-01
1.493749767541885376e-01
1.492079049348831177e-01
1.490424126386642456e-01
1.488774418830871582e-01
1.487121433019638062e-01
1.485483795404434204e-01
1.483842134475708008e-01
1.482215970754623413e-01
1.480589359998703003e-01
1.478964984416961670e-01
1.477355211973190308e-01
1.475741863250732422e-01
1.474143564701080322e-01
1.472542434930801392e-01
1.470954865217208862e-01
1.469372659921646118e-01
1.467786282300949097e-01
1.466214358806610107e-01
1.464638710021972656e-01
1.463071703910827637e-01
1.461515277624130249e-01
1.459954977035522461e-01
1.458408981561660767e-01
1.456858366727828979e-01
1.455322355031967163e-01
1.453781872987747192e-01
1.452255100011825562e-01
1.450733393430709839e-01
1.449207365512847900e-01
1.447689086198806763e-01
1.446172446012496948e-01
1.444669216871261597e-01
1.443200260400772095e-01
1.442112922668457031e-01
1.441028416156768799e-01
1.439944803714752197e-01
1.438873559236526489e-01
1.437790244817733765e-01
1.436714977025985718e-01
1.435640305280685425e-01
1.434578001499176025e-01
1.433508992195129395e-01
1.432441771030426025e-01
1.431384086608886719e-01
1.430315226316452026e-01
1.429253816604614258e-01
1.428194046020507812e-01
1.427144855260848999e-01
1.426087468862533569e-01
1.425032466650009155e-01
1.423988044261932373e-01
1.422930806875228882e-01
1.421879231929779053e-01
1.420830339193344116e-01
1.419791430234909058e-01
1.418745070695877075e-01
1.417699754238128662e-01
1.416654288768768311e-01
1.415614336729049683e-01
1.414572149515151978e-01
1.413531154394149780e-01
1.412498205900192261e-01
1.411458551883697510e-01
1.410420089960098267e-01
1.409382075071334839e-01
1.408353298902511597e-01
1.407309621572494507e-01
1.406273394823074341e-01
1.405237615108489990e-01
1.404210180044174194e-01
1.403173953294754028e-01
1.402139067649841309e-01
1.401112526655197144e-01
1.400072723627090454e-01
1.399036943912506104e-01
1.398002356290817261e-01
1.396975964307785034e-01
1.395941525697708130e-01
1.394906789064407349e-01
1.393870413303375244e-01
1.392837911844253540e-01
1.391802430152893066e-01
1.390766203403472900e-01
1.389736384153366089e-01
1.388699561357498169e-01
1.387661844491958618e-01
1.386623680591583252e-01
1.385592818260192871e-01
1.384546607732772827e-01
1.383506059646606445e-01
1.382472664117813110e-01
1.381430476903915405e-01
1.380386054515838623e-01
1.379341930150985718e-01
1.378304511308670044e-01
1.377252787351608276e-01
1.376204192638397217e-01
1.375155448913574219e-01
1.374113112688064575e-01
1.373061686754226685e-01
1.372009068727493286e-01
1.370956450700759888e-01
1.369900703430175781e-01
1.368843764066696167e-01
1.367785185575485229e-01
1.366731375455856323e-01
1.365664452314376831e-01
1.364601105451583862e-01
1.363535821437835693e-01
1.362476497888565063e-01
1.361406445503234863e-01
1.360335946083068848e-01
1.359266042709350586e-01
1.358191817998886108e-01
1.357114464044570923e-01
1.356036067008972168e-01
1.354963481426239014e-01
1.353876590728759766e-01
1.352792233228683472e-01
1.351704746484756470e-01
1.350623816251754761e-01
1.349735110998153687e-01
1.348900347948074341e-01
1.348060667514801025e-01
1.347224712371826172e-01
1.346387416124343872e-01
1.345547884702682495e-01
1.344701051712036133e-01
1.343855261802673340e-01
1.343008428812026978e-01
1.342152059078216553e-01
1.341300457715988159e-01
1.340440362691879272e-01
1.339584290981292725e-01
1.338725537061691284e-01
1.337864398956298828e-01
1.336999684572219849e-01
1.336122304201126099e-01
1.335254162549972534e-01
1.334384083747863770e-01
1.333511620759963989e-01
1.332635432481765747e-01
1.331753879785537720e-01
1.330874711275100708e-01
1.329986155033111572e-01
1.329101324081420898e-01
1.328215748071670532e-01
1.327328234910964966e-01
1.326433569192886353e-01
1.325540393590927124e-01
1.324646472930908203e-01
1.323743611574172974e-01
1.322845816612243652e-01
1.321940273046493530e-01
1.321038454771041870e-01
1.320135146379470825e-01
1.319230049848556519e-01
1.318321377038955688e-01
1.317401081323623657e-01
1.316490620374679565e-01
1.315578520298004150e-01
1.314663141965866089e-01
1.313747912645339966e-01
1.312826722860336304e-01
1.311901211738586426e-01
1.310979872941970825e-01
1.310058683156967163e-01
1.309135854244232178e-01
1.308207809925079346e-01
1.307281106710433960e-01
1.306354552507400513e-01
1.305420100688934326e-01
1.304491311311721802e-01
1.303555816411972046e-01
1.302624940872192383e-01
1.301693320274353027e-01
1.300760507583618164e-01
1.299821287393569946e-01
1.298880130052566528e-01
1.297945082187652588e-01
1.297009438276290894e-01
1.296067386865615845e-01
1.295130401849746704e-01
1.294193118810653687e-01
1.293254941701889038e-01
1.292304545640945435e-01
1.291365921497344971e-01
1.290426701307296753e-01
1.289487779140472412e-01
1.288544684648513794e-01
1.287603527307510376e-01
1.286664158105850220e-01
1.285718232393264771e-01
1.284775286912918091e-01
1.283834427595138550e-01
1.282895654439926147e-01
1.281957030296325684e-01
1.281015127897262573e-01
1.280075758695602417e-01
1.279131919145584106e-01
1.278195083141326904e-01
1.277255564928054810e-01
1.276318579912185669e-01
1.275383979082107544e-01
1.274450123310089111e-01
1.273513883352279663e-01
1.272573769092559814e-01
1.271642744541168213e-01
1.270713061094284058e-01
1.269781291484832764e-01
1.268852204084396362e-01
1.267926394939422607e-01
1.267001628875732422e-01
1.266068667173385620e-01
1.265145540237426758e-01
1.264225542545318604e-01
1.263359040021896362e-01
1.262584328651428223e-01
1.261804401874542236e-01
1.261034458875656128e-01
1.260254830121994019e-01
1.259486377239227295e-01
1.258713304996490479e-01
1.257950365543365479e-01
1.257178336381912231e-01
1.256417930126190186e-01
1.255654692649841309e-01
1.254898458719253540e-01
1.254135519266128540e-01
1.253384053707122803e-01
1.252630352973937988e-01
1.251883953809738159e-01
1.251131296157836914e-01
1.250390261411666870e-01
1.249647513031959534e-01
1.248912438750267029e-01
1.248171180486679077e-01
1.247444003820419312e-01
1.246711686253547668e-01
1.245988979935646057e-01
1.245260834693908691e-01
1.244546845555305481e-01
1.243828088045120239e-01
1.243119090795516968e-01
1.242407336831092834e-01
1.241705939173698425e-01
1.241001859307289124e-01
1.240308284759521484e-01
1.239612028002738953e-01
1.238926500082015991e-01
1.238238587975502014e-01
1.237563118338584900e-01
1.236882135272026062e-01
1.236213594675064087e-01
1.235543191432952881e-01
1.234884038567543030e-01
1.234222650527954102e-01
1.233572587370872498e-01
1.232919394969940186e-01
1.232280656695365906e-01
1.231638863682746887e-01
1.231007203459739685e-01
1.230377182364463806e-01
1.229756921529769897e-01
1.229134500026702881e-01
1.228525042533874512e-01
1.227916106581687927e-01
1.227316632866859436e-01
1.226717084646224976e-01
1.226131394505500793e-01
1.225542500615119934e-01
1.224966719746589661e-01
1.224390268325805664e-01
1.223827302455902100e-01
1.223262846469879150e-01
1.222711056470870972e-01
1.222160086035728455e-01
1.221620738506317139e-01
1.221081316471099854e-01
1.220554262399673462e-01
1.220029443502426147e-01
1.219515874981880188e-01
1.219002455472946167e-01
1.218502148985862732e-01
1.218004077672958374e-01
1.217517554759979248e-01
1.217031553387641907e-01
1.216560751199722290e-01
1.216088980436325073e-01
1.215630993247032166e-01
1.215173602104187012e-01
1.214731633663177490e-01
1.214289516210556030e-01
1.213860884308815002e-01
1.213435009121894836e-01
1.213022321462631226e-01
1.212610155344009399e-01
1.212212219834327698e-01
1.211818456649780273e-01
1.211436390876770020e-01
1.211055964231491089e-01
1.210692971944808960e-01
1.210328936576843262e-01
1.209979578852653503e-01
1.209633722901344299e-01
1.209302917122840881e-01
1.208972558379173279e-01
1.208658888936042786e-01
1.208345890045166016e-01
1.208049729466438293e-01
1.207754388451576233e-01
1.207476481795310974e-01
1.207200735807418823e-01
1.206938996911048889e-01
1.206682249903678894e-01
1.206439062952995300e-01
1.206200420856475830e-01
1.205978617072105408e-01
1.205757483839988708e-01
1.205569505691528320e-01
1.205568686127662659e-01
1.205580234527587891e-01
1.205594092607498169e-01
1.205624639987945557e-01
1.205662637948989868e-01
1.205703243613243103e-01
1.205762624740600586e-01
1.205820068717002869e-01
1.205894500017166138e-01
1.205975562334060669e-01
1.206068918108940125e-01
1.206171661615371704e-01
1.206280067563056946e-01
1.206402182579040527e-01
1.206527724862098694e-01
1.206673681735992432e-01
1.206817552447319031e-01
1.206983774900436401e-01
1.207155808806419373e-01
1.207331717014312744e-01
1.207527592778205872e-01
1.207724288105964661e-01
1.207942888140678406e-01
1.208160892128944397e-01
1.208394542336463928e-01
1.208645850419998169e-01
1.208896413445472717e-01
1.209169998764991760e-01
1.209442913532257080e-01
1.209732070565223694e-01
1.210033521056175232e-01
1.210347041487693787e-01
1.210672184824943542e-01
1.211007535457611084e-01
1.211356297135353088e-01
1.211717277765274048e-01
1.212090179324150085e-01
1.212467476725578308e-01
1.212871968746185303e-01
1.213281899690628052e-01
1.213705316185951233e-01
1.214139387011528015e-01
1.214581206440925598e-01
1.215049996972084045e-01
1.215517967939376831e-01
1.216013506054878235e-01
1.216513216495513916e-01
1.217021420598030090e-01
1.217558085918426514e-01
1.218093782663345337e-01
1.218657270073890686e-01
1.219221204519271851e-01
1.219805628061294556e-01
1.220413595438003540e-01
1.221019402146339417e-01
1.221657171845436096e-01
1.222293823957443237e-01
1.222951933741569519e-01
1.223627701401710510e-01
1.224316284060478210e-01
1.225020363926887512e-01
1.225744485855102539e-01
1.226480230689048767e-01
1.227235272526741028e-01
1.228003427386283875e-01
1.228781342506408691e-01
1.229593679308891296e-01
1.230403780937194824e-01
1.231250315904617310e-01
1.232102066278457642e-01
1.232964694499969482e-01
1.233862489461898804e-01
1.234760358929634094e-01
1.235695257782936096e-01
1.236629262566566467e-01
1.237586513161659241e-01
1.238576993346214294e-01
1.239566355943679810e-01
1.240595057606697083e-01
1.241622418165206909e-01
1.242674291133880615e-01
1.243755295872688293e-01
1.244847625494003296e-01
1.245975196361541748e-01
1.247100532054901123e-01
1.248253658413887024e-01
1.249436810612678528e-01
1.250631809234619141e-01
1.251840144395828247e-01
1.253094077110290527e-01
1.254353076219558716e-01
1.255645006895065308e-01
1.256947070360183716e-01
1.258266270160675049e-01
1.259632557630538940e-01
1.260997503995895386e-01
1.262409240007400513e-01
1.263827681541442871e-01
1.265282034873962402e-01
1.266748011112213135e-01
1.268251538276672363e-01
1.269765794277191162e-01
1.271319389343261719e-01
1.272884756326675415e-01
1.274496614933013916e-01
1.276106089353561401e-01
1.277770102024078369e-01
1.279433667659759521e-01
1.281129419803619385e-01
1.282867789268493652e-01
1.284618824720382690e-01
1.286420226097106934e-01
1.288109719753265381e-01
1.289819031953811646e-01
1.291531771421432495e-01
1.293297857046127319e-01
1.295067816972732544e-01
1.296892315149307251e-01
1.298720836639404297e-01
1.300610899925231934e-01
1.302499324083328247e-01
1.304443180561065674e-01
1.306392103433609009e-01
1.308372169733047485e-01
1.310411393642425537e-01
1.312454491853713989e-01
1.314558088779449463e-01
1.316666603088378906e-01
1.318843066692352295e-01
1.321016848087310791e-01
1.323255449533462524e-01
1.325497925281524658e-01
1.327805668115615845e-01
1.330118179321289062e-01
1.332497596740722656e-01
1.334880888462066650e-01
1.337333321571350098e-01
1.339796483516693115e-01
1.342290043830871582e-01
1.344856023788452148e-01
1.347425580024719238e-01
1.350069195032119751e-01
1.352716535329818726e-01
1.355440169572830200e-01
1.358166933059692383e-01
1.360978186130523682e-01
1.363787055015563965e-01
1.366675794124603271e-01
1.369568705558776855e-01
1.372542977333068848e-01
1.375521570444107056e-01
1.378584206104278564e-01
1.381649971008300781e-01
1.384761482477188110e-01
1.387966573238372803e-01
1.391168534755706787e-01
1.394461393356323242e-01
1.397757232189178467e-01
1.401144713163375854e-01
1.404536813497543335e-01
1.408023089170455933e-01
1.411513239145278931e-01
1.415100395679473877e-01
1.418698430061340332e-01
1.422388553619384766e-01
1.426082700490951538e-01
1.429879814386367798e-01
1.433680355548858643e-01
1.437533646821975708e-01
1.441493481397628784e-01
1.445457786321640015e-01
1.449530571699142456e-01
1.453614234924316406e-01
1.457802802324295044e-01
1.461994498968124390e-01
1.466301083564758301e-01
1.470612436532974243e-01
1.475039869546890259e-01
1.479471921920776367e-01
1.484024971723556519e-01
1.488587856292724609e-01
1.493267863988876343e-01
1.497951447963714600e-01
1.502762585878372192e-01
1.507577300071716309e-01
1.512521654367446899e-01
1.517535597085952759e-01
1.522552222013473511e-01
1.527704596519470215e-01
1.532867401838302612e-01
1.538162380456924438e-01
1.543460190296173096e-01
1.548900306224822998e-01
1.554344743490219116e-01
1.559934765100479126e-01
1.565527766942977905e-01
1.571272015571594238e-01
1.577092856168746948e-01
1.582925319671630859e-01
1.588906198740005493e-01
1.594889760017395020e-01
1.601032465696334839e-01
1.607178747653961182e-01
1.613487899303436279e-01
1.619799584150314331e-01
1.626278311014175415e-01
1.632762402296066284e-01
1.639424264430999756e-01
1.646167188882827759e-01
1.652914434671401978e-01
1.659838110208511353e-01
1.666764765977859497e-01
1.673874855041503906e-01
1.680985093116760254e-01
1.688284277915954590e-01
1.695583462715148926e-01
1.703083962202072144e-01
1.710576564073562622e-01
1.718266457319259644e-01
1.726059317588806152e-01
1.733850687742233276e-01
1.741847991943359375e-01
1.749843955039978027e-01
1.758049279451370239e-01
1.766261309385299683e-01
1.774680614471435547e-01
1.783098727464675903e-01
1.791736334562301636e-01
1.800484210252761841e-01
1.809234768152236938e-01
1.818209737539291382e-01
1.827180236577987671e-01
1.836386919021606445e-01
1.845594346523284912e-01
1.854950338602066040e-01
1.864087730646133423e-01
1.873455345630645752e-01
1.882823854684829712e-01
1.892426162958145142e-01
1.902162432670593262e-01
1.911879330873489380e-01
1.921854913234710693e-01
1.931814253330230713e-01
1.942040026187896729e-01
1.952243894338607788e-01
1.962724030017852783e-01
1.973188966512680054e-01
1.983914077281951904e-01
1.994636803865432739e-01
2.005625516176223755e-01
2.016752511262893677e-01
2.027858048677444458e-01
2.039257735013961792e-01
2.050627022981643677e-01
2.062298804521560669e-01
2.073943763971328735e-01
2.085889130830764771e-01
2.097806483507156372e-01
2.110034525394439697e-01
2.122232913970947266e-01
2.134743630886077881e-01
2.147390544414520264e-01
2.160025238990783691e-01
2.172973155975341797e-01
2.185885012149810791e-01
2.199129313230514526e-01
2.212333530187606812e-01
2.225871384143829346e-01
2.239556014537811279e-01
2.253215014934539795e-01
2.267197817564010620e-01
2.281156033277511597e-01
2.295450270175933838e-01
2.309899926185607910e-01
2.324308305978775024e-01
2.339073419570922852e-01
2.353982925415039062e-01
2.368859350681304932e-01
2.384092509746551514e-01
2.399471402168273926e-01
2.414815276861190796e-01
2.430515885353088379e-01
2.446162700653076172e-01
2.462178617715835571e-01
2.478361278772354126e-01
2.494475394487380981e-01
2.510974407196044922e-01
2.527625262737274170e-01
2.544219493865966797e-01
2.561186552047729492e-01
2.578094005584716797e-01
2.595378458499908447e-01
2.612830698490142822e-01
2.630208432674407959e-01
2.647961676120758057e-01
2.665891647338867188e-01
2.683725357055664062e-01
2.701956629753112793e-01
2.720345556735992432e-01
2.738647162914276123e-01
2.757332324981689453e-01
2.775937616825103760e-01
2.794934213161468506e-01
2.814085781574249268e-01
2.833126783370971680e-01
2.852579355239868164e-01
2.872164845466613770e-01
2.891643643379211426e-01
2.911536097526550293e-01
2.931283712387084961e-01
2.951447069644927979e-01
2.971753776073455811e-01
2.991912961006164551e-01
3.012482821941375732e-01
3.033194243907928467e-01
3.053736686706542969e-01
3.074697256088256836e-01
3.095779418945312500e-01
3.116700351238250732e-01
3.138020038604736328e-01
3.159172534942626953e-01
3.180719017982482910e-01
3.202383518218994141e-01
3.223847448825836182e-01
3.245727121829986572e-01
3.267696797847747803e-01
3.289459645748138428e-01
3.311623036861419678e-01
3.333568871021270752e-01
3.355889320373535156e-01
3.378300666809082031e-01
3.400489389896392822e-01
3.423037230968475342e-01
3.445664644241333008e-01
3.468047082424163818e-01
3.490788042545318604e-01
3.513584434986114502e-01
3.536133766174316406e-01
3.559010028839111328e-01
3.581631183624267578e-01
3.604592680931091309e-01
3.627576828002929688e-01
3.650278747081756592e-01
3.673302233219146729e-01
3.696339428424835205e-01
3.719069361686706543e-01
3.742111623287200928e-01
3.765137791633605957e-01
3.787850439548492432e-01
3.810855746269226074e-01
3.833517134189605713e-01
3.856462836265563965e-01
3.879371881484985352e-01
3.901918530464172363e-01
3.924739360809326172e-01
3.947501182556152344e-01
3.969873487949371338e-01
3.992502987384796143e-01
4.015051424503326416e-01
4.037202298641204834e-01
4.059578478336334229e-01
4.081852734088897705e-01
4.104015231132507324e-01
4.125780165195465088e-01
4.147725403308868408e-01
4.169540703296661377e-01
4.190931618213653564e-01
4.212488830089569092e-01
4.233917295932769775e-01
4.255442917346954346e-01
4.276547133922576904e-01
4.297779202461242676e-01
4.318855106830596924e-01
4.339486658573150635e-01
4.360227286815643311e-01
4.380787014961242676e-01
4.401162266731262207e-01
4.421071708202362061e-01
4.441056847572326660e-01
4.460830390453338623e-01
4.480400085449218750e-01
4.499479830265045166e-01
4.518603682518005371e-01
4.537492096424102783e-01
4.555894434452056885e-01
4.574294388294219971e-01
4.592455327510833740e-01
4.610351920127868652e-01
4.627756476402282715e-01
4.645122289657592773e-01
4.662229418754577637e-01
4.678816497325897217e-01
4.695354998111724854e-01
4.711605012416839600e-01
4.727563560009002686e-01
4.743007123470306396e-01
4.758367240428924561e-01
4.773415029048919678e-01
4.788153171539306641e-01
4.802379608154296875e-01
4.816489219665527344e-01
4.830268621444702148e-01
4.843547940254211426e-01
4.856678545475006104e-01
4.869481623172760010e-01
4.881941378116607666e-01
4.893909990787506104e-01
4.905696213245391846e-01
4.917147755622863770e-01
4.928094744682312012e-01
4.938864707946777344e-01
4.949272871017456055e-01
4.959337115287780762e-01
4.968923032283782959e-01
4.978290796279907227e-01
