7.509632706642150879e-01
7.584505677223205566e-01
7.617081403732299805e-01
7.657648921012878418e-01
7.743678092956542969e-01
7.893378138542175293e-01
8.107798099517822266e-01
8.377590775489807129e-01
8.683180212974548340e-01
8.994220495223999023e-01
9.272664189338684082e-01
9.482311606407165527e-01
9.599751830101013184e-01
9.618680477142333984e-01
9.550983905792236328e-01
9.415959715843200684e-01
9.228093624114990234e-01
8.984613418579101562e-01
8.692084550857543945e-01
8.399915695190429688e-01
8.134247064590454102e-01
7.910520434379577637e-01
7.735821604728698730e-01
7.611215710639953613e-01
7.534420490264892578e-01
7.500389814376831055e-01
7.498242855072021484e-01
7.513285279273986816e-01
7.528439164161682129e-01
7.530507445335388184e-01
7.514820694923400879e-01
7.486717104911804199e-01
7.458007335662841797e-01
7.443013191223144531e-01
7.449665069580078125e-01
7.463185787200927734e-01
7.520194649696350098e-01
7.629007697105407715e-01
7.775468826293945312e-01
7.953705787658691406e-01
8.157844543457031250e-01
8.379327654838562012e-01
8.608253002166748047e-01
8.835241794586181641e-01
9.053310155868530273e-01
9.256321787834167480e-01
9.431751370429992676e-01
9.557526111602783203e-01
9.613429903984069824e-01
9.594605565071105957e-01
9.513710737228393555e-01
9.381175041198730469e-01
9.185827970504760742e-01
8.982855081558227539e-01
8.781349658966064453e-01
8.589560389518737793e-01
8.416030406951904297e-01
8.265495300292968750e-01
8.139312863349914551e-01
8.035078048706054688e-01
7.949250340461730957e-01
7.878324985504150391e-01
7.819362878799438477e-01
7.766816616058349609e-01
7.711305022239685059e-01
7.643743753433227539e-01
7.608753442764282227e-01
7.538490891456604004e-01
7.457399368286132812e-01
7.376365661621093750e-01
7.301441431045532227e-01
7.237555384635925293e-01
7.189797759056091309e-01
7.161650657653808594e-01
7.154830098152160645e-01
7.169631719589233398e-01
7.205366492271423340e-01
7.244080901145935059e-01
7.343872785568237305e-01
7.460595369338989258e-01
7.606573104858398438e-01
7.778826355934143066e-01
7.971279621124267578e-01
8.178280591964721680e-01
8.388517498970031738e-01
8.618325591087341309e-01
8.832656145095825195e-01
9.034579992294311523e-01
9.214177131652832031e-01
9.364202618598937988e-01
9.478996396064758301e-01
9.553794860839843750e-01
9.586992263793945312e-01
9.580052495002746582e-01
9.536429643630981445e-01
9.461919665336608887e-01
9.363411664962768555e-01
9.248183965682983398e-01
9.122461080551147461e-01
8.992303013801574707e-01
8.862766027450561523e-01
8.737127184867858887e-01
8.619412183761596680e-01
8.508904576301574707e-01
8.405656218528747559e-01
8.308081626892089844e-01
8.214534521102905273e-01
8.122132420539855957e-01
8.028839230537414551e-01
7.932868599891662598e-01
7.834525108337402344e-01
7.737231850624084473e-01
7.646102905273437500e-01
7.561005353927612305e-01
7.473109364509582520e-01
7.371324896812438965e-01
7.256836295127868652e-01
7.139332294464111328e-01
7.028743624687194824e-01
6.932046413421630859e-01
6.852652430534362793e-01
6.791805028915405273e-01
6.750176548957824707e-01
6.727690100669860840e-01
6.723982095718383789e-01
6.738575696945190430e-01
6.770949959754943848e-01
6.820652484893798828e-01
6.887469887733459473e-01
6.969993710517883301e-01
7.067905068397521973e-01
7.179768085479736328e-01
7.305117249488830566e-01
7.442614436149597168e-01
7.591277360916137695e-01
7.749949097633361816e-01
7.916074991226196289e-01
8.087826967239379883e-01
8.263117074966430664e-01
8.438143134117126465e-01
8.609979152679443359e-01
8.775439858436584473e-01
8.930261135101318359e-01
9.071444869041442871e-01
9.196366667747497559e-01
9.302313923835754395e-01
9.388274550437927246e-01
9.454671144485473633e-01
9.502398371696472168e-01
9.533239603042602539e-01
9.542666077613830566e-01
9.511489868164062500e-01
9.452967047691345215e-01
9.374751448631286621e-01
9.286571145057678223e-01
9.195268750190734863e-01
9.104354381561279297e-01
9.016180634498596191e-01
8.930116891860961914e-01
8.846122622489929199e-01
8.763031959533691406e-01
8.679355382919311523e-01
8.593403100967407227e-01
8.503122925758361816e-01
8.406317830085754395e-01
8.301096558570861816e-01
8.186942934989929199e-01
8.063619732856750488e-01
7.931694388389587402e-01
7.793297767639160156e-01
7.650482654571533203e-01
7.506065964698791504e-01
7.362670898437500000e-01
7.223815917968750000e-01
7.091696262359619141e-01
6.968350410461425781e-01
6.855072379112243652e-01
6.753380894660949707e-01
6.663870811462402344e-01
6.586474180221557617e-01
6.520950794219970703e-01
6.467120051383972168e-01
6.424296498298645020e-01
6.392145752906799316e-01
6.369897723197937012e-01
6.356989145278930664e-01
6.352707743644714355e-01
6.356676220893859863e-01
6.369461417198181152e-01
6.393761634826660156e-01
6.433582305908203125e-01
6.490557789802551270e-01
6.558363437652587891e-01
6.631194353103637695e-01
6.707080602645874023e-01
6.786959171295166016e-01
6.871534585952758789e-01
6.961576938629150391e-01
7.057308554649353027e-01
7.158735990524291992e-01
7.265704870223999023e-01
7.377969026565551758e-01
7.494605183601379395e-01
7.615724205970764160e-01
7.740826606750488281e-01
7.869305014610290527e-01
8.000778555870056152e-01
8.133761882781982422e-01
8.267630338668823242e-01
8.401327133178710938e-01
8.533675074577331543e-01
8.663406968116760254e-01
8.788869380950927734e-01
8.909062147140502930e-01
9.022789597511291504e-01
9.128637909889221191e-01
9.226010441780090332e-01
9.313715696334838867e-01
9.390894174575805664e-01
9.457445144653320312e-01
9.512880444526672363e-01
9.557135701179504395e-01
9.590269923210144043e-01
9.612760543823242188e-01
9.624959230422973633e-01
9.627394676208496094e-01
9.620589613914489746e-01
9.605031013488769531e-01
9.581082463264465332e-01
9.548740983009338379e-01
9.509444832801818848e-01
9.463936090469360352e-01
9.411534070968627930e-01
9.351118803024291992e-01
9.282571673393249512e-01
9.205232858657836914e-01
9.119403362274169922e-01
9.024698138236999512e-01
8.922060132026672363e-01
8.811701536178588867e-01
8.695453405380249023e-01
8.574437499046325684e-01
8.451294898986816406e-01
8.327459692955017090e-01
8.206260800361633301e-01
8.089874386787414551e-01
7.982630133628845215e-01
7.888977527618408203e-01
7.820531129837036133e-01
7.879523038864135742e-01
7.745463252067565918e-01
7.636298537254333496e-01
7.537714242935180664e-01
7.448843717575073242e-01
7.368491888046264648e-01
7.295506596565246582e-01
7.229258418083190918e-01
7.168951034545898438e-01
7.114380598068237305e-01
7.064914107322692871e-01
7.021127939224243164e-01
6.986638903617858887e-01
6.979176402091979980e-01
6.983456611633300781e-01
6.950567364692687988e-01
6.918808817863464355e-01
6.895022988319396973e-01
6.877585649490356445e-01
6.865216493606567383e-01
6.857168078422546387e-01
6.853154301643371582e-01
6.852951645851135254e-01
6.856508255004882812e-01
6.863698959350585938e-01
6.874436140060424805e-01
6.888510584831237793e-01
6.905750036239624023e-01
6.925743222236633301e-01
6.948216557502746582e-01
6.972641944885253906e-01
6.998696327209472656e-01
7.025727033615112305e-01
7.053185105323791504e-01
7.079992294311523438e-01
7.104904651641845703e-01
7.132509946823120117e-01
7.231128215789794922e-01
7.245415449142456055e-01
7.276940941810607910e-01
7.314046621322631836e-01
7.354347705841064453e-01
7.397500872611999512e-01
7.443072199821472168e-01
7.491309046745300293e-01
7.542065382003784180e-01
7.595200538635253906e-01
7.651025652885437012e-01
7.709205150604248047e-01
7.770052552223205566e-01
7.833353877067565918e-01
7.898829579353332520e-01
7.966768741607666016e-01
8.036640286445617676e-01
8.108909130096435547e-01
8.183199763298034668e-01
8.258820176124572754e-01
8.335964679718017578e-01
8.413895964622497559e-01
8.492554426193237305e-01
8.571608662605285645e-01
8.650724887847900391e-01
8.729561567306518555e-01
8.807528018951416016e-01
8.884768486022949219e-01
8.960695266723632812e-01
9.034990072250366211e-01
9.107323288917541504e-01
9.177401065826416016e-01
9.244731068611145020e-01
9.309408664703369141e-01
9.370919466018676758e-01
9.429671764373779297e-01
9.484657645225524902e-01
9.535302519798278809e-01
9.580991268157958984e-01
9.621445536613464355e-01
9.655911922454833984e-01
9.683744311332702637e-01
9.704229831695556641e-01
9.716814756393432617e-01
9.720921516418457031e-01
9.716106653213500977e-01
9.702122211456298828e-01
9.678922295570373535e-01
9.646706581115722656e-01
9.605912566184997559e-01
9.557013511657714844e-01
9.501195549964904785e-01
9.439265131950378418e-01
9.372389316558837891e-01
9.302009344100952148e-01
9.228686094284057617e-01
9.153366088867187500e-01
9.076625108718872070e-01
8.999724984169006348e-01
8.923021554946899414e-01
8.847060203552246094e-01
8.772262930870056152e-01
8.698968887329101562e-01
8.627460002899169922e-01
8.557942509651184082e-01
8.490826487541198730e-01
8.425770401954650879e-01
8.363330364227294922e-01
8.303160667419433594e-01
8.245533704757690430e-01
8.190695643424987793e-01
8.138297200202941895e-01
8.088741898536682129e-01
8.042440414428710938e-01
7.999595403671264648e-01
7.959203124046325684e-01
7.921501398086547852e-01
7.886118292808532715e-01
7.853196859359741211e-01
7.822333574295043945e-01
7.793571352958679199e-01
7.766468524932861328e-01
7.740904092788696289e-01
7.716721892356872559e-01
7.693493366241455078e-01
7.671175003051757812e-01
7.649477124214172363e-01
7.628239393234252930e-01
7.607333660125732422e-01
7.586694359779357910e-01
7.566270828247070312e-01
7.546051144599914551e-01
7.526052594184875488e-01
7.506313920021057129e-01
7.486553788185119629e-01
7.466987967491149902e-01
7.447822093963623047e-01
7.429105043411254883e-01
7.410904765129089355e-01
7.393260002136230469e-01
7.376236915588378906e-01
7.359859943389892578e-01
7.344185709953308105e-01
7.329233288764953613e-01
7.315046191215515137e-01
7.301635146141052246e-01
7.289036512374877930e-01
7.277258038520812988e-01
7.266331315040588379e-01
7.256292104721069336e-01
7.247096300125122070e-01
7.238810658454895020e-01
7.231402397155761719e-01
7.224925160408020020e-01
7.219357490539550781e-01
7.214739322662353516e-01
7.210531234741210938e-01
7.206924557685852051e-01
7.204239964485168457e-01
7.202513217926025391e-01
7.201759815216064453e-01
7.201995253562927246e-01
7.203232049942016602e-01
7.205522060394287109e-01
7.208842635154724121e-01
7.213265299797058105e-01
7.218775749206542969e-01
7.225443124771118164e-01
7.233238816261291504e-01
7.242272496223449707e-01
7.252481579780578613e-01
7.263993620872497559e-01
7.276755571365356445e-01
7.290830016136169434e-01
7.306272983551025391e-01
7.323103547096252441e-01
7.341369986534118652e-01
7.361113429069519043e-01
7.382366657257080078e-01
7.404833436012268066e-01
7.426535487174987793e-01
7.449983954429626465e-01
7.475015521049499512e-01
7.501767873764038086e-01
7.530279755592346191e-01
7.560591101646423340e-01
7.592732310295104980e-01
7.626742124557495117e-01
7.662647366523742676e-01
7.700464725494384766e-01
7.740216851234436035e-01
7.781910896301269531e-01
7.825554013252258301e-01
7.871132493019104004e-01
7.918630242347717285e-01
7.968009114265441895e-01
8.019241690635681152e-01
8.072258234024047852e-01
8.126757144927978516e-01
8.183094859123229980e-01
8.240937590599060059e-01
8.299922347068786621e-01
8.360387086868286133e-01
8.421925306320190430e-01
8.484189510345458984e-01
8.547888398170471191e-01
8.612110018730163574e-01
8.676375746726989746e-01
8.740977048873901367e-01
8.805425167083740234e-01
8.869230747222900391e-01
8.932663202285766602e-01
8.994984626770019531e-01
9.056456685066223145e-01
9.116600155830383301e-01
9.174976348876953125e-01
9.231823682785034180e-01
9.286718368530273438e-01
9.339261054992675781e-01
9.389708042144775391e-01
9.437670111656188965e-01
9.482849836349487305e-01
9.525472521781921387e-01
9.565100073814392090e-01
9.601815938949584961e-01
9.635543823242187500e-01
9.666346311569213867e-01
9.693940877914428711e-01
9.718436598777770996e-01
9.739901423454284668e-01
9.758175015449523926e-01
9.773370027542114258e-01
9.785540699958801270e-01
9.794769287109375000e-01
9.801044464111328125e-01
9.804479479789733887e-01
9.805142283439636230e-01
9.803125858306884766e-01
9.798526167869567871e-01
9.791408777236938477e-01
9.781941771507263184e-01
9.770206212997436523e-01
9.756313562393188477e-01
9.740304946899414062e-01
9.722426533699035645e-01
9.702721238136291504e-01
9.681204557418823242e-01
9.658153653144836426e-01
9.633581042289733887e-01
9.607574939727783203e-01
9.580228924751281738e-01
9.551612138748168945e-01
9.521803855895996094e-01
9.490875005722045898e-01
9.458895921707153320e-01
9.425916671752929688e-01
9.392005205154418945e-01
9.357218742370605469e-01
9.321613311767578125e-01
9.285390377044677734e-01
9.247595667839050293e-01
9.209086298942565918e-01
9.169948101043701172e-01
9.130228757858276367e-01
9.089985489845275879e-01
9.049268364906311035e-01
9.008125662803649902e-01
8.966606855392456055e-01
8.924765586853027344e-01
8.882645368576049805e-01
8.840293288230895996e-01
8.797757625579833984e-01
8.755068182945251465e-01
8.712279200553894043e-01
8.669426441192626953e-01
8.626544475555419922e-01
8.583837151527404785e-01
8.540999889373779297e-01
8.498240709304809570e-01
8.455743193626403809e-01
8.413218259811401367e-01
8.370845913887023926e-01
8.328823447227478027e-01
8.286844491958618164e-01
8.245096206665039062e-01
8.203595876693725586e-01
8.162515759468078613e-01
8.121574521064758301e-01
8.080933690071105957e-01
8.040761947631835938e-01
8.000840544700622559e-01
7.961369156837463379e-01
7.922398447990417480e-01
7.883663773536682129e-01
7.845318317413330078e-01
7.807508111000061035e-01
7.769970297813415527e-01
7.732840180397033691e-01
7.696275711059570312e-01
7.660006880760192871e-01
7.624169588088989258e-01
7.588782310485839844e-01
7.553964853286743164e-01
7.519588470458984375e-01
7.485551238059997559e-01
7.452076673507690430e-01
7.418946027755737305e-01
7.386382222175598145e-01
7.354149818420410156e-01
7.322481870651245117e-01
7.291250228881835938e-01
7.260335683822631836e-01
7.229949235916137695e-01
7.199854254722595215e-01
7.170253396034240723e-01
7.140902876853942871e-01
7.111972570419311523e-01
7.083240151405334473e-01
7.054840922355651855e-01
7.026626467704772949e-01
6.998441815376281738e-01
6.970395445823669434e-01
6.942222118377685547e-01
6.913564205169677734e-01
6.884323358535766602e-01
6.854811906814575195e-01
6.824824810028076172e-01
6.794111132621765137e-01
6.762744784355163574e-01
6.730405092239379883e-01
6.697207689285278320e-01
6.662981510162353516e-01
6.627604365348815918e-01
6.591356396675109863e-01
6.554235219955444336e-01
6.516414880752563477e-01
6.478161215782165527e-01
6.439626216888427734e-01
6.401410698890686035e-01
6.363732814788818359e-01
6.326909661293029785e-01
6.291242837905883789e-01
6.256844997406005859e-01
6.224154233932495117e-01
6.193159222602844238e-01
6.163924336433410645e-01
6.136465072631835938e-01
6.110683679580688477e-01
6.086671352386474609e-01
6.064265966415405273e-01
6.043386459350585938e-01
6.023941040039062500e-01
6.005776524543762207e-01
5.988918542861938477e-01
5.973220467567443848e-01
5.958616733551025391e-01
5.945024490356445312e-01
5.932388901710510254e-01
5.920943021774291992e-01
5.910956859588623047e-01
5.901806950569152832e-01
5.893489718437194824e-01
5.885965824127197266e-01
5.879226922988891602e-01
5.873256325721740723e-01
5.868033170700073242e-01
5.863574743270874023e-01
5.859863162040710449e-01
5.856907367706298828e-01
5.854700803756713867e-01
5.853250026702880859e-01
5.852565765380859375e-01
5.852658748626708984e-01
5.853528380393981934e-01
5.855193734169006348e-01
5.857649445533752441e-01
5.860933065414428711e-01
5.865038633346557617e-01
5.869991779327392578e-01
5.875794887542724609e-01
5.882466435432434082e-01
5.890027284622192383e-01
5.898494720458984375e-01
5.907874107360839844e-01
5.918194651603698730e-01
5.929453372955322266e-01
5.941692590713500977e-01
5.954910516738891602e-01
5.969138145446777344e-01
5.984378457069396973e-01
6.000654697418212891e-01
6.017984747886657715e-01
6.036393046379089355e-01
6.055882573127746582e-01
6.076343059539794922e-01
6.098048090934753418e-01
6.120713949203491211e-01
6.143599152565002441e-01
6.167669892311096191e-01
6.192954182624816895e-01
6.219287514686584473e-01
6.247001886367797852e-01
6.275960803031921387e-01
6.342026591300964355e-01
6.374695897102355957e-01
6.408436894416809082e-01
6.443636417388916016e-01
6.480093598365783691e-01
6.517823338508605957e-01
6.556797623634338379e-01
6.597024202346801758e-01
6.638255715370178223e-01
6.680932641029357910e-01
6.724821329116821289e-01
6.769900918006896973e-01
6.816140413284301758e-01
6.863530874252319336e-01
6.911775469779968262e-01
6.961365342140197754e-01
7.012006640434265137e-01
7.063662409782409668e-01
7.116303443908691406e-01
7.169591784477233887e-01
7.224053740501403809e-01
7.279362678527832031e-01
7.335152626037597656e-01
7.391982078552246094e-01
7.449470162391662598e-01
7.507272958755493164e-01
7.565918564796447754e-01
7.625029683113098145e-01
7.684239745140075684e-01
7.744071483612060547e-01
7.804158329963684082e-01
7.864097356796264648e-01
7.924425005912780762e-01
7.984746098518371582e-01
8.044666647911071777e-01
8.105899095535278320e-01
8.167027831077575684e-01
8.227400779724121094e-01
8.287533521652221680e-01
8.347021341323852539e-01
8.405489921569824219e-01
8.463441729545593262e-01
8.520489335060119629e-01
8.576278090476989746e-01
8.631288409233093262e-01
8.685144782066345215e-01
8.737534880638122559e-01
8.788889050483703613e-01
8.838895559310913086e-01
8.887246847152709961e-01
8.934362530708312988e-01
8.979729413986206055e-01
9.023744463920593262e-01
9.065936207771301270e-01
9.106687903404235840e-01
9.145553112030029297e-01
9.182905554771423340e-01
9.218516349792480469e-01
9.252226352691650391e-01
9.284349083900451660e-01
9.314562678337097168e-01
9.343184232711791992e-01
9.369940161705017090e-01
9.395109415054321289e-01
9.418478012084960938e-01
9.440308213233947754e-01
9.460430741310119629e-01
9.479092359542846680e-01
9.496166706085205078e-01
9.511892199516296387e-01
9.526184201240539551e-01
9.539266824722290039e-01
9.551098346710205078e-01
9.561875462532043457e-01
9.571580886840820312e-01
9.580372571945190430e-01
9.588212966918945312e-01
9.595168828964233398e-01
9.601103067398071289e-01
9.605895280838012695e-01
9.609200358390808105e-01
9.610549807548522949e-01
9.609318971633911133e-01
9.604763388633728027e-01
9.596039652824401855e-01
9.582560658454895020e-01
9.563907384872436523e-01
9.539945721626281738e-01
9.511386156082153320e-01
9.478736519813537598e-01
9.443299770355224609e-01
9.405906796455383301e-01
9.367173910140991211e-01
9.328148365020751953e-01
9.288844466209411621e-01
9.249919056892395020e-01
9.211295247077941895e-01
9.172784686088562012e-01
9.134769439697265625e-01
9.096782803535461426e-01
9.059155583381652832e-01
9.021613001823425293e-01
8.983904123306274414e-01
8.946359157562255859e-01
8.908535838127136230e-01
8.870785236358642578e-01
8.832883834838867188e-01
8.794623017311096191e-01
8.756357431411743164e-01
8.717706799507141113e-01
8.679047822952270508e-01
8.640182614326477051e-01
8.600924015045166016e-01
8.561658263206481934e-01
8.522021174430847168e-01
8.482390642166137695e-01
8.442594408988952637e-01
8.402450084686279297e-01
8.362351655960083008e-01
8.322134017944335938e-01
8.281592130661010742e-01
8.241156339645385742e-01
8.200619816780090332e-01
8.160010576248168945e-01
8.119153976440429688e-01
8.078437447547912598e-01
8.037700653076171875e-01
7.996734380722045898e-01
7.955970764160156250e-01
7.916335463523864746e-01
7.876836061477661133e-01
7.837190032005310059e-01
7.797795534133911133e-01
7.758470177650451660e-01
7.719023823738098145e-01
7.679866552352905273e-01
7.640798687934875488e-01
7.601656317710876465e-01
7.562816739082336426e-01
7.524116635322570801e-01
7.485542297363281250e-01
7.446928024291992188e-01
7.408658862113952637e-01
7.370557785034179688e-01
7.332436442375183105e-01
7.294686436653137207e-01
7.257120609283447266e-01
7.219766378402709961e-01
7.182421088218688965e-01
7.145490050315856934e-01
7.108768224716186523e-01
7.072113752365112305e-01
7.035879492759704590e-01
6.999902129173278809e-01
6.964190006256103516e-01
6.928572058677673340e-01
6.893425583839416504e-01
6.858572959899902344e-01
6.824035644531250000e-01
6.789813637733459473e-01
6.755775809288024902e-01
6.722244024276733398e-01
6.689089536666870117e-01
6.656301021575927734e-01
6.623913645744323730e-01
6.591763496398925781e-01
6.560190916061401367e-01
6.529032588005065918e-01
6.498305201530456543e-01
6.467997431755065918e-01
6.438122391700744629e-01
6.408517956733703613e-01
6.379476785659790039e-01
6.350820064544677734e-01
6.322541832923889160e-01
6.294613480567932129e-01
6.266887187957763672e-01
6.239584088325500488e-01
6.212563514709472656e-01
6.185774207115173340e-01
6.159218549728393555e-01
6.132725477218627930e-01
6.106603741645812988e-01
6.080842614173889160e-01
6.055231094360351562e-01
6.029776930809020996e-01
6.004338860511779785e-01
5.979192256927490234e-01
5.954215526580810547e-01
5.929418206214904785e-01
5.904822349548339844e-01
5.880435705184936523e-01
5.856179594993591309e-01
5.832310318946838379e-01
5.808731317520141602e-01
5.785478353500366211e-01
5.762573480606079102e-01
5.740068554878234863e-01
5.718008875846862793e-01
5.696433782577514648e-01
5.675405263900756836e-01
5.654895901679992676e-01
5.635163784027099609e-01
5.616236329078674316e-01
5.598215460777282715e-01
5.581254959106445312e-01
5.565540790557861328e-01
5.551300048828125000e-01
5.538845658302307129e-01
5.528559684753417969e-01
5.520904660224914551e-01
5.516505241394042969e-01
5.515946149826049805e-01
5.519685745239257812e-01
5.527366995811462402e-01
5.536173582077026367e-01
5.537543296813964844e-01
5.513910055160522461e-01
5.445832014083862305e-01
5.336984395980834961e-01
5.223746895790100098e-01
5.134519934654235840e-01
5.073183774948120117e-01
5.031833648681640625e-01
5.002458691596984863e-01
4.979788362979888916e-01
4.960780739784240723e-01
4.943758845329284668e-01
4.927735924720764160e-01
4.912374019622802734e-01
4.897327125072479248e-01
4.882452785968780518e-01
4.867675304412841797e-01
4.852955341339111328e-01
4.838291704654693604e-01
4.823682606220245361e-01
4.809131622314453125e-01
4.794646501541137695e-01
4.780239462852478027e-01
4.765915870666503906e-01
4.751692712306976318e-01
4.737660586833953857e-01
4.724052548408508301e-01
4.710575640201568604e-01
4.697231352329254150e-01
4.684033691883087158e-01
4.670986235141754150e-01
4.658088684082031250e-01
4.645356833934783936e-01
4.632788896560668945e-01
4.620387554168701172e-01
4.608165621757507324e-01
4.596075713634490967e-01
4.584218561649322510e-01
4.572554826736450195e-01
4.561075568199157715e-01
4.549793601036071777e-01
4.538707137107849121e-01
4.527821838855743408e-01
4.517136812210083008e-01
4.506652355194091797e-01
4.496378302574157715e-01
4.486319422721862793e-01
4.476467072963714600e-01
4.466834962368011475e-01
4.457418918609619141e-01
4.448216557502746582e-01
4.438875615596771240e-01
4.429723322391510010e-01
4.420789182186126709e-01
4.412081241607666016e-01
4.403608441352844238e-01
4.395360648632049561e-01
4.387344717979431152e-01
4.379570484161376953e-01
4.372026920318603516e-01
4.364721477031707764e-01
4.357658326625823975e-01
4.350844919681549072e-01
4.344269633293151855e-01
4.337942898273468018e-01
4.331871867179870605e-01
4.326047003269195557e-01
4.320476055145263672e-01
4.315168261528015137e-01
4.310113489627838135e-01
4.305319190025329590e-01
4.300796091556549072e-01
4.296531975269317627e-01
4.292536377906799316e-01
4.288818836212158203e-01
4.285367727279663086e-01
4.282193183898925781e-01
4.279726147651672363e-01
4.277895390987396240e-01
4.276347756385803223e-01
4.275085926055908203e-01
4.274119436740875244e-01
4.273437559604644775e-01
4.273049831390380859e-01
4.272945225238800049e-01
4.273152351379394531e-01
4.273669123649597168e-01
4.274484515190124512e-01
4.275608658790588379e-01
4.277044534683227539e-01
4.278801977634429932e-01
4.280870258808135986e-01
4.283259212970733643e-01
4.285972416400909424e-01
4.289012551307678223e-01
4.292390048503875732e-01
4.296094477176666260e-01
4.300134778022766113e-01
4.304515719413757324e-01
4.309245944023132324e-01
4.314317405223846436e-01
4.319738447666168213e-01
4.325511753559112549e-01
4.331590235233306885e-01
4.338074028491973877e-01
4.344747662544250488e-01
4.351786077022552490e-01
4.359199404716491699e-01
4.366978406906127930e-01
4.375137388706207275e-01
4.383668303489685059e-01
4.392582178115844727e-01
4.401885867118835449e-01
4.411572813987731934e-01
4.421651363372802734e-01
4.432123899459838867e-01
4.443001449108123779e-01
4.454272687435150146e-01
4.465867877006530762e-01
4.477950334548950195e-01
4.490448832511901855e-01
4.503356218338012695e-01
4.516679346561431885e-01
4.530423879623413086e-01
4.544597566127777100e-01
4.559189081192016602e-01
4.574216604232788086e-01
4.589667618274688721e-01
4.605562090873718262e-01
4.621885120868682861e-01
4.638646543025970459e-01
4.655852913856506348e-01
4.673380553722381592e-01
4.691557288169860840e-01
4.710308313369750977e-01
4.729505777359008789e-01
4.749134182929992676e-01
4.769217967987060547e-01
4.789739549160003662e-01
4.810708761215209961e-01
4.832130074501037598e-01
4.853843748569488525e-01
4.876154363155364990e-01
4.898913502693176270e-01
4.922123551368713379e-01
4.945787489414215088e-01
4.969899058341979980e-01
4.994461238384246826e-01
5.019466876983642578e-01
5.044929385185241699e-01
5.070839524269104004e-01
5.097008943557739258e-01
5.123807787895202637e-01
5.151054263114929199e-01
5.178733468055725098e-01
5.206863880157470703e-01
5.235427618026733398e-01
5.264430642127990723e-01
5.293866395950317383e-01
5.323733687400817871e-01
5.353816747665405273e-01
5.384529232978820801e-01
5.415668487548828125e-01
5.446990132331848145e-01
5.478423833847045898e-01
5.510256290435791016e-01
5.542486310005187988e-01
5.575104951858520508e-01
5.608103871345520020e-01
5.641248822212219238e-01
5.675004720687866211e-01
5.709120035171508789e-01
5.743598937988281250e-01
5.778437256813049316e-01
5.813622474670410156e-01
5.849145650863647461e-01
5.885006785392761230e-01
5.920932292938232422e-01
5.957429409027099609e-01
5.994232296943664551e-01
6.031337976455688477e-01
6.068731546401977539e-01
6.106413602828979492e-01
6.144372820854187012e-01
6.182314753532409668e-01
6.220783591270446777e-01
6.259499192237854004e-01
6.298441290855407715e-01
6.337610483169555664e-01
6.376986503601074219e-01
6.416563987731933594e-01
6.456049084663391113e-01
6.495999693870544434e-01
6.536107659339904785e-01
6.576291322708129883e-01
6.616143584251403809e-01
6.656118631362915039e-01
6.696189045906066895e-01
6.736071705818176270e-01
6.776319742202758789e-01
6.816632747650146484e-01
6.856999993324279785e-01
6.897411942481994629e-01
6.937859058380126953e-01
6.978315114974975586e-01
7.018497586250305176e-01
7.058954834938049316e-01
7.099390625953674316e-01
7.139812111854553223e-01
7.180166840553283691e-01
7.220479846000671387e-01
7.259382605552673340e-01
7.297844290733337402e-01
7.336533069610595703e-01
7.375119328498840332e-01
7.413604855537414551e-01
7.451986670494079590e-01
7.490230798721313477e-01
7.528355717658996582e-01
7.566034197807312012e-01
7.603843212127685547e-01
7.641474008560180664e-01
7.678918242454528809e-01
7.716178894042968750e-01
7.753224968910217285e-01
7.789767384529113770e-01
7.826361656188964844e-01
7.862201929092407227e-01
7.896944284439086914e-01
7.931429743766784668e-01
7.965658307075500488e-01
7.999347448348999023e-01
8.033022880554199219e-01
8.066420555114746094e-01
8.099510073661804199e-01
8.132298588752746582e-01
8.164765238761901855e-01
8.196663856506347656e-01
8.228478431701660156e-01
8.259955644607543945e-01
8.291071653366088867e-01
8.321839570999145508e-01
8.352228999137878418e-01
8.382014632225036621e-01
8.410651683807373047e-01
8.437451720237731934e-01
8.463881611824035645e-01
8.489928245544433594e-01
8.515576124191284180e-01
8.540610671043395996e-01
8.565437197685241699e-01
8.589845299720764160e-01
8.613814711570739746e-01
8.637337684631347656e-01
8.660407066345214844e-01
8.682816624641418457e-01
8.704952001571655273e-01
8.726605772972106934e-01
8.747761249542236328e-01
8.768418431282043457e-01
8.788560628890991211e-01
8.808045983314514160e-01
8.827666640281677246e-01
8.846704959869384766e-01
8.865144252777099609e-01
8.882968425750732422e-01
8.900185823440551758e-01
8.916623592376708984e-01
8.932573795318603516e-01
8.947881460189819336e-01
8.962528705596923828e-01
8.976516127586364746e-01
8.989711403846740723e-01
9.002351760864257812e-01
9.014303684234619141e-01
9.025569558143615723e-01
9.036126732826232910e-01
9.045889973640441895e-01
9.055037498474121094e-01
9.063614606857299805e-01
9.071823954582214355e-01
9.079256653785705566e-01
9.085895419120788574e-01
9.091681241989135742e-01
9.096748232841491699e-01
9.101020693778991699e-01
9.104494452476501465e-01
9.107168316841125488e-01
9.109004735946655273e-01
9.110094308853149414e-01
9.110375046730041504e-01
9.109862446784973145e-01
9.108552932739257812e-01
9.106433391571044922e-01
9.103540778160095215e-01
9.099853038787841797e-01
9.095386862754821777e-01
9.090212583541870117e-01
9.085938334465026855e-01
9.080941677093505859e-01
9.075198173522949219e-01
9.068740010261535645e-01
9.061558246612548828e-01
9.053660035133361816e-01
9.045101404190063477e-01
9.035812020301818848e-01
9.025830626487731934e-01
9.015173316001892090e-01
9.003838300704956055e-01
8.991846442222595215e-01
8.979261517524719238e-01
8.965967297554016113e-01
8.952040672302246094e-01
8.937492966651916504e-01
8.922315835952758789e-01
8.906617760658264160e-01
8.890236616134643555e-01
8.873268961906433105e-01
8.855721950531005859e-01
8.837600946426391602e-01
8.819025158882141113e-01
8.799799680709838867e-01
8.780032992362976074e-01
8.759738802909851074e-01
8.738919496536254883e-01
8.717715144157409668e-01
8.695902228355407715e-01
8.673588633537292480e-01
8.650801181793212891e-01
8.627544045448303223e-01
8.603956103324890137e-01
8.579794168472290039e-01
8.555197119712829590e-01
8.530163168907165527e-01
8.504719138145446777e-01
8.479474186897277832e-01
8.455105423927307129e-01
8.430388569831848145e-01
8.405303955078125000e-01
8.379896879196166992e-01
8.354302644729614258e-01
8.328234553337097168e-01
8.301849365234375000e-01
8.275160789489746094e-01
8.248176574707031250e-01
8.221070170402526855e-01
8.193522691726684570e-01
8.165705204010009766e-01
8.137630224227905273e-01
8.109286427497863770e-01
8.080890774726867676e-01
8.052077889442443848e-01
8.023036718368530273e-01
7.993765473365783691e-01
7.964289188385009766e-01
7.934608459472656250e-01
7.904905080795288086e-01
7.874836325645446777e-01
7.844582796096801758e-01
7.814161181449890137e-01
7.783555984497070312e-01
7.752990722656250000e-01
7.722080945968627930e-01
7.691021561622619629e-01
7.659816145896911621e-01
7.628485560417175293e-01
7.597212791442871094e-01
7.565637826919555664e-01
7.533933520317077637e-01
7.502129077911376953e-01
7.470232248306274414e-01
7.438408732414245605e-01
7.406322956085205078e-01
7.374147772789001465e-01
7.341892123222351074e-01
7.309244871139526367e-01
7.275841236114501953e-01
7.242362499237060547e-01
7.208821177482604980e-01
7.175222039222717285e-01
7.141758799552917480e-01
7.108054161071777344e-01
7.074300050735473633e-01
7.040509581565856934e-01
7.006687521934509277e-01
6.973026990890502930e-01
6.939151883125305176e-01
6.905255913734436035e-01
6.871339678764343262e-01
6.837415099143981934e-01
6.803669929504394531e-01
6.769737601280212402e-01
6.735794544219970703e-01
6.701859831809997559e-01
6.667938232421875000e-01
6.634218692779541016e-01
6.600329279899597168e-01
6.566448211669921875e-01
6.532595157623291016e-01
6.498773694038391113e-01
6.465167403221130371e-01
6.431414484977722168e-01
6.397687196731567383e-01
6.364004611968994141e-01
6.330381631851196289e-01
6.296976208686828613e-01
6.263439059257507324e-01
6.229947209358215332e-01
6.196519136428833008e-01
6.163137555122375488e-01
6.130005717277526855e-01
6.096757650375366211e-01
6.063568592071533203e-01
6.030452847480773926e-01
5.997404456138610840e-01
5.964607000350952148e-01
5.931717157363891602e-01
5.898827910423278809e-01
5.866001844406127930e-01
5.833253264427185059e-01
5.800771117210388184e-01
5.768209695816040039e-01
5.735725760459899902e-01
5.703344345092773438e-01
5.671054720878601074e-01
5.639042258262634277e-01
5.606942772865295410e-01
5.574954152107238770e-01
5.543056130409240723e-01
5.511271953582763672e-01
5.479755401611328125e-01
5.448185801506042480e-01
5.416709184646606445e-01
5.385348796844482422e-01
5.354095101356506348e-01
5.323117375373840332e-01
5.292097330093383789e-01
5.261176824569702148e-01
5.230382680892944336e-01
5.199698209762573242e-01
5.169303417205810547e-01
5.138847231864929199e-01
5.108525753021240234e-01
5.078313946723937988e-01
5.048234462738037109e-01
5.018424391746520996e-01
4.988587200641632080e-01
4.958863258361816406e-01
4.929275512695312500e-01
4.899802803993225098e-01
4.870617091655731201e-01
4.841393828392028809e-01
4.812300503253936768e-01
4.783343672752380371e-01
4.754504561424255371e-01
4.725954830646514893e-01
4.697372019290924072e-01
4.668931066989898682e-01
4.640610218048095703e-01
4.612429141998291016e-01
4.584503173828125000e-01
4.556470513343811035e-01
4.528504014015197754e-01
4.500658512115478516e-01
4.472962319850921631e-01
4.445539414882659912e-01
4.418107569217681885e-01
4.390826523303985596e-01
4.363670647144317627e-01
4.336653053760528564e-01
4.309786856174468994e-01
4.283183217048645020e-01
4.256584048271179199e-01
4.230120778083801270e-01
4.203806221485137939e-01
4.177633523941040039e-01
4.151710867881774902e-01
4.125813245773315430e-01
4.100055098533630371e-01
4.074426591396331787e-01
4.048937857151031494e-01
4.023713171482086182e-01
3.998511731624603271e-01
3.973446786403656006e-01
3.948502540588378906e-01
3.923716247081756592e-01
3.899182379245758057e-01
3.874670267105102539e-01
3.850291371345520020e-01
3.826047182083129883e-01
3.801951706409454346e-01
3.778100907802581787e-01
3.754269778728485107e-01
3.730587959289550781e-01
3.707029223442077637e-01
3.683620393276214600e-01
3.660452365875244141e-01
3.637304902076721191e-01
3.614304065704345703e-01
3.591427505016326904e-01
3.568688929080963135e-01
3.546092510223388672e-01
3.523731231689453125e-01
3.501405119895935059e-01
3.479193449020385742e-01
3.457135260105133057e-01
3.435208797454833984e-01
3.413535952568054199e-01
3.392209112644195557e-01
3.371007740497589111e-01
3.349957764148712158e-01
3.329024910926818848e-01
3.308345675468444824e-01
3.287686407566070557e-01
3.267163038253784180e-01
3.246766030788421631e-01
3.226496577262878418e-01
3.206472396850585938e-01
3.186472058296203613e-01
3.166600763797760010e-01
3.146858513355255127e-01
3.127248883247375488e-01
3.107764720916748047e-01
3.088495433330535889e-01
3.069274723529815674e-01
3.050172328948974609e-01
3.031200766563415527e-01
3.012351691722869873e-01
2.993709146976470947e-01
2.975118756294250488e-01
2.956643998622894287e-01
2.938295304775238037e-01
2.920066416263580322e-01
2.901964783668518066e-01
2.884066700935363770e-01
2.866204380989074707e-01
2.848465442657470703e-01
2.830845713615417480e-01
2.813346385955810547e-01
2.796048223972320557e-01
2.778794169425964355e-01
2.761641740798950195e-01
2.744615077972412109e-01
2.727706432342529297e-01
2.710912823677062988e-01
2.694321274757385254e-01
2.677752971649169922e-01
2.661303579807281494e-01
2.644971311092376709e-01
2.628751099109649658e-01
2.612718641757965088e-01
2.596722543239593506e-01
2.580847740173339844e-01
2.565066218376159668e-01
2.549403011798858643e-01
2.533853352069854736e-01
2.518479228019714355e-01
2.504080533981323242e-01
2.489942461252212524e-01
2.475900948047637939e-01
2.461957633495330811e-01
2.448192536830902100e-01
2.434460520744323730e-01
2.420817315578460693e-01
2.407280802726745605e-01
2.393845915794372559e-01
2.380501329898834229e-01
2.367326170206069946e-01
2.354185581207275391e-01
2.341126352548599243e-01
2.328176796436309814e-01
2.315311580896377563e-01
2.302553653717041016e-01
2.289948761463165283e-01
2.277361750602722168e-01
2.264881283044815063e-01
2.252493202686309814e-01
2.240189164876937866e-01
2.227984368801116943e-01
2.215922027826309204e-01
2.203886806964874268e-01
2.191950529813766479e-01
2.180104702711105347e-01
2.168331444263458252e-01
2.156659215688705444e-01
2.145120650529861450e-01
2.133622020483016968e-01
2.122209668159484863e-01
2.110868692398071289e-01
2.099625915288925171e-01
2.088467627763748169e-01
2.077435404062271118e-01
2.066444307565689087e-01
2.055528610944747925e-01
2.044692337512969971e-01
2.033947110176086426e-01
2.023280858993530273e-01
2.012736052274703979e-01
2.002225667238235474e-01
1.991790831089019775e-01
1.981444358825683594e-01
1.971175521612167358e-01
1.960975974798202515e-01
1.950903087854385376e-01
1.940864771604537964e-01
1.930895298719406128e-01
1.921010017395019531e-01
1.911199390888214111e-01
1.901450604200363159e-01
1.891944110393524170e-01
1.882492899894714355e-01
1.873108893632888794e-01
1.863810271024703979e-01
1.854570358991622925e-01
1.845404952764511108e-01
1.836351156234741211e-01
1.827329099178314209e-01
1.818372309207916260e-01
1.809480935335159302e-01
1.800661832094192505e-01
1.791920065879821777e-01
1.783270984888076782e-01
1.774654090404510498e-01
1.766110062599182129e-01
1.757626533508300781e-01
1.749209314584732056e-01
1.740852296352386475e-01
1.732573658227920532e-01
1.724387258291244507e-01
1.716224849224090576e-01
1.708138287067413330e-01
1.700103431940078735e-01
1.692135334014892578e-01
1.684230417013168335e-01
1.676391214132308960e-01
1.668643057346343994e-01
1.660918742418289185e-01
1.653268337249755859e-01
1.645670086145401001e-01
1.638128310441970825e-01
1.630650013685226440e-01
1.623235642910003662e-01
1.615907400846481323e-01
1.608606725931167603e-01
1.601369082927703857e-01
1.594184786081314087e-01
1.587055474519729614e-01
1.579987257719039917e-01
1.572984009981155396e-01
1.566054224967956543e-01
1.559155583381652832e-01
1.552309542894363403e-01
1.545531600713729858e-01
1.538800299167633057e-01
1.532121449708938599e-01
1.525508761405944824e-01
1.518969386816024780e-01
1.512452960014343262e-01
1.505995243787765503e-01
1.499595195055007935e-01
1.493243724107742310e-01
1.486946046352386475e-01
1.480705738067626953e-01
1.474536210298538208e-01
1.468255221843719482e-01
1.461909264326095581e-01
1.455616354942321777e-01
1.449367552995681763e-01
1.443176418542861938e-01
1.437040716409683228e-01
1.430978477001190186e-01
1.424938142299652100e-01
1.418956369161605835e-01
1.413023173809051514e-01
1.407136172056198120e-01
1.401307582855224609e-01
1.395528763532638550e-01
1.389812082052230835e-01
1.384132802486419678e-01
1.378500759601593018e-01
1.372920423746109009e-01
1.367381513118743896e-01
1.361899673938751221e-01
1.356466114521026611e-01
1.351087540388107300e-01
1.345750242471694946e-01
1.340460479259490967e-01
1.335211247205734253e-01
1.330017298460006714e-01
1.324870139360427856e-01
1.319767236709594727e-01
1.314706504344940186e-01
1.309700161218643188e-01
1.304754912853240967e-01
1.299833506345748901e-01
1.294962614774703979e-01
1.290140300989151001e-01
1.285363882780075073e-01
1.280625164508819580e-01
1.275939643383026123e-01
1.271298974752426147e-01
1.266693174839019775e-01
1.262154281139373779e-01
1.257647871971130371e-01
1.253178268671035767e-01
1.248760297894477844e-01
1.244383603334426880e-01
1.240053921937942505e-01
1.235760375857353210e-01
1.231517940759658813e-01
1.227328851819038391e-01
1.223165467381477356e-01
1.219050213694572449e-01
1.214980334043502808e-01
1.210946142673492432e-01
1.206962466239929199e-01
1.203020885586738586e-01
1.199119463562965393e-01
1.195255815982818604e-01
1.191448643803596497e-01
1.187676489353179932e-01
1.183938756585121155e-01
1.180250570178031921e-01
1.176755502820014954e-01
1.173342540860176086e-01
1.169970855116844177e-01
1.166639849543571472e-01
1.163349896669387817e-01
1.160105317831039429e-01
1.156896576285362244e-01
1.153728663921356201e-01
1.150601133704185486e-01
1.147514209151268005e-01
1.144465431571006775e-01
1.141459271311759949e-01
1.138493567705154419e-01
1.135570257902145386e-01
1.132684573531150818e-01
1.129839122295379639e-01
1.127033829689025879e-01
1.124268546700477600e-01
1.121543347835540771e-01
1.118858084082603455e-01
1.116210520267486572e-01
1.113605126738548279e-01
1.111039295792579651e-01
1.108513399958610535e-01
1.106027364730834961e-01
1.103581190109252930e-01
1.101174727082252502e-01
1.098808124661445618e-01
1.096481308341026306e-01
1.094194352626800537e-01
1.091947108507156372e-01
1.089737489819526672e-01
1.087569892406463623e-01
1.085442081093788147e-01
1.083350032567977905e-01
1.081301495432853699e-01
1.079292818903923035e-01
1.077324077486991882e-01
1.075395196676254272e-01
1.073506250977516174e-01
1.071650162339210510e-01
1.069839149713516235e-01
1.068070232868194580e-01
1.066341251134872437e-01
1.064652502536773682e-01
1.063003912568092346e-01
1.061387658119201660e-01
1.059819161891937256e-01
1.058291047811508179e-01
1.056803390383720398e-01
1.055356189608573914e-01
1.053947508335113525e-01
1.052581593394279480e-01
1.051256060600280762e-01
1.049971580505371094e-01
1.048728004097938538e-01
1.047525256872177124e-01
1.046363562345504761e-01
1.045231148600578308e-01
1.044151410460472107e-01
1.043113321065902710e-01
1.042116433382034302e-01
1.041177585721015930e-01
1.040326356887817383e-01
1.039515733718872070e-01
1.038749739527702332e-01
1.038027107715606689e-01
1.037347391247749329e-01
1.036710962653160095e-01
1.036118194460868835e-01
1.035550609230995178e-01
1.035044491291046143e-01
1.034582555294036865e-01
1.034164950251579285e-01
1.033791378140449524e-01
1.033462062478065491e-01
1.033176332712173462e-01
1.032936722040176392e-01
1.032742261886596680e-01
1.032593548297882080e-01
1.032489910721778870e-01
1.032432094216346741e-01
1.032397076487541199e-01
1.032431200146675110e-01
1.032511517405509949e-01
1.032638326287269592e-01
1.032812446355819702e-01
1.033033281564712524e-01
1.033299714326858521e-01
1.033616140484809875e-01
1.033979877829551697e-01
1.034391820430755615e-01
1.034852787852287292e-01
1.035361960530281067e-01
1.035918146371841431e-01
1.036525592207908630e-01
1.037176027894020081e-01
1.037883013486862183e-01
1.038640141487121582e-01
1.039448454976081848e-01
1.040305718779563904e-01
1.041185706853866577e-01
1.042147055268287659e-01
1.043159961700439453e-01
1.044224947690963745e-01
1.045342162251472473e-01
1.046511754393577576e-01
1.047735735774040222e-01
1.049013063311576843e-01
1.050345003604888916e-01
1.051731035113334656e-01
1.053171753883361816e-01
1.054666861891746521e-01
1.056218296289443970e-01
1.057826057076454163e-01
1.059491112828254700e-01
1.061212047934532166e-01
1.062990128993988037e-01
1.064826324582099915e-01
1.066720038652420044e-01
1.068672910332679749e-01
1.070685237646102905e-01
1.072716936469078064e-01
1.074848026037216187e-01
1.077040061354637146e-01
1.079292446374893188e-01
1.081606671214103699e-01
1.083983331918716431e-01
1.086422353982925415e-01
1.089242920279502869e-01
1.092286482453346252e-01
1.095398887991905212e-01
1.098571643233299255e-01
1.101820543408393860e-01
1.105140224099159241e-01
1.108529642224311829e-01
1.111990585923194885e-01
1.115521565079689026e-01
1.119126379489898682e-01
1.122804060578346252e-01
1.126554459333419800e-01
1.130380406975746155e-01
1.134227365255355835e-01
1.138194799423217773e-01
1.142248064279556274e-01
1.146379187703132629e-01
1.150588169693946838e-01
1.154875233769416809e-01
1.159243062138557434e-01
1.163691729307174683e-01
1.168220862746238708e-01
1.172833815217018127e-01
1.177529767155647278e-01
1.182300299406051636e-01
1.187164038419723511e-01
1.192114502191543579e-01
1.197151467204093933e-01
1.202274188399314880e-01
1.207488253712654114e-01
1.212790012359619141e-01
1.218180432915687561e-01
1.223665922880172729e-01
1.229240074753761292e-01
1.234899461269378662e-01
1.240660995244979858e-01
1.246518567204475403e-01
1.252472400665283203e-01
1.258521378040313721e-01
1.264671385288238525e-01
1.270917654037475586e-01
1.277264952659606934e-01
1.283713281154632568e-01
1.290263086557388306e-01
1.296906322240829468e-01
1.303662508726119995e-01
1.310526728630065918e-01
1.317494511604309082e-01
1.324569731950759888e-01
1.331756561994552612e-01
1.339049935340881348e-01
1.346454918384552002e-01
1.353971958160400391e-01
1.361600905656814575e-01
1.369334757328033447e-01
1.377194076776504517e-01
1.385169327259063721e-01
1.393261253833770752e-01
1.401470601558685303e-01
1.409804075956344604e-01
1.418255418539047241e-01
1.426829546689987183e-01
1.435527354478836060e-01
1.444349139928817749e-01
1.453285217285156250e-01
1.462361216545104980e-01
1.471563130617141724e-01
1.480894982814788818e-01
1.490356326103210449e-01
1.499951481819152832e-01
1.509677916765213013e-01
1.519849598407745361e-01
1.530610173940658569e-01
1.541512608528137207e-01
1.552560627460479736e-01
1.563770174980163574e-01
1.575115472078323364e-01
1.586610376834869385e-01
1.598259657621383667e-01
1.610057950019836426e-01
1.622023135423660278e-01
1.634130030870437622e-01
1.646397709846496582e-01
1.658819466829299927e-01
1.671401411294937134e-01
1.684158593416213989e-01
1.697061210870742798e-01
1.710125952959060669e-01
1.723359078168869019e-01
1.736753135919570923e-01
1.750324964523315430e-01
1.764052957296371460e-01
1.777950227260589600e-01
1.792016327381134033e-01
1.806252002716064453e-01
1.820672899484634399e-01
1.835252791643142700e-01
1.850005239248275757e-01
1.864934861660003662e-01
1.880034953355789185e-01
1.895325034856796265e-01
1.910783499479293823e-01
1.926414817571640015e-01
1.942223310470581055e-01
1.958211660385131836e-01
1.974382698535919189e-01
1.990744322538375854e-01
2.007445096969604492e-01
2.024158388376235962e-01
2.041051834821701050e-01
2.058123499155044556e-01
2.075396776199340820e-01
2.092834562063217163e-01
2.110453248023986816e-01
2.128255218267440796e-01
2.146242856979370117e-01
2.164423614740371704e-01
2.182772755622863770e-01
2.201304733753204346e-01
2.220016419887542725e-01
2.238907814025878906e-01
2.258000373840332031e-01
2.277251332998275757e-01
2.296684980392456055e-01
2.316297739744186401e-01
2.336083501577377319e-01
2.356062233448028564e-01
2.376201450824737549e-01
2.396518290042877197e-01
2.417001575231552124e-01
2.437658458948135376e-01
2.458504289388656616e-01
2.479497641324996948e-01
2.500657737255096436e-01
2.521985173225402832e-01
2.543691992759704590e-01
2.565355002880096436e-01
2.587159574031829834e-01
2.609122693538665771e-01
2.631232738494873047e-01
2.653492689132690430e-01
2.675919532775878906e-01
2.698470354080200195e-01
2.721158862113952637e-01
2.743990719318389893e-01
2.766950130462646484e-01
2.790056467056274414e-01
2.813287377357482910e-01
2.836711108684539795e-01
2.860274612903594971e-01
2.883929908275604248e-01
2.907713949680328369e-01
2.931579947471618652e-01
2.955562472343444824e-01
2.979641258716583252e-01
3.003784418106079102e-01
3.028031289577484131e-01
3.052588403224945068e-01
3.076982498168945312e-01
3.101442754268646240e-01
3.125944733619689941e-01
3.150525391101837158e-01
3.175129294395446777e-01
3.199789822101593018e-01
3.224495053291320801e-01
3.249203562736511230e-01
3.273952007293701172e-01
3.298699855804443359e-01
3.323470354080200195e-01
3.348470032215118408e-01
3.373236954212188721e-01
3.397986292839050293e-01
3.422694504261016846e-01
3.447391986846923828e-01
3.472035825252532959e-01
3.496650457382202148e-01
3.521211743354797363e-01
3.545698523521423340e-01
3.570128977298736572e-01
3.594465255737304688e-01
3.618738353252410889e-01
3.643134534358978271e-01
3.667206466197967529e-01
3.691163957118988037e-01
3.714991807937622070e-01
3.738704919815063477e-01
3.762262165546417236e-01
3.785700201988220215e-01
3.808978796005249023e-01
3.832075297832489014e-01
3.855027854442596436e-01
3.877778649330139160e-01
3.900362551212310791e-01
3.922960758209228516e-01
3.945146501064300537e-01
3.967117667198181152e-01
3.988851606845855713e-01
4.010383486747741699e-01
4.031656384468078613e-01
4.052703082561492920e-01
4.073506891727447510e-01
4.094026088714599609e-01
4.114299416542053223e-01
4.134284257888793945e-01
4.154006242752075195e-01
4.173636138439178467e-01
4.192753136157989502e-01
4.211596846580505371e-01
4.230108261108398438e-01
4.248326122760772705e-01
4.266209304332733154e-01
4.283785223960876465e-01
4.301030337810516357e-01
4.317923486232757568e-01
4.334495961666107178e-01
4.350699782371520996e-01
4.366731643676757812e-01
4.382252991199493408e-01
4.397392570972442627e-01
4.412189424037933350e-01
4.426603317260742188e-01
4.440663754940032959e-01
4.454334676265716553e-01
4.467651844024658203e-01
4.480589032173156738e-01
4.493125081062316895e-01
4.505423009395599365e-01
4.517190158367156982e-01
4.528593719005584717e-01
4.539671540260314941e-01
4.551149010658264160e-01
4.562240839004516602e-01
4.572950303554534912e-01
4.583297669887542725e-01
4.593326449394226074e-01
4.602880179882049561e-01
4.612053334712982178e-01
4.620863199234008789e-01
4.629272520542144775e-01
4.637303650379180908e-01
4.644978046417236328e-01
4.652316868305206299e-01
4.659217298030853271e-01
4.665747582912445068e-01
4.671928584575653076e-01
4.677722454071044922e-01
4.683155417442321777e-01
4.688248038291931152e-01
4.692999124526977539e-01
4.697357714176177979e-01
4.701367318630218506e-01
4.705051481723785400e-01
4.708373844623565674e-01
4.711358845233917236e-01
4.714008867740631104e-01
4.716363251209259033e-01
4.718358218669891357e-01
4.720032811164855957e-01
4.721410870552062988e-01
4.722460210323333740e-01
4.723203778266906738e-01
4.723646938800811768e-01
4.723815321922302246e-01
4.723657965660095215e-01
4.723227620124816895e-01
4.722517728805541992e-01
4.721553623676300049e-01
4.720297455787658691e-01
4.718780517578125000e-01
4.717025458812713623e-01
4.714966416358947754e-01
4.712685346603393555e-01
4.710165560245513916e-01
4.707430303096771240e-01
4.704444110393524170e-01
4.701232910156250000e-01
4.697797298431396484e-01
4.694125056266784668e-01
4.690269231796264648e-01
4.686208665370941162e-01
4.681967496871948242e-01
4.677517414093017578e-01
4.672879576683044434e-01
4.668060243129730225e-01
4.663085341453552246e-01
4.657852053642272949e-01
4.652515947818756104e-01
4.647040367126464844e-01
4.641388356685638428e-01
4.635579884052276611e-01
4.629630446434020996e-01
4.623560309410095215e-01
4.617260098457336426e-01
4.610896408557891846e-01
4.604408740997314453e-01
4.597819447517395020e-01
4.591091573238372803e-01
4.584251046180725098e-01
4.577238857746124268e-01
4.570182561874389648e-01
4.563026428222656250e-01
4.555774331092834473e-01
4.548444151878356934e-01
4.540928006172180176e-01
4.533409774303436279e-01
4.525809884071350098e-01
4.518154561519622803e-01
4.510400593280792236e-01
4.502581954002380371e-01
4.494629204273223877e-01
4.486681222915649414e-01
4.478669762611389160e-01
4.470603764057159424e-01
4.462507665157318115e-01
4.454252719879150391e-01
4.446036815643310547e-01
4.437774121761322021e-01
4.429495632648468018e-01
4.421784281730651855e-01
4.414138495922088623e-01
4.406530857086181641e-01
4.398910105228424072e-01
4.391265511512756348e-01
4.383598566055297852e-01
4.375815689563751221e-01
4.368097782135009766e-01
4.360368251800537109e-01
4.352602064609527588e-01
4.344840645790100098e-01
4.336968958377838135e-01
4.329184889793395996e-01
4.321390390396118164e-01
4.313587248325347900e-01
4.305773675441741943e-01
4.297849237918853760e-01
4.290031492710113525e-01
4.282214343547821045e-01
4.274397194385528564e-01
4.266573190689086914e-01
4.258665740489959717e-01
4.250854253768920898e-01
4.243025481700897217e-01
4.235219359397888184e-01
4.227424263954162598e-01
4.219638109207153320e-01
4.211765229701995850e-01
4.203990995883941650e-01
4.196231961250305176e-01
4.188463389873504639e-01
4.180727899074554443e-01
4.172908663749694824e-01
4.165197610855102539e-01
4.157502949237823486e-01
4.149822294712066650e-01
4.142150282859802246e-01
4.134389460086822510e-01
4.126755893230438232e-01
4.119139611721038818e-01
4.111532866954803467e-01
4.103951752185821533e-01
4.096299111843109131e-01
4.088732898235321045e-01
4.081200361251831055e-01
4.073692858219146729e-01
4.066202640533447266e-01
4.058646857738494873e-01
4.051192402839660645e-01
4.043762683868408203e-01
4.036333262920379639e-01
4.028944671154022217e-01
4.021483659744262695e-01
4.014134705066680908e-01
4.006807804107666016e-01
3.999500870704650879e-01
3.992122709751129150e-01
3.984838128089904785e-01
3.977593779563903809e-01
3.970370292663574219e-01
3.963075876235961914e-01
3.955893814563751221e-01
3.948732912540435791e-01
3.941589593887329102e-01
3.934361636638641357e-01
3.927261233329772949e-01
3.920179307460784912e-01
3.913120329380035400e-01
3.905998170375823975e-01
3.898971378803253174e-01
3.891970217227935791e-01
3.884971737861633301e-01
3.877928853034973145e-01
3.870980143547058105e-01
3.864057362079620361e-01
3.857152462005615234e-01
3.850185275077819824e-01
3.843312561511993408e-01
3.836445510387420654e-01
3.829613029956817627e-01
3.822720050811767578e-01
3.815918862819671631e-01
3.809140622615814209e-01
3.802378177642822266e-01
3.795554935932159424e-01
3.788803219795227051e-01
3.782090246677398682e-01
3.775394558906555176e-01
3.768636882305145264e-01
3.761965334415435791e-01
3.755317032337188721e-01
3.748682141304016113e-01
3.741966187953948975e-01
3.735356628894805908e-01
3.728766143321990967e-01
3.722251653671264648e-01
3.716048598289489746e-01
3.709840774536132812e-01
3.703667223453521729e-01
3.697405457496643066e-01
3.691249787807464600e-01
3.685087263584136963e-01
3.678957819938659668e-01
3.672741055488586426e-01
3.666628599166870117e-01
3.660513460636138916e-01
3.654419183731079102e-01
3.648243248462677002e-01
3.642168939113616943e-01
3.636090159416198730e-01
3.630033135414123535e-01
3.623892962932586670e-01
3.617852032184600830e-01
3.611808717250823975e-01
3.605785071849822998e-01
3.599675297737121582e-01
3.593671917915344238e-01
3.587653338909149170e-01
3.581657707691192627e-01
3.575577139854431152e-01
3.569600880146026611e-01
3.563608825206756592e-01
3.557637333869934082e-01
3.551588952541351318e-01
3.545630574226379395e-01
3.539660573005676270e-01
3.533713519573211670e-01
3.527685999870300293e-01
3.521748185157775879e-01
3.515798449516296387e-01
3.509874641895294189e-01
3.503861129283905029e-01
3.497940599918365479e-01
3.492009043693542480e-01
3.486029803752899170e-01
3.480103611946105957e-01
3.474199473857879639e-01
3.468209207057952881e-01
3.462314903736114502e-01
3.456404805183410645e-01
3.450440764427185059e-01
3.444541096687316895e-01
3.438653349876403809e-01
3.432681262493133545e-01
3.426801264286041260e-01
3.420910239219665527e-01
3.414961993694305420e-01
3.409071564674377441e-01
3.403203785419464111e-01
3.397245705127716064e-01
3.391378223896026611e-01
3.385496139526367188e-01
3.379562795162200928e-01
3.373684287071228027e-01
3.367823958396911621e-01
3.361879289150238037e-01
3.356021940708160400e-01
3.350149989128112793e-01
3.344220519065856934e-01
3.338355720043182373e-01
3.332503139972686768e-01
3.326635062694549561e-01
3.320712447166442871e-01
3.314852118492126465e-01
3.309003710746765137e-01
3.303067982196807861e-01
3.297226130962371826e-01
3.291366398334503174e-01
3.285448849201202393e-01
3.279590010643005371e-01
3.273752033710479736e-01
3.267823159694671631e-01
3.261982500553131104e-01
3.256132006645202637e-01
3.250222206115722656e-01
3.244368135929107666e-01
3.238531351089477539e-01
3.232613801956176758e-01
3.226777911186218262e-01
3.220929205417633057e-01
3.215028643608093262e-01
3.209180831909179688e-01
3.203350305557250977e-01
3.197435140609741211e-01
3.191611170768737793e-01
3.185768127441406250e-01
3.179870545864105225e-01
3.174030482769012451e-01
3.168210387229919434e-01
3.162374198436737061e-01
3.156481981277465820e-01
3.150650560855865479e-01
3.144833445549011230e-01
3.138930499553680420e-01
3.133114874362945557e-01
3.127292394638061523e-01
3.121409118175506592e-01
3.115585446357727051e-01
3.109821081161499023e-01
3.104445338249206543e-01
3.099153339862823486e-01
3.093846142292022705e-01
3.088476657867431641e-01
3.083182871341705322e-01
3.077872097492218018e-01
3.072503805160522461e-01
3.067188858985900879e-01
3.061890006065368652e-01
3.056505024433135986e-01
3.051205575466156006e-01
3.045906722545623779e-01
3.040515780448913574e-01
3.035214245319366455e-01
3.029899895191192627e-01
3.024526834487915039e-01
3.019207715988159180e-01
3.013835251331329346e-01
3.008533418178558350e-01
3.003219068050384521e-01
2.997843921184539795e-01
2.992529571056365967e-01
2.987157404422760010e-01
2.981844842433929443e-01
2.976543009281158447e-01
2.971172630786895752e-01
2.965861856937408447e-01
2.960495054721832275e-01
2.955185770988464355e-01
2.949889004230499268e-01
2.944511771202087402e-01
2.939220666885375977e-01
2.933930158615112305e-01
2.928553521633148193e-01
2.923268079757690430e-01
2.917897999286651611e-01
2.912614345550537109e-01
2.907317280769348145e-01
2.901966571807861328e-01
2.896690070629119873e-01
2.891331017017364502e-01
2.886055111885070801e-01
2.880772650241851807e-01
2.875434160232543945e-01
2.870157659053802490e-01
2.864824533462524414e-01
2.859562635421752930e-01
2.854293584823608398e-01
2.848969399929046631e-01
2.843707203865051270e-01
2.838387191295623779e-01
2.833130359649658203e-01
2.827891409397125244e-01
2.822586297988891602e-01
2.817338109016418457e-01
2.812038362026214600e-01
2.806802093982696533e-01
2.801581919193267822e-01
2.796277999877929688e-01
2.791067063808441162e-01
2.785859405994415283e-01
2.780572474002838135e-01
2.775373458862304688e-01
2.770094573497772217e-01
2.764903604984283447e-01
2.759706377983093262e-01
2.754457890987396240e-01
2.749267220497131348e-01
2.744027674198150635e-01
2.738862633705139160e-01
2.733691036701202393e-01
2.728464603424072266e-01
2.723303735256195068e-01
2.718092501163482666e-01
2.712941467761993408e-01
2.707806825637817383e-01
2.702612280845642090e-01
2.697480022907257080e-01
2.692296504974365234e-01
2.687176465988159180e-01
2.682071924209594727e-01
2.676895260810852051e-01
2.671806514263153076e-01
2.666655778884887695e-01
2.661563456058502197e-01
2.656493484973907471e-01
2.651351392269134521e-01
2.646293640136718750e-01
2.641229331493377686e-01
2.636119127273559570e-01
2.631083726882934570e-01
2.625975012779235840e-01
2.620950639247894287e-01
2.615924179553985596e-01
2.610849440097808838e-01
2.605837881565093994e-01
2.600776553153991699e-01
2.595790326595306396e-01
2.590735554695129395e-01
2.585765719413757324e-01
2.580726444721221924e-01
2.575768232345581055e-01
2.570745348930358887e-01
2.565806806087493896e-01
2.560809254646301270e-01
2.555872499942779541e-01
2.550893723964691162e-01
2.545974254608154297e-01
2.541077136993408203e-01
2.536107599735260010e-01
2.531224787235260010e-01
2.526287734508514404e-01
2.521257102489471436e-01
2.516125738620758057e-01
2.511065304279327393e-01
2.505952715873718262e-01
2.500914931297302246e-01
2.495820671319961548e-01
2.490800768136978149e-01
2.485738098621368408e-01
2.480736374855041504e-01
2.475679665803909302e-01
2.470698505640029907e-01
2.465726584196090698e-01
2.460700720548629761e-01
2.455748617649078369e-01
2.450744062662124634e-01
2.445809841156005859e-01
2.440836429595947266e-01
2.435920685529708862e-01
2.430954873561859131e-01
2.426062226295471191e-01
2.421118021011352539e-01
2.416244894266128540e-01
2.411320507526397705e-01
2.406469136476516724e-01
2.401565760374069214e-01
2.396741062402725220e-01
2.391920238733291626e-01
2.387047111988067627e-01
2.382246255874633789e-01
2.377394437789916992e-01
2.372614890336990356e-01
2.367783486843109131e-01
2.363025099039077759e-01
2.358223199844360352e-01
2.353485226631164551e-01
2.348697185516357422e-01
2.343979775905609131e-01
2.339213490486145020e-01
2.334517687559127808e-01
2.329772412776947021e-01
2.325095832347869873e-01
2.320431023836135864e-01
2.315728366374969482e-01
2.311086505651473999e-01
2.306393831968307495e-01
2.301772683858871460e-01
2.297104299068450928e-01
2.292504310607910156e-01
2.287853956222534180e-01
2.283276021480560303e-01
2.278650254011154175e-01
2.274103462696075439e-01
2.269500344991683960e-01
2.264965772628784180e-01
2.260382920503616333e-01
2.255869656801223755e-01
2.251365631818771362e-01
2.246817201375961304e-01
2.242335826158523560e-01
2.237809002399444580e-01
2.233359813690185547e-01
2.228854745626449585e-01
2.224418073892593384e-01
2.219933569431304932e-01
2.215517312288284302e-01
2.211057692766189575e-01
2.206664085388183594e-01
2.202225178480148315e-01
2.197863608598709106e-01
2.193447500467300415e-01
2.189097851514816284e-01
2.184701263904571533e-01
2.180373221635818481e-01
2.176001667976379395e-01
2.171640098094940186e-01
2.167345434427261353e-01
2.163006663322448730e-01
2.158742845058441162e-01
2.154425829648971558e-01
2.150173187255859375e-01
2.145878970623016357e-01
2.141648828983306885e-01
2.137376517057418823e-01
2.133168876171112061e-01
2.128917425870895386e-01
2.124678790569305420e-01
2.120510637760162354e-01
2.116292864084243774e-01
2.112139016389846802e-01
2.107943892478942871e-01
2.103811502456665039e-01
2.099638134241104126e-01
2.095528244972229004e-01
2.091377377510070801e-01
2.087285965681076050e-01
2.083164900541305542e-01
2.079046666622161865e-01
2.074989229440689087e-01
2.070892602205276489e-01
2.066857516765594482e-01
2.062781453132629395e-01
2.058768570423126221e-01
2.054713070392608643e-01
2.050721347332000732e-01
2.046697139739990234e-01
2.042726576328277588e-01
2.038715928792953491e-01
2.034714967012405396e-01
2.030776143074035645e-01
2.026795744895935059e-01
2.022877931594848633e-01
2.018920630216598511e-01
2.015032619237899780e-01
2.011096328496932983e-01
2.007220536470413208e-01
2.003305554389953613e-01
1.999402046203613281e-01
1.995554864406585693e-01
1.991671472787857056e-01
1.987848728895187378e-01
1.983985453844070435e-01
1.980191916227340698e-01
1.976290196180343628e-01
1.972309052944183350e-01
1.968282014131546021e-01
1.964322030544281006e-01
1.960318982601165771e-01
1.956332027912139893e-01
1.952396631240844727e-01
1.948434412479400635e-01
1.944520920515060425e-01
1.940578967332839966e-01
1.936688870191574097e-01
1.932767927646636963e-01
1.928906142711639404e-01
1.925001591444015503e-01
1.921160370111465454e-01
1.917275786399841309e-01
1.913412064313888550e-01
1.909595876932144165e-01
1.905751228332519531e-01
1.901958137750625610e-01
1.898134946823120117e-01
1.894360482692718506e-01
1.890560537576675415e-01
1.886808127164840698e-01
1.883028596639633179e-01
1.879296451807022095e-01
1.875538229942321777e-01
1.871783435344696045e-01
1.868089884519577026e-01
1.864362657070159912e-01
1.860683560371398926e-01
1.856976449489593506e-01
1.853317320346832275e-01
1.849632710218429565e-01
1.845948994159698486e-01
1.842327862977981567e-01
1.838666647672653198e-01
1.835066080093383789e-01
1.831422895193099976e-01
1.827800422906875610e-01
1.824221760034561157e-01
1.820617318153381348e-01
1.817016899585723877e-01
1.813476383686065674e-01
1.809902489185333252e-01
1.806332617998123169e-01
1.802821308374404907e-01
1.799269318580627441e-01
1.795780211687088013e-01
1.792248189449310303e-01
1.788734048604965210e-01
1.785265356302261353e-01
1.781770884990692139e-01
1.778278946876525879e-01
1.774846464395523071e-01
1.771374195814132690e-01
1.767960488796234131e-01
1.764507889747619629e-01
1.761071830987930298e-01
1.757686287164688110e-01
1.754263639450073242e-01
1.750855147838592529e-01
1.747490912675857544e-01
1.744104027748107910e-01
1.740716993808746338e-01
1.737388074398040771e-01
1.734022498130798340e-01
1.730711460113525391e-01
1.727362722158432007e-01
1.724031418561935425e-01
1.720741242170333862e-01
1.717427372932434082e-01
1.714117079973220825e-01
1.710862070322036743e-01
1.707574576139450073e-01
1.704331487417221069e-01
1.701064109802246094e-01
1.697796732187271118e-01
1.694588065147399902e-01
1.691339761018753052e-01
1.688107103109359741e-01
1.684917658567428589e-01
1.681704074144363403e-01
1.678491532802581787e-01
1.675334721803665161e-01
1.672140359878540039e-01
1.669000685214996338e-01
1.665824055671691895e-01
1.662662774324417114e-01
1.659543365240097046e-01
1.656398326158523560e-01
1.653263717889785767e-01
1.650169044733047485e-01
1.647050529718399048e-01
1.643971800804138184e-01
1.640872806310653687e-01
1.637772917747497559e-01
1.634726226329803467e-01
1.631644964218139648e-01
1.628578007221221924e-01
1.625549346208572388e-01
1.622499972581863403e-01
1.619451045989990234e-01
1.616453081369400024e-01
1.613422483205795288e-01
1.610442101955413818e-01
1.607433110475540161e-01
1.604425609111785889e-01
1.601469367742538452e-01
1.598478108644485474e-01
1.595501750707626343e-01
1.592562645673751831e-01
1.589602380990982056e-01
1.586644053459167480e-01
1.583735495805740356e-01
1.580791771411895752e-01
1.577899754047393799e-01
1.574972271919250488e-01
1.572059392929077148e-01
1.569184213876724243e-01
1.566286087036132812e-01
1.563396006822586060e-01
1.560544669628143311e-01
1.557669788599014282e-01
1.554796546697616577e-01
1.551973819732666016e-01
1.549115478992462158e-01
1.546272337436676025e-01
1.543430984020233154e-01
1.540636718273162842e-01
1.537809222936630249e-01
1.534996181726455688e-01
1.532218605279922485e-01
1.529419273138046265e-01
1.526580452919006348e-01
1.523372530937194824e-01
1.520200073719024658e-01
1.517010480165481567e-01
1.513829678297042847e-01
1.510684937238693237e-01
1.507522314786911011e-01
1.504362374544143677e-01
1.501217633485794067e-01
1.498109102249145508e-01
1.494982093572616577e-01
1.491858363151550293e-01
1.488748341798782349e-01
1.485681682825088501e-01
1.482583582401275635e-01
1.479500532150268555e-01
1.476452797651290894e-01
1.473388373851776123e-01
1.470324993133544922e-01
1.467277109622955322e-01
1.464263498783111572e-01
1.461233198642730713e-01
1.458203494548797607e-01
1.455222368240356445e-01
1.452216953039169312e-01
1.449213773012161255e-01
1.446224302053451538e-01
1.443270444869995117e-01
1.440297663211822510e-01
1.437328457832336426e-01
1.434372961521148682e-01
1.431451737880706787e-01
1.428511887788772583e-01
1.425581425428390503e-01
1.422683894634246826e-01
1.419769078493118286e-01
1.416856348514556885e-01
1.413958221673965454e-01
1.411091834306716919e-01
1.408209651708602905e-01
1.405328959226608276e-01
1.402494013309478760e-01
1.399627774953842163e-01
1.396777927875518799e-01
1.393934488296508789e-01
1.391123533248901367e-01
1.388295590877532959e-01
