6.893395185470581055e-01
6.880673170089721680e-01
6.877681612968444824e-01
6.881413459777832031e-01
6.890193223953247070e-01
6.904211640357971191e-01
6.922926306724548340e-01
6.947678327560424805e-01
6.981477737426757812e-01
7.028416395187377930e-01
7.095881104469299316e-01
7.186393141746520996e-01
7.300481796264648438e-01
7.436092495918273926e-01
7.588052153587341309e-01
7.746298909187316895e-01
7.897560596466064453e-01
8.033952713012695312e-01
8.157352209091186523e-01
8.273242712020874023e-01
8.389380574226379395e-01
8.509416580200195312e-01
8.633436560630798340e-01
8.755658268928527832e-01
8.867995142936706543e-01
8.960549235343933105e-01
9.027472138404846191e-01
9.063610434532165527e-01
9.066128134727478027e-01
9.034811258316040039e-01
8.971694707870483398e-01
8.880600333213806152e-01
8.766658306121826172e-01
8.635342717170715332e-01
8.491929173469543457e-01
8.342537283897399902e-01
8.192248940467834473e-01
8.047093152999877930e-01
7.908332943916320801e-01
7.779035568237304688e-01
7.662405371665954590e-01
7.559844851493835449e-01
7.469182610511779785e-01
7.384998798370361328e-01
7.310910820960998535e-01
7.252018451690673828e-01
7.207384705543518066e-01
7.174767255783081055e-01
7.152138352394104004e-01
7.137768268585205078e-01
7.129496932029724121e-01
7.123408317565917969e-01
7.120447158813476562e-01
7.119386196136474609e-01
7.119513750076293945e-01
7.120865583419799805e-01
7.124271392822265625e-01
7.131772041320800781e-01
7.145455479621887207e-01
7.167000770568847656e-01
7.197756171226501465e-01
7.237515449523925781e-01
7.283840179443359375e-01
7.333162426948547363e-01
7.381342649459838867e-01
7.430930733680725098e-01
7.473328709602355957e-01
7.498179674148559570e-01
7.519856691360473633e-01
7.542276978492736816e-01
7.568321824073791504e-01
7.600099444389343262e-01
7.639876604080200195e-01
7.689127326011657715e-01
7.748018503189086914e-01
7.816404700279235840e-01
7.893849611282348633e-01
7.979632019996643066e-01
8.072577714920043945e-01
8.171715140342712402e-01
8.280804753303527832e-01
8.393600583076477051e-01
8.470618724822998047e-01
8.577116727828979492e-01
8.675863146781921387e-01
8.765954375267028809e-01
8.845468759536743164e-01
8.912457823753356934e-01
8.964647650718688965e-01
9.000946879386901855e-01
9.020702242851257324e-01
9.023458361625671387e-01
9.009464383125305176e-01
8.979288339614868164e-01
8.933677673339843750e-01
8.874611258506774902e-01
8.804268240928649902e-01
8.725164532661437988e-01
8.639506101608276367e-01
8.549963831901550293e-01
8.459169268608093262e-01
8.369299769401550293e-01
8.284135460853576660e-01
8.203632831573486328e-01
8.129205107688903809e-01
8.061413168907165527e-01
8.000819683074951172e-01
7.946851849555969238e-01
7.898630499839782715e-01
7.854107618331909180e-01
7.810032963752746582e-01
7.764748930931091309e-01
7.717168331146240234e-01
7.667126655578613281e-01
7.616336941719055176e-01
7.567046284675598145e-01
7.521939873695373535e-01
7.482651472091674805e-01
7.450118660926818848e-01
7.424952983856201172e-01
7.406452894210815430e-01
7.393984198570251465e-01
7.386873960494995117e-01
7.384316325187683105e-01
7.385455369949340820e-01
7.389411926269531250e-01
7.395227551460266113e-01
7.402002215385437012e-01
7.409092783927917480e-01
7.415002584457397461e-01
7.418848276138305664e-01
7.419793605804443359e-01
7.417281866073608398e-01
7.410964965820312500e-01
7.400785684585571289e-01
7.386941313743591309e-01
7.369969487190246582e-01
7.349515557289123535e-01
7.327124476432800293e-01
7.304121255874633789e-01
7.281492948532104492e-01
7.260225415229797363e-01
7.241305112838745117e-01
7.225509881973266602e-01
7.213524580001831055e-01
7.205932140350341797e-01
7.203194499015808105e-01
7.206159830093383789e-01
7.214481830596923828e-01
7.228316664695739746e-01
7.273017168045043945e-01
7.303159236907958984e-01
7.338844537734985352e-01
7.379741072654724121e-01
7.425761222839355469e-01
7.476660013198852539e-01
7.532123923301696777e-01
7.592492699623107910e-01
7.656582593917846680e-01
7.723421454429626465e-01
7.792343497276306152e-01
7.862323522567749023e-01
7.931880354881286621e-01
7.999411225318908691e-01
8.063172698020935059e-01
8.121182918548583984e-01
8.171189427375793457e-01
8.212364912033081055e-01
8.245816826820373535e-01
8.275275826454162598e-01
8.307304382324218750e-01
8.348243832588195801e-01
8.401235938072204590e-01
8.464427590370178223e-01
8.533264398574829102e-01
8.602420091629028320e-01
8.667631745338439941e-01
8.725594282150268555e-01
8.774613738059997559e-01
8.814092278480529785e-01
8.843885660171508789e-01
8.864175081253051758e-01
8.875542879104614258e-01
8.878575563430786133e-01
8.874055147171020508e-01
8.862820267677307129e-01
8.845686316490173340e-01
8.823587894439697266e-01
8.797265887260437012e-01
8.767563700675964355e-01
8.735560178756713867e-01
8.701505661010742188e-01
8.666115999221801758e-01
8.629700541496276855e-01
8.592836260795593262e-01
8.555745482444763184e-01
8.518755435943603516e-01
8.481956124305725098e-01
8.445474505424499512e-01
8.409435749053955078e-01
8.373944163322448730e-01
8.339142203330993652e-01
8.305090069770812988e-01
8.272085785865783691e-01
8.240392804145812988e-01
8.210316300392150879e-01
8.182103633880615234e-01
8.156229257583618164e-01
8.132939338684082031e-01
8.112491369247436523e-01
8.095101714134216309e-01
8.080911636352539062e-01
8.070014715194702148e-01
8.062343597412109375e-01
8.057160377502441406e-01
8.054246902465820312e-01
8.054150938987731934e-01
8.056534528732299805e-01
8.060935139656066895e-01
8.066827058792114258e-01
8.073510527610778809e-01
8.080159425735473633e-01
8.085755109786987305e-01
8.089106082916259766e-01
8.088783621788024902e-01
8.083283305168151855e-01
8.071282505989074707e-01
8.052826523780822754e-01
8.030807375907897949e-01
8.011552691459655762e-01
8.004224896430969238e-01
8.013556599617004395e-01
8.035389184951782227e-01
8.060636520385742188e-01
8.081737160682678223e-01
8.095358014106750488e-01
8.101122379302978516e-01
8.100088238716125488e-01
8.093941807746887207e-01
8.084285259246826172e-01
8.073001503944396973e-01
8.061802387237548828e-01
8.052704334259033203e-01
8.047441244125366211e-01
8.048723340034484863e-01
8.059607148170471191e-01
8.085381388664245605e-01
8.135101795196533203e-01
8.232393264770507812e-01
8.623138070106506348e-01
8.506680130958557129e-01
8.442911505699157715e-01
8.389087915420532227e-01
8.341571688652038574e-01
8.298892378807067871e-01
8.260268568992614746e-01
8.225297927856445312e-01
8.193827271461486816e-01
8.165791630744934082e-01
8.140971660614013672e-01
8.119331002235412598e-01
8.100740909576416016e-01
8.085092306137084961e-01
8.072356581687927246e-01
8.062458038330078125e-01
8.055362701416015625e-01
8.051062822341918945e-01
8.049544692039489746e-01
8.050847649574279785e-01
8.055118322372436523e-01
8.062502145767211914e-01
8.073490858078002930e-01
8.088383674621582031e-01
8.107097148895263672e-01
8.123836517333984375e-01
8.095669150352478027e-01
7.981567978858947754e-01
7.978550195693969727e-01
8.022769689559936523e-01
8.062089681625366211e-01
8.095828890800476074e-01
8.126413226127624512e-01
8.155733942985534668e-01
8.184536695480346680e-01
8.213537335395812988e-01
8.242844939231872559e-01
8.272889256477355957e-01
8.303620815277099609e-01
8.335160017013549805e-01
8.367431759834289551e-01
8.400311470031738281e-01
8.434010744094848633e-01
8.468266725540161133e-01
8.503286242485046387e-01
8.538896441459655762e-01
8.574929833412170410e-01
8.611567020416259766e-01
8.648502826690673828e-01
8.685916662216186523e-01
8.723617196083068848e-01
8.761392831802368164e-01
8.799419999122619629e-01
8.837355375289916992e-01
8.875473141670227051e-01
8.913547396659851074e-01
8.951218724250793457e-01
8.988631367683410645e-01
9.025419354438781738e-01
9.061599969863891602e-01
9.097051620483398438e-01
9.131648540496826172e-01
9.165265560150146484e-01
9.197661876678466797e-01
9.228947162628173828e-01
9.258874654769897461e-01
9.287320971488952637e-01
9.314167499542236328e-01
9.339305758476257324e-01
9.362546801567077637e-01
9.383978247642517090e-01
9.403426051139831543e-01
9.420624375343322754e-01
9.435664415359497070e-01
9.448565244674682617e-01
9.459275603294372559e-01
9.467921257019042969e-01
9.474486708641052246e-01
9.479026198387145996e-01
9.481591582298278809e-01
9.482308626174926758e-01
9.481292963027954102e-01
9.478632807731628418e-01
9.474472999572753906e-01
9.468951225280761719e-01
9.462208747863769531e-01
9.454395174980163574e-01
9.445647001266479492e-01
9.436141848564147949e-01
9.426019191741943359e-01
9.415451288223266602e-01
9.404653310775756836e-01
9.393691420555114746e-01
9.382700324058532715e-01
9.371783137321472168e-01
9.361105561256408691e-01
9.350757598876953125e-01
9.340849518775939941e-01
9.331481456756591797e-01
9.322745800018310547e-01
9.314730167388916016e-01
9.307513833045959473e-01
9.301179647445678711e-01
9.295771121978759766e-01
9.291362166404724121e-01
9.287994503974914551e-01
9.285714030265808105e-01
9.284550547599792480e-01
9.284538030624389648e-01
9.285675883293151855e-01
9.288107156753540039e-01
9.291759133338928223e-01
9.296545386314392090e-01
9.302387237548828125e-01
9.309287071228027344e-01
9.317124485969543457e-01
9.325882196426391602e-01
9.335393905639648438e-01
9.345620870590209961e-01
9.356392025947570801e-01
9.367511868476867676e-01
9.378895759582519531e-01
9.390269517898559570e-01
9.401473402976989746e-01
9.412291049957275391e-01
9.422494173049926758e-01
9.431846141815185547e-01
9.440107345581054688e-01
9.447038173675537109e-01
9.452406167984008789e-01
9.455987811088562012e-01
9.457659125328063965e-01
9.457254409790039062e-01
9.454597234725952148e-01
9.449560046195983887e-01
9.442048668861389160e-01
9.432001709938049316e-01
9.419397711753845215e-01
9.404241442680358887e-01
9.386586546897888184e-01
9.366505742073059082e-01
9.344111084938049316e-01
9.319531917572021484e-01
9.292928576469421387e-01
9.264470338821411133e-01
9.234349131584167480e-01
9.202860593795776367e-01
9.169989824295043945e-01
9.136152863502502441e-01
9.101315140724182129e-01
9.065896272659301758e-01
9.029829502105712891e-01
8.993520140647888184e-01
8.957105875015258789e-01
8.920879364013671875e-01
8.884543180465698242e-01
8.848471641540527344e-01
8.812642097473144531e-01
8.776997327804565430e-01
8.741882443428039551e-01
8.707104325294494629e-01
8.672968745231628418e-01
8.639273643493652344e-01
8.606311082839965820e-01
8.573849201202392578e-01
8.542168736457824707e-01
8.511049151420593262e-01
8.480727076530456543e-01
8.450990915298461914e-01
8.422065973281860352e-01
8.393837213516235352e-01
8.366306424140930176e-01
8.339462280273437500e-01
8.313300013542175293e-01
8.287822604179382324e-01
8.262999653816223145e-01
8.238543868064880371e-01
8.212651014328002930e-01
8.187251687049865723e-01
8.162510991096496582e-01
8.138331770896911621e-01
8.114703893661499023e-01
8.091614842414855957e-01
8.069057464599609375e-01
8.047015666961669922e-01
8.025479316711425781e-01
8.004441261291503906e-01
7.983888387680053711e-01
7.963810563087463379e-01
7.944195270538330078e-01
7.925036549568176270e-01
7.906321883201599121e-01
7.888035178184509277e-01
7.870180606842041016e-01
7.852742671966552734e-01
7.835770249366760254e-01
7.819139361381530762e-01
7.802900075912475586e-01
7.787097096443176270e-01
7.771614789962768555e-01
7.756503224372863770e-01
7.741752266883850098e-01
7.726987600326538086e-01
7.712583541870117188e-01
7.698578834533691406e-01
7.684878110885620117e-01
7.671520709991455078e-01
7.658538818359375000e-01
7.645848393440246582e-01
7.633519768714904785e-01
7.621474266052246094e-01
7.609744668006896973e-01
7.598353624343872070e-01
7.587227225303649902e-01
7.576407194137573242e-01
7.565908432006835938e-01
7.555667757987976074e-01
7.545711398124694824e-01
7.536055445671081543e-01
7.526647448539733887e-01
7.517527937889099121e-01
7.508667111396789551e-01
7.500061988830566406e-01
7.491687536239624023e-01
7.483577132225036621e-01
7.475705146789550781e-01
7.468052506446838379e-01
7.460644841194152832e-01
7.453515529632568359e-01
7.446655631065368652e-01
7.440001368522644043e-01
7.433556914329528809e-01
7.427320480346679688e-01
7.421265244483947754e-01
7.415417432785034180e-01
7.409750223159790039e-01
7.404269576072692871e-01
7.398968338966369629e-01
7.393843531608581543e-01
7.388901114463806152e-01
7.384120821952819824e-01
7.379519343376159668e-01
7.375075817108154297e-01
7.370805144309997559e-01
7.366689443588256836e-01
7.362741827964782715e-01
7.358946800231933594e-01
7.355316877365112305e-01
7.351836562156677246e-01
7.348520755767822266e-01
7.345354557037353516e-01
7.342351675033569336e-01
7.339497208595275879e-01
7.336808443069458008e-01
7.334268093109130859e-01
7.331892251968383789e-01
7.329655885696411133e-01
7.326599955558776855e-01
7.323682308197021484e-01
7.320935726165771484e-01
7.318354845046997070e-01
7.315956354141235352e-01
7.313734889030456543e-01
7.311689853668212891e-01
7.309815287590026855e-01
7.308129668235778809e-01
7.306622266769409180e-01
7.305296659469604492e-01
7.304152250289916992e-01
7.303185462951660156e-01
7.302406430244445801e-01
7.301810979843139648e-01
7.301398515701293945e-01
7.301145195960998535e-01
7.301089763641357422e-01
7.301223278045654297e-01
7.301512360572814941e-01
7.302006483078002930e-01
7.302671670913696289e-01
7.303490638732910156e-01
7.304517030715942383e-01
7.305714488029479980e-01
7.307084202766418457e-01
7.308583259582519531e-01
7.310290336608886719e-01
7.312160730361938477e-01
7.314159274101257324e-01
7.316437959671020508e-01
7.318998575210571289e-01
7.321669459342956543e-01
7.324539422988891602e-01
7.327561974525451660e-01
7.330688834190368652e-01
7.334014773368835449e-01
7.337484955787658691e-01
7.341077327728271484e-01
7.344865202903747559e-01
7.348804473876953125e-01
7.352916598320007324e-01
7.357153892517089844e-01
7.361564040184020996e-01
7.366207838058471680e-01
7.370996475219726562e-01
7.376046776771545410e-01
7.381275296211242676e-01
7.386779785156250000e-01
7.392504215240478516e-01
7.398503422737121582e-01
7.404851317405700684e-01
7.411482930183410645e-01
7.418513298034667969e-01
7.425885200500488281e-01
7.433731555938720703e-01
7.441974878311157227e-01
7.450777292251586914e-01
7.460054755210876465e-01
7.469905018806457520e-01
7.480452656745910645e-01
7.491603493690490723e-01
7.503557801246643066e-01
7.515710592269897461e-01
7.528482675552368164e-01
7.542058229446411133e-01
7.556589245796203613e-01
7.572220563888549805e-01
7.588828206062316895e-01
7.606670260429382324e-01
7.625610828399658203e-01
7.645790576934814453e-01
7.667408585548400879e-01
7.690273523330688477e-01
7.714563608169555664e-01
7.740311026573181152e-01
7.767580747604370117e-01
7.796549797058105469e-01
7.826958298683166504e-01
7.858982682228088379e-01
7.892631888389587402e-01
7.927918434143066406e-01
7.965013384819030762e-01
8.003556728363037109e-01
8.043685555458068848e-01
8.085356354713439941e-01
8.128525018692016602e-01
8.173332214355468750e-01
8.219255805015563965e-01
8.266416192054748535e-01
8.314688801765441895e-01
8.363944888114929199e-01
8.414260149002075195e-01
8.465017080307006836e-01
8.516255021095275879e-01
8.567794561386108398e-01
8.619428873062133789e-01
8.671208024024963379e-01
8.722544312477111816e-01
8.773599267005920410e-01
8.823845386505126953e-01
8.873075246810913086e-01
8.921079039573669434e-01
8.967657685279846191e-01
9.012615084648132324e-01
9.055764675140380859e-01
9.096964001655578613e-01
9.136058688163757324e-01
9.172921776771545410e-01
9.207448959350585938e-01
9.239555597305297852e-01
9.269176721572875977e-01
9.296269416809082031e-01
9.320807456970214844e-01
9.342789053916931152e-01
9.362225532531738281e-01
9.379151463508605957e-01
9.393608570098876953e-01
9.405661821365356445e-01
9.415377974510192871e-01
9.422842264175415039e-01
9.428144693374633789e-01
9.431382417678833008e-01
9.432657957077026367e-01
9.432077407836914062e-01
9.429747462272644043e-01
9.425778985023498535e-01
9.420281052589416504e-01
9.413359761238098145e-01
9.405121803283691406e-01
9.395665526390075684e-01
9.385097622871398926e-01
9.373506903648376465e-01
9.360988140106201172e-01
9.347680807113647461e-01
9.333561062812805176e-01
9.318641424179077148e-01
9.302471876144409180e-01
9.285688996315002441e-01
9.268357753753662109e-01
9.250608086585998535e-01
9.232354760169982910e-01
9.213718771934509277e-01
9.178050756454467773e-01
9.158629775047302246e-01
9.139073491096496582e-01
9.119253158569335938e-01
9.099283814430236816e-01
9.079191088676452637e-01
9.058995842933654785e-01
9.038718342781066895e-01
9.018465280532836914e-01
8.998086452484130859e-01
8.977678418159484863e-01
8.957254886627197266e-01
8.936830163002014160e-01
8.916409015655517578e-01
8.896093964576721191e-01
8.875709772109985352e-01
8.855353593826293945e-01
8.835031390190124512e-01
8.814743757247924805e-01
8.794580101966857910e-01
8.774374723434448242e-01
8.754212260246276855e-01
8.734180331230163574e-01
8.714116215705871582e-01
8.694094419479370117e-01
8.674198389053344727e-01
8.654268383979797363e-01
8.634386658668518066e-01
8.614630103111267090e-01
8.594841361045837402e-01
8.575096130371093750e-01
8.555476069450378418e-01
8.535831570625305176e-01
8.516224026679992676e-01
8.496740460395812988e-01
8.478282094001770020e-01
8.460112810134887695e-01
8.442099690437316895e-01
8.424087762832641602e-01
8.406155705451965332e-01
8.388382792472839355e-01
8.370614051818847656e-01
8.352932333946228027e-01
8.335411548614501953e-01
8.317905068397521973e-01
8.300494551658630371e-01
8.283251523971557617e-01
8.266038298606872559e-01
8.248928189277648926e-01
8.231996893882751465e-01
8.215109109878540039e-01
8.198407292366027832e-01
8.181759715080261230e-01
8.165305256843566895e-01
8.148913383483886719e-01
8.132726550102233887e-01
8.116612434387207031e-01
8.100643754005432129e-01
8.084894418716430664e-01
8.069224953651428223e-01
8.053775429725646973e-01
8.038420081138610840e-01
8.023285865783691406e-01
8.008255958557128906e-01
7.993447184562683105e-01
7.978745698928833008e-01
7.964264750480651855e-01
7.949891090393066406e-01
7.935737371444702148e-01
7.921687960624694824e-01
7.907852530479431152e-01
7.894119024276733398e-01
7.880588173866271973e-01
7.867155671119689941e-01
7.853913903236389160e-01
7.840760946273803711e-01
7.827785015106201172e-01
7.814887166023254395e-01
7.802153825759887695e-01
7.789483666419982910e-01
7.776898741722106934e-01
7.764449119567871094e-01
7.752047777175903320e-01
7.739764451980590820e-01
7.727513909339904785e-01
7.715362310409545898e-01
7.703272700309753418e-01
7.691176533699035645e-01
7.679163813591003418e-01
7.667142748832702637e-01
7.655178904533386230e-01
7.643237709999084473e-01
7.631252408027648926e-01
7.619320154190063477e-01
7.607329487800598145e-01
7.595369815826416016e-01
7.583400607109069824e-01
7.571358680725097656e-01
7.559340000152587891e-01
7.547239661216735840e-01
7.535154223442077637e-01
7.523025870323181152e-01
7.510815262794494629e-01
7.498612999916076660e-01
7.486317753791809082e-01
7.474029660224914551e-01
7.461696267127990723e-01
7.449282407760620117e-01
7.436866760253906250e-01
7.424372434616088867e-01
7.411895990371704102e-01
7.399387955665588379e-01
7.386816740036010742e-01
7.374268770217895508e-01
7.361677289009094238e-01
7.349125146865844727e-01
7.336584329605102539e-01
7.324029207229614258e-01
7.311549186706542969e-01
7.299128770828247070e-01
7.286729216575622559e-01
7.274468541145324707e-01
7.262310385704040527e-01
7.250288724899291992e-01
7.238399386405944824e-01
7.226736545562744141e-01
7.215310931205749512e-01
7.204112410545349121e-01
7.193272709846496582e-01
7.183814048767089844e-01
7.174879908561706543e-01
7.166417241096496582e-01
7.158545255661010742e-01
7.151327729225158691e-01
7.144832015037536621e-01
7.139208912849426270e-01
7.134549021720886230e-01
7.131001949310302734e-01
7.128707170486450195e-01
7.127843499183654785e-01
7.128583192825317383e-01
7.131189107894897461e-01
7.135802507400512695e-01
7.142704129219055176e-01
7.152200341224670410e-01
7.164409756660461426e-01
7.179604172706604004e-01
7.197968959808349609e-01
7.219738960266113281e-01
7.244614958763122559e-01
7.272503376007080078e-01
7.303136587142944336e-01
7.335342764854431152e-01
7.368167042732238770e-01
7.400062084197998047e-01
7.429319024085998535e-01
7.453513145446777344e-01
7.470745444297790527e-01
7.479227781295776367e-01
7.477676868438720703e-01
7.465488314628601074e-01
7.442977428436279297e-01
7.411106228828430176e-01
7.371334433555603027e-01
7.325441241264343262e-01
7.274962067604064941e-01
7.222084999084472656e-01
7.167993187904357910e-01
7.113835215568542480e-01
7.060454487800598145e-01
7.008465528488159180e-01
6.957989335060119629e-01
6.909767389297485352e-01
6.863616704940795898e-01
6.819559931755065918e-01
6.777540445327758789e-01
6.737285256385803223e-01
6.699059009552001953e-01
6.662559509277343750e-01
6.627634763717651367e-01
6.594191193580627441e-01
6.561934351921081543e-01
6.531141400337219238e-01
6.501696705818176270e-01
6.473278403282165527e-01
6.445811390876770020e-01
6.419073939323425293e-01
6.393269300460815430e-01
6.368197202682495117e-01
6.343796253204345703e-01
6.320018172264099121e-01
6.296803355216979980e-01
6.274021863937377930e-01
6.251842975616455078e-01
6.230118870735168457e-01
6.208823323249816895e-01
6.187915802001953125e-01
6.167386174201965332e-01
6.147212982177734375e-01
6.127367019653320312e-01
6.107832789421081543e-01
6.088507771492004395e-01
6.069535613059997559e-01
6.050841808319091797e-01
6.032396554946899414e-01
6.014193892478942871e-01
5.996221899986267090e-01
5.978462100028991699e-01
5.960919857025146484e-01
5.943583846092224121e-01
5.926371812820434570e-01
5.909426808357238770e-01
5.892657041549682617e-01
5.876072049140930176e-01
5.859662890434265137e-01
5.843424201011657715e-01
5.827352404594421387e-01
5.811440348625183105e-01
5.795676708221435547e-01
5.780012607574462891e-01
5.764567852020263672e-01
5.749272704124450684e-01
5.734124779701232910e-01
5.719113945960998535e-01
5.704248547554016113e-01
5.689529180526733398e-01
5.674949288368225098e-01
5.660505890846252441e-01
5.646130442619323730e-01
5.631956458091735840e-01
5.617918372154235840e-01
5.604013204574584961e-01
5.590238571166992188e-01
5.576587319374084473e-01
5.563070178031921387e-01
5.549685359001159668e-01
5.536429286003112793e-01
5.523299574851989746e-01
5.510298013687133789e-01
5.497415661811828613e-01
5.484662055969238281e-01
5.472127199172973633e-01
5.460074543952941895e-01
5.448150038719177246e-01
5.436346530914306641e-01
5.424670577049255371e-01
5.413118600845336914e-01
5.401684641838073730e-01
5.390377640724182129e-01
5.379190444946289062e-01
5.368120670318603516e-01
5.357177853584289551e-01
5.346320271492004395e-01
5.335623025894165039e-01
5.325053930282592773e-01
5.314601659774780273e-01
5.304275155067443848e-01
5.294069647789001465e-01
5.283988118171691895e-01
5.274026989936828613e-01
5.264183282852172852e-01
5.254465937614440918e-01
5.244876742362976074e-01
5.235404968261718750e-01
5.226061940193176270e-01
5.216841697692871094e-01
5.207739472389221191e-01
5.198361873626708984e-01
5.189070701599121094e-01
5.179894566535949707e-01
5.170841813087463379e-01
5.161919593811035156e-01
5.153114795684814453e-01
5.144432783126831055e-01
5.135882496833801270e-01
5.127449631690979004e-01
5.119141340255737305e-01
5.110959410667419434e-01
5.102910399436950684e-01
5.094978809356689453e-01
5.087175369262695312e-01
5.079504847526550293e-01
5.071955323219299316e-01
5.064532756805419922e-01
5.057246088981628418e-01
5.050081610679626465e-01
5.043044686317443848e-01
5.036146640777587891e-01
5.029369592666625977e-01
5.022723674774169922e-01
5.016217827796936035e-01
5.009834766387939453e-01
5.003585219383239746e-01
4.997955560684204102e-01
4.992860853672027588e-01
4.987898170948028564e-01
4.983065724372863770e-01
4.978373050689697266e-01
4.973805844783782959e-01
4.969370961189270020e-01
4.965079128742218018e-01
4.960911571979522705e-01
4.956886768341064453e-01
4.952990412712097168e-01
4.949229955673217773e-01
4.945606291294097900e-01
4.942128062248229980e-01
4.938780367374420166e-01
4.935572147369384766e-01
4.932503700256347656e-01
4.929575622081756592e-01
4.926796257495880127e-01
4.924151599407196045e-01
4.921650290489196777e-01
4.919292330741882324e-01
4.917086362838745117e-01
4.915018677711486816e-01
4.913097023963928223e-01
4.911322891712188721e-01
4.909689128398895264e-01
4.908206462860107422e-01
4.906690418720245361e-01
4.905323684215545654e-01
4.904114603996276855e-01
4.903049767017364502e-01
4.902143478393554688e-01
4.901384413242340088e-01
4.900779724121093750e-01
4.900337457656860352e-01
4.900044500827789307e-01
4.899909198284149170e-01
4.899932742118835449e-01
4.900122582912445068e-01
4.900466203689575195e-01
4.900955855846405029e-01
4.901623725891113281e-01
4.902462363243103027e-01
4.903459548950195312e-01
4.904623329639434814e-01
4.905954599380493164e-01
4.907461702823638916e-01
4.909131824970245361e-01
4.910979568958282471e-01
4.912993311882019043e-01
4.915187656879425049e-01
4.917549788951873779e-01
4.920088052749633789e-01
4.922804236412048340e-01
4.925667047500610352e-01
4.928833842277526855e-01
4.932319521903991699e-01
4.935984611511230469e-01
4.939811229705810547e-01
4.943825900554656982e-01
4.948010444641113281e-01
4.952372908592224121e-01
4.956919550895690918e-01
4.961591660976409912e-01
4.966491162776947021e-01
4.971572756767272949e-01
4.976837038993835449e-01
4.982290565967559814e-01
4.987923800945281982e-01
4.993743002414703369e-01
4.999746680259704590e-01
5.005940794944763184e-01
5.012327432632446289e-01
5.018836855888366699e-01
5.025597214698791504e-01
5.032553672790527344e-01
5.039690732955932617e-01
5.047032237052917480e-01
5.054561495780944824e-01
5.062286257743835449e-01
5.070208907127380371e-01
5.078324079513549805e-01
5.086559653282165527e-01
5.095064640045166016e-01
5.103769302368164062e-01
5.112459659576416016e-01
5.121067166328430176e-01
5.129867196083068848e-01
5.138865709304809570e-01
5.148051977157592773e-01
5.157430768013000488e-01
5.166917443275451660e-01
5.176686048507690430e-01
5.186644196510314941e-01
5.196797251701354980e-01
5.207151174545288086e-01
5.217694044113159180e-01
5.228429436683654785e-01
5.239364504814147949e-01
5.250388979911804199e-01
5.261703133583068848e-01
5.273210406303405762e-01
5.284908413887023926e-01
5.296796560287475586e-01
5.308877825736999512e-01
5.321155190467834473e-01
5.333505272865295410e-01
5.346152186393737793e-01
5.358991622924804688e-01
5.372011065483093262e-01
5.385217070579528809e-01
5.398607254028320312e-01
5.412178039550781250e-01
5.425812602043151855e-01
5.439750552177429199e-01
5.453858971595764160e-01
5.468082427978515625e-01
5.482086539268493652e-01
5.496254563331604004e-01
5.510569214820861816e-01
5.524915456771850586e-01
5.539539456367492676e-01
5.554305911064147949e-01
5.569218397140502930e-01
5.584280490875244141e-01
5.599483251571655273e-01
5.614820718765258789e-01
5.630169510841369629e-01
5.645778179168701172e-01
5.661518573760986328e-01
5.677402019500732422e-01
5.693397521972656250e-01
5.709527730941772461e-01
5.724437832832336426e-01
5.739255547523498535e-01
5.754354000091552734e-01
5.769569873809814453e-01
5.784910321235656738e-01
5.800378322601318359e-01
5.815960764884948730e-01
5.831671357154846191e-01
5.847339630126953125e-01
5.863270759582519531e-01
5.879308581352233887e-01
5.895453095436096191e-01
5.911711454391479492e-01
5.928064584732055664e-01
5.944356918334960938e-01
5.960901379585266113e-01
5.977001190185546875e-01
5.992283225059509277e-01
6.007640361785888672e-01
6.023080348968505859e-01
6.038432717323303223e-01
6.054016947746276855e-01
6.069681644439697266e-01
6.085407733917236328e-01
6.101208925247192383e-01
6.117067933082580566e-01
6.132835745811462402e-01
6.148819923400878906e-01
6.164869070053100586e-01
6.180965304374694824e-01
6.197123527526855469e-01
6.213324069976806641e-01
6.229411959648132324e-01
6.244844794273376465e-01
6.259118318557739258e-01
6.273522973060607910e-01
6.288057565689086914e-01
6.302714347839355469e-01
6.317335963249206543e-01
6.332235336303710938e-01
6.347258090972900391e-01
6.362398266792297363e-01
6.377651691436767578e-01
6.393020153045654297e-01
6.408326029777526855e-01
6.423910856246948242e-01
6.439607143402099609e-01
6.455397605895996094e-01
6.471292972564697266e-01
6.487280130386352539e-01
6.503274440765380859e-01
6.521050333976745605e-01
6.538940668106079102e-01
6.556935906410217285e-01
6.575029492378234863e-01
6.593226790428161621e-01
6.611336469650268555e-01
6.629700660705566406e-01
6.648149490356445312e-01
6.666660904884338379e-01
6.685240268707275391e-01
6.703709959983825684e-01
6.722397208213806152e-01
6.741130948066711426e-01
6.759905815124511719e-01
6.778705120086669922e-01
6.797361969947814941e-01
6.816197633743286133e-01
6.835467815399169922e-01
6.855857968330383301e-01
6.876199245452880859e-01
6.896480321884155273e-01
6.916523575782775879e-01
6.936653852462768555e-01
6.956697702407836914e-01
6.976627111434936523e-01
6.996448040008544922e-01
7.015974521636962891e-01
7.035529613494873047e-01
7.054928541183471680e-01
7.074161171913146973e-01
7.093220353126525879e-01
7.111947536468505859e-01
7.130620479583740234e-01
7.149086594581604004e-01
7.167329788208007812e-01
7.185347676277160645e-01
7.203359007835388184e-01
7.220932841300964355e-01
7.238341569900512695e-01
7.255433201789855957e-01
7.272204756736755371e-01
7.288645505905151367e-01
7.304621934890747070e-01
7.320382595062255859e-01
7.335785627365112305e-01
7.350831031799316406e-01
7.365511655807495117e-01
7.379815578460693359e-01
7.393637895584106445e-01
7.407182455062866211e-01
7.420338988304138184e-01
7.433100938796997070e-01
7.445462942123413086e-01
7.457329630851745605e-01
7.468883395195007324e-01
7.480029463768005371e-01
7.490760087966918945e-01
7.501072883605957031e-01
7.510889172554016113e-01
7.520366311073303223e-01
7.529417872428894043e-01
7.538046836853027344e-01
7.546250224113464355e-01
7.553961277008056641e-01
7.561315894126892090e-01
7.568241953849792480e-01
7.574741244316101074e-01
7.580814957618713379e-01
7.586413025856018066e-01
7.591640949249267578e-01
7.596446275711059570e-01
7.600832581520080566e-01
7.604799866676330566e-01
7.608386874198913574e-01
7.611845135688781738e-01
7.614935040473937988e-01
7.617660164833068848e-01
7.620030045509338379e-01
7.622022628784179688e-01
7.623695731163024902e-01
7.625022530555725098e-01
7.626016736030578613e-01
7.626679539680480957e-01
7.626996636390686035e-01
7.627015709877014160e-01
7.626720666885375977e-01
7.626117467880249023e-01
7.625207304954528809e-01
7.623999714851379395e-01
7.622509002685546875e-01
7.620735168457031250e-01
7.618678212165832520e-01
7.616354227066040039e-01
7.613765597343444824e-01
7.610915899276733398e-01
7.607816457748413086e-01
7.604470849037170410e-01
7.600885033607482910e-01
7.597058415412902832e-01
7.593021988868713379e-01
7.588753700256347656e-01
7.584269642829895020e-01
7.579571008682250977e-01
7.574674487113952637e-01
7.569597959518432617e-01
7.564315199851989746e-01
7.558839917182922363e-01
7.553191781044006348e-01
7.547371387481689453e-01
7.541396617889404297e-01
7.535247802734375000e-01
7.528941035270690918e-01
7.522483468055725098e-01
7.515715360641479492e-01
7.508584856986999512e-01
7.501292824745178223e-01
7.493845820426940918e-01
7.486250996589660645e-01
7.478538155555725098e-01
7.470659017562866211e-01
7.462642788887023926e-01
7.454496026039123535e-01
7.446225881576538086e-01
7.437863349914550781e-01
7.429355978965759277e-01
7.420741915702819824e-01
7.412011623382568359e-01
7.403180003166198730e-01
7.394279241561889648e-01
7.385253906250000000e-01
7.376133203506469727e-01
7.366925477981567383e-01
7.357637286186218262e-01
7.348300814628601074e-01
7.338857650756835938e-01
7.329337596893310547e-01
7.319748997688293457e-01
7.310098409652709961e-01
7.300417423248291016e-01
7.290646433830261230e-01
7.280815243721008301e-01
7.270932197570800781e-01
7.261013388633728027e-01
7.251068949699401855e-01
7.241050601005554199e-01
7.230985760688781738e-01
7.220888733863830566e-01
7.210749983787536621e-01
7.200613617897033691e-01
7.190416455268859863e-01
7.180185914039611816e-01
7.169935107231140137e-01
7.159655094146728516e-01
7.149387001991271973e-01
7.139072418212890625e-01
7.128633260726928711e-01
7.118145227432250977e-01
7.107645273208618164e-01
7.097175121307373047e-01
7.086676359176635742e-01
7.076169848442077637e-01
7.065672278404235840e-01
7.055170536041259766e-01
7.044714093208312988e-01
7.034222483634948730e-01
7.023746371269226074e-01
7.013271450996398926e-01
7.002813816070556641e-01
6.992391943931579590e-01
6.981958150863647461e-01
6.971529722213745117e-01
6.961123347282409668e-01
6.950725317001342773e-01
6.940373182296752930e-01
6.930015683174133301e-01
6.919667720794677734e-01
6.909346580505371094e-01
6.899036169052124023e-01
6.888783574104309082e-01
6.878513097763061523e-01
6.868271827697753906e-01
6.858043074607849121e-01
6.847845315933227539e-01
6.837688684463500977e-01
6.827535033226013184e-01
6.817394495010375977e-01
6.807286143302917480e-01
6.797191500663757324e-01
6.787156462669372559e-01
6.777107715606689453e-01
6.767082810401916504e-01
6.757090687751770020e-01
6.747112274169921875e-01
6.737192273139953613e-01
6.727259755134582520e-01
6.717360615730285645e-01
6.707473993301391602e-01
6.697620153427124023e-01
6.687794327735900879e-01
6.677907109260559082e-01
6.668002009391784668e-01
6.658116579055786133e-01
6.648272275924682617e-01
6.638473272323608398e-01
6.628678441047668457e-01
6.618922948837280273e-01
6.609185934066772461e-01
6.599479317665100098e-01
6.589809060096740723e-01
6.580178737640380859e-01
6.570553779602050781e-01
6.560952663421630859e-01
6.551387906074523926e-01
6.541848778724670410e-01
6.532336473464965820e-01
6.522844433784484863e-01
6.513375639915466309e-01
6.503918170928955078e-01
6.494485139846801758e-01
6.485091447830200195e-01
6.475707292556762695e-01
6.466342806816101074e-01
6.456977128982543945e-01
6.447649002075195312e-01
6.438348293304443359e-01
6.429052948951721191e-01
6.419765949249267578e-01
6.410489678382873535e-01
6.401238441467285156e-01
6.392010450363159180e-01
6.382776498794555664e-01
6.373562216758728027e-01
6.364346146583557129e-01
6.355152130126953125e-01
6.345980167388916016e-01
6.336790919303894043e-01
6.327620148658752441e-01
6.318443417549133301e-01
6.309276819229125977e-01
6.300122141838073730e-01
6.290980577468872070e-01
6.281831860542297363e-01
6.272665858268737793e-01
6.263520121574401855e-01
6.254374384880065918e-01
6.245272755622863770e-01
6.236609220504760742e-01
6.227942109107971191e-01
6.219295859336853027e-01
6.210631728172302246e-01
6.202010512351989746e-01
6.193352937698364258e-01
6.184698939323425293e-01
6.176037192344665527e-01
6.167364716529846191e-01
6.158731579780578613e-01
6.150057315826416016e-01
6.141381859779357910e-01
6.132693290710449219e-01
6.124003529548645020e-01
6.115298867225646973e-01
6.106603741645812988e-01
6.097891926765441895e-01
6.089155673980712891e-01
6.080414652824401855e-01
6.071653962135314941e-01
6.062899827957153320e-01
6.054124236106872559e-01
6.045320630073547363e-01
6.036507487297058105e-01
6.027671098709106445e-01
6.018824577331542969e-01
6.009980440139770508e-01
6.001089811325073242e-01
5.992187261581420898e-01
5.983257293701171875e-01
5.974313020706176758e-01
5.965370535850524902e-01
5.956389307975769043e-01
5.947366356849670410e-01
5.938326716423034668e-01
5.929269790649414062e-01
5.920181274414062500e-01
5.911111831665039062e-01
5.901967883110046387e-01
5.892803072929382324e-01
5.883619189262390137e-01
5.874401330947875977e-01
5.865195393562316895e-01
5.855922102928161621e-01
5.846633911132812500e-01
5.837297439575195312e-01
5.827937722206115723e-01
5.818555951118469238e-01
5.809171795845031738e-01
5.800881385803222656e-01
5.792754292488098145e-01
5.784589052200317383e-01
5.776383280754089355e-01
5.768193602561950684e-01
5.759934782981872559e-01
5.751628279685974121e-01
5.743297338485717773e-01
5.734935998916625977e-01
5.726528167724609375e-01
5.718136429786682129e-01
5.709672570228576660e-01
5.701156258583068848e-01
5.692621469497680664e-01
5.684038400650024414e-01
5.675434470176696777e-01
5.666835308074951172e-01
5.658143162727355957e-01
5.649431943893432617e-01
5.640685558319091797e-01
5.631891489028930664e-01
5.623073577880859375e-01
5.614259839057922363e-01
5.605357885360717773e-01
5.596433877944946289e-01
5.587475299835205078e-01
5.578463673591613770e-01
5.569432973861694336e-01
5.560400485992431641e-01
5.551300048828125000e-01
5.542165040969848633e-01
5.532978773117065430e-01
5.523774027824401855e-01
5.514534711837768555e-01
5.505295395851135254e-01
5.495988726615905762e-01
5.486642718315124512e-01
5.477254390716552734e-01
5.467846393585205078e-01
5.458403229713439941e-01
5.448964834213256836e-01
5.439453721046447754e-01
5.429900884628295898e-01
5.420329570770263672e-01
5.410725474357604980e-01
5.401076674461364746e-01
5.391457676887512207e-01
5.381759405136108398e-01
5.372019410133361816e-01
5.362260937690734863e-01
5.352472662925720215e-01
5.342639088630676270e-01
5.332964658737182617e-01
5.323232412338256836e-01
5.313466787338256836e-01
5.303688645362854004e-01
5.293866991996765137e-01
5.284018516540527344e-01
5.274198651313781738e-01
5.264304876327514648e-01
5.254374146461486816e-01
5.244415402412414551e-01
5.234432220458984375e-01
5.224437713623046875e-01
5.214458703994750977e-01
5.204400420188903809e-01
5.194330215454101562e-01
5.184224247932434082e-01
5.174096226692199707e-01
5.163940787315368652e-01
5.153779983520507812e-01
5.143643617630004883e-01
5.133424997329711914e-01
5.123200416564941406e-01
5.112941861152648926e-01
5.102665424346923828e-01
5.092370510101318359e-01
5.082066059112548828e-01
5.071794390678405762e-01
5.061442852020263672e-01
5.051090121269226074e-01
5.040707588195800781e-01
5.030307173728942871e-01
5.019893050193786621e-01
5.009474158287048340e-01
4.999093711376190186e-01
4.988637566566467285e-01
4.978179037570953369e-01
4.967696368694305420e-01
4.957201480865478516e-01
4.946696460247039795e-01
4.936192929744720459e-01
4.925727248191833496e-01
4.915190637111663818e-01
4.904642701148986816e-01
4.894101917743682861e-01
4.883538186550140381e-01
4.872967004776000977e-01
4.862402677536010742e-01
4.851884543895721436e-01
4.841291904449462891e-01
4.830698072910308838e-01
4.820109009742736816e-01
4.809503853321075439e-01
4.798896610736846924e-01
4.788297414779663086e-01
4.777747392654418945e-01
4.766947031021118164e-01
4.755989313125610352e-01
4.745032489299774170e-01
4.734062850475311279e-01
4.723109006881713867e-01
4.712158441543579102e-01
4.701276719570159912e-01
4.690320789813995361e-01
4.679379761219024658e-01
4.668444693088531494e-01
4.657503068447113037e-01
4.646579921245574951e-01
4.635661244392395020e-01
4.624805450439453125e-01
4.613901376724243164e-01
4.603006541728973389e-01
4.592118859291076660e-01
4.581227600574493408e-01
4.570360183715820312e-01
4.559500813484191895e-01
4.548706710338592529e-01
4.537868797779083252e-01
4.527040421962738037e-01
4.516213536262512207e-01
4.505411386489868164e-01
4.494619965553283691e-01
4.483841955661773682e-01
4.473065435886383057e-01
4.462315142154693604e-01
4.451647102832794189e-01
4.440914392471313477e-01
4.430207610130310059e-01
4.419516324996948242e-01
4.408841133117675781e-01
4.398168921470642090e-01
4.387527704238891602e-01
4.376901686191558838e-01
4.366282224655151367e-01
4.355760216712951660e-01
4.345188736915588379e-01
4.334622621536254883e-01
4.324087500572204590e-01
4.313570559024810791e-01
4.303074777126312256e-01
4.292585849761962891e-01
4.282129108905792236e-01
4.271760582923889160e-01
4.261332452297210693e-01
4.250938296318054199e-01
4.240562617778778076e-01
4.230197668075561523e-01
4.219868481159210205e-01
4.209557771682739258e-01
4.199271202087402344e-01
4.188995361328125000e-01
4.178819656372070312e-01
4.168601930141448975e-01
4.158392548561096191e-01
4.148220419883728027e-01
4.138283133506774902e-01
4.128416776657104492e-01
4.118574559688568115e-01
4.108750224113464355e-01
4.098948240280151367e-01
4.089236259460449219e-01
4.079476892948150635e-01
4.069742262363433838e-01
4.060026407241821289e-01
4.050332903861999512e-01
4.040664434432983398e-01
4.031014740467071533e-01
4.021388292312622070e-01
4.011850357055664062e-01
4.002265930175781250e-01
3.992704451084136963e-01
3.983166515827178955e-01
3.973649442195892334e-01
3.964155614376068115e-01
3.954682946205139160e-01
3.945233523845672607e-01
3.935805261135101318e-01
3.926467895507812500e-01
3.917083740234375000e-01
3.907720744609832764e-01
3.898380994796752930e-01
3.889062106609344482e-01
3.879763782024383545e-01
3.870488703250885010e-01
3.861236274242401123e-01
3.852004408836364746e-01
3.842795789241790771e-01
3.833604753017425537e-01
3.824436366558074951e-01
3.815355598926544189e-01
3.806229233741760254e-01
3.797122836112976074e-01
3.788036108016967773e-01
3.778970837593078613e-01
3.769925236701965332e-01
3.760892152786254883e-01
3.751887083053588867e-01
3.742900490760803223e-01
3.733934462070465088e-01
3.724984526634216309e-01
3.716054856777191162e-01
3.707211017608642578e-01
3.698318898677825928e-01
3.689444363117218018e-01
3.680586814880371094e-01
3.671745955944061279e-01
3.662926554679870605e-01
3.654118478298187256e-01
3.645330369472503662e-01
3.636555969715118408e-01
3.627796769142150879e-01
3.619054555892944336e-01
3.610326945781707764e-01
3.601681888103485107e-01
3.592984676361083984e-01
3.584298789501190186e-01
3.575628101825714111e-01
3.567071855068206787e-01
3.558741509914398193e-01
3.550425171852111816e-01
3.542115092277526855e-01
3.533810079097747803e-01
3.525514006614685059e-01
3.517224192619323730e-01
3.508939146995544434e-01
3.500733375549316406e-01
3.492460846900939941e-01
3.484191298484802246e-01
3.475923836231231689e-01
3.467660844326019287e-01
3.459400832653045654e-01
3.451141417026519775e-01
3.442883193492889404e-01
3.434624671936035156e-01
3.426362872123718262e-01
3.418101668357849121e-01
3.409838378429412842e-01
3.401646316051483154e-01
3.393374979496002197e-01
3.385100364685058594e-01
3.376821875572204590e-01
3.368535041809082031e-01
3.360243737697601318e-01
3.351947665214538574e-01
3.343638777732849121e-01
3.335322737693786621e-01
3.326997458934783936e-01
3.318659067153930664e-01
3.310312032699584961e-01
3.301956653594970703e-01
3.293584585189819336e-01
3.285192251205444336e-01
3.276792764663696289e-01
3.268378078937530518e-01
3.259945213794708252e-01
3.251498937606811523e-01
3.243107497692108154e-01
3.234622776508331299e-01
3.226119875907897949e-01
3.217597603797912598e-01
3.209055662155151367e-01
3.200491368770599365e-01
3.191903829574584961e-01
3.183295130729675293e-01
3.174660205841064453e-01
3.166002631187438965e-01
3.157319724559783936e-01
3.148610591888427734e-01
3.139875829219818115e-01
3.131112456321716309e-01
3.122318983078002930e-01
3.113499581813812256e-01
3.104650676250457764e-01
3.095770776271820068e-01
3.086859285831451416e-01
3.077917397022247314e-01
3.068942725658416748e-01
3.060010969638824463e-01
3.050971031188964844e-01
3.041896224021911621e-01
3.032785654067993164e-01
3.023641705513000488e-01
3.014461398124694824e-01
3.005245029926300049e-01
2.996096611022949219e-01
2.986961603164672852e-01
2.977781891822814941e-01
2.968552112579345703e-01
2.959281504154205322e-01
2.949965894222259521e-01
2.940603196620941162e-01
2.931196987628936768e-01
2.921746075153350830e-01
2.912246286869049072e-01
2.902704775333404541e-01
2.893116772174835205e-01
2.883484661579132080e-01
2.873886525630950928e-01
2.864161133766174316e-01
2.854394316673278809e-01
2.844579219818115234e-01
2.834723889827728271e-01
2.824823260307312012e-01
2.814877331256866455e-01
2.804891169071197510e-01
2.794860601425170898e-01
2.784788310527801514e-01
2.774671316146850586e-01
2.764514982700347900e-01
2.754316926002502441e-01
2.744076848030090332e-01
2.733800709247589111e-01
2.723484337329864502e-01
2.713128924369812012e-01
2.702734470367431641e-01
2.692304849624633789e-01
2.681837379932403564e-01
2.671335041522979736e-01
2.660798132419586182e-01
2.650226652622222900e-01
2.639620900154113770e-01
2.628986537456512451e-01
2.618319392204284668e-01
2.607622146606445312e-01
2.596895098686218262e-01
2.586142420768737793e-01
2.575358450412750244e-01
2.564549148082733154e-01
2.553716599941253662e-01
2.542859315872192383e-01
2.531979978084564209e-01
2.521077990531921387e-01
2.510155439376831055e-01
2.499214708805084229e-01
2.488254606723785400e-01
2.477281093597412109e-01
2.466287463903427124e-01
2.455280274152755737e-01
2.444261014461517334e-01
2.433227896690368652e-01
2.422189414501190186e-01
2.411137670278549194e-01
2.400079220533370972e-01
2.389015108346939087e-01
2.377943992614746094e-01
2.366873174905776978e-01
2.355794757604598999e-01
2.344720512628555298e-01
2.333638817071914673e-01
2.322559952735900879e-01
2.311490774154663086e-01
2.300420403480529785e-01
2.289361357688903809e-01
2.278302758932113647e-01
2.267253696918487549e-01
2.256361097097396851e-01
2.245692014694213867e-01
2.235051840543746948e-01
2.224430739879608154e-01
2.213836610317230225e-01
2.203265577554702759e-01
2.192721813917160034e-01
2.182204425334930420e-01
2.171718925237655640e-01
2.161267697811126709e-01
2.150845080614089966e-01
2.140452563762664795e-01
2.130096107721328735e-01
2.119774073362350464e-01
2.109491229057312012e-01
2.099242806434631348e-01
2.089032828807830811e-01
2.078859210014343262e-01
2.068727761507034302e-01
2.058642506599426270e-01
2.048593461513519287e-01
2.038586437702178955e-01
2.028623074293136597e-01
2.018704414367675781e-01
2.008835673332214355e-01
1.999007761478424072e-01
1.989226639270782471e-01
1.979491561651229858e-01
1.969806551933288574e-01
1.960175335407257080e-01
1.950590312480926514e-01
1.941052526235580444e-01
1.931565552949905396e-01
1.922129243612289429e-01
1.912743151187896729e-01
1.903416514396667480e-01
1.894065290689468384e-01
1.884837746620178223e-01
1.875664293766021729e-01
1.866546124219894409e-01
1.857486367225646973e-01
1.848476380109786987e-01
1.839521974325180054e-01
1.830622404813766479e-01
1.821777522563934326e-01
1.812996268272399902e-01
1.804264485836029053e-01
1.795588880777359009e-01
1.786970347166061401e-01
1.778409332036972046e-01
1.769910156726837158e-01
1.761463582515716553e-01
1.753073334693908691e-01
1.744740456342697144e-01
1.736466288566589355e-01
1.728256493806838989e-01
1.720097362995147705e-01
1.711995005607604980e-01
1.703955978155136108e-01
1.695970445871353149e-01
1.688048690557479858e-01
1.680179238319396973e-01
1.672367304563522339e-01
1.664612144231796265e-01
1.656856387853622437e-01
1.649225354194641113e-01
1.641644537448883057e-01
1.634120196104049683e-01
1.626654565334320068e-01
1.619246006011962891e-01
1.611900925636291504e-01
1.604606062173843384e-01
1.597368568181991577e-01
1.590186059474945068e-01
1.583061367273330688e-01
1.576000005006790161e-01
1.569001078605651855e-01
1.562238484621047974e-01
1.555532813072204590e-01
1.548873633146286011e-01
1.542274355888366699e-01
1.535721272230148315e-01
1.529228240251541138e-01
1.522786766290664673e-01
1.516391336917877197e-01
1.510054469108581543e-01
1.503710001707077026e-01
1.497476845979690552e-01
1.491294652223587036e-01
1.485155522823333740e-01
1.479072868824005127e-01
1.473033875226974487e-01
1.467052698135375977e-01
1.461119055747985840e-01
1.455228179693222046e-01
1.449393481016159058e-01
1.443598866462707520e-01
1.437860578298568726e-01
1.432118713855743408e-01
1.426475197076797485e-01
1.420879364013671875e-01
1.415322571992874146e-01
1.409819722175598145e-01
1.404354721307754517e-01
1.398943513631820679e-01
1.393577605485916138e-01
1.388247907161712646e-01
1.382971704006195068e-01
1.377731412649154663e-01
1.372542232275009155e-01
1.367347538471221924e-01
1.362245976924896240e-01
1.357187926769256592e-01
1.352163106203079224e-01
1.347189098596572876e-01
1.342249363660812378e-01
1.337357610464096069e-01
1.332508027553558350e-01
1.327693313360214233e-01
1.322923898696899414e-01
1.318187415599822998e-01
1.313498318195343018e-01
1.308801025152206421e-01
1.304190158843994141e-01
1.299618482589721680e-01
1.295077055692672729e-01
1.290580183267593384e-01
1.286113858222961426e-01
1.281693130731582642e-01
1.277307718992233276e-01
1.272952407598495483e-01
1.268641054630279541e-01
1.264357119798660278e-01
1.260116994380950928e-01
1.255875825881958008e-01
1.251698732376098633e-01
1.247562319040298462e-01
1.243453696370124817e-01
1.239386647939682007e-01
1.235346049070358276e-01
1.231345534324645996e-01
1.227378174662590027e-01
1.223435103893280029e-01
1.219531968235969543e-01
1.215653941035270691e-01
1.211781725287437439e-01
1.207973286509513855e-01
1.204189211130142212e-01
1.200443431735038757e-01
1.196719929575920105e-01
1.193035095930099487e-01
1.189371943473815918e-01
1.185745522379875183e-01
1.182148903608322144e-01
1.178574115037918091e-01
1.175003349781036377e-01
1.171485781669616699e-01
1.168003380298614502e-01
1.164573058485984802e-01
1.161479577422142029e-01
1.158412173390388489e-01
1.155368313193321228e-01
1.152357161045074463e-01
1.149334609508514404e-01
1.146366149187088013e-01
1.143419817090034485e-01
1.140506342053413391e-01
1.137608960270881653e-01
1.134734675288200378e-01
1.131889149546623230e-01
1.129032522439956665e-01
1.126226931810379028e-01
1.123443022370338440e-01
1.120688840746879578e-01
1.117948591709136963e-01
1.115229874849319458e-01
1.112540215253829956e-01
1.109837442636489868e-01
1.107181459665298462e-01
1.104547381401062012e-01
1.101940944790840149e-01
1.099347546696662903e-01
1.096773520112037659e-01
1.094218641519546509e-01
1.091665402054786682e-01
1.089150160551071167e-01
1.086654588580131531e-01
1.084183827042579651e-01
1.081725284457206726e-01
1.079285815358161926e-01
1.076864525675773621e-01
1.074468418955802917e-01
1.072056889533996582e-01
1.069689467549324036e-01
1.067339479923248291e-01
1.065012961626052856e-01
1.062696799635887146e-01
1.060398221015930176e-01
1.058122664690017700e-01
1.055833697319030762e-01
1.053583994507789612e-01
1.051351130008697510e-01
1.049141213297843933e-01
1.046940833330154419e-01
1.044756025075912476e-01
1.042585298418998718e-01
1.040414869785308838e-01
1.038276404142379761e-01
1.036152169108390808e-01
1.034049093723297119e-01
1.031955033540725708e-01
1.029875129461288452e-01
1.027809903025627136e-01
1.025765687227249146e-01
1.023705974221229553e-01
1.021682620048522949e-01
1.019680127501487732e-01
1.017684713006019592e-01
1.015701964497566223e-01
1.013733372092247009e-01
1.011784300208091736e-01
1.009820103645324707e-01
1.007890477776527405e-01
1.005973815917968750e-01
1.004076078534126282e-01
1.002184450626373291e-01
1.000305563211441040e-01
9.984238445758819580e-02
9.965690225362777710e-02
9.947264194488525391e-02
9.928957372903823853e-02
9.910821914672851562e-02
9.892544150352478027e-02
9.874586015939712524e-02
9.856737405061721802e-02
9.839066118001937866e-02
9.821441024541854858e-02
9.803929179906845093e-02
9.786386042833328247e-02
9.769091755151748657e-02
9.751903265714645386e-02
9.734814614057540894e-02
9.717897325754165649e-02
9.700831770896911621e-02
9.684053063392639160e-02
9.667380154132843018e-02
9.650869667530059814e-02
9.635706990957260132e-02
9.620837122201919556e-02
9.606178849935531616e-02
9.591662138700485229e-02
9.577223658561706543e-02
9.562870860099792480e-02
9.548407793045043945e-02
9.534205496311187744e-02
9.520086646080017090e-02
9.505986422300338745e-02
9.492018073797225952e-02
9.477942436933517456e-02
9.464127570390701294e-02
9.450383484363555908e-02
9.436710178852081299e-02
9.423109889030456543e-02
9.409348666667938232e-02
9.395888447761535645e-02
9.382503479719161987e-02
9.369189292192459106e-02
9.355935454368591309e-02
9.342578053474426270e-02
9.329465031623840332e-02
9.316357225179672241e-02
9.303376078605651855e-02
9.290459752082824707e-02
9.277610480785369873e-02
9.264643490314483643e-02
9.251918643712997437e-02
9.239255636930465698e-02
9.226596355438232422e-02
9.214057028293609619e-02
9.201407432556152344e-02
9.188985079526901245e-02
9.176628291606903076e-02
9.164328128099441528e-02
9.152083098888397217e-02
9.139671921730041504e-02
9.127544611692428589e-02
9.115474671125411987e-02
9.103453904390335083e-02
9.091496467590332031e-02
9.079426527023315430e-02
9.067517518997192383e-02
9.055719524621963501e-02
9.043975919485092163e-02
9.032279998064041138e-02
9.020481258630752563e-02
9.008894115686416626e-02
8.997356891632080078e-02
8.985815197229385376e-02
8.974380046129226685e-02
8.962833136320114136e-02
8.951494842767715454e-02
8.940207958221435547e-02
8.928968757390975952e-02
8.917617052793502808e-02
8.906419575214385986e-02
8.895323425531387329e-02
8.884274214506149292e-02
8.873111009597778320e-02
8.862153440713882446e-02
8.851242065429687500e-02
8.840368688106536865e-02
8.829341828823089600e-02
8.818562328815460205e-02
8.807822316884994507e-02
8.797132968902587891e-02
8.786332607269287109e-02
8.775722235441207886e-02
8.765155822038650513e-02
8.754584938287734985e-02
8.743954449892044067e-02
8.733510971069335938e-02
8.723112195730209351e-02
8.712752908468246460e-02
8.702284097671508789e-02
8.692004531621932983e-02
8.681716769933700562e-02
8.671513199806213379e-02
8.661206811666488647e-02
8.651083707809448242e-02
8.641000092029571533e-02
8.630950748920440674e-02
8.620798587799072266e-02
8.610778301954269409e-02
8.600840717554092407e-02
8.590943366289138794e-02
8.580941706895828247e-02
8.571112900972366333e-02
8.561326563358306885e-02
8.551572263240814209e-02
8.541664481163024902e-02
8.531984686851501465e-02
8.522338420152664185e-02
8.513153344392776489e-02
8.505033701658248901e-02
8.496894687414169312e-02
8.488830178976058960e-02
8.480606228113174438e-02
8.472595363855361938e-02
8.464563637971878052e-02
8.456604182720184326e-02
8.448489755392074585e-02
8.440586179494857788e-02
8.432660251855850220e-02
8.424803614616394043e-02
8.416795730590820312e-02
8.408993482589721680e-02
8.401166647672653198e-02
8.393412828445434570e-02
8.385507017374038696e-02
8.377800881862640381e-02
8.370079100131988525e-02
8.362425118684768677e-02
8.354614675045013428e-02
8.347012102603912354e-02
8.339387178421020508e-02
8.331827819347381592e-02
8.324118703603744507e-02
8.316611498594284058e-02
8.309083431959152222e-02
8.301617205142974854e-02
8.294010907411575317e-02
8.286596834659576416e-02
8.279161155223846436e-02
8.271795511245727539e-02
8.264283835887908936e-02
8.256964385509490967e-02
8.249624073505401611e-02
8.242350816726684570e-02
8.234935998916625977e-02
8.227708935737609863e-02
8.220466226339340210e-02
8.213169127702713013e-02
8.205968141555786133e-02
8.198838680982589722e-02
8.191569149494171143e-02
8.184485137462615967e-02
8.177386224269866943e-02
8.170233666896820068e-02
8.163182437419891357e-02
8.156192302703857422e-02
8.149070292711257935e-02
8.142135292291641235e-02
8.135177940130233765e-02
8.128174394369125366e-02
8.121267706155776978e-02
8.114428073167800903e-02
8.107458055019378662e-02
8.100669831037521362e-02
8.093864470720291138e-02
8.087011426687240601e-02
8.080256730318069458e-02
8.073572069406509399e-02
8.066755533218383789e-02
8.060122281312942505e-02
8.053474128246307373e-02
8.046778291463851929e-02
8.040183782577514648e-02
8.033656328916549683e-02
8.027113229036331177e-02
8.020531386137008667e-02
8.014047145843505859e-02
8.007629215717315674e-02
8.001090586185455322e-02
7.994730770587921143e-02
7.988360524177551270e-02
7.981950789690017700e-02
7.975637167692184448e-02
7.969394326210021973e-02
7.963037490844726562e-02
7.956854254007339478e-02
7.950663566589355469e-02
7.944443076848983765e-02
7.938311249017715454e-02
7.932253181934356689e-02
7.926092296838760376e-02
7.920096814632415771e-02
7.914097607135772705e-02
7.908075302839279175e-02
7.902141660451889038e-02
7.896283268928527832e-02
7.890327274799346924e-02
7.884541153907775879e-02
7.878747582435607910e-02
7.872938364744186401e-02
7.867218554019927979e-02
7.861576229333877563e-02
7.855932414531707764e-02
7.850275933742523193e-02
7.844707369804382324e-02
7.839219272136688232e-02
7.833641767501831055e-02
7.828230410814285278e-02
7.822826504707336426e-02
7.817412912845611572e-02
7.812088727951049805e-02
7.806868106126785278e-02
7.801772654056549072e-02
7.796850055456161499e-02
7.791943103075027466e-02
7.787045091390609741e-02
7.782287150621414185e-02
7.777543365955352783e-02
7.772817462682723999e-02
7.768186181783676147e-02
7.763650268316268921e-02
7.759059220552444458e-02
7.754641026258468628e-02
7.750283181667327881e-02
7.745868712663650513e-02
7.741628587245941162e-02
7.737413793802261353e-02
7.733225822448730469e-02
7.729131728410720825e-02
7.725072652101516724e-02
7.721144706010818481e-02
7.717245817184448242e-02
7.713381201028823853e-02
7.709612697362899780e-02
7.705882936716079712e-02
7.702249288558959961e-02
7.698718458414077759e-02
7.695195823907852173e-02
7.691768556833267212e-02
7.688390463590621948e-02
7.685104757547378540e-02
7.681926339864730835e-02
7.678729295730590820e-02
7.675699889659881592e-02
7.672744244337081909e-02
7.669769227504730225e-02
7.666967064142227173e-02
7.664150744676589966e-02
7.661500573158264160e-02
7.658889889717102051e-02
7.656349241733551025e-02
7.653938233852386475e-02
7.651524990797042847e-02
7.649273425340652466e-02
7.647071033716201782e-02
7.644946873188018799e-02
7.642913609743118286e-02
7.640962302684783936e-02
7.639134675264358521e-02
7.637359201908111572e-02
7.635673135519027710e-02
7.634077221155166626e-02
7.632569968700408936e-02
7.631154358386993408e-02
7.629868388175964355e-02
7.628646492958068848e-02
7.627507299184799194e-02
7.626475393772125244e-02
7.625532150268554688e-02
7.624722272157669067e-02
7.623945176601409912e-02
7.623333483934402466e-02
7.622821629047393799e-02
7.622352987527847290e-02
7.622045278549194336e-02
7.621783018112182617e-02
7.621682435274124146e-02
7.621651142835617065e-02
7.621751725673675537e-02
7.621931284666061401e-02
7.622251659631729126e-02
7.622691988945007324e-02
7.623206079006195068e-02
7.623860985040664673e-02
7.624601572751998901e-02
7.625493407249450684e-02
7.626464962959289551e-02
7.627587765455245972e-02
7.628835737705230713e-02
7.630163431167602539e-02
7.631655782461166382e-02
7.633227109909057617e-02
7.634955644607543945e-02
7.636786252260208130e-02
7.638770341873168945e-02
7.640895992517471313e-02
7.643095403909683228e-02
7.645466178655624390e-02
7.647950202226638794e-02
7.650585472583770752e-02
7.653313130140304565e-02
7.656242698431015015e-02
7.659285515546798706e-02
7.662457972764968872e-02
7.665775716304779053e-02
7.669201493263244629e-02
7.672841101884841919e-02
7.676554471254348755e-02
7.680484652519226074e-02
7.684530317783355713e-02
7.688727974891662598e-02
7.693073898553848267e-02
7.697579264640808105e-02
7.702227681875228882e-02
7.707046717405319214e-02
7.712011784315109253e-02
7.717190682888031006e-02
7.722433656454086304e-02
7.727938145399093628e-02
7.733512669801712036e-02
7.739289104938507080e-02
7.745255529880523682e-02
7.751370221376419067e-02
7.757722586393356323e-02
7.763461023569107056e-02
7.769249379634857178e-02
7.775134593248367310e-02
7.781276851892471313e-02
7.787518948316574097e-02
7.794023305177688599e-02
7.800626754760742188e-02
7.807537913322448730e-02
7.814510166645050049e-02
7.821754366159439087e-02
7.829101383686065674e-02
7.836637645959854126e-02
7.844465970993041992e-02
7.852389663457870483e-02
7.860613614320755005e-02
7.868935167789459229e-02
7.877601683139801025e-02
7.886321842670440674e-02
7.895365357398986816e-02
7.904501259326934814e-02
7.913964986801147461e-02
7.923523336648941040e-02
7.933419197797775269e-02
7.943405210971832275e-02
7.953741401433944702e-02
7.964205741882324219e-02
7.974853366613388062e-02
7.985867559909820557e-02
7.996970415115356445e-02
8.008448779582977295e-02
8.020013570785522461e-02
8.031968772411346436e-02
8.044006675481796265e-02
8.056481927633285522e-02
8.069005608558654785e-02
8.081939816474914551e-02
8.094958961009979248e-02
8.108399063348770142e-02
8.121923357248306274e-02
8.135882765054702759e-02
8.149919658899307251e-02
8.164224773645401001e-02
8.179020881652832031e-02
8.193857222795486450e-02
8.209165185689926147e-02
8.224549144506454468e-02
8.240409940481185913e-02
8.256354928016662598e-02
8.272790163755416870e-02
8.289305120706558228e-02
8.306328207254409790e-02
8.323470503091812134e-02
8.341091871261596680e-02
8.358790725469589233e-02
8.377030491828918457e-02
8.395343273878097534e-02
8.413960039615631104e-02
8.433140069246292114e-02
8.452399075031280518e-02
8.472231030464172363e-02
8.492179214954376221e-02
8.512677997350692749e-02
8.533246815204620361e-02
8.554422110319137573e-02
8.575677126646041870e-02
8.597550541162490845e-02
8.619499951601028442e-02
8.642093092203140259e-02
8.664795756340026855e-02
8.688119053840637207e-02
8.711511641740798950e-02
8.735582977533340454e-02
8.759726583957672119e-02
8.784565329551696777e-02
8.809802681207656860e-02
8.835104107856750488e-02
8.861134946346282959e-02
8.887277543544769287e-02
8.914126455783843994e-02
8.941035717725753784e-02
8.968717604875564575e-02
8.996471017599105835e-02
9.025011956691741943e-02
9.053618460893630981e-02
9.083046019077301025e-02
9.112913906574249268e-02
9.142895042896270752e-02
9.173683077096939087e-02
9.204535186290740967e-02
9.236255288124084473e-02
9.268043935298919678e-02
9.300725162029266357e-02
9.333468973636627197e-02
9.367129951715469360e-02
9.400865435600280762e-02
9.435590356588363647e-02
9.470782428979873657e-02
9.506049007177352905e-02
9.542291611433029175e-02
9.578602015972137451e-02
9.615930914878845215e-02
9.653312712907791138e-02
9.691741317510604858e-02
9.730229526758193970e-02
9.769848734140396118e-02
9.809473156929016113e-02
9.850203990936279297e-02
9.891540557146072388e-02
9.932929277420043945e-02
9.975471347570419312e-02
1.001807227730751038e-01
1.006185933947563171e-01
1.010575369000434875e-01
1.015081927180290222e-01
1.019594296813011169e-01
1.024232134222984314e-01
1.028936430811882019e-01
1.033648550510406494e-01
1.038490384817123413e-01
1.043337062001228333e-01
1.048320233821868896e-01
1.053312122821807861e-01
1.058391332626342773e-01
1.063359975814819336e-01
1.068461760878562927e-01
1.073573306202888489e-01
1.078822463750839233e-01
1.084154918789863586e-01
1.089484766125679016e-01
1.094969436526298523e-01
1.100452914834022522e-01
1.106095686554908752e-01
1.111736446619033813e-01
1.117542535066604614e-01
1.123350858688354492e-01
1.129316464066505432e-01
1.135292425751686096e-01
1.141429394483566284e-01
1.147658899426460266e-01
1.153886839747428894e-01
1.160296052694320679e-01
1.166701242327690125e-01
1.173293218016624451e-01
1.179882958531379700e-01
1.186662092804908752e-01
1.193437948822975159e-01
1.200411319732666016e-01
1.207381263375282288e-01
1.214550286531448364e-01
1.221816167235374451e-01
1.229092776775360107e-01
1.236571073532104492e-01
1.244047358632087708e-01
1.251738965511322021e-01
1.259425878524780273e-01
1.267333924770355225e-01
1.275348961353302002e-01
1.283372044563293457e-01
1.291612237691879272e-01
1.299861520528793335e-01
1.308336555957794189e-01
1.316934078931808472e-01
1.325530707836151123e-01
1.334372758865356445e-01
1.343331933021545410e-01
1.352300047874450684e-01
1.361517608165740967e-01
1.370857208967208862e-01
1.380207538604736328e-01
1.389811635017395020e-01
1.399420052766799927e-01
1.409292519092559814e-01
1.419308781623840332e-01
1.429320722818374634e-01
1.439616084098815918e-01
1.450048238039016724e-01
1.460490077733993530e-01
1.471211910247802734e-01
1.481942534446716309e-01
1.492964625358581543e-01
1.504144668579101562e-01
1.515326648950576782e-01
1.526807099580764771e-01
1.538458913564682007e-01
1.550100296735763550e-01
1.562068015336990356e-01
1.574197560548782349e-01
1.586331427097320557e-01
1.598788201808929443e-01
1.611256003379821777e-01
1.624057292938232422e-01
1.637040078639984131e-01
1.650014072656631470e-01
1.663350909948348999e-01
1.676859110593795776e-01
1.690370589494705200e-01
1.704257726669311523e-01
1.718126386404037476e-01
1.732379794120788574e-01
1.746826171875000000e-01
1.761262416839599609e-01
1.776090264320373535e-01
1.791125088930130005e-01
1.806136518716812134e-01
1.821564733982086182e-01
1.837192028760910034e-01
1.852814257144927979e-01
1.868850290775299072e-01
1.884878724813461304e-01
1.901335418224334717e-01
1.918011456727981567e-01
1.934659481048583984e-01
1.951771080493927002e-01
1.969093829393386841e-01
1.986392140388488770e-01
2.004161626100540161e-01
2.021899968385696411e-01
2.040108591318130493e-01
2.058548480272293091e-01
2.076967507600784302e-01
2.095860242843627930e-01
2.114996314048767090e-01
2.134095579385757446e-01
2.153697758913040161e-01
2.173532843589782715e-01
2.193344980478286743e-01
2.213649749755859375e-01
2.233927100896835327e-01
2.254726439714431763e-01
2.275765836238861084e-01
2.296761870384216309e-01
2.318285405635833740e-01
2.340067028999328613e-01
2.361781895160675049e-01
2.384052127599716187e-01
2.406561970710754395e-01
2.429016381502151489e-01
2.452027350664138794e-01
2.474966794252395630e-01
2.498469799757003784e-01
2.522228062152862549e-01
2.545893490314483643e-01
2.570153176784515381e-01
2.594659328460693359e-01
2.619049251079559326e-01
2.644047737121582031e-01
2.669282257556915283e-01
2.694407701492309570e-01
2.720127999782562256e-01
2.746089696884155273e-01
2.772281467914581299e-01
2.798360884189605713e-01
2.825030088424682617e-01
2.851937711238861084e-01
2.878689467906951904e-01
2.906060218811035156e-01
2.933615148067474365e-01
2.961195111274719238e-01
2.988615930080413818e-01
3.016647100448608398e-01
3.044897019863128662e-01
3.072967827320098877e-01
3.101646602153778076e-01
3.130530118942260742e-01
3.159623146057128906e-01
3.188500702381134033e-01
3.217985033988952637e-01
3.247647285461425781e-01
3.277510404586791992e-01
3.307118415832519531e-01
3.337312936782836914e-01
3.367680311203002930e-01
3.397767543792724609e-01
3.428424596786499023e-01
3.459227979183197021e-01
3.490166664123535156e-01
3.520793318748474121e-01
3.551964163780212402e-01
3.583254814147949219e-01
3.614191114902496338e-01
3.645658195018768311e-01
3.677199482917785645e-01
3.708819448947906494e-01
3.740034699440002441e-01
3.771756291389465332e-01
3.803494870662689209e-01
3.835266530513763428e-01
3.866593539714813232e-01
3.898381590843200684e-01
3.930142819881439209e-01
3.961432874202728271e-01
3.993134498596191406e-01
4.024775624275207520e-01
4.056348800659179688e-01
4.087407588958740234e-01
4.118804633617401123e-01
4.150092899799346924e-01
4.180811643600463867e-01
4.211851358413696289e-01
4.242713451385498047e-01
4.273418188095092773e-01
4.303508102893829346e-01
4.333828687667846680e-01
