7.193374633789062500e-01
7.106071114540100098e-01
7.008778452873229980e-01
6.909235119819641113e-01
6.814192533493041992e-01
6.728670597076416016e-01
6.654040217399597168e-01
6.590541005134582520e-01
6.538349390029907227e-01
6.497530937194824219e-01
6.471783518791198730e-01
6.460251212120056152e-01
6.461712718009948730e-01
6.476821899414062500e-01
6.506035923957824707e-01
6.549936532974243164e-01
6.608416438102722168e-01
6.680294275283813477e-01
6.764893531799316406e-01
6.861502528190612793e-01
6.969485282897949219e-01
7.085189819335937500e-01
7.211130857467651367e-01
7.347601652145385742e-01
7.495071887969970703e-01
7.651437520980834961e-01
7.817367911338806152e-01
7.989845275878906250e-01
8.163306713104248047e-01
8.329697251319885254e-01
8.480019569396972656e-01
8.611539006233215332e-01
8.729213476181030273e-01
8.831182122230529785e-01
8.911062479019165039e-01
8.966622352600097656e-01
8.999599814414978027e-01
9.012613892555236816e-01
9.008185267448425293e-01
8.988757133483886719e-01
8.956682682037353516e-01
8.913396000862121582e-01
8.859837651252746582e-01
8.796632885932922363e-01
8.724288344383239746e-01
8.643473982810974121e-01
8.555274009704589844e-01
8.461102247238159180e-01
8.362402319908142090e-01
8.261702060699462891e-01
8.159318566322326660e-01
8.054035902023315430e-01
7.947986721992492676e-01
7.842360734939575195e-01
7.738792896270751953e-01
7.639628648757934570e-01
7.548279166221618652e-01
7.470155358314514160e-01
7.412631511688232422e-01
7.362252473831176758e-01
7.279500365257263184e-01
7.192475199699401855e-01
7.121388912200927734e-01
7.062330842018127441e-01
7.010408043861389160e-01
6.963682174682617188e-01
6.920562982559204102e-01
6.879741549491882324e-01
6.840183734893798828e-01
6.801058650016784668e-01
6.761999726295471191e-01
6.722029447555541992e-01
6.681745052337646484e-01
6.641770601272583008e-01
6.602839827537536621e-01
6.565114855766296387e-01
6.526866555213928223e-01
6.483216881752014160e-01
6.434087753295898438e-01
6.391651034355163574e-01
6.364155411720275879e-01
6.345920562744140625e-01
6.335910558700561523e-01
6.333288550376892090e-01
6.337963342666625977e-01
6.350131630897521973e-01
6.370165944099426270e-01
6.398330926895141602e-01
6.434491872787475586e-01
6.478751897811889648e-01
6.531398296356201172e-01
6.592268943786621094e-01
6.661043763160705566e-01
6.737754940986633301e-01
6.821714639663696289e-01
6.913285851478576660e-01
7.011861205101013184e-01
7.116709947586059570e-01
7.227675914764404297e-01
7.343831062316894531e-01
7.464079856872558594e-01
7.588031291961669922e-01
7.713609933853149414e-01
7.839939594268798828e-01
7.965339422225952148e-01
8.088821768760681152e-01
8.208242058753967285e-01
8.322454094886779785e-01
8.429352045059204102e-01
8.527858257293701172e-01
8.616429567337036133e-01
8.694130182266235352e-01
8.759729266166687012e-01
8.812973499298095703e-01
8.853456974029541016e-01
8.881503343582153320e-01
8.897414207458496094e-01
8.902043104171752930e-01
8.896311521530151367e-01
8.881136775016784668e-01
8.857898712158203125e-01
8.827757835388183594e-01
8.792018890380859375e-01
8.751940727233886719e-01
8.708816766738891602e-01
8.663624525070190430e-01
8.617522120475769043e-01
8.571667671203613281e-01
8.527697324752807617e-01
8.485690951347351074e-01
8.446200489997863770e-01
8.410091996192932129e-01
8.377745747566223145e-01
8.349635004997253418e-01
8.325989246368408203e-01
8.306876420974731445e-01
8.292194604873657227e-01
8.280107378959655762e-01
8.270556926727294922e-01
8.262032866477966309e-01
8.251814842224121094e-01
8.236388564109802246e-01
8.211845159530639648e-01
8.174540400505065918e-01
8.122038245201110840e-01
8.054367303848266602e-01
7.973864078521728516e-01
7.884753942489624023e-01
7.791454195976257324e-01
7.697895169258117676e-01
7.526147365570068359e-01
7.444834113121032715e-01
7.368655204772949219e-01
7.297490835189819336e-01
7.230526804924011230e-01
7.167013287544250488e-01
7.106201648712158203e-01
7.048567533493041992e-01
6.992248296737670898e-01
6.936882734298706055e-01
6.881896257400512695e-01
6.826903820037841797e-01
6.771705150604248047e-01
6.716070771217346191e-01
6.659734249114990234e-01
6.602495908737182617e-01
6.544598937034606934e-01
6.486262679100036621e-01
6.427622437477111816e-01
6.368833780288696289e-01
6.310068368911743164e-01
6.251683831214904785e-01
6.193937659263610840e-01
6.137490272521972656e-01
6.082627177238464355e-01
6.029745340347290039e-01
5.979129672050476074e-01
5.931347608566284180e-01
5.886639356613159180e-01
5.845127701759338379e-01
5.807127952575683594e-01
5.772888660430908203e-01
5.742421150207519531e-01
5.715961456298828125e-01
5.693482756614685059e-01
5.675132274627685547e-01
5.660856962203979492e-01
5.650716423988342285e-01
5.644658207893371582e-01
5.642673969268798828e-01
5.643585920333862305e-01
5.648396015167236328e-01
5.657035708427429199e-01
5.669519305229187012e-01
5.685669183731079102e-01
5.705459117889404297e-01
5.728710889816284180e-01
5.755401253700256348e-01
5.785411000251770020e-01
5.818634629249572754e-01
5.854930281639099121e-01
5.894165635108947754e-01
5.935342907905578613e-01
5.979093313217163086e-01
6.025251746177673340e-01
6.073635816574096680e-01
6.124227643013000488e-01
6.176725029945373535e-01
6.231490969657897949e-01
6.289260387420654297e-01
6.351600885391235352e-01
6.421055793762207031e-01
6.500390768051147461e-01
6.591532826423645020e-01
6.692826151847839355e-01
6.799659729003906250e-01
6.908013224601745605e-01
7.014241814613342285e-01
7.116899490356445312e-01
7.216653823852539062e-01
7.313814759254455566e-01
7.408975958824157715e-01
7.502277493476867676e-01
7.594456672668457031e-01
7.685312628746032715e-01
7.774543762207031250e-01
7.862492203712463379e-01
7.948985099792480469e-01
8.033711314201354980e-01
8.116328120231628418e-01
8.196174502372741699e-01
8.273244500160217285e-01
8.347156643867492676e-01
8.418140411376953125e-01
8.485693335533142090e-01
8.550077676773071289e-01
8.610906004905700684e-01
8.668496608734130859e-01
8.722600340843200684e-01
8.773593902587890625e-01
8.821379542350769043e-01
8.866438269615173340e-01
8.908864259719848633e-01
8.949277997016906738e-01
8.988130092620849609e-01
9.026533365249633789e-01
9.066013693809509277e-01
9.110112190246582031e-01
9.168270230293273926e-01
9.356339573860168457e-01
9.402499794960021973e-01
9.430646896362304688e-01
9.451778531074523926e-01
9.466838240623474121e-01
9.476282596588134766e-01
9.480445384979248047e-01
9.479694962501525879e-01
9.474423527717590332e-01
9.465177059173583984e-01
9.452506899833679199e-01
9.437216520309448242e-01
9.420180916786193848e-01
9.402481317520141602e-01
9.385669827461242676e-01
9.371687769889831543e-01
9.363505840301513672e-01
9.365649223327636719e-01
9.385239481925964355e-01
9.431827664375305176e-01
9.506485462188720703e-01
9.547387957572937012e-01
9.430178403854370117e-01
9.229013323783874512e-01
9.081356525421142578e-01
8.991478085517883301e-01
8.933709263801574707e-01
8.891849517822265625e-01
8.858500719070434570e-01
8.829815387725830078e-01
8.804059624671936035e-01
8.780084252357482910e-01
8.757365942001342773e-01
8.735399842262268066e-01
8.713983297348022461e-01
8.692778944969177246e-01
8.671677708625793457e-01
8.650451898574829102e-01
8.629191517829895020e-01
8.607392311096191406e-01
8.584933876991271973e-01
8.561689257621765137e-01
8.537386655807495117e-01
8.511950969696044922e-01
8.485086560249328613e-01
8.456660509109497070e-01
8.426564335823059082e-01
8.394464850425720215e-01
8.360337615013122559e-01
8.323832154273986816e-01
8.284862637519836426e-01
8.243383765220642090e-01
8.199045062065124512e-01
8.151955008506774902e-01
8.101832270622253418e-01
8.048723936080932617e-01
7.992705702781677246e-01
7.933495640754699707e-01
7.871462106704711914e-01
7.806550264358520508e-01
7.738897800445556641e-01
7.668682336807250977e-01
7.596122622489929199e-01
7.521665692329406738e-01
7.445169091224670410e-01
7.367137670516967773e-01
7.287871837615966797e-01
7.207691073417663574e-01
7.126905918121337891e-01
7.046055793762207031e-01
6.964991688728332520e-01
6.884229779243469238e-01
6.804870963096618652e-01
6.726583838462829590e-01
6.649441719055175781e-01
6.573864221572875977e-01
6.499580740928649902e-01
6.426956057548522949e-01
6.356120109558105469e-01
6.287370920181274414e-01
6.220583915710449219e-01
6.155642271041870117e-01
6.092962026596069336e-01
6.032388210296630859e-01
5.973945856094360352e-01
5.917647480964660645e-01
5.863494873046875000e-01
5.811324715614318848e-01
5.761442184448242188e-01
5.713666677474975586e-01
5.668047070503234863e-01
5.624744296073913574e-01
5.583462715148925781e-01
5.544168949127197266e-01
5.506724715232849121e-01
5.471324324607849121e-01
5.437816381454467773e-01
5.406177043914794922e-01
5.376374125480651855e-01
5.348376035690307617e-01
5.322153568267822266e-01
5.297677516937255859e-01
5.274987816810607910e-01
5.253922939300537109e-01
5.234580039978027344e-01
5.216832160949707031e-01
5.200698971748352051e-01
5.186206102371215820e-01
5.173251032829284668e-01
5.161887407302856445e-01
5.152434706687927246e-01
5.144858956336975098e-01
5.138751268386840820e-01
5.134128928184509277e-01
5.130955576896667480e-01
5.129231214523315430e-01
5.128939747810363770e-01
5.130065083503723145e-01
5.132610201835632324e-01
5.136560201644897461e-01
5.141884088516235352e-01
5.148614048957824707e-01
5.156691074371337891e-01
5.166130661964416504e-01
5.176925659179687500e-01
5.189061760902404785e-01
5.202544927597045898e-01
5.217361450195312500e-01
5.233504772186279297e-01
5.250966548919677734e-01
5.269737839698791504e-01
5.288982391357421875e-01
5.309144854545593262e-01
5.330569148063659668e-01
5.353234410285949707e-01
5.377140045166015625e-01
5.402265787124633789e-01
5.428604483604431152e-01
5.456138849258422852e-01
5.484854578971862793e-01
5.514729022979736328e-01
5.545751452445983887e-01
5.577894449234008789e-01
5.611143708229064941e-01
5.645464062690734863e-01
5.680836439132690430e-01
5.717089176177978516e-01
5.754473805427551270e-01
5.792667865753173828e-01
5.831931829452514648e-01
5.871927142143249512e-01
5.912926793098449707e-01
5.954581499099731445e-01
5.996412634849548340e-01
6.038326025009155273e-01
6.081083416938781738e-01
6.124317646026611328e-01
6.168149709701538086e-01
6.212709546089172363e-01
6.257602572441101074e-01
6.303148269653320312e-01
6.348932385444641113e-01
6.395276188850402832e-01
6.441772580146789551e-01
6.488748192787170410e-01
6.535779833793640137e-01
6.583209633827209473e-01
6.630612015724182129e-01
6.678322553634643555e-01
6.725935339927673340e-01
6.773588061332702637e-01
6.821256875991821289e-01
6.868897080421447754e-01
6.916483044624328613e-01
6.963977217674255371e-01
7.011360526084899902e-01
7.058534026145935059e-01
7.105174660682678223e-01
7.151908874511718750e-01
7.198336124420166016e-01
7.244615554809570312e-01
7.290724515914916992e-01
7.336642146110534668e-01
7.382344007492065430e-01
7.427818179130554199e-01
7.473044395446777344e-01
7.517998814582824707e-01
7.562673091888427734e-01
7.607048153877258301e-01
7.651117444038391113e-01
7.694861292839050293e-01
7.738273143768310547e-01
7.781341671943664551e-01
7.824060916900634766e-01
7.866420149803161621e-01
7.908239364624023438e-01
7.949861884117126465e-01
7.991105318069458008e-01
8.031802177429199219e-01
8.072285652160644531e-01
8.112378716468811035e-01
8.151950836181640625e-01
8.191472291946411133e-01
8.230573534965515137e-01
8.269094824790954590e-01
8.307353854179382324e-01
8.345192670822143555e-01
8.382462859153747559e-01
8.419468998908996582e-01
8.455914258956909180e-01
8.492097258567810059e-01
8.527871966361999512e-01
8.563105463981628418e-01
8.598082661628723145e-01
8.632665276527404785e-01
8.666717410087585449e-01
8.700528740882873535e-01
8.733953833580017090e-01
8.766871690750122070e-01
8.799552321434020996e-01
8.831738829612731934e-01
8.863568902015686035e-01
8.895044326782226562e-01
8.926296830177307129e-01
8.957077264785766602e-01
8.987521529197692871e-01
9.017754793167114258e-01
9.047533273696899414e-01
9.076995253562927246e-01
9.106151461601257324e-01
9.135107398033142090e-01
9.163630008697509766e-01
9.191841483116149902e-01
9.219851493835449219e-01
9.247440695762634277e-01
9.274719357490539551e-01
9.301795959472656250e-01
9.328450560569763184e-01
9.354793429374694824e-01
9.380820989608764648e-01
9.406628608703613281e-01
9.432009458541870117e-01
9.457056522369384766e-01
9.481864571571350098e-01
9.506222009658813477e-01
9.530221819877624512e-01
9.553846120834350586e-01
9.577082991600036621e-01
9.599915146827697754e-01
9.622325897216796875e-01
9.644286632537841797e-01
9.665774703025817871e-01
9.686763882637023926e-01
9.707221984863281250e-01
9.727111458778381348e-01
9.746397137641906738e-01
9.764956235885620117e-01
9.782891273498535156e-01
9.800098538398742676e-01
9.816521406173706055e-01
9.832100272178649902e-01
9.846771955490112305e-01
9.860466718673706055e-01
9.873112440109252930e-01
9.884628057479858398e-01
9.894932508468627930e-01
9.903939366340637207e-01
9.911558628082275391e-01
9.917697310447692871e-01
9.922263622283935547e-01
9.925161600112915039e-01
9.926297068595886230e-01
9.925577044486999512e-01
9.922924637794494629e-01
9.918239116668701172e-01
9.911444187164306641e-01
9.902505874633789062e-01
9.891295433044433594e-01
9.877789616584777832e-01
9.862016439437866211e-01
9.843818545341491699e-01
9.823246002197265625e-01
9.800298213958740234e-01
9.775100946426391602e-01
9.747480750083923340e-01
9.717581868171691895e-01
9.685604572296142578e-01
9.651352167129516602e-01
9.615041017532348633e-01
9.576949477195739746e-01
9.536873102188110352e-01
9.495092034339904785e-01
9.451922178268432617e-01
9.407128691673278809e-01
9.361025094985961914e-01
9.313947558403015137e-01
9.265638589859008789e-01
9.216429591178894043e-01
9.166443943977355957e-01
9.116021394729614258e-01
9.065064191818237305e-01
9.013482928276062012e-01
8.961794972419738770e-01
8.909670710563659668e-01
8.857625722885131836e-01
8.805314302444458008e-01
8.753233551979064941e-01
8.701237440109252930e-01
8.649149537086486816e-01
8.597462177276611328e-01
8.545786142349243164e-01
8.494588136672973633e-01
8.443464040756225586e-01
8.392854332923889160e-01
8.342375755310058594e-01
8.292451500892639160e-01
8.242879509925842285e-01
8.193470835685729980e-01
8.144627809524536133e-01
8.095960021018981934e-01
8.047233819961547852e-01
7.998284101486206055e-01
7.949870228767395020e-01
7.901799082756042480e-01
7.853867411613464355e-01
7.806446552276611328e-01
7.759165763854980469e-01
7.712382078170776367e-01
7.665903568267822266e-01
7.619537115097045898e-01
7.573652863502502441e-01
7.528042793273925781e-01
7.482703924179077148e-01
7.437636256217956543e-01
7.392651438713073730e-01
7.348089218139648438e-01
7.303782105445861816e-01
7.259716391563415527e-01
7.215885519981384277e-01
7.172101140022277832e-01
7.128722071647644043e-01
7.085565924644470215e-01
7.042618989944458008e-01
6.999890208244323730e-01
6.957200765609741211e-01
6.914893984794616699e-01
6.872777938842773438e-01
6.830875277519226074e-01
6.789172887802124023e-01
6.747498512268066406e-01
6.706194877624511719e-01
6.665094494819641113e-01
6.624191999435424805e-01
6.583481431007385254e-01
6.542811393737792969e-01
6.502698659896850586e-01
6.463230252265930176e-01
6.423972249031066895e-01
6.384943723678588867e-01
6.346134543418884277e-01
6.307546496391296387e-01
6.269184350967407227e-01
6.231048107147216797e-01
6.193146705627441406e-01
6.155477166175842285e-01
6.118047237396240234e-01
6.080855727195739746e-01
6.043897867202758789e-01
6.007195115089416504e-01
5.970741510391235352e-01
5.934540629386901855e-01
5.898597240447998047e-01
5.862904787063598633e-01
5.827483534812927246e-01
5.792333483695983887e-01
5.757449865341186523e-01
5.722846388816833496e-01
5.688510537147521973e-01
5.654465556144714355e-01
5.620709657669067383e-01
5.587246417999267578e-01
5.554074048995971680e-01
5.521191954612731934e-01
5.488621592521667480e-01
5.456359386444091797e-01
5.424404144287109375e-01
5.392764210700988770e-01
5.361428856849670410e-01
5.330424904823303223e-01
5.299742817878723145e-01
5.269386172294616699e-01
5.239468216896057129e-01
5.209771990776062012e-01
5.180073380470275879e-01
5.148952603340148926e-01
5.118178129196166992e-01
5.087757706642150879e-01
5.057784914970397949e-01
5.028057098388671875e-01
4.998681247234344482e-01
4.947399497032165527e-01
4.919100701808929443e-01
4.891257882118225098e-01
4.863672852516174316e-01
4.836451113224029541e-01
4.809597134590148926e-01
4.783094823360443115e-01
4.756949543952941895e-01
4.731251299381256104e-01
4.705819785594940186e-01
4.680741131305694580e-01
4.656013846397399902e-01
4.631639420986175537e-01
4.607608914375305176e-01
4.584013521671295166e-01
4.560664892196655273e-01
4.537653326988220215e-01
4.514974951744079590e-01
4.492622613906860352e-01
4.470667243003845215e-01
4.448955357074737549e-01
4.427555501461029053e-01
4.406535625457763672e-01
4.385755360126495361e-01
4.365265667438507080e-01
4.345130324363708496e-01
4.325215816497802734e-01
4.305583834648132324e-01
4.286286532878875732e-01
4.267199039459228516e-01
4.248373508453369141e-01
4.229864776134490967e-01
4.211564958095550537e-01
4.193499684333801270e-01
4.175731837749481201e-01
4.159885942935943604e-01
4.144627153873443604e-01
4.129651188850402832e-01
4.114846289157867432e-01
4.100258648395538330e-01
4.085938632488250732e-01
4.071777462959289551e-01
4.057829082012176514e-01
4.044128060340881348e-01
4.030586183071136475e-01
4.017242789268493652e-01
4.004141986370086670e-01
3.991192281246185303e-01
3.978439271450042725e-01
3.965915739536285400e-01
3.953546881675720215e-01
3.941403329372406006e-01
3.929415047168731689e-01
3.917648494243621826e-01
3.906036317348480225e-01
3.894646465778350830e-01
3.883411884307861328e-01
3.872364163398742676e-01
3.861548602581024170e-01
3.850881159305572510e-01
3.840432763099670410e-01
3.830146491527557373e-01
3.820077180862426758e-01
3.810175359249114990e-01
3.800490200519561768e-01
3.790975809097290039e-01
3.781678378582000732e-01
3.772555291652679443e-01
3.763650655746459961e-01
3.754923641681671143e-01
3.746415972709655762e-01
3.738090693950653076e-01
3.729983866214752197e-01
3.722065091133117676e-01
3.714364767074584961e-01
3.706856667995452881e-01
3.699567019939422607e-01
3.692473471164703369e-01
3.685600161552429199e-01
3.678926229476928711e-01
3.672476708889007568e-01
3.666246235370635986e-01
3.660227060317993164e-01
3.654423356056213379e-01
3.648837804794311523e-01
3.643463253974914551e-01
3.638312220573425293e-01
3.633364439010620117e-01
3.628641664981842041e-01
3.624137639999389648e-01
3.619844913482666016e-01
3.615777194499969482e-01
3.611919879913330078e-01
3.608290851116180420e-01
3.604870438575744629e-01
3.601664602756500244e-01
3.598683178424835205e-01
3.595921099185943604e-01
3.593373298645019531e-01
3.591042757034301758e-01
3.588927984237670898e-01
3.587020635604858398e-01
3.585345149040222168e-01
3.583877682685852051e-01
3.582632839679718018e-01
3.581598997116088867e-01
3.580778241157531738e-01
3.580197989940643311e-01
3.579813838005065918e-01
3.579672873020172119e-01
3.579747676849365234e-01
3.580050468444824219e-01
3.580618798732757568e-01
3.581401407718658447e-01
3.582472503185272217e-01
3.583781123161315918e-01
3.585363626480102539e-01
3.587280213832855225e-01
3.589472174644470215e-01
3.592004179954528809e-01
3.594925403594970703e-01
3.598194420337677002e-01
3.601861894130706787e-01
3.605960309505462646e-01
3.610572516918182373e-01
3.615610599517822266e-01
3.621155619621276855e-01
3.627264201641082764e-01
3.633855581283569336e-01
3.642229139804840088e-01
3.651246428489685059e-01
3.660844266414642334e-01
3.670869767665863037e-01
3.681374192237854004e-01
3.692382276058197021e-01
3.703731298446655273e-01
3.715453445911407471e-01
3.727600872516632080e-01
3.739973604679107666e-01
3.752631545066833496e-01
3.765530586242675781e-01
3.778758645057678223e-01
3.792105913162231445e-01
3.805660009384155273e-01
3.819479048252105713e-01
3.833395242691040039e-01
3.847483098506927490e-01
3.861747980117797852e-01
3.876271545886993408e-01
3.890882134437561035e-01
3.905657231807708740e-01
3.920716941356658936e-01
3.935856521129608154e-01
3.951191902160644531e-01
3.966717422008514404e-01
3.982523381710052490e-01
3.998444080352783203e-01
4.014559984207153320e-01
4.030892848968505859e-01
4.047431647777557373e-01
4.064289033412933350e-01
4.081263542175292969e-01
4.098464548587799072e-01
4.115885794162750244e-01
4.133540093898773193e-01
4.151522815227508545e-01
4.169640839099884033e-01
4.187984764575958252e-01
4.206571877002716064e-01
4.225389361381530762e-01
4.244442880153656006e-01
4.263857901096343994e-01
4.283397197723388672e-01
4.303171336650848389e-01
4.323187172412872314e-01
4.343441426753997803e-01
4.364072382450103760e-01
4.384812116622924805e-01
4.405795633792877197e-01
4.427009224891662598e-01
4.448472261428833008e-01
4.470306634902954102e-01
4.492229223251342773e-01
4.514321982860565186e-01
4.536645710468292236e-01
4.559189379215240479e-01
4.582091271877288818e-01
4.605087339878082275e-01
4.628303050994873047e-01
4.651740789413452148e-01
4.675394892692565918e-01
4.699262082576751709e-01
4.723493158817291260e-01
4.747792482376098633e-01
4.772306680679321289e-01
4.797027111053466797e-01
4.821953475475311279e-01
4.847081601619720459e-01
4.872416853904724121e-01
4.897955954074859619e-01
4.923691451549530029e-01
4.949786961078643799e-01
4.975902140140533447e-01
5.002216100692749023e-01
5.028722882270812988e-01
5.055412650108337402e-01
5.082282423973083496e-01
5.109329819679260254e-01
5.136548280715942383e-01
5.163949131965637207e-01
5.191693902015686035e-01
5.219430327415466309e-01
5.247328281402587891e-01
5.275379419326782227e-01
5.303599834442138672e-01
5.331972241401672363e-01
5.360491275787353516e-01
5.389160513877868652e-01
5.417956709861755371e-01
5.447089672088623047e-01
5.476174354553222656e-01
5.505388975143432617e-01
5.534731149673461914e-01
5.564191341400146484e-01
5.593769550323486328e-01
5.623468160629272461e-01
5.653275847434997559e-01
5.683192610740661621e-01
5.713402628898620605e-01
5.743507742881774902e-01
5.773719549179077148e-01
5.804018378257751465e-01
5.834403634071350098e-01
5.864866971969604492e-01
5.895397067070007324e-01
5.926008224487304688e-01
5.956685543060302734e-01
5.987426042556762695e-01
6.018223166465759277e-01
6.049066781997680664e-01
6.079956293106079102e-01
6.110903024673461914e-01
6.141917109489440918e-01
6.172965764999389648e-01
6.204022765159606934e-01
6.235104203224182129e-01
6.266195178031921387e-01
6.297287940979003906e-01
6.328390836715698242e-01
6.359477043151855469e-01
6.390568017959594727e-01
6.421636939048767090e-01
6.452892422676086426e-01
6.483921408653259277e-01
6.514924764633178711e-01
6.545894145965576172e-01
6.576836705207824707e-01
6.607720851898193359e-01
6.638574004173278809e-01
6.669362783432006836e-01
6.700106263160705566e-01
6.730782389640808105e-01
6.761397123336791992e-01
6.791939139366149902e-01
6.822409629821777344e-01
6.852803230285644531e-01
6.883107423782348633e-01
6.913053393363952637e-01
6.942887902259826660e-01
6.972630023956298828e-01
7.002278566360473633e-01
7.031829953193664551e-01
7.061273455619812012e-01
7.090613245964050293e-01
7.119842767715454102e-01
7.148953676223754883e-01
7.177948951721191406e-01
7.206815481185913086e-01
7.235558032989501953e-01
7.264171838760375977e-01
7.292644977569580078e-01
7.320985198020935059e-01
7.349177002906799316e-01
7.377227544784545898e-01
7.405128479003906250e-01
7.432870268821716309e-01
7.460462450981140137e-01
7.487888932228088379e-01
7.515156865119934082e-01
7.542257308959960938e-01
7.569183707237243652e-01
7.595942616462707520e-01
7.622522115707397461e-01
7.648907899856567383e-01
7.675095796585083008e-01
7.701088190078735352e-01
7.726897001266479492e-01
7.752512097358703613e-01
7.777928113937377930e-01
7.803153991699218750e-01
7.828011512756347656e-01
7.852839231491088867e-01
7.877464890480041504e-01
7.901883125305175781e-01
7.926098704338073730e-01
7.950108051300048828e-01
7.973909378051757812e-01
7.997502088546752930e-01
8.020882010459899902e-01
8.044052124023437500e-01
8.067009449005126953e-01
8.089752197265625000e-01
8.112282752990722656e-01
8.134592175483703613e-01
8.156690001487731934e-01
8.178566694259643555e-01
8.200230002403259277e-01
8.221673965454101562e-01
8.242896199226379395e-01
8.263760805130004883e-01
8.284539580345153809e-01
8.304976224899291992e-01
8.325196504592895508e-01
8.345201015472412109e-01
8.364990949630737305e-01
8.384566307067871094e-01
8.403921127319335938e-01
8.423061966896057129e-01
8.441983461380004883e-01
8.460690975189208984e-01
8.479182720184326172e-01
8.497456908226013184e-01
8.515515327453613281e-01
8.533357381820678711e-01
8.550871610641479492e-01
8.568286895751953125e-01
8.585485816001892090e-01
8.602471947669982910e-01
8.619242906570434570e-01
8.635802268981933594e-01
8.652148842811584473e-01
8.668281435966491699e-01
8.684206008911132812e-01
8.699915409088134766e-01
8.715417385101318359e-01
8.730707168579101562e-01
8.745787739753723145e-01
8.760662674903869629e-01
8.775231838226318359e-01
8.789663314819335938e-01
8.803855776786804199e-01
8.817857503890991211e-01
8.831668496131896973e-01
8.845291733741760254e-01
8.858726024627685547e-01
8.871973752975463867e-01
8.885034918785095215e-01
8.897827267646789551e-01
8.910519480705261230e-01
8.923027515411376953e-01
8.935353159904479980e-01
8.947496414184570312e-01
8.959459066390991211e-01
8.971242308616638184e-01
8.982843160629272461e-01
8.994268178939819336e-01
9.005513787269592285e-01
9.016511440277099609e-01
9.027405977249145508e-01
9.038125276565551758e-01
9.048669338226318359e-01
9.059040546417236328e-01
9.069237709045410156e-01
9.079264402389526367e-01
9.089118838310241699e-01
9.098803400993347168e-01
9.108259677886962891e-01
9.117606282234191895e-01
9.126786589622497559e-01
9.135791659355163574e-01
9.144629240036010742e-01
9.153308272361755371e-01
9.161829352378845215e-01
9.170195460319519043e-01
9.178403615951538086e-01
9.186408519744873047e-01
9.194307923316955566e-01
9.202052354812622070e-01
9.209644198417663574e-01
9.217082858085632324e-01
9.224369525909423828e-01
9.231503605842590332e-01
9.238486289978027344e-01
9.245278239250183105e-01
9.251959919929504395e-01
9.258489012718200684e-01
9.264871478080749512e-01
9.271104335784912109e-01
9.277189373970031738e-01
9.283125996589660645e-01
9.288883209228515625e-01
9.294526576995849609e-01
9.300022721290588379e-01
9.305372238159179688e-01
9.310576915740966797e-01
9.315632581710815430e-01
9.320546388626098633e-01
9.325292110443115234e-01
9.329918622970581055e-01
9.334401488304138184e-01
9.338792562484741211e-01
9.343366622924804688e-01
9.347810745239257812e-01
9.352124929428100586e-01
9.356296658515930176e-01
9.360352754592895508e-01
9.364280104637145996e-01
9.368078112602233887e-01
9.371746778488159180e-01
9.375290870666503906e-01
9.378702640533447266e-01
9.381977319717407227e-01
9.385133385658264160e-01
9.388161897659301758e-01
9.391067028045654297e-01
9.393839836120605469e-01
9.396485686302185059e-01
9.398742914199829102e-01
9.400851726531982422e-01
9.402832984924316406e-01
9.404681921005249023e-01
9.406394362449645996e-01
9.407979846000671387e-01
9.409433007240295410e-01
9.410750865936279297e-01
9.411944746971130371e-01
9.413004517555236816e-01
9.413928389549255371e-01
9.414725303649902344e-01
9.415391087532043457e-01
9.415925741195678711e-01
9.416335225105285645e-01
9.416609406471252441e-01
9.416929483413696289e-01
9.417431354522705078e-01
9.417807459831237793e-01
9.418058395385742188e-01
9.418199062347412109e-01
9.418199062347412109e-01
9.418069124221801758e-01
9.417817592620849609e-01
9.417440891265869141e-01
9.416938424110412598e-01
9.416332244873046875e-01
9.415579438209533691e-01
9.414696097373962402e-01
9.413692355155944824e-01
9.412562847137451172e-01
9.411308169364929199e-01
9.409954547882080078e-01
9.407379031181335449e-01
9.403086304664611816e-01
9.398611783981323242e-01
9.393944144248962402e-01
9.389094114303588867e-01
9.384083151817321777e-01
9.378857612609863281e-01
9.373441934585571289e-01
9.367831945419311523e-01
9.362038373947143555e-01
9.356048703193664551e-01
9.349914789199829102e-01
9.343551993370056152e-01
9.336993694305419922e-01
9.330250620841979980e-01
9.323310256004333496e-01
9.316185116767883301e-01
9.308817982673645020e-01
9.299420714378356934e-01
9.289817214012145996e-01
9.279997944831848145e-01
9.269961118698120117e-01
9.259718656539916992e-01
9.249307513236999512e-01
9.238641858100891113e-01
9.227759838104248047e-01
9.216673970222473145e-01
9.205377101898193359e-01
9.193922877311706543e-01
9.182209968566894531e-01
9.170282483100891113e-01
9.158156514167785645e-01
9.145815968513488770e-01
9.133339524269104004e-01
9.120596051216125488e-01
9.107365608215332031e-01
9.093171358108520508e-01
9.078787565231323242e-01
9.064195752143859863e-01
9.049481153488159180e-01
9.034503102302551270e-01
9.019325971603393555e-01
9.003962278366088867e-01
8.988397717475891113e-01
8.972724676132202148e-01
8.956792950630187988e-01
8.940665125846862793e-01
8.924359679222106934e-01
8.907870054244995117e-01
8.891268968582153320e-01
8.874416947364807129e-01
8.857376575469970703e-01
8.840169310569763184e-01
8.822864890098571777e-01
8.807096481323242188e-01
8.791268467903137207e-01
8.775214552879333496e-01
8.759033679962158203e-01
8.742705583572387695e-01
8.726236224174499512e-01
8.709722161293029785e-01
8.692986369132995605e-01
8.676117062568664551e-01
8.659117817878723145e-01
8.641982674598693848e-01
8.624725341796875000e-01
8.607425689697265625e-01
8.589909672737121582e-01
8.572270274162292480e-01
8.554515242576599121e-01
8.536625504493713379e-01
8.518709540367126465e-01
8.500578403472900391e-01
8.482329249382019043e-01
8.463962674140930176e-01
8.445476293563842773e-01
8.426972627639770508e-01
8.408257365226745605e-01
8.389427661895751953e-01
8.370487689971923828e-01
8.351431488990783691e-01
8.332370519638061523e-01
8.313108086585998535e-01
8.293726444244384766e-01
8.274242281913757324e-01
8.254651427268981934e-01
8.235054612159729004e-01
8.215255737304687500e-01
8.195356726646423340e-01
8.175350427627563477e-01
8.155249357223510742e-01
8.135582208633422852e-01
8.117014169692993164e-01
8.098369240760803223e-01
8.079624176025390625e-01
8.060811161994934082e-01
8.042014837265014648e-01
8.023031949996948242e-01
8.003963828086853027e-01
7.984819412231445312e-01
7.965595722198486328e-01
7.946401238441467285e-01
7.927023172378540039e-01
7.907570004463195801e-01
7.888044118881225586e-01
7.868430018424987793e-01
7.848871350288391113e-01
7.829121947288513184e-01
7.809301614761352539e-01
7.789402008056640625e-01
7.769440412521362305e-01
7.749409675598144531e-01
7.729419469833374023e-01
7.709253430366516113e-01
7.689020037651062012e-01
7.668726444244384766e-01
7.648354768753051758e-01
7.628049254417419434e-01
7.607560753822326660e-01
7.587009072303771973e-01
7.566390633583068848e-01
7.545719742774963379e-01
7.525104880332946777e-01
7.504320144653320312e-01
7.483463883399963379e-01
7.462559938430786133e-01
7.441606521606445312e-01
7.420700192451477051e-01
7.399636507034301758e-01
7.378516197204589844e-01
7.357342839241027832e-01
7.335838079452514648e-01
7.313776612281799316e-01
7.291654944419860840e-01
7.269480228424072266e-01
7.247253656387329102e-01
7.225092649459838867e-01
7.202759385108947754e-01
7.180371284484863281e-01
7.157933712005615234e-01
7.135449647903442383e-01
7.113037109375000000e-01
7.090457677841186523e-01
7.067832946777343750e-01
7.045156955718994141e-01
7.022438049316406250e-01
6.999793648719787598e-01
6.976988911628723145e-01
6.954133510589599609e-01
6.931238770484924316e-01
6.908305883407592773e-01
6.885455250740051270e-01
6.862446069717407227e-01
6.839389801025390625e-01
6.816298961639404297e-01
6.793175339698791504e-01
6.770136356353759766e-01
6.746944785118103027e-01
6.723711490631103516e-01
6.700447797775268555e-01
6.677165627479553223e-01
6.653963923454284668e-01
6.630611419677734375e-01
6.607223153114318848e-01
6.583813428878784180e-01
6.560367941856384277e-01
6.537023186683654785e-01
6.513532400131225586e-01
6.490010619163513184e-01
6.466469168663024902e-01
6.442901492118835449e-01
6.419435143470764160e-01
6.395831108093261719e-01
6.372100114822387695e-01
6.348313689231872559e-01
6.324505805969238281e-01
6.300809383392333984e-01
6.276980638504028320e-01
6.253127455711364746e-01
6.229270100593566895e-01
6.205397844314575195e-01
6.181646585464477539e-01
6.157751679420471191e-01
6.133856177330017090e-01
6.109944581985473633e-01
6.086034774780273438e-01
6.062238812446594238e-01
6.038321256637573242e-01
6.014388799667358398e-01
5.990459322929382324e-01
5.966524481773376465e-01
5.942712426185607910e-01
5.918784141540527344e-01
5.894845724105834961e-01
5.870918035507202148e-01
5.846987366676330566e-01
5.823193788528442383e-01
5.799266695976257324e-01
5.775356292724609375e-01
5.751444697380065918e-01
5.727549195289611816e-01
5.703778266906738281e-01
5.679898858070373535e-01
5.656021237373352051e-01
5.632164478302001953e-01
5.608310699462890625e-01
5.584600567817687988e-01
5.560773015022277832e-01
5.536961555480957031e-01
5.513173341751098633e-01
5.489392876625061035e-01
5.465762615203857422e-01
5.442017316818237305e-01
5.418301224708557129e-01
5.394597053527832031e-01
5.370921492576599121e-01
5.347371101379394531e-01
5.323596000671386719e-01
5.299755930900573730e-01
5.275931358337402344e-01
5.252147316932678223e-01
5.228509306907653809e-01
5.204779505729675293e-01
5.181093215942382812e-01
5.157429575920104980e-01
5.133799314498901367e-01
5.110216736793518066e-01
5.086780786514282227e-01
5.063262581825256348e-01
5.039780735969543457e-01
5.016346573829650879e-01
4.992955327033996582e-01
4.969704151153564453e-01
4.946393072605133057e-01
4.923124611377716064e-01
4.899891316890716553e-01
4.876701831817626953e-01
4.853673875331878662e-01
4.830584824085235596e-01
4.807540774345397949e-01
4.784526228904724121e-01
4.761578738689422607e-01
4.738788306713104248e-01
4.715938270092010498e-01
4.693132340908050537e-01
4.670376181602478027e-01
4.647682011127471924e-01
4.625144600868225098e-01
4.602546393871307373e-01
4.580014944076538086e-01
4.557525217533111572e-01
4.535103738307952881e-01
4.512841105461120605e-01
4.490523040294647217e-01
4.468272924423217773e-01
4.446070790290832520e-01
4.423929154872894287e-01
4.401855170726776123e-01
4.379943609237670898e-01
4.357993006706237793e-01
4.336084425449371338e-01
4.314258098602294922e-01
4.292493164539337158e-01
4.270913600921630859e-01
4.249578416347503662e-01
4.228303134441375732e-01
4.207115173339843750e-01
4.185980558395385742e-01
4.165043234825134277e-01
4.144059717655181885e-01
4.123151302337646484e-01
4.102310538291931152e-01
4.081538319587707520e-01
4.060961306095123291e-01
4.040344953536987305e-01
4.019801914691925049e-01
3.999333381652832031e-01
3.978943526744842529e-01
3.958626687526702881e-01
3.938481509685516357e-01
3.918325304985046387e-01
3.898237943649291992e-01
3.878231346607208252e-01
3.858299851417541504e-01
3.838537335395812988e-01
3.818770647048950195e-01
3.799073994159698486e-01
3.779458105564117432e-01
3.759918510913848877e-01
3.740462958812713623e-01
3.721181154251098633e-01
3.701881468296051025e-01
3.682664632797241211e-01
3.663527369499206543e-01
3.644471168518066406e-01
3.625591993331909180e-01
3.606706559658050537e-01
3.587885200977325439e-01
3.569154143333435059e-01
3.550505936145782471e-01
3.531938791275024414e-01
3.513555526733398438e-01
3.495147228240966797e-01
3.476825952529907227e-01
3.458590507507324219e-01
3.440436720848083496e-01
3.422456681728363037e-01
3.404467999935150146e-01
3.386572301387786865e-01
3.368741273880004883e-01
3.351001739501953125e-01
3.333349525928497314e-01
3.315864205360412598e-01
3.299361765384674072e-01
3.283104896545410156e-01
3.266921341419219971e-01
3.250814378261566162e-01
3.234882056713104248e-01
3.218944370746612549e-01
3.203074336051940918e-01
3.187291622161865234e-01
3.171590864658355713e-01
3.155961334705352783e-01
3.140501976013183594e-01
3.125040531158447266e-01
3.109642565250396729e-01
3.094337284564971924e-01
3.079099059104919434e-01
3.063953518867492676e-01
3.048964440822601318e-01
3.033957779407501221e-01
3.019043207168579102e-01
3.004206418991088867e-01
2.989439666271209717e-01
2.974758744239807129e-01
2.960227727890014648e-01
2.945689558982849121e-01
2.931238412857055664e-01
2.916866242885589600e-01
2.902553677558898926e-01
2.888331413269042969e-01
2.874252498149871826e-01
2.860182225704193115e-01
2.846187949180603027e-01
2.832254171371459961e-01
2.818409204483032227e-01
2.804639637470245361e-01
2.791008055210113525e-01
2.777387797832489014e-01
2.763833701610565186e-01
2.750350832939147949e-01
2.736951708793640137e-01
2.723622918128967285e-01
2.710430324077606201e-01
2.697243094444274902e-01
2.684124112129211426e-01
2.671087682247161865e-01
2.658121883869171143e-01
2.645218372344970703e-01
2.632459104061126709e-01
2.619705200195312500e-01
2.607014775276184082e-01
2.594403326511383057e-01
2.581861317157745361e-01
2.569375634193420410e-01
2.557153105735778809e-01
2.544957399368286133e-01
2.532824277877807617e-01
2.520772516727447510e-01
2.508774399757385254e-01
2.496846318244934082e-01
2.485049217939376831e-01
2.473256438970565796e-01
2.461524456739425659e-01
2.449854612350463867e-01
2.438252866268157959e-01
2.426725775003433228e-01
2.415311336517333984e-01
2.403901368379592896e-01
2.392562925815582275e-01
2.381280064582824707e-01
2.370060980319976807e-01
2.358898669481277466e-01
2.347812652587890625e-01
2.336840182542800903e-01
2.325865030288696289e-01
2.314963191747665405e-01
2.304110825061798096e-01
2.293322086334228516e-01
2.282594591379165649e-01
2.271930873394012451e-01
2.261380106210708618e-01
2.250826656818389893e-01
2.240345627069473267e-01
2.229913771152496338e-01
2.219536751508712769e-01
2.209220528602600098e-01
2.198967486619949341e-01
2.188822925090789795e-01
2.178678959608078003e-01
2.168597131967544556e-01
2.158565670251846313e-01
2.148588299751281738e-01
2.138669341802597046e-01
2.128814309835433960e-01
2.119056284427642822e-01
2.109301686286926270e-01
2.099598199129104614e-01
2.089961618185043335e-01
2.080368399620056152e-01
2.070827186107635498e-01
2.061350196599960327e-01
2.051970511674880981e-01
2.042585462331771851e-01
2.033257931470870972e-01
2.023986428976058960e-01
2.014760673046112061e-01
2.005587071180343628e-01
1.996470093727111816e-01
1.987446695566177368e-01
1.978284567594528198e-01
1.969055980443954468e-01
1.959879100322723389e-01
1.950743943452835083e-01
1.941667050123214722e-01
1.932643055915832520e-01
1.923718154430389404e-01
1.914786249399185181e-01
1.905910968780517578e-01
1.897084265947341919e-01
1.888300776481628418e-01
1.879574209451675415e-01
1.870894879102706909e-01
1.862303912639617920e-01
1.853720545768737793e-01
1.845183670520782471e-01
1.836695075035095215e-01
1.828245669603347778e-01
1.819851994514465332e-01
1.811503320932388306e-01
1.803236156702041626e-01
1.794979274272918701e-01
1.786766499280929565e-01
1.778592318296432495e-01
1.770470887422561646e-01
1.762392669916152954e-01
1.754356622695922852e-01
1.746359020471572876e-01
1.738412678241729736e-01
1.730552911758422852e-01
1.722685247659683228e-01
1.714864671230316162e-01
1.707088649272918701e-01
1.699354648590087891e-01
1.691653877496719360e-01
1.684003323316574097e-01
1.676392853260040283e-01
1.668814420700073242e-01
1.661327183246612549e-01
1.653838753700256348e-01
1.646381914615631104e-01
1.638972312211990356e-01
1.631599366664886475e-01
1.624268591403961182e-01
1.616968363523483276e-01
1.609714180231094360e-01
1.602538377046585083e-01
1.595352292060852051e-01
1.588209569454193115e-01
1.581104844808578491e-01
1.574030518531799316e-01
1.567001193761825562e-01
1.560006588697433472e-01
1.553046852350234985e-01
1.546117812395095825e-01
1.539269238710403442e-01
1.532418578863143921e-01
1.525594294071197510e-01
1.518813073635101318e-01
1.512205600738525391e-01
1.505666971206665039e-01
1.499162316322326660e-01
1.492688208818435669e-01
1.486246287822723389e-01
1.479873657226562500e-01
1.473494470119476318e-01
1.467147916555404663e-01
1.460830420255661011e-01
1.454544216394424438e-01
1.448287367820739746e-01
1.442061364650726318e-01
1.435865610837936401e-01
1.429734826087951660e-01
1.423596739768981934e-01
1.417488157749176025e-01
1.411409080028533936e-01
1.405357867479324341e-01
1.399335563182830811e-01
1.393340826034545898e-01
1.387372165918350220e-01
1.381432861089706421e-01
1.375556141138076782e-01
1.369671225547790527e-01
1.363812685012817383e-01
1.357981413602828979e-01
1.352176070213317871e-01
1.346396356821060181e-01
1.340643316507339478e-01
1.334916353225708008e-01
1.329214572906494141e-01
1.323536336421966553e-01
1.317884027957916260e-01
1.312257051467895508e-01
1.306687444448471069e-01
1.301109343767166138e-01
1.295555084943771362e-01
1.290024369955062866e-01
1.284518092870712280e-01
1.279034763574600220e-01
1.273569613695144653e-01
1.268130838871002197e-01
1.262716650962829590e-01
1.257325857877731323e-01
1.251956075429916382e-01
1.246609240770339966e-01
1.241315901279449463e-01
1.236013025045394897e-01
1.230731606483459473e-01
1.225471273064613342e-01
1.220231875777244568e-01
1.215013042092323303e-01
1.209815070033073425e-01
1.204639226198196411e-01
1.199482753872871399e-01
1.194346323609352112e-01
1.189230680465698242e-01
1.184134632349014282e-01
1.179088726639747620e-01
1.174032390117645264e-01
1.168994307518005371e-01
1.163976192474365234e-01
1.158995404839515686e-01
1.154077425599098206e-01
1.149176508188247681e-01
1.144294291734695435e-01
1.139428317546844482e-01
1.134580001235008240e-01
1.129748374223709106e-01
1.124932840466499329e-01
1.120162755250930786e-01
1.115381047129631042e-01
1.110614910721778870e-01
1.105864346027374268e-01
1.101130321621894836e-01
1.096412464976310730e-01
1.091707646846771240e-01
1.087020635604858398e-01
1.082348898053169250e-01
1.077691465616226196e-01
1.073049902915954590e-01
1.068423166871070862e-01
1.063838750123977661e-01
1.059241071343421936e-01
1.054658368229866028e-01
1.050090566277503967e-01
1.045536324381828308e-01
1.040997281670570374e-01
1.036471128463745117e-01
1.031959652900695801e-01
1.027463003993034363e-01
1.022980362176895142e-01
1.018510907888412476e-01
1.014056131243705750e-01
1.009614244103431702e-01
1.005187034606933594e-01
1.000768095254898071e-01
9.963683038949966431e-02
9.919821470975875854e-02
9.876089543104171753e-02
9.832483530044555664e-02
9.789294004440307617e-02
9.745968133211135864e-02
9.702780842781066895e-02
9.659729152917861938e-02
9.616816043853759766e-02
9.574014693498611450e-02
9.531365334987640381e-02
9.488855302333831787e-02
9.446474909782409668e-02
9.404233098030090332e-02
9.362128376960754395e-02
9.320139139890670776e-02
9.278307855129241943e-02
9.236610680818557739e-02
9.195044636726379395e-02
9.153624624013900757e-02
9.112343192100524902e-02
9.071198105812072754e-02
9.030172973871231079e-02
8.989309519529342651e-02
8.948585391044616699e-02
8.908239006996154785e-02
8.867800235748291016e-02
8.827502280473709106e-02
8.787328749895095825e-02
8.747323602437973022e-02
8.707462251186370850e-02
8.667749911546707153e-02
8.629897981882095337e-02
8.593051135540008545e-02
8.556367456912994385e-02
8.519764244556427002e-02
8.483359962701797485e-02
8.447124063968658447e-02
8.411021530628204346e-02
8.375094830989837646e-02
8.339311182498931885e-02
8.303679525852203369e-02
8.268231898546218872e-02
8.232930302619934082e-02
8.197810500860214233e-02
8.163049072027206421e-02
8.128201216459274292e-02
8.093585819005966187e-02
8.059120178222656250e-02
8.024852722883224487e-02
7.990744709968566895e-02
7.956811040639877319e-02
7.923077791929244995e-02
7.889509946107864380e-02
7.856141775846481323e-02
7.822939753532409668e-02
7.789905369281768799e-02
7.757084071636199951e-02
7.724451273679733276e-02
7.692032307386398315e-02
7.659794390201568604e-02
7.627763599157333374e-02
7.595916837453842163e-02
7.564274966716766357e-02
7.532843202352523804e-02
7.501605898141860962e-02
7.470544427633285522e-02
7.439716905355453491e-02
7.409095019102096558e-02
7.378701865673065186e-02
7.348504662513732910e-02
7.318530976772308350e-02
7.288759946823120117e-02
7.259219139814376831e-02
7.229876518249511719e-02
7.200753688812255859e-02
7.171822339296340942e-02
7.143139839172363281e-02
7.114689797163009644e-02
7.086449116468429565e-02
7.058431953191757202e-02
7.030650973320007324e-02
7.003082334995269775e-02
6.975755095481872559e-02
6.948635727167129517e-02
6.921745836734771729e-02
6.895054876804351807e-02
6.868618726730346680e-02
6.842429935932159424e-02
6.816454231739044189e-02
6.790710240602493286e-02
6.765206903219223022e-02
6.739922612905502319e-02
6.714884191751480103e-02
6.690059602260589600e-02
6.665483862161636353e-02
6.641078740358352661e-02
6.616947054862976074e-02
6.593065708875656128e-02
6.569398939609527588e-02
6.545980274677276611e-02
6.522774696350097656e-02
6.499801576137542725e-02
6.478450447320938110e-02
6.459306180477142334e-02
6.440408527851104736e-02
6.421723216772079468e-02
6.403308361768722534e-02
6.385075300931930542e-02
6.367068737745285034e-02
6.349284201860427856e-02
6.331726163625717163e-02
6.314435601234436035e-02
6.297323107719421387e-02
6.280428916215896606e-02
6.263756752014160156e-02
6.247303262352943420e-02
6.231110915541648865e-02
6.215092912316322327e-02
6.199291348457336426e-02
6.183701381087303162e-02
6.168327480554580688e-02
6.153211742639541626e-02
6.138261035084724426e-02
6.123520061373710632e-02
6.108988448977470398e-02
6.094664335250854492e-02
6.080591678619384766e-02
6.066678836941719055e-02
6.052970141172409058e-02
6.039462983608245850e-02
6.026158481836318970e-02
6.013098731637001038e-02
6.000203639268875122e-02
5.987494066357612610e-02
5.974980816245079041e-02
5.962661653757095337e-02
5.950534716248512268e-02
5.938645452260971069e-02
5.926857143640518188e-02
5.915303155779838562e-02
5.903936922550201416e-02
5.892758071422576904e-02
5.881807580590248108e-02
5.870996415615081787e-02
5.860367417335510254e-02
5.849919095635414124e-02
5.839649215340614319e-02
5.829602852463722229e-02
5.819688364863395691e-02
5.809948965907096863e-02
5.800383538007736206e-02
5.790990963578224182e-02
5.781812965869903564e-02
5.772761628031730652e-02
5.763877928256988525e-02
5.755161494016647339e-02
5.746611580252647400e-02
5.738270282745361328e-02
5.730047821998596191e-02
5.721987038850784302e-02
5.714098736643791199e-02
5.706357955932617188e-02
5.698819831013679504e-02
5.691394582390785217e-02
5.684124678373336792e-02
5.677009373903274536e-02
5.670044198632240295e-02
5.663279443979263306e-02
5.656621605157852173e-02
5.650113150477409363e-02
5.643753707408905029e-02
5.637541040778160095e-02
5.631518736481666565e-02
5.625597760081291199e-02
5.619820207357406616e-02
5.614186078310012817e-02
5.608693510293960571e-02
5.603385344147682190e-02
5.598238110542297363e-02
5.593961477279663086e-02
5.589852109551429749e-02
5.585832521319389343e-02
5.581989139318466187e-02
5.578234046697616577e-02
5.574652925133705139e-02
5.571202188730239868e-02
5.567836388945579529e-02
5.564642325043678284e-02
5.561557412147521973e-02
5.558618158102035522e-02
5.555804446339607239e-02
5.553072318434715271e-02
5.550508201122283936e-02
5.548023059964179993e-02
5.545703694224357605e-02
5.543507263064384460e-02
5.541387572884559631e-02
5.539431422948837280e-02
5.537552013993263245e-02
5.535834282636642456e-02
5.534240603446960449e-02
5.532760173082351685e-02
5.531396344304084778e-02
5.530105531215667725e-02
5.528973415493965149e-02
5.527913570404052734e-02
5.527010932564735413e-02
5.526222288608551025e-02
5.525504797697067261e-02
5.524941533803939819e-02
5.524448305368423462e-02
5.524110421538352966e-02
5.523891746997833252e-02
5.523775890469551086e-02
5.523769557476043701e-02
5.523831769824028015e-02
5.524044856429100037e-02
5.524323508143424988e-02
5.524754896759986877e-02
5.525292828679084778e-02
5.525904893875122070e-02
5.526658520102500916e-02
5.527475103735923767e-02
5.528440698981285095e-02
5.529535934329032898e-02
5.530714616179466248e-02
5.531997606158256531e-02
5.533343553543090820e-02
5.534838140010833740e-02
5.536393448710441589e-02
5.538094416260719299e-02
5.539901554584503174e-02
5.541767552495002747e-02
5.543779209256172180e-02
5.545852333307266235e-02
5.548069998621940613e-02
5.550469085574150085e-02
5.552849173545837402e-02
5.555377155542373657e-02
5.557961389422416687e-02
5.560690164566040039e-02
5.563489347696304321e-02
5.566421151161193848e-02
5.569453909993171692e-02
5.572546645998954773e-02
5.575782433152198792e-02
5.579074844717979431e-02
5.582601204514503479e-02
5.586141347885131836e-02
5.589737370610237122e-02
5.593476444482803345e-02
5.597274750471115112e-02
5.601213127374649048e-02
5.605210736393928528e-02
5.609352141618728638e-02
5.613591894507408142e-02
5.617887899279594421e-02
5.622430518269538879e-02
5.626927688717842102e-02
5.631568655371665955e-02
5.636457353830337524e-02
5.643304809927940369e-02
5.650251731276512146e-02
5.657292157411575317e-02
5.664487928152084351e-02
5.671848729252815247e-02
5.679202452301979065e-02
5.686651915311813354e-02
5.694252997636795044e-02
5.701913312077522278e-02
5.709676817059516907e-02
5.717578530311584473e-02
5.725663900375366211e-02
5.733735859394073486e-02
5.741912871599197388e-02
5.750234425067901611e-02
5.758606642484664917e-02
5.767095088958740234e-02
5.775728449225425720e-02
5.784547701478004456e-02
5.793340131640434265e-02
5.802244693040847778e-02
5.811297148466110229e-02
5.820411443710327148e-02
5.829633772373199463e-02
5.838952586054801941e-02
5.848561599850654602e-02
5.858103558421134949e-02
5.867749452590942383e-02
5.877538770437240601e-02
5.887402221560478210e-02
5.897369980812072754e-02
5.907446518540382385e-02
5.917673930525779724e-02
5.928105115890502930e-02
5.938508361577987671e-02
5.949021875858306885e-02
5.959691852331161499e-02
5.970416590571403503e-02
5.981259793043136597e-02
5.992261320352554321e-02
6.003477424383163452e-02
6.014649569988250732e-02
6.025942042469978333e-02
6.037390604615211487e-02
6.048905476927757263e-02
6.060534343123435974e-02
6.072273477911949158e-02
6.084335967898368835e-02
6.096307560801506042e-02
6.108399108052253723e-02
6.120641902089118958e-02
6.132961437106132507e-02
6.145399808883666992e-02
6.157953292131423950e-02
6.170667707920074463e-02
6.183620169758796692e-02
6.196532025933265686e-02
6.209604069590568542e-02
6.222750246524810791e-02
6.236011162400245667e-02
6.249398365616798401e-02
6.262952089309692383e-02
6.276764720678329468e-02
6.290508061647415161e-02
6.304384022951126099e-02
6.318429857492446899e-02
6.332552433013916016e-02
6.346797943115234375e-02
6.361395120620727539e-02
6.375893950462341309e-02
6.390517204999923706e-02
6.405265629291534424e-02
6.420183926820755005e-02
6.435383856296539307e-02
6.450517475605010986e-02
6.465782225131988525e-02
6.481221318244934082e-02
6.496736407279968262e-02
6.512388586997985840e-02
6.528427451848983765e-02
6.544344127178192139e-02
6.560383737087249756e-02
6.576572358608245850e-02
6.592936068773269653e-02
6.609597057104110718e-02
6.626189500093460083e-02
6.642905622720718384e-02
6.659812480211257935e-02
6.678067147731781006e-02
6.697058677673339844e-02
6.715926527976989746e-02
6.734973192214965820e-02
6.754174828529357910e-02
6.773512810468673706e-02
6.793226301670074463e-02
6.812852621078491211e-02
6.832627207040786743e-02
6.852498650550842285e-02
6.872568279504776001e-02
6.893011927604675293e-02
6.913375109434127808e-02
6.933888792991638184e-02
6.954555958509445190e-02
6.975362449884414673e-02
6.996519863605499268e-02
7.017643004655838013e-02
7.038912922143936157e-02
7.060335576534271240e-02
7.081911712884902954e-02
7.103901356458663940e-02
7.125792652368545532e-02
7.147797197103500366e-02
7.169995456933975220e-02
7.192361354827880859e-02
7.214882224798202515e-02
7.237839698791503906e-02
7.260679453611373901e-02
7.283690571784973145e-02
7.306816428899765015e-02
7.330152392387390137e-02
7.353921234607696533e-02
7.377594709396362305e-02
7.401426136493682861e-02
7.425427436828613281e-02
7.449594140052795410e-02
7.474171370267868042e-02
7.498683035373687744e-02
7.523363828659057617e-02
7.548217475414276123e-02
7.573240995407104492e-02
7.598736137151718140e-02
7.624066621065139771e-02
7.649613916873931885e-02
7.675342261791229248e-02
7.701255381107330322e-02
7.727642357349395752e-02
7.753902673721313477e-02
7.780352234840393066e-02
7.806931436061859131e-02
7.833741605281829834e-02
7.861047983169555664e-02
7.888232916593551636e-02
7.915597409009933472e-02
7.943150401115417480e-02
7.971213757991790771e-02
7.999091595411300659e-02
8.027211576700210571e-02
8.055520057678222656e-02
8.084355294704437256e-02
8.113051205873489380e-02
8.141937851905822754e-02
8.171030879020690918e-02
8.200591802597045898e-02
8.230070769786834717e-02
8.259755373001098633e-02
8.289626985788345337e-02
8.320053666830062866e-02
8.350333571434020996e-02
8.380818367004394531e-02
8.411442488431930542e-02
8.442691713571548462e-02
8.473789691925048828e-02
8.505091816186904907e-02
8.536603301763534546e-02
8.568698167800903320e-02
8.600626885890960693e-02
8.632710576057434082e-02
8.665071427822113037e-02
8.698019385337829590e-02
8.730800449848175049e-02
8.763799071311950684e-02
8.797021210193634033e-02
8.830846101045608521e-02
8.864439278841018677e-02
8.898323029279708862e-02
8.932419866323471069e-02
8.967139571905136108e-02
9.001690894365310669e-02
9.036458283662796021e-02
9.071458876132965088e-02
9.107042104005813599e-02
9.142491221427917480e-02
9.178175777196884155e-02
9.215188026428222656e-02
9.253094345331192017e-02
9.291184693574905396e-02
9.329590201377868652e-02
9.368617832660675049e-02
9.407524019479751587e-02
9.446624666452407837e-02
9.486046433448791504e-02
9.526101499795913696e-02
9.566029161214828491e-02
9.606159478425979614e-02
9.646616876125335693e-02
9.687720984220504761e-02
9.728698432445526123e-02
9.769889712333679199e-02
9.811402112245559692e-02
9.853583574295043945e-02
9.895639866590499878e-02
9.937894344329833984e-02
9.980484098196029663e-02
1.002377942204475403e-01
1.006691977381706238e-01
1.011027097702026367e-01
1.015397310256958008e-01
1.019838601350784302e-01
1.024264395236968994e-01
1.028711721301078796e-01
1.033195555210113525e-01
1.037750393152236938e-01
1.042290702462196350e-01
1.046853289008140564e-01
1.051450967788696289e-01
1.056123524904251099e-01
1.060780212283134460e-01
1.065459772944450378e-01
1.070175841450691223e-01
1.074967682361602783e-01
1.079743802547454834e-01
1.084541901946067810e-01
1.089431643486022949e-01
1.094292253255844116e-01
1.099188774824142456e-01
1.104164794087409973e-01
1.109124124050140381e-01
1.114106029272079468e-01
1.119182705879211426e-01
1.124227568507194519e-01
1.129312291741371155e-01
1.134477928280830383e-01
1.139624118804931641e-01
1.144796833395957947e-01
1.150066033005714417e-01
1.155302599072456360e-01
1.160578653216362000e-01
1.165939420461654663e-01
1.171280294656753540e-01
1.176646873354911804e-01
1.182115599513053894e-01
1.187548637390136719e-01
1.193021386861801147e-01
1.198584288358688354e-01
1.204124465584754944e-01
1.209691092371940613e-01
1.215364187955856323e-01
1.220999062061309814e-01
1.226675510406494141e-01
1.232379823923110962e-01
1.238190308213233948e-01
1.243963092565536499e-01
1.249778270721435547e-01
1.255688220262527466e-01
1.261573731899261475e-01
1.267486214637756348e-01
1.273510903120040894e-01
1.279495656490325928e-01
1.285523325204849243e-01
1.291648298501968384e-01
1.297748535871505737e-01
1.303876936435699463e-01
1.310118585824966431e-01
1.316321343183517456e-01
1.322567313909530640e-01
1.328912377357482910e-01
1.335233300924301147e-01
1.341582387685775757e-01
1.348048895597457886e-01
1.354473978281021118e-01
1.360943168401718140e-01
1.367515027523040771e-01
1.374059617519378662e-01
1.380635499954223633e-01
1.387331634759902954e-01
1.393983960151672363e-01
1.400682032108306885e-01
1.407409906387329102e-01
1.414261609315872192e-01
1.421068608760833740e-01
1.427920907735824585e-01
1.434883773326873779e-01
1.441816538572311401e-01
1.448777765035629272e-01
1.455868035554885864e-01
1.462910026311874390e-01
1.469994783401489258e-01
1.477103829383850098e-01
1.484177708625793457e-01
1.491279602050781250e-01
1.498509645462036133e-01
1.505692303180694580e-01
1.512905359268188477e-01
1.520246416330337524e-01
1.527532935142517090e-01
1.534865200519561768e-01
1.542311310768127441e-01
1.549718081951141357e-01
1.557160615921020508e-01
1.564721763134002686e-01
1.572241634130477905e-01
1.579789072275161743e-01
1.587471812963485718e-01
1.595096439123153687e-01
1.602855622768402100e-01
1.610564887523651123e-01
1.618301868438720703e-01
1.626176685094833374e-01
1.633990556001663208e-01
1.641944050788879395e-01
1.649834215641021729e-01
1.657771915197372437e-01
1.665842384099960327e-01
1.673848032951354980e-01
1.681994795799255371e-01
1.690078228712081909e-01
1.698208600282669067e-01
1.706463843584060669e-01
1.714671552181243896e-01
1.722918748855590820e-01
1.731292903423309326e-01
1.739615947008132935e-01
1.748068481683731079e-01
1.756471246480941772e-01
1.764903068542480469e-01
1.773483306169509888e-01
1.782001852989196777e-01
1.790651232004165649e-01
1.799249649047851562e-01
1.807876229286193848e-01
1.816653609275817871e-01
1.825357377529144287e-01
1.834214627742767334e-01
1.843007951974868774e-01
1.851830631494522095e-01
1.860806643962860107e-01
1.869706511497497559e-01
1.878762245178222656e-01
1.887742429971694946e-01
1.896769106388092041e-01
1.905940920114517212e-01
1.915037930011749268e-01
1.924292296171188354e-01
1.933465152978897095e-01
1.942687481641769409e-01
1.952051669359207153e-01
1.961350888013839722e-01
1.970689892768859863e-01
1.980170458555221558e-01
1.989587545394897461e-01
1.999145746231079102e-01
2.008642256259918213e-01
2.018165290355682373e-01
2.027848958969116211e-01
2.037450969219207764e-01
2.047214657068252563e-01
2.056902498006820679e-01
2.066617757081985474e-01
2.076499164104461670e-01
2.086291164159774780e-01
2.096246927976608276e-01
2.106117010116577148e-01
2.116034477949142456e-01
2.126106470823287964e-01
2.136087864637374878e-01
2.146238237619400024e-01
2.156295031309127808e-01
2.166400402784347534e-01
2.176653295755386353e-01
2.186831682920455933e-01
2.197168767452239990e-01
2.207414358854293823e-01
2.217704504728317261e-01
2.228142023086547852e-01
2.238507121801376343e-01
2.248897403478622437e-01
2.259456813335418701e-01
2.269928157329559326e-01
2.280551642179489136e-01
2.291096746921539307e-01
2.301665395498275757e-01
2.312406748533248901e-01
2.323046028614044189e-01
2.333858907222747803e-01
2.344580739736557007e-01
2.355451285839080811e-01
2.366240322589874268e-01
2.377180457115173340e-01
2.388041764497756958e-01
2.399050593376159668e-01
2.409975379705429077e-01
2.421066462993621826e-01
2.432049214839935303e-01
2.443203628063201904e-01
2.454253137111663818e-01
2.465341389179229736e-01
2.476588040590286255e-01
2.487744092941284180e-01
2.499061971902847290e-01
2.509967088699340820e-01
2.520950436592102051e-01
2.531831562519073486e-01
2.542872130870819092e-01
2.553805112838745117e-01
2.564903497695922852e-01
2.575893104076385498e-01
2.587056159973144531e-01
2.598101198673248291e-01
2.609309256076812744e-01
2.620404958724975586e-01
2.631527185440063477e-01
2.642813920974731445e-01
2.653986811637878418e-01
2.665321826934814453e-01
2.676548063755035400e-01
2.687943875789642334e-01
2.699218988418579102e-01
2.710655331611633301e-01
2.721974253654479980e-01
2.733455300331115723e-01
2.744821310043334961e-01
2.756349444389343262e-01
2.767757177352905273e-01
2.779329121112823486e-01
2.790797352790832520e-01
2.802269160747528076e-01
2.813906371593475342e-01
2.825420200824737549e-01
2.837097048759460449e-01
2.848649322986602783e-01
2.860366404056549072e-01
2.871955633163452148e-01
2.883723974227905273e-01
2.895350158214569092e-01
2.907138764858245850e-01
2.918800413608551025e-01
2.930622100830078125e-01
2.942315936088562012e-01
2.954171001911163330e-01
2.965897619724273682e-01
2.977638542652130127e-01
2.989549934864044189e-01
3.001316189765930176e-01
3.013246953487396240e-01
3.025040626525878906e-01
3.036991953849792480e-01
3.048811554908752441e-01
3.060792982578277588e-01
3.072634339332580566e-01
3.084633946418762207e-01
3.096508681774139404e-01
3.108527362346649170e-01
3.120408058166503906e-01
3.132447600364685059e-01
3.144346177577972412e-01
3.156254291534423828e-01
3.168314397335052490e-01
3.180235922336578369e-01
3.192310035228729248e-01
3.204254209995269775e-01
3.216339945793151855e-01
3.228280544281005859e-01
3.240377306938171387e-01
3.252328336238861084e-01
3.264427185058593750e-01
3.276382386684417725e-01
3.288488388061523438e-01
3.300457596778869629e-01
3.312564492225646973e-01
3.324523568153381348e-01
3.336634635925292969e-01
3.348593115806579590e-01
3.360697031021118164e-01
3.372801244258880615e-01
3.384752869606018066e-01
3.396849930286407471e-01
3.408807218074798584e-01
3.420896828174591064e-01
3.432835042476654053e-01
3.444913029670715332e-01
3.456839025020599365e-01
3.468904495239257812e-01
3.480815291404724121e-01
3.492868244647979736e-01
3.504908680915832520e-01
3.516810834407806396e-01
3.528835177421569824e-01
3.540702164173126221e-01
3.552703857421875000e-01
3.564549386501312256e-01
3.576527833938598633e-01
3.588347136974334717e-01
3.600298166275024414e-01
3.612096607685089111e-01
3.624033629894256592e-01
3.635941445827484131e-01
3.647691607475280762e-01
3.659567534923553467e-01
3.671283423900604248e-01
3.683126866817474365e-01
3.694805502891540527e-01
3.706614077091217041e-01
3.718255162239074707e-01
3.730034530162811279e-01
3.741635680198669434e-01
3.753359317779541016e-01
3.765062987804412842e-01
3.776599168777465820e-01
3.788259029388427734e-01
3.799749016761779785e-01
3.811357021331787109e-01
3.822810351848602295e-01
3.834367990493774414e-01
3.845758438110351562e-01
3.857262730598449707e-01
3.868737816810607910e-01
3.880052268505096436e-01
3.891472518444061279e-01
3.902722299098968506e-01
3.914085030555725098e-01
3.925287425518035889e-01
3.936445713043212891e-01
3.947074413299560547e-01
3.957796394824981689e-01
3.968363702297210693e-01
3.979017138481140137e-01
3.989656567573547363e-01
4.000113010406494141e-01
4.010678529739379883e-01
4.021066427230834961e-01
4.031564891338348389e-01
4.041878581047058105e-01
4.052306413650512695e-01
4.062563180923461914e-01
4.072898924350738525e-01
4.083082675933837891e-01
4.093345105648040771e-01
4.103576540946960449e-01
4.113630354404449463e-01
4.123787283897399902e-01
4.133757650852203369e-01
4.143832921981811523e-01
4.153726696968078613e-01
4.163714349269866943e-01
4.173522889614105225e-01
4.183426499366760254e-01
4.193151295185089111e-01
4.202966988086700439e-01
4.212724268436431885e-01
4.222330451011657715e-01
4.232012629508972168e-01
4.241513013839721680e-01
4.251104295253753662e-01
4.260514676570892334e-01
4.270008504390716553e-01
4.279445707798004150e-01
4.288727641105651855e-01
4.298064708709716797e-01
4.307250380516052246e-01
4.316494166851043701e-01
4.325694143772125244e-01
4.334721863269805908e-01
4.343825876712799072e-01
4.352863729000091553e-01
4.361751377582550049e-01
4.370700716972351074e-01
4.379582405090332031e-01
4.388316869735717773e-01
4.397097826004028320e-01
4.405722320079803467e-01
4.414396286010742188e-01
4.423027336597442627e-01
4.431483149528503418e-01
4.440004825592041016e-01
4.448459744453430176e-01
4.456765353679656982e-01
4.465108811855316162e-01
4.473305642604827881e-01
4.481536746025085449e-01
4.489724040031433105e-01
4.497754275798797607e-01
4.505812525749206543e-01
4.513830244541168213e-01
4.521678388118743896e-01
4.529576003551483154e-01
4.537407457828521729e-01
4.545095264911651611e-01
4.552805423736572266e-01
4.560378193855285645e-01
4.567973911762237549e-01
4.575519561767578125e-01
4.582904279232025146e-01
4.590332806110382080e-01
4.597686529159545898e-01
4.604904055595397949e-01
4.612153470516204834e-01
4.619238376617431641e-01
4.626363515853881836e-01
4.633419215679168701e-01
4.640334248542785645e-01
4.647265970706939697e-01
4.654147922992706299e-01
4.660870134830474854e-01
4.667627215385437012e-01
4.674311578273773193e-01
4.680863022804260254e-01
4.687422811985015869e-01
4.693852663040161133e-01
4.700287282466888428e-01
4.706671237945556641e-01
4.712902903556823730e-01
4.719163477420806885e-01
4.725358188152313232e-01
4.731405377388000488e-01
4.737476408481597900e-01
4.743401110172271729e-01
4.749342501163482666e-01
4.755213260650634766e-01
4.760962426662445068e-01
4.766704738140106201e-01
4.772396087646484375e-01
4.777947366237640381e-01
4.783510863780975342e-01
4.789001643657684326e-01
4.794377684593200684e-01
4.799739718437194824e-01
4.804989695549011230e-01
4.810238480567932129e-01
4.815412759780883789e-01
4.820475876331329346e-01
4.825524389743804932e-01
4.830520153045654297e-01
4.835385382175445557e-01
4.840255677700042725e-01
4.845050573348999023e-01
4.849740564823150635e-01
4.854411780834197998e-01
4.858977198600769043e-01
4.863522946834564209e-01
4.868016242980957031e-01
4.872385561466217041e-01
4.876755177974700928e-01
4.881061911582946777e-01
4.885246455669403076e-01
4.889429509639739990e-01
4.893539249897003174e-01
4.897551834583282471e-01
4.901538789272308350e-01
4.905473291873931885e-01
4.909335076808929443e-01
4.913106560707092285e-01
4.916847348213195801e-01
4.920536875724792480e-01
4.924116730690002441e-01
4.927686452865600586e-01
4.931123256683349609e-01
4.933955967426300049e-01
4.936683475971221924e-01
4.939394593238830566e-01
4.942044913768768311e-01
4.944591820240020752e-01
4.947121739387512207e-01
4.949580430984497070e-01
4.951989352703094482e-01
4.954299032688140869e-01
4.956589043140411377e-01
4.958808720111846924e-01
4.960980117321014404e-01
4.963066279888153076e-01
4.965109527111053467e-01
4.967104792594909668e-01
4.969007968902587891e-01
4.970886409282684326e-01
4.972697198390960693e-01
4.974460601806640625e-01
4.976136088371276855e-01
4.977785348892211914e-01
4.979367852210998535e-01
4.980885684490203857e-01
4.982365667819976807e-01
4.983779191970825195e-01
4.985147416591644287e-01
4.986434876918792725e-01
4.987693130970001221e-01
4.988885223865509033e-01
4.990033209323883057e-01
4.991105198860168457e-01
4.992145597934722900e-01
4.993131756782531738e-01
4.994045197963714600e-01
4.994925558567047119e-01
4.995742440223693848e-01
4.996517300605773926e-01
4.997223317623138428e-01
4.997894465923309326e-01
4.998503327369689941e-01
4.999067485332489014e-01
4.999575018882751465e-01
5.000042319297790527e-01
5.000458359718322754e-01
5.000814199447631836e-01
5.001131296157836914e-01
