7.885237336158752441e-01
7.891769409179687500e-01
7.912467718124389648e-01
7.945557236671447754e-01
7.989461421966552734e-01
8.042966127395629883e-01
8.103307485580444336e-01
8.168252706527709961e-01
8.235910534858703613e-01
8.304844498634338379e-01
8.375752568244934082e-01
8.448212146759033203e-01
8.522745370864868164e-01
8.600499033927917480e-01
8.683188557624816895e-01
8.771039843559265137e-01
8.860024213790893555e-01
8.942757844924926758e-01
9.021461009979248047e-01
9.101857542991638184e-01
9.184463024139404297e-01
9.269754886627197266e-01
9.358722567558288574e-01
9.448764920234680176e-01
9.535233974456787109e-01
9.611471891403198242e-01
9.673434495925903320e-01
9.717023968696594238e-01
9.739485979080200195e-01
9.739421010017395020e-01
9.716832041740417480e-01
9.673194289207458496e-01
9.611691236495971680e-01
9.536157250404357910e-01
9.450342655181884766e-01
9.358884692192077637e-01
9.265722632408142090e-01
9.175311923027038574e-01
9.088975191116333008e-01
9.008991718292236328e-01
8.937771320343017578e-01
8.876762986183166504e-01
8.822622895240783691e-01
8.759419918060302734e-01
8.694063425064086914e-01
8.646254539489746094e-01
8.612038493156433105e-01
8.586561679840087891e-01
8.567625880241394043e-01
8.554292917251586914e-01
8.545404076576232910e-01
8.538624644279479980e-01
8.534945249557495117e-01
8.533657789230346680e-01
8.533986806869506836e-01
8.535169959068298340e-01
8.536490201950073242e-01
8.537714481353759766e-01
8.538683056831359863e-01
8.539517521858215332e-01
8.541208505630493164e-01
8.545125722885131836e-01
8.552417755126953125e-01
8.563478589057922363e-01
8.577180504798889160e-01
8.593171834945678711e-01
8.609007000923156738e-01
8.618711233139038086e-01
8.625291585922241211e-01
8.629266619682312012e-01
8.631702065467834473e-01
8.634021878242492676e-01
8.638100028038024902e-01
8.645682334899902344e-01
8.658056855201721191e-01
8.676228523254394531e-01
8.700922131538391113e-01
8.732620477676391602e-01
8.771672248840332031e-01
8.819072246551513672e-01
8.875683546066284180e-01
8.908466696739196777e-01
8.988044261932373047e-01
9.058229923248291016e-01
9.128620028495788574e-01
9.200012087821960449e-01
9.271464943885803223e-01
9.341838359832763672e-01
9.409260153770446777e-01
9.472658634185791016e-01
9.531253576278686523e-01
9.583845138549804688e-01
9.629454612731933594e-01
9.667584896087646484e-01
9.697496294975280762e-01
9.718939065933227539e-01
9.731830954551696777e-01
9.736393690109252930e-01
9.733074307441711426e-01
9.722456932067871094e-01
9.705312252044677734e-01
9.682487845420837402e-01
9.655567407608032227e-01
9.624790549278259277e-01
9.591017961502075195e-01
9.554823637008666992e-01
9.516935348510742188e-01
9.477584958076477051e-01
9.437025785446166992e-01
9.394760727882385254e-01
9.349386096000671387e-01
9.299870133399963379e-01
9.244990348815917969e-01
9.183530211448669434e-01
9.116157889366149902e-01
9.044802188873291016e-01
8.973035812377929688e-01
8.903591036796569824e-01
8.838229775428771973e-01
8.778023123741149902e-01
8.722761869430541992e-01
8.671890497207641602e-01
8.625089526176452637e-01
8.581947088241577148e-01
8.542191386222839355e-01
8.505415916442871094e-01
8.471450805664062500e-01
8.440178036689758301e-01
8.411722779273986816e-01
8.385394811630249023e-01
8.360844850540161133e-01
8.337841629981994629e-01
8.315949440002441406e-01
8.294762372970581055e-01
8.273800611495971680e-01
8.252562284469604492e-01
8.230625987052917480e-01
8.207131028175354004e-01
8.182002305984497070e-01
8.155128359794616699e-01
8.126344084739685059e-01
8.095646500587463379e-01
8.063321113586425781e-01
8.029687404632568359e-01
7.995199561119079590e-01
7.960548996925354004e-01
7.926455736160278320e-01
7.894085049629211426e-01
7.863597273826599121e-01
7.835564017295837402e-01
7.790143489837646484e-01
7.772256135940551758e-01
7.758553028106689453e-01
7.749301195144653320e-01
7.744687199592590332e-01
7.744839191436767578e-01
7.749819755554199219e-01
7.760360240936279297e-01
7.775759696960449219e-01
7.795794010162353516e-01
7.820357680320739746e-01
7.849237918853759766e-01
7.882035970687866211e-01
7.918346524238586426e-01
7.957797050476074219e-01
7.999961972236633301e-01
8.044071793556213379e-01
8.090055584907531738e-01
8.138338923454284668e-01
8.189830780029296875e-01
8.247432708740234375e-01
8.314517140388488770e-01
8.393202424049377441e-01
8.481843471527099609e-01
8.576846122741699219e-01
8.674100041389465332e-01
8.770812153816223145e-01
8.864790201187133789e-01
8.955014348030090332e-01
9.041227698326110840e-01
9.123308658599853516e-01
9.200786352157592773e-01
9.273744225502014160e-01
9.341514706611633301e-01
9.404127597808837891e-01
9.460985064506530762e-01
9.512115716934204102e-01
9.557061195373535156e-01
9.595885872840881348e-01
9.628375768661499023e-01
9.654391407966613770e-01
9.674223661422729492e-01
9.687846302986145020e-01
9.695450067520141602e-01
9.697167277336120605e-01
9.693246483802795410e-01
9.683977961540222168e-01
9.669659137725830078e-01
9.650622010231018066e-01
9.627230763435363770e-01
9.599866867065429688e-01
9.568930864334106445e-01
9.534857869148254395e-01
9.497997760772705078e-01
9.458730816841125488e-01
9.417421221733093262e-01
9.374295473098754883e-01
9.329872131347656250e-01
9.284343123435974121e-01
9.237957000732421875e-01
9.190953969955444336e-01
9.143551588058471680e-01
9.096072316169738770e-01
9.048590064048767090e-01
9.000650644302368164e-01
8.952401280403137207e-01
8.904559016227722168e-01
8.857403993606567383e-01
8.811166286468505859e-01
8.765758872032165527e-01
8.721358180046081543e-01
8.678001165390014648e-01
8.635758757591247559e-01
8.594309687614440918e-01
8.553464412689208984e-01
8.512760400772094727e-01
8.471061587333679199e-01
8.427197933197021484e-01
8.379622101783752441e-01
8.326908349990844727e-01
8.273018598556518555e-01
8.226242065429687500e-01
8.191478848457336426e-01
8.165264725685119629e-01
8.142115473747253418e-01
8.118464350700378418e-01
8.093035221099853516e-01
8.065330982208251953e-01
8.035483956336975098e-01
8.003484606742858887e-01
7.969703674316406250e-01
7.934389710426330566e-01
7.898068428039550781e-01
7.860965132713317871e-01
7.824010252952575684e-01
7.787985801696777344e-01
7.754666209220886230e-01
7.726491689682006836e-01
7.710065245628356934e-01
7.767454981803894043e-01
7.700075507164001465e-01
7.647161483764648438e-01
7.597280740737915039e-01
7.550027370452880859e-01
7.505229115486145020e-01
7.462815046310424805e-01
7.422943711280822754e-01
7.385802268981933594e-01
7.351708412170410156e-01
7.320597767829895020e-01
7.292709350585937500e-01
7.268022298812866211e-01
7.246501445770263672e-01
7.228274345397949219e-01
7.213223576545715332e-01
7.201392054557800293e-01
7.192645668983459473e-01
7.186941504478454590e-01
7.184140086174011230e-01
7.184025049209594727e-01
7.186378240585327148e-01
7.190941572189331055e-01
7.196869254112243652e-01
7.202630639076232910e-01
7.204419374465942383e-01
7.194987535476684570e-01
7.211569547653198242e-01
7.279035449028015137e-01
7.318543791770935059e-01
7.348080873489379883e-01
7.376717329025268555e-01
7.406327724456787109e-01
7.437536716461181641e-01
7.470307350158691406e-01
7.504763603210449219e-01
7.540695071220397949e-01
7.578279376029968262e-01
7.617394924163818359e-01
7.657927274703979492e-01
7.699723243713378906e-01
7.742589712142944336e-01
7.786678671836853027e-01
7.831686735153198242e-01
7.877789735794067383e-01
7.924786210060119629e-01
7.972486615180969238e-01
8.021059632301330566e-01
8.070181608200073242e-01
8.120035529136657715e-01
8.170423507690429688e-01
8.221132159233093262e-01
8.272364139556884766e-01
8.323777914047241211e-01
8.375748395919799805e-01
8.428087234497070312e-01
8.480404019355773926e-01
8.532927036285400391e-01
8.585311174392700195e-01
8.637657761573791504e-01
8.689906597137451172e-01
8.742004632949829102e-01
8.793899416923522949e-01
8.845374584197998047e-01
8.896683454513549805e-01
8.947600126266479492e-01
8.998063206672668457e-01
9.047989249229431152e-01
9.097309112548828125e-01
9.145801067352294922e-01
9.193667769432067871e-01
9.240675568580627441e-01
9.287110567092895508e-01
9.332523345947265625e-01
9.376748204231262207e-01
9.419559836387634277e-01
9.461140036582946777e-01
9.501266479492187500e-01
9.539856910705566406e-01
9.576715826988220215e-01
9.611887931823730469e-01
9.645397067070007324e-01
9.676970243453979492e-01
9.706648588180541992e-01
9.734369516372680664e-01
9.760085344314575195e-01
9.783746600151062012e-01
9.805384874343872070e-01
9.824823141098022461e-01
9.842113256454467773e-01
9.857223033905029297e-01
9.870123863220214844e-01
9.880884885787963867e-01
9.889512062072753906e-01
9.896042943000793457e-01
9.900454282760620117e-01
9.902802109718322754e-01
9.903124570846557617e-01
9.901464581489562988e-01
9.897871613502502441e-01
9.892402291297912598e-01
9.885115027427673340e-01
9.876106381416320801e-01
9.865390658378601074e-01
9.853105545043945312e-01
9.839251041412353516e-01
9.823939800262451172e-01
9.807305335998535156e-01
9.789324402809143066e-01
9.770191311836242676e-01
9.750046133995056152e-01
9.729098677635192871e-01
9.707150459289550781e-01
9.684415459632873535e-01
9.660823345184326172e-01
9.636595249176025391e-01
9.611649513244628906e-01
9.586208462715148926e-01
9.560171961784362793e-01
9.533680677413940430e-01
9.506877660751342773e-01
9.479641318321228027e-01
9.452196955680847168e-01
9.424496293067932129e-01
9.396579265594482422e-01
9.368479251861572266e-01
9.340230226516723633e-01
9.311855435371398926e-01
9.283376336097717285e-01
9.254810214042663574e-01
9.226176738739013672e-01
9.197729825973510742e-01
9.169324636459350586e-01
9.140866398811340332e-01
9.112356901168823242e-01
9.083802700042724609e-01
9.055200815200805664e-01
9.026564359664916992e-01
8.997887372970581055e-01
8.969191908836364746e-01
8.940481543540954590e-01
8.911777734756469727e-01
8.883094191551208496e-01
8.854461908340454102e-01
8.825907707214355469e-01
8.797472119331359863e-01
8.769291639328002930e-01
8.741204738616943359e-01
8.713461160659790039e-01
8.685908913612365723e-01
8.658795952796936035e-01
8.631972670555114746e-01
8.605679869651794434e-01
8.579803109169006348e-01
8.554547429084777832e-01
8.529728055000305176e-01
8.505576252937316895e-01
8.482034206390380859e-01
8.459030985832214355e-01
8.436775803565979004e-01
8.415113687515258789e-01
8.394224047660827637e-01
8.373952507972717285e-01
8.354473114013671875e-01
8.335615992546081543e-01
8.317543864250183105e-01
8.300103545188903809e-01
8.283425569534301758e-01
8.267366886138916016e-01
8.252053260803222656e-01
8.237397670745849609e-01
8.223394155502319336e-01
8.210021853446960449e-01
8.197268843650817871e-01
8.185128569602966309e-01
8.173571825027465820e-01
8.162375092506408691e-01
8.150181174278259277e-01
8.138461112976074219e-01
8.127295970916748047e-01
8.116627335548400879e-01
8.106443285942077637e-01
8.096733093261718750e-01
8.087487220764160156e-01
8.078692555427551270e-01
8.070340156555175781e-01
8.062421083450317383e-01
8.054925203323364258e-01
8.047844171524047852e-01
8.041167259216308594e-01
8.034887313842773438e-01
8.028994798660278320e-01
8.023476004600524902e-01
8.018332719802856445e-01
8.013551235198974609e-01
8.009141683578491211e-01
8.005055785179138184e-01
8.001304864883422852e-01
7.997894287109375000e-01
7.994782924652099609e-01
7.991976737976074219e-01
7.989448308944702148e-01
7.986999750137329102e-01
7.984833717346191406e-01
7.982944846153259277e-01
7.981305718421936035e-01
7.979912757873535156e-01
7.978755831718444824e-01
7.977812886238098145e-01
7.977077960968017578e-01
7.976532578468322754e-01
7.976166009902954102e-01
7.975964546203613281e-01
7.975910305976867676e-01
7.976001501083374023e-01
7.976219058036804199e-01
7.976557016372680664e-01
7.977002859115600586e-01
7.977542877197265625e-01
7.978178262710571289e-01
7.978893518447875977e-01
7.979686260223388672e-01
7.980553507804870605e-01
7.981498241424560547e-01
7.982505559921264648e-01
7.983581423759460449e-01
7.984733581542968750e-01
7.985947132110595703e-01
7.987265586853027344e-01
7.988690137863159180e-01
7.990203499794006348e-01
7.991778254508972168e-01
7.993438839912414551e-01
7.995190024375915527e-01
7.997023463249206543e-01
7.998943328857421875e-01
8.000978827476501465e-01
8.003095984458923340e-01
8.005317449569702148e-01
8.007653355598449707e-01
8.010110259056091309e-01
8.012672662734985352e-01
8.015347719192504883e-01
8.018167018890380859e-01
8.021087646484375000e-01
8.024141192436218262e-01
8.027317523956298828e-01
8.030629754066467285e-01
8.034069538116455078e-01
8.037649989128112793e-01
8.041359782218933105e-01
8.045212626457214355e-01
8.049198389053344727e-01
8.053330779075622559e-01
8.057596087455749512e-01
8.062009215354919434e-01
8.066529631614685059e-01
8.070443272590637207e-01
8.074476122856140137e-01
8.078652620315551758e-01
8.082967996597290039e-01
8.087435960769653320e-01
8.092051148414611816e-01
8.096812963485717773e-01
8.101714849472045898e-01
8.106772303581237793e-01
8.111976385116577148e-01
8.117328882217407227e-01
8.122828006744384766e-01
8.128471970558166504e-01
8.134269118309020996e-01
8.140214681625366211e-01
8.146309256553649902e-01
8.152512907981872559e-01
8.158898353576660156e-01
8.165438771247863770e-01
8.172087669372558594e-01
8.178925514221191406e-01
8.185907006263732910e-01
8.192996382713317871e-01
8.200284242630004883e-01
8.207718729972839355e-01
8.215302228927612305e-01
8.222978711128234863e-01
8.230861425399780273e-01
8.238891363143920898e-01
8.247017860412597656e-01
8.255430459976196289e-01
8.264116644859313965e-01
8.272889852523803711e-01
8.281875848770141602e-01
8.291010856628417969e-01
8.300226330757141113e-01
8.309655189514160156e-01
8.319222927093505859e-01
8.328886032104492188e-01
8.338753581047058105e-01
8.348755240440368652e-01
8.358910083770751953e-01
8.369142413139343262e-01
8.379511833190917969e-01
8.390088081359863281e-01
8.400731086730957031e-01
8.411583304405212402e-01
8.422507047653198242e-01
8.433619141578674316e-01
8.444806337356567383e-01
8.456118702888488770e-01
8.467624783515930176e-01
8.479194641113281250e-01
8.490947484970092773e-01
8.502761125564575195e-01
8.514761924743652344e-01
8.526808023452758789e-01
8.539044857025146484e-01
8.551321625709533691e-01
8.563704490661621094e-01
8.576273918151855469e-01
8.588874340057373047e-01
8.601661324501037598e-01
8.614053726196289062e-01
8.626385927200317383e-01
8.638743162155151367e-01
8.651217818260192871e-01
8.663875460624694824e-01
8.676567673683166504e-01
8.689453005790710449e-01
8.702385425567626953e-01
8.715432286262512207e-01
8.728698492050170898e-01
8.742023110389709473e-01
8.755504488945007324e-01
8.769140839576721191e-01
8.782964348793029785e-01
8.797062039375305176e-01
8.811293244361877441e-01
8.825766444206237793e-01
8.840495944023132324e-01
8.855512738227844238e-01
8.870918154716491699e-01
8.886584639549255371e-01
8.902608752250671387e-01
8.919016718864440918e-01
8.935835957527160645e-01
8.953177928924560547e-01
8.970861434936523438e-01
8.988991379737854004e-01
9.007568359375000000e-01
9.026585221290588379e-01
9.046114087104797363e-01
9.065943956375122070e-01
9.086123704910278320e-01
9.106615185737609863e-01
9.127355813980102539e-01
9.148409366607666016e-01
9.169652462005615234e-01
9.191331863403320312e-01
9.212965965270996094e-01
9.234494566917419434e-01
9.255838394165039062e-01
9.276931285858154297e-01
9.297703504562377930e-01
9.318084716796875000e-01
9.338037967681884766e-01
9.357501864433288574e-01
9.376434683799743652e-01
9.394795298576354980e-01
9.412552118301391602e-01
9.429678916931152344e-01
9.446154832839965820e-01
9.461956024169921875e-01
9.477071762084960938e-01
9.491485357284545898e-01
9.505197405815124512e-01
9.518193602561950684e-01
9.530478119850158691e-01
9.542040824890136719e-01
9.552885890007019043e-01
9.563015699386596680e-01
9.572431445121765137e-01
9.581133127212524414e-01
9.589130282402038574e-01
9.596420526504516602e-01
9.603016376495361328e-01
9.608918428421020508e-01
9.614136219024658203e-01
9.618673920631408691e-01
9.622539281845092773e-01
9.625740647315979004e-01
9.628286361694335938e-01
9.630182981491088867e-01
9.631433486938476562e-01
9.632061719894409180e-01
9.632001519203186035e-01
9.630967974662780762e-01
9.629306197166442871e-01
9.627026915550231934e-01
9.624147415161132812e-01
9.620654582977294922e-01
9.616567492485046387e-01
9.608184695243835449e-01
9.602408409118652344e-01
9.596108794212341309e-01
9.589241147041320801e-01
9.581843614578247070e-01
9.573929905891418457e-01
9.565506577491760254e-01
9.556587338447570801e-01
9.547228813171386719e-01
9.537357687950134277e-01
9.527027606964111328e-01
9.516250491142272949e-01
9.505041837692260742e-01
9.493411779403686523e-01
9.481433629989624023e-01
9.469003677368164062e-01
9.456192851066589355e-01
9.443014860153198242e-01
9.429481625556945801e-01
9.415671825408935547e-01
9.401472210884094238e-01
9.386958479881286621e-01
9.372214078903198242e-01
9.357118606567382812e-01
9.341748952865600586e-01
9.326189160346984863e-01
9.310314059257507324e-01
9.294209480285644531e-01
9.277958869934082031e-01
9.261433482170104980e-01
9.244716167449951172e-01
9.227897524833679199e-01
9.210847616195678711e-01
9.193642735481262207e-01
9.176378846168518066e-01
9.159572720527648926e-01
9.142819046974182129e-01
9.126079082489013672e-01
9.109209179878234863e-01
9.092301726341247559e-01
9.075445532798767090e-01
9.058495163917541504e-01
9.041543006896972656e-01
9.024673104286193848e-01
9.007742404937744141e-01
8.990839719772338867e-01
8.974046111106872559e-01
8.957220315933227539e-01
8.940443396568298340e-01
8.923796415328979492e-01
8.907136321067810059e-01
8.890613913536071777e-01
8.874086737632751465e-01
8.857701420783996582e-01
8.841313123703002930e-01
8.825070261955261230e-01
8.808823227882385254e-01
8.792645931243896484e-01
8.776608109474182129e-01
8.760554194450378418e-01
8.744630217552185059e-01
8.728685379028320312e-01
8.712855577468872070e-01
8.696998953819274902e-01
8.681243658065795898e-01
8.665447831153869629e-01
8.649740219116210938e-01
8.633979558944702148e-01
8.618296980857849121e-01
8.602548241615295410e-01
8.586867451667785645e-01
8.571111559867858887e-01
8.555411696434020996e-01
8.539632558822631836e-01
8.523902297019958496e-01
8.508086800575256348e-01
8.492315411567687988e-01
8.476455211639404297e-01
8.460641503334045410e-01
8.444737792015075684e-01
8.428785204887390137e-01
8.412873744964599609e-01
8.396881818771362305e-01
8.380936980247497559e-01
8.364915847778320312e-01
8.348944783210754395e-01
8.332974314689636230e-01
8.316922783851623535e-01
8.300939798355102539e-01
8.284896612167358398e-01
8.268919587135314941e-01
8.252959847450256348e-01
8.236938714981079102e-01
8.221009373664855957e-01
8.205025196075439453e-01
8.189132213592529297e-01
8.173274993896484375e-01
8.157374858856201172e-01
8.141583800315856934e-01
8.125757575035095215e-01
8.110045194625854492e-01
8.094371557235717773e-01
8.078681826591491699e-01
8.063114881515502930e-01
8.047531247138977051e-01
8.032073974609375000e-01
8.016673326492309570e-01
8.001278638839721680e-01
7.986005544662475586e-01
7.970741391181945801e-01
7.955616116523742676e-01
7.940561175346374512e-01
7.925528287887573242e-01
7.910629510879516602e-01
7.895764112472534180e-01
7.881037592887878418e-01
7.866400480270385742e-01
7.851805686950683594e-01
7.837357521057128906e-01
7.823017239570617676e-01
7.808718681335449219e-01
7.794590592384338379e-01
7.780565619468688965e-01
7.766657471656799316e-01
7.752828001976013184e-01
7.739167809486389160e-01
7.725648880004882812e-01
7.712209820747375488e-01
7.698974609375000000e-01
7.686939835548400879e-01
7.675169110298156738e-01
7.663531899452209473e-01
7.652120590209960938e-01
7.640910148620605469e-01
7.629857063293457031e-01
7.619072794914245605e-01
7.608517408370971680e-01
7.598181962966918945e-01
7.588149309158325195e-01
7.578415870666503906e-01
7.568987607955932617e-01
7.559875845909118652e-01
7.551162838935852051e-01
7.542858719825744629e-01
7.534962892532348633e-01
7.527579665184020996e-01
7.520715594291687012e-01
7.514431476593017578e-01
7.508751153945922852e-01
7.503771185874938965e-01
7.499509453773498535e-01
7.496032118797302246e-01
7.493361830711364746e-01
7.491520047187805176e-01
7.490473985671997070e-01
7.490146756172180176e-01
7.490347623825073242e-01
7.490768432617187500e-01
7.490946650505065918e-01
7.490182518959045410e-01
7.487574815750122070e-01
7.482010126113891602e-01
7.472355365753173828e-01
7.457600235939025879e-01
7.437192201614379883e-01
7.411078810691833496e-01
7.380356192588806152e-01
7.346325516700744629e-01
7.310674190521240234e-01
7.274986505508422852e-01
7.240529656410217285e-01
7.207959294319152832e-01
7.178022861480712891e-01
7.150638103485107422e-01
7.125713229179382324e-01
7.103026509284973145e-01
7.082229852676391602e-01
7.063229084014892578e-01
7.045686244964599609e-01
7.029353380203247070e-01
7.014058828353881836e-01
6.999555826187133789e-01
6.985899806022644043e-01
6.973038315773010254e-01
6.960684061050415039e-01
6.948761343955993652e-01
6.937144398689270020e-01
6.925895810127258301e-01
6.914913654327392578e-01
6.904159784317016602e-01
6.893604397773742676e-01
6.883214116096496582e-01
6.872940659523010254e-01
6.862845420837402344e-01
6.852867007255554199e-01
6.842996478080749512e-01
6.833213567733764648e-01
6.823521852493286133e-01
6.813914179801940918e-01
6.804378032684326172e-01
6.794910430908203125e-01
6.785470247268676758e-01
6.776113510131835938e-01
6.766823530197143555e-01
6.757584810256958008e-01
6.748396754264831543e-01
6.739256978034973145e-01
6.730154752731323242e-01
6.721101403236389160e-01
6.712093353271484375e-01
6.703094840049743652e-01
6.694169640541076660e-01
6.685276031494140625e-01
6.676425933837890625e-01
6.667616367340087891e-01
6.658843755722045898e-01
6.650108695030212402e-01
6.641408801078796387e-01
6.632735133171081543e-01
6.624076366424560547e-01
6.615483760833740234e-01
6.606925725936889648e-01
6.598402261734008789e-01
6.589906811714172363e-01
6.581447720527648926e-01
6.573026776313781738e-01
6.564640402793884277e-01
6.556286811828613281e-01
6.547931432723999023e-01
6.539642810821533203e-01
6.531389951705932617e-01
6.523171663284301758e-01
6.514986157417297363e-01
6.506826281547546387e-01
6.498704552650451660e-01
6.490619182586669922e-01
6.482567191123962402e-01
6.474547982215881348e-01
6.466562151908874512e-01
6.458603739738464355e-01
6.450681090354919434e-01
6.442876458168029785e-01
6.435430049896240234e-01
6.428020000457763672e-01
6.420639157295227051e-01
6.413295865058898926e-01
6.405985355377197266e-01
6.398703455924987793e-01
6.391457915306091309e-01
6.384242773056030273e-01
6.377056837081909180e-01
6.369907259941101074e-01
6.362772583961486816e-01
6.355690360069274902e-01
6.348646283149719238e-01
6.341631412506103516e-01
6.334653496742248535e-01
6.327706575393676758e-01
6.320797204971313477e-01
6.313918232917785645e-01
6.307069659233093262e-01
6.300258636474609375e-01
6.293486952781677246e-01
6.286745071411132812e-01
6.280043125152587891e-01
6.273375153541564941e-01
6.266738176345825195e-01
6.259774565696716309e-01
6.252812147140502930e-01
6.245877742767333984e-01
6.238977313041687012e-01
6.232118606567382812e-01
6.225288510322570801e-01
6.218492984771728516e-01
6.211739182472229004e-01
6.205014586448669434e-01
6.198325157165527344e-01
6.191672682762145996e-01
6.185063123703002930e-01
6.178481578826904297e-01
6.171938180923461914e-01
6.165437698364257812e-01
6.158968210220336914e-01
6.152535080909729004e-01
6.146146655082702637e-01
6.139790415763854980e-01
6.133470535278320312e-01
6.127197146415710449e-01
6.120954751968383789e-01
6.114751100540161133e-01
6.108594536781311035e-01
6.102470159530639648e-01
6.096385717391967773e-01
6.090797781944274902e-01
6.085627079010009766e-01
6.080498099327087402e-01
6.075408458709716797e-01
6.070365905761718750e-01
6.065358519554138184e-01
6.060391068458557129e-01
6.055478453636169434e-01
6.050594449043273926e-01
6.045759320259094238e-01
6.040961146354675293e-01
6.036205291748046875e-01
6.031492352485656738e-01
6.026830673217773438e-01
6.022205948829650879e-01
6.017625927925109863e-01
6.013090610504150391e-01
6.008600592613220215e-01
6.004163622856140137e-01
5.999764800071716309e-01
5.995414257049560547e-01
5.991109609603881836e-01
5.986859798431396484e-01
5.982650518417358398e-01
5.978489518165588379e-01
5.974377989768981934e-01
5.970322489738464355e-01
5.966305732727050781e-01
5.962178707122802734e-01
5.958101153373718262e-01
5.954080224037170410e-01
5.950103402137756348e-01
5.946183204650878906e-01
5.942309498786926270e-01
5.938487648963928223e-01
5.934725999832153320e-01
5.931009650230407715e-01
5.927348136901855469e-01
5.923740863800048828e-01
5.920195579528808594e-01
5.916698575019836426e-01
5.913265943527221680e-01
5.909881591796875000e-01
5.906561613082885742e-01
5.903292894363403320e-01
5.900082588195800781e-01
5.896931886672973633e-01
5.893847346305847168e-01
5.890817046165466309e-01
5.887852907180786133e-01
5.884945392608642578e-01
5.882107019424438477e-01
5.879325270652770996e-01
5.876606702804565430e-01
5.873953104019165039e-01
5.871368050575256348e-01
5.868979096412658691e-01
5.866861939430236816e-01
5.864816308021545410e-01
5.862822532653808594e-01
5.860908627510070801e-01
5.859053730964660645e-01
5.857266783714294434e-01
5.855555534362792969e-01
5.853898525238037109e-01
5.852319598197937012e-01
5.850810408592224121e-01
5.849372148513793945e-01
5.848013758659362793e-01
5.846720933914184570e-01
5.845502018928527832e-01
5.844358801841735840e-01
5.843290686607360840e-01
5.842305421829223633e-01
5.841378569602966309e-01
5.840541124343872070e-01
5.839789509773254395e-01
5.839104652404785156e-01
5.838513374328613281e-01
5.837997198104858398e-01
5.837562680244445801e-01
5.837218761444091797e-01
5.836952328681945801e-01
5.836755037307739258e-01
5.836658477783203125e-01
5.836649537086486816e-01
5.836575031280517578e-01
5.836380124092102051e-01
5.836271643638610840e-01
5.836256742477416992e-01
5.836323499679565430e-01
5.836479663848876953e-01
5.836703777313232422e-01
5.837040543556213379e-01
5.837469100952148438e-01
5.837990045547485352e-01
5.838611721992492676e-01
5.839322209358215332e-01
5.840128064155578613e-01
5.841037631034851074e-01
5.842010974884033203e-01
5.843110084533691406e-01
5.844307541847229004e-01
5.845606327056884766e-01
5.847006440162658691e-01
5.848509073257446289e-01
5.850121974945068359e-01
5.851801037788391113e-01
5.853616595268249512e-01
5.855544805526733398e-01
5.857574343681335449e-01
5.859711766242980957e-01
5.861958265304565430e-01
5.864315629005432129e-01
5.866746902465820312e-01
5.869333148002624512e-01
5.872026085853576660e-01
5.874837040901184082e-01
5.877765417098999023e-01
5.880810618400573730e-01
5.883958935737609863e-01
5.887182950973510742e-01
5.890560150146484375e-01
5.894044041633605957e-01
5.897641181945800781e-01
5.901358723640441895e-01
5.905191898345947266e-01
5.909134149551391602e-01
5.913152694702148438e-01
5.917328596115112305e-01
5.921622514724731445e-01
5.926049947738647461e-01
5.930582284927368164e-01
5.935243368148803711e-01
5.938463211059570312e-01
5.941653251647949219e-01
5.945020914077758789e-01
5.948497653007507324e-01
5.952085256576538086e-01
5.955799221992492676e-01
5.959630012512207031e-01
5.963583588600158691e-01
5.967594981193542480e-01
5.971787571907043457e-01
5.976095199584960938e-01
5.980530977249145508e-01
5.985097885131835938e-01
5.989781022071838379e-01
5.994514822959899902e-01
5.999445915222167969e-01
6.004137396812438965e-01
6.008337140083312988e-01
6.012637615203857422e-01
6.017054319381713867e-01
6.021500825881958008e-01
6.026127338409423828e-01
6.030866503715515137e-01
6.035712957382202148e-01
6.040677428245544434e-01
6.045745015144348145e-01
6.050853133201599121e-01
6.056142449378967285e-01
6.061544418334960938e-01
6.067054271697998047e-01
6.072684526443481445e-01
6.078416705131530762e-01
6.084178090095520020e-01
6.087929606437683105e-01
6.088591814041137695e-01
6.089370846748352051e-01
6.090255975723266602e-01
6.091256141662597656e-01
6.092283129692077637e-01
6.093506813049316406e-01
6.094846129417419434e-01
6.096293926239013672e-01
6.097862124443054199e-01
6.099540591239929199e-01
6.101244688034057617e-01
6.103161573410034180e-01
6.105199456214904785e-01
6.107351183891296387e-01
6.109619140625000000e-01
6.112009286880493164e-01
6.114419698715209961e-01
6.117052435874938965e-01
6.119868159294128418e-01
6.122847199440002441e-01
6.125990152359008789e-01
6.129322648048400879e-01
6.132704615592956543e-01
6.136376261711120605e-01
6.140229701995849609e-01
6.144255995750427246e-01
6.148464083671569824e-01
6.152738928794860840e-01
6.157307624816894531e-01
6.162055134773254395e-01
6.167002320289611816e-01
6.172119379043579102e-01
6.177315115928649902e-01
6.182810664176940918e-01
6.188883781433105469e-01
6.196210980415344238e-01
6.203781962394714355e-01
6.211571693420410156e-01
6.219466924667358398e-01
6.227731108665466309e-01
6.236236691474914551e-01
6.244971752166748047e-01
6.253945231437683105e-01
6.263016462326049805e-01
6.272479891777038574e-01
6.282168626785278320e-01
6.292101144790649414e-01
6.302277445793151855e-01
6.312554478645324707e-01
6.323213577270507812e-01
6.334114074707031250e-01
6.345270872116088867e-01
6.356787681579589844e-01
6.371144652366638184e-01
6.385567784309387207e-01
6.400364041328430176e-01
6.415392160415649414e-01
6.430640816688537598e-01
6.446102261543273926e-01
6.461626291275024414e-01
6.477532982826232910e-01
6.493641734123229980e-01
6.509975194931030273e-01
6.526515483856201172e-01
6.543267965316772461e-01
6.560066342353820801e-01
6.577222943305969238e-01
6.594592928886413574e-01
6.612166762351989746e-01
6.629923582077026367e-01
6.647710800170898438e-01
6.665850877761840820e-01
6.684193015098571777e-01
6.702716946601867676e-01
6.721409559249877930e-01
6.740113496780395508e-01
6.759170293807983398e-01
6.778380274772644043e-01
6.797768473625183105e-01
6.817308068275451660e-01
6.836827993392944336e-01
6.856685280799865723e-01
6.876675486564636230e-01
6.896817088127136230e-01
6.917094588279724121e-01
6.937308311462402344e-01
6.957841515541076660e-01
6.978490352630615234e-01
6.999247670173645020e-01
7.020117640495300293e-01
7.041174769401550293e-01
7.063328623771667480e-01
7.085543870925903320e-01
7.107806801795959473e-01
7.130122184753417969e-01
7.152286767959594727e-01
7.174668312072753906e-01
7.197084426879882812e-01
7.219513058662414551e-01
7.241953015327453613e-01
7.264215350151062012e-01
7.286655306816101074e-01
7.309084534645080566e-01
7.331506609916687012e-01
7.353894114494323730e-01
7.376067042350769043e-01
7.398378252983093262e-01
7.420639395713806152e-01
7.442858815193176270e-01
7.465000748634338379e-01
7.487068772315979004e-01
7.508887052536010742e-01
7.530788183212280273e-01
7.552595138549804688e-01
7.574304342269897461e-01
7.595893144607543945e-01
7.617195844650268555e-01
7.638537287712097168e-01
7.659744620323181152e-01
7.680817246437072754e-01
7.701725959777832031e-01
7.722311615943908691e-01
7.742905020713806152e-01
7.763315439224243164e-01
7.783544063568115234e-01
7.803586721420288086e-01
7.823270559310913086e-01
7.842915058135986328e-01
7.862338423728942871e-01
7.881543040275573730e-01
7.900034189224243164e-01
7.918134331703186035e-01
7.935997843742370605e-01
7.953624725341796875e-01
7.971019744873046875e-01
7.988013029098510742e-01
8.004905581474304199e-01
8.021526932716369629e-01
8.037877082824707031e-01
8.053959608078002930e-01
8.069618940353393555e-01
8.085130453109741211e-01
8.100344538688659668e-01
8.115252852439880371e-01
8.129863142967224121e-01
8.144034147262573242e-01
8.158014416694641113e-01
8.171668052673339844e-01
8.184991478919982910e-01
8.197989463806152344e-01
8.210533261299133301e-01
8.222849965095520020e-01
8.234817385673522949e-01
8.246430754661560059e-01
8.257695436477661133e-01
8.268500566482543945e-01
8.279043436050415039e-01
8.289216756820678711e-01
8.299018144607543945e-01
8.308454751968383789e-01
8.317427039146423340e-01
8.326110243797302246e-01
8.334408402442932129e-01
8.342327475547790527e-01
8.349857926368713379e-01
8.356931805610656738e-01
8.363693356513977051e-01
8.370059728622436523e-01
8.376040458679199219e-01
8.381621837615966797e-01
8.386756777763366699e-01
8.391557335853576660e-01
8.396013379096984863e-01
8.400094509124755859e-01
8.403765559196472168e-01
8.406990766525268555e-01
8.409860134124755859e-01
8.412322998046875000e-01
8.414387106895446777e-01
8.416043519973754883e-01
8.417276740074157715e-01
8.418136835098266602e-01
8.418604135513305664e-01
8.418670296669006348e-01
8.418346643447875977e-01
8.417610526084899902e-01
8.416506052017211914e-01
8.415009975433349609e-01
8.413133621215820312e-01
8.410868048667907715e-01
8.408218622207641602e-01
8.405202627182006836e-01
8.401806950569152832e-01
8.398044705390930176e-01
8.393908143043518066e-01
8.389419913291931152e-01
8.384557962417602539e-01
8.379343748092651367e-01
8.373767733573913574e-01
8.367846608161926270e-01
8.361590504646301270e-01
8.354979157447814941e-01
8.348021507263183594e-01
8.340734243392944336e-01
8.333107829093933105e-01
8.325186967849731445e-01
8.316909670829772949e-01
8.308311700820922852e-01
8.299403786659240723e-01
8.290177583694458008e-01
8.280687928199768066e-01
8.270851373672485352e-01
8.260723352432250977e-01
8.250292539596557617e-01
8.239578604698181152e-01
8.228607177734375000e-01
8.217198252677917480e-01
8.205423355102539062e-01
8.193359971046447754e-01
8.181031346321105957e-01
8.168478608131408691e-01
8.155609369277954102e-01
8.142488598823547363e-01
8.129103183746337891e-01
8.115465641021728516e-01
8.101592659950256348e-01
8.087531328201293945e-01
8.073170781135559082e-01
8.058578968048095703e-01
8.043767213821411133e-01
8.028733730316162109e-01
8.013528585433959961e-01
7.998061776161193848e-01
7.982384562492370605e-01
7.966492772102355957e-01
7.950398325920104980e-01
7.934179902076721191e-01
7.917706370353698730e-01
7.901043295860290527e-01
7.884175181388854980e-01
7.867147326469421387e-01
7.850010395050048828e-01
7.832633256912231445e-01
7.815077304840087891e-01
7.797356843948364258e-01
7.779485583305358887e-01
7.761527895927429199e-01
7.743334174156188965e-01
7.725003957748413086e-01
7.706515192985534668e-01
7.687895298004150391e-01
7.669209241867065430e-01
7.650304436683654785e-01
7.631278038024902344e-01
7.612111568450927734e-01
7.592818140983581543e-01
7.573413848876953125e-01
7.553968429565429688e-01
7.534331083297729492e-01
7.514555454254150391e-01
7.494695186614990234e-01
7.474726438522338867e-01
7.454756498336791992e-01
7.434906363487243652e-01
7.414952516555786133e-01
7.394934296607971191e-01
7.374808192253112793e-01
7.354718446731567383e-01
7.334443926811218262e-01
7.314093112945556641e-01
7.293666005134582520e-01
7.273157835006713867e-01
7.252698540687561035e-01
7.232066392898559570e-01
7.211368083953857422e-01
7.190608978271484375e-01
7.169790267944335938e-01
7.148913741111755371e-01
7.128065228462219238e-01
7.107091546058654785e-01
7.086054682731628418e-01
7.064970731735229492e-01
7.043837904930114746e-01
7.022742629051208496e-01
7.001534104347229004e-01
6.980271339416503906e-01
6.958969831466674805e-01
6.937628984451293945e-01
6.916254758834838867e-01
6.894941329956054688e-01
6.873497962951660156e-01
6.852024793624877930e-01
6.830523014068603516e-01
6.808992028236389160e-01
6.787534356117248535e-01
6.765967011451721191e-01
6.744349598884582520e-01
6.722725033760070801e-01
6.701079607009887695e-01
6.679415702819824219e-01
6.657845973968505859e-01
6.636137366294860840e-01
6.614425182342529297e-01
6.592701077461242676e-01
6.570965647697448730e-01
6.549316048622131348e-01
6.527559757232666016e-01
6.505810618400573730e-01
6.484024524688720703e-01
6.462247371673583984e-01
6.440467834472656250e-01
6.418778896331787109e-01
6.398577094078063965e-01
6.378645896911621094e-01
6.358709335327148438e-01
6.338778138160705566e-01
6.318967342376708984e-01
6.299070715904235840e-01
6.279167532920837402e-01
6.259281635284423828e-01
6.239417195320129395e-01
6.219552159309387207e-01
6.199809908866882324e-01
6.179988384246826172e-01
6.160153150558471680e-01
6.140360832214355469e-01
6.120567321777343750e-01
6.100810170173645020e-01
6.081163883209228516e-01
6.061412692070007324e-01
6.041707396507263184e-01
6.022021770477294922e-01
6.002342700958251953e-01
5.982698202133178711e-01
5.963156819343566895e-01
5.943538546562194824e-01
5.923959016799926758e-01
5.904404520988464355e-01
5.884844064712524414e-01
5.865334272384643555e-01
5.845928192138671875e-01
5.826469063758850098e-01
5.807036161422729492e-01
5.787600874900817871e-01
5.768219828605651855e-01
5.748866796493530273e-01
5.729616880416870117e-01
5.710319876670837402e-01
5.691036581993103027e-01
5.671780705451965332e-01
5.652570724487304688e-01
5.633388161659240723e-01
5.614312291145324707e-01
5.595179796218872070e-01
5.576074719429016113e-01
5.557019114494323730e-01
5.537993907928466797e-01
5.518985390663146973e-01
5.500102639198303223e-01
5.481174588203430176e-01
5.462266802787780762e-01
5.443407893180847168e-01
5.424582958221435547e-01
5.405765175819396973e-01
5.387355089187622070e-01
5.368955135345458984e-01
5.350577831268310547e-01
5.332266092300415039e-01
5.313962101936340332e-01
5.295705199241638184e-01
5.277571678161621094e-01
5.259391069412231445e-01
5.241243839263916016e-01
5.223122835159301758e-01
5.205051302909851074e-01
5.187034606933593750e-01
5.169112682342529297e-01
5.151154994964599609e-01
5.133244395256042480e-01
5.115364789962768555e-01
5.097526311874389648e-01
5.079713463783264160e-01
5.061969757080078125e-01
5.044333934783935547e-01
5.026643276214599609e-01
5.009021162986755371e-01
4.991412758827209473e-01
4.973856806755065918e-01
4.956343173980712891e-01
4.938874840736389160e-01
4.921525418758392334e-01
4.904125034809112549e-01
4.886796176433563232e-01
4.869492650032043457e-01
4.852220714092254639e-01
4.835002124309539795e-01
4.817832708358764648e-01
4.800781309604644775e-01
4.783693552017211914e-01
4.766655564308166504e-01
4.749655127525329590e-01
4.732689261436462402e-01
4.715778827667236328e-01
4.698929190635681152e-01
4.682174026966094971e-01
4.665396511554718018e-01
4.648653566837310791e-01
4.631984531879425049e-01
4.615342319011688232e-01
4.598736464977264404e-01
4.582203924655914307e-01
4.565777182579040527e-01
4.549306631088256836e-01
4.532895982265472412e-01
4.516536593437194824e-01
4.500216841697692871e-01
4.483945071697235107e-01
4.467726945877075195e-01
4.451620578765869141e-01
4.435160756111145020e-01
4.418475329875946045e-01
4.401838183403015137e-01
4.385231435298919678e-01
4.368681609630584717e-01
4.352190792560577393e-01
4.335820376873016357e-01
4.319410622119903564e-01
4.303065240383148193e-01
4.286760985851287842e-01
4.270499348640441895e-01
4.254303872585296631e-01
4.238156676292419434e-01
4.222113788127899170e-01
4.206065833568572998e-01
4.190060198307037354e-01
4.174112379550933838e-01
4.158198237419128418e-01
4.142352342605590820e-01
4.126555621623992920e-01
4.110850393772125244e-01
4.095154106616973877e-01
4.079506993293762207e-01
4.063895046710968018e-01
4.048350751399993896e-01
4.032855629920959473e-01
4.017401933670043945e-01
4.001991748809814453e-01
3.986649215221405029e-01
3.971422314643859863e-01
3.956164717674255371e-01
3.940964043140411377e-01
3.925823867321014404e-01
3.910734355449676514e-01
3.895678222179412842e-01
3.880691230297088623e-01
3.865753710269927979e-01
3.850842118263244629e-01
3.836069405078887939e-01
3.821285367012023926e-01
3.806534409523010254e-01
3.791851401329040527e-01
3.777209520339965820e-01
3.762629032135009766e-01
3.748081624507904053e-01
3.733601868152618408e-01
3.719233870506286621e-01
3.704838156700134277e-01
3.690502047538757324e-01
3.676224052906036377e-01
3.661980926990509033e-01
3.647806644439697266e-01
3.633680641651153564e-01
3.619597554206848145e-01
3.605557084083557129e-01
3.591640591621398926e-01
3.577718734741210938e-01
3.563828170299530029e-01
3.550006747245788574e-01
3.536585867404937744e-01
3.523311913013458252e-01
3.510088622570037842e-01
3.496912419795989990e-01
3.483785688877105713e-01
3.470763564109802246e-01
3.457733988761901855e-01
3.444755375385284424e-01
3.431822955608367920e-01
3.418940007686614990e-01
3.406098186969757080e-01
3.393311798572540283e-01
3.380574584007263184e-01
3.367938101291656494e-01
3.355295658111572266e-01
3.342702090740203857e-01
3.330156803131103516e-01
3.317658901214599609e-01
3.305209577083587646e-01
3.292807340621948242e-01
3.280444741249084473e-01
3.268137574195861816e-01
3.255929648876190186e-01
3.243717253208160400e-01
3.231551349163055420e-01
3.219433426856994629e-01
3.207361996173858643e-01
3.195337057113647461e-01
3.183359205722808838e-01
3.171429038047790527e-01
3.159545063972473145e-01
3.147699832916259766e-01
3.135907649993896484e-01
3.124162256717681885e-01
3.112510740756988525e-01
3.100857734680175781e-01
3.089250326156616211e-01
3.077687919139862061e-01
3.066172301769256592e-01
3.054701387882232666e-01
3.043261468410491943e-01
3.031874001026153564e-01
3.020539283752441406e-01
3.009250164031982422e-01
2.998004853725433350e-01
2.986804842948913574e-01
2.975694537162780762e-01
2.964583933353424072e-01
2.953517735004425049e-01
2.942495346069335938e-01
2.931516766548156738e-01
2.920576632022857666e-01
2.909685373306274414e-01
2.898840010166168213e-01
2.888036668300628662e-01
2.877276837825775146e-01
2.866561114788055420e-01
2.855888307094573975e-01
2.845300734043121338e-01
2.834714651107788086e-01
2.824169695377349854e-01
2.813668549060821533e-01
2.803211808204650879e-01
2.792825102806091309e-01
2.782477736473083496e-01
2.772180438041687012e-01
2.761926054954528809e-01
2.751716375350952148e-01
2.741550207138061523e-01
2.731426656246185303e-01
2.721381187438964844e-01
2.711345255374908447e-01
2.701351642608642578e-01
2.691400051116943359e-01
2.681491971015930176e-01
2.671627104282379150e-01
2.661796808242797852e-01
2.652015984058380127e-01
2.642277181148529053e-01
2.632579207420349121e-01
2.622923552989959717e-01
2.613309621810913086e-01
2.603769302368164062e-01
2.594237029552459717e-01
2.584746479988098145e-01
2.575297057628631592e-01
2.565887272357940674e-01
2.556519210338592529e-01
2.547186017036437988e-01
2.537897527217864990e-01
2.528650164604187012e-01
2.519442439079284668e-01
2.510273754596710205e-01
2.501145601272583008e-01
2.492052316665649414e-01
2.483002990484237671e-01
2.473977506160736084e-01
2.465006411075592041e-01
2.456074059009552002e-01
2.447179555892944336e-01
2.438318878412246704e-01
2.429536283016204834e-01
2.420756667852401733e-01
2.412015795707702637e-01
2.403312772512435913e-01
2.394648045301437378e-01
2.386014610528945923e-01
2.377424091100692749e-01
2.368871271610260010e-01
2.360354810953140259e-01
2.351875901222229004e-01
2.343433797359466553e-01
2.335022687911987305e-01
2.326653897762298584e-01
2.318321019411087036e-01
2.310023605823516846e-01
2.301763296127319336e-01
2.293538898229598999e-01
2.285349965095520020e-01
2.277191132307052612e-01
2.269073277711868286e-01
2.260990589857101440e-01
2.252972424030303955e-01
2.244959771633148193e-01
2.236981689929962158e-01
2.229033112525939941e-01
2.221124470233917236e-01
2.213249951601028442e-01
2.205409854650497437e-01
2.198132425546646118e-01
2.191150337457656860e-01
2.184204161167144775e-01
2.177269905805587769e-01
2.170380800962448120e-01
2.163527011871337891e-01
2.156698703765869141e-01
2.149906009435653687e-01
2.143139392137527466e-01
2.136401981115341187e-01
2.129699885845184326e-01
2.123023271560668945e-01
2.116380929946899414e-01
2.109790444374084473e-01
2.103189229965209961e-01
2.096635103225708008e-01
2.090104967355728149e-01
2.083609104156494141e-01
2.077137976884841919e-01
2.070695161819458008e-01
2.064285725355148315e-01
2.057900577783584595e-01
2.051547765731811523e-01
2.045218646526336670e-01
2.038909941911697388e-01
2.032637596130371094e-01
2.026392668485641479e-01
2.020180076360702515e-01
2.013991624116897583e-01
2.007833570241928101e-01
2.001699209213256836e-01
1.995593011379241943e-01
1.989516317844390869e-01
1.983464062213897705e-01
1.977429538965225220e-01
1.971430778503417969e-01
1.965458095073699951e-01
1.959515959024429321e-01
1.953596919775009155e-01
1.947706937789916992e-01
1.941840052604675293e-01
1.936002820730209351e-01
1.930187493562698364e-01
1.924398243427276611e-01
1.918626278638839722e-01
1.912888586521148682e-01
1.907179057598114014e-01
1.901492029428482056e-01
1.895830333232879639e-01
1.890196353197097778e-01
1.884584575891494751e-01
1.879000961780548096e-01
1.873438507318496704e-01
1.867900937795639038e-01
1.862379163503646851e-01
1.856890171766281128e-01
1.851429194211959839e-01
1.845989227294921875e-01
1.840573549270629883e-01
1.835184246301651001e-01
1.829816102981567383e-01
1.824475079774856567e-01
1.819154024124145508e-01
1.813860237598419189e-01
1.808574795722961426e-01
1.803323924541473389e-01
1.798100173473358154e-01
1.792896091938018799e-01
1.787718683481216431e-01
1.782560348510742188e-01
1.777425259351730347e-01
1.772667616605758667e-01
1.768434792757034302e-01
1.764224469661712646e-01
1.760029792785644531e-01
1.755864620208740234e-01
1.751706600189208984e-01
1.747566908597946167e-01
1.743444800376892090e-01
1.739341765642166138e-01
1.735268086194992065e-01
1.731201261281967163e-01
1.727151423692703247e-01
1.723120063543319702e-01
1.719106435775756836e-01
1.715121269226074219e-01
1.711142957210540771e-01
1.707182377576828003e-01
1.703238189220428467e-01
1.699312329292297363e-01
1.695415079593658447e-01
1.691523492336273193e-01
1.687648892402648926e-01
1.683791428804397583e-01
1.679951101541519165e-01
1.676138639450073242e-01
1.672331988811492920e-01
1.668542176485061646e-01
1.664768606424331665e-01
1.661012470722198486e-01
1.657283604145050049e-01
1.653562039136886597e-01
1.649855077266693115e-01
1.646164506673812866e-01
1.642490029335021973e-01
1.638831198215484619e-01
1.635199934244155884e-01
1.631556004285812378e-01
1.627945452928543091e-01
1.624351143836975098e-01
1.620773077011108398e-01
1.617220789194107056e-01
1.613673865795135498e-01
1.610142737627029419e-01
1.606626957654953003e-01
1.603126376867294312e-01
1.599652320146560669e-01
1.596182882785797119e-01
1.592728495597839355e-01
1.589289605617523193e-01
1.585866063833236694e-01
1.582467406988143921e-01
1.579073965549468994e-01
1.575695127248764038e-01
1.572331190109252930e-01
1.568982452154159546e-01
1.565658897161483765e-01
1.562339365482330322e-01
1.559034287929534912e-01
1.555746495723724365e-01
1.552470773458480835e-01
1.549219638109207153e-01
1.545972824096679688e-01
1.542740464210510254e-01
1.539521813392639160e-01
1.536301821470260620e-01
1.533122360706329346e-01
1.529946625232696533e-01
1.526784598827362061e-01
1.523637026548385620e-01
1.520503312349319458e-01
1.517393290996551514e-01
1.514286994934082031e-01
1.511194705963134766e-01
1.508115530014038086e-01
1.505050361156463623e-01
1.502008736133575439e-01
1.498984396457672119e-01
1.496130377054214478e-01
1.493296176195144653e-01
1.490464210510253906e-01
1.487654000520706177e-01
1.484846025705337524e-01
1.482059806585311890e-01
1.479285061359405518e-01
1.476512998342514038e-01
1.473762094974517822e-01
1.470997780561447144e-01
1.468270421028137207e-01
1.465554684400558472e-01
1.462840735912322998e-01
1.460147351026535034e-01
1.457456201314926147e-01
1.454786360263824463e-01
1.452126950025558472e-01
1.449469774961471558e-01
1.446833312511444092e-01
1.444198191165924072e-01
1.441583931446075439e-01
1.438958644866943359e-01
1.436366140842437744e-01
1.433784812688827515e-01
1.431204974651336670e-01
1.428645253181457520e-01
1.426086723804473877e-01
1.423548460006713867e-01
1.421020776033401489e-01
1.418493837118148804e-01
1.415987461805343628e-01
1.413481831550598145e-01
1.410995572805404663e-01
1.408497244119644165e-01
1.406031996011734009e-01
1.403577327728271484e-01
1.401122808456420898e-01
1.398688256740570068e-01
1.396254450082778931e-01
1.393839418888092041e-01
1.391434967517852783e-01
1.389032453298568726e-01
1.386647224426269531e-01
1.384262889623641968e-01
1.381897330284118652e-01
1.379518508911132812e-01
1.377172023057937622e-01
1.374835222959518433e-01
1.372498869895935059e-01
1.370180398225784302e-01
1.367862522602081299e-01
1.365563273429870605e-01
1.363272517919540405e-01
1.360982507467269897e-01
1.358710527420043945e-01
1.356438398361206055e-01
1.354184150695800781e-01
1.351925879716873169e-01
1.349680721759796143e-01
1.347452551126480103e-01
1.345224976539611816e-01
1.343014687299728394e-01
1.340805292129516602e-01
1.338611990213394165e-01
1.336427181959152222e-01
1.334241777658462524e-01
1.332073360681533813e-01
1.329904794692993164e-01
1.327740401029586792e-01
1.325596272945404053e-01
1.323451995849609375e-01
1.321324110031127930e-01
1.319195479154586792e-01
1.317083537578582764e-01
1.314970701932907104e-01
1.312873661518096924e-01
1.310784518718719482e-01
1.308694779872894287e-01
1.306608021259307861e-01
1.304533183574676514e-01
1.302473694086074829e-01
1.300448775291442871e-01
1.298777610063552856e-01
1.297111809253692627e-01
1.295449584722518921e-01
1.293801218271255493e-01
1.292137801647186279e-01
1.290491223335266113e-01
1.288847625255584717e-01
1.287218481302261353e-01
1.285585463047027588e-01
1.283956915140151978e-01
1.282339245080947876e-01
1.280707418918609619e-01
1.279091984033584595e-01
1.277480125427246094e-01
1.275880783796310425e-01
1.274276375770568848e-01
1.272676736116409302e-01
1.271089017391204834e-01
1.269485652446746826e-01
1.267896294593811035e-01
1.266312003135681152e-01
1.264739185571670532e-01
1.263162046670913696e-01
1.261588037014007568e-01
1.260016262531280518e-01
1.258445531129837036e-01
1.256881505250930786e-01
1.255320906639099121e-01
1.253769993782043457e-01
1.252215206623077393e-01
1.250663846731185913e-01
1.249115243554115295e-01
1.247577145695686340e-01
1.246021315455436707e-01
1.244481056928634644e-01
1.242943331599235535e-01
1.241415292024612427e-01
1.239881515502929688e-01
1.238351315259933472e-01
1.236830502748489380e-01
1.235293820500373840e-01
1.233768984675407410e-01
1.232247501611709595e-01
1.230735555291175842e-01
1.229218393564224243e-01
1.227703168988227844e-01
1.226188093423843384e-01
1.224672719836235046e-01
1.223162934184074402e-01
1.221654415130615234e-01
1.220153644680976868e-01
1.218648552894592285e-01
1.217144653201103210e-01
1.215642392635345459e-01
1.214148700237274170e-01
1.212637051939964294e-01
1.211138293147087097e-01
1.209648177027702332e-01
1.208152025938034058e-01
1.206655576825141907e-01
1.205161437392234802e-01
1.203675121068954468e-01
1.202171817421913147e-01
1.200679242610931396e-01
1.199188381433486938e-01
1.197705045342445374e-01
1.196215376257896423e-01
1.194726526737213135e-01
1.193233355879783630e-01
1.191745251417160034e-01
1.190257817506790161e-01
1.188770681619644165e-01
1.187289282679557800e-01
1.185792312026023865e-01
1.184305995702743530e-01
1.182819604873657227e-01
1.181340292096138000e-01
1.179853156208992004e-01
1.178367212414741516e-01
1.176877394318580627e-01
1.175391376018524170e-01
1.173904389142990112e-01
1.172417774796485901e-01
1.170937940478324890e-01
1.169441342353820801e-01
1.167954131960868835e-01
1.166465878486633301e-01
1.164984926581382751e-01
1.163676455616950989e-01
1.162411570549011230e-01
1.161149218678474426e-01
1.159891560673713684e-01
1.158633679151535034e-01
1.157375350594520569e-01
1.156105920672416687e-01
1.154844090342521667e-01
1.153582856059074402e-01
1.152314320206642151e-01
1.151050925254821777e-01
1.149775758385658264e-01
1.148510724306106567e-01
1.147244572639465332e-01
1.145977303385734558e-01
1.144708022475242615e-01
1.143423169851303101e-01
1.142152845859527588e-01
1.140882000327110291e-01
1.139610260725021362e-01
1.138335913419723511e-01
1.137052327394485474e-01
1.135777607560157776e-01
1.134495437145233154e-01
1.133217662572860718e-01
1.131940037012100220e-01
1.130661740899085999e-01
1.129372268915176392e-01
1.128090769052505493e-01
1.126809567213058472e-01
1.125521138310432434e-01
1.124238297343254089e-01
1.122943684458732605e-01
1.121658831834793091e-01
1.120373532176017761e-01
1.119087338447570801e-01
1.117798835039138794e-01
1.116495355963706970e-01
1.115206778049468994e-01
1.113917604088783264e-01
1.112625971436500549e-01
1.111335456371307373e-01
1.110034734010696411e-01
1.108736470341682434e-01
1.107442528009414673e-01
1.106149330735206604e-01
1.104855164885520935e-01
1.103551685810089111e-01
1.102255433797836304e-01
1.100960001349449158e-01
1.099658012390136719e-01
1.098361760377883911e-01
1.097054332494735718e-01
1.095756962895393372e-01
1.094459593296051025e-01
1.093161702156066895e-01
1.091852858662605286e-01
1.090548560023307800e-01
1.089249849319458008e-01
1.087951064109802246e-01
1.086641326546669006e-01
1.085342168807983398e-01
1.084042936563491821e-01
1.082743182778358459e-01
1.081427633762359619e-01
1.080128178000450134e-01
1.078828424215316772e-01
1.077529191970825195e-01
1.076221019029617310e-01
1.074920147657394409e-01
1.073620915412902832e-01
1.072316542267799377e-01
1.071009114384651184e-01
1.069709062576293945e-01
1.068411022424697876e-01
1.067113280296325684e-01
1.065806970000267029e-01
1.064508482813835144e-01
1.063206419348716736e-01
1.061910167336463928e-01
1.060606017708778381e-01
1.059309542179107666e-01
1.058015301823616028e-01
1.056721359491348267e-01
1.055419817566871643e-01
1.054120436310768127e-01
1.052828580141067505e-01
1.051537767052650452e-01
1.050239354372024536e-01
1.048948466777801514e-01
1.047660410404205322e-01
1.046373024582862854e-01
1.045072525739669800e-01
1.043785810470581055e-01
1.042501628398895264e-01
1.041255444288253784e-01
1.040090546011924744e-01
1.038920879364013672e-01
1.037758961319923401e-01
1.036582365632057190e-01
1.035420671105384827e-01
1.034254208207130432e-01
1.033095717430114746e-01
1.031922996044158936e-01
1.030765175819396973e-01
1.029604449868202209e-01
1.028448492288589478e-01
1.027280390262603760e-01
1.026127189397811890e-01
1.024971008300781250e-01
1.023820191621780396e-01
1.022657230496406555e-01
1.021509096026420593e-01
1.020358726382255554e-01
1.019213721156120300e-01
1.018056347966194153e-01
1.016916036605834961e-01
1.015770360827445984e-01
1.014631539583206177e-01
1.013480946421623230e-01
1.012347340583801270e-01
1.011208519339561462e-01
1.010076478123664856e-01
1.008935049176216125e-01
1.007807031273841858e-01
1.006675586104393005e-01
1.005551517009735107e-01
1.004417836666107178e-01
1.003297790884971619e-01
1.002174466848373413e-01
1.001060009002685547e-01
9.999333322048187256e-02
9.988216310739517212e-02
9.977071732282638550e-02
9.965941309928894043e-02
9.954837709665298462e-02
9.943813830614089966e-02
9.932684153318405151e-02
9.921720623970031738e-02
9.910716116428375244e-02
9.899713844060897827e-02
9.888773411512374878e-02
9.877891838550567627e-02
9.866911172866821289e-02
9.856085479259490967e-02
9.845244884490966797e-02
9.834396094083786011e-02
9.823594242334365845e-02
9.812887012958526611e-02
9.802065789699554443e-02
9.791398793458938599e-02
9.780706465244293213e-02
9.770034253597259521e-02
9.759397804737091064e-02
9.748843312263488770e-02
9.738203138113021851e-02
9.727706015110015869e-02
9.717185050249099731e-02
9.706670045852661133e-02
9.696222096681594849e-02
9.685841202735900879e-02
9.675436466932296753e-02
9.665044397115707397e-02
9.654716402292251587e-02
9.644455462694168091e-02
9.634101390838623047e-02
9.623916447162628174e-02
9.613697975873947144e-02
9.603489190340042114e-02
9.593331813812255859e-02
9.583272039890289307e-02
9.573108702898025513e-02
9.563098102807998657e-02
9.553082287311553955e-02
9.543068706989288330e-02
9.533102065324783325e-02
9.523220360279083252e-02
9.513268619775772095e-02
9.503450989723205566e-02
9.493616223335266113e-02
9.483813494443893433e-02
9.474044293165206909e-02
9.464361518621444702e-02
9.454596042633056641e-02
9.444994479417800903e-02
9.435359388589859009e-02
9.425745904445648193e-02
9.416179358959197998e-02
9.406711906194686890e-02
9.397216141223907471e-02
9.387739747762680054e-02
9.378323704004287720e-02
9.368982166051864624e-02
9.359557926654815674e-02
9.350282698869705200e-02
9.341009706258773804e-02
9.331741929054260254e-02
9.322523325681686401e-02
9.313542395830154419e-02
9.306129813194274902e-02
9.298856556415557861e-02
9.291562438011169434e-02
9.284270554780960083e-02
9.277085959911346436e-02
9.269876033067703247e-02
9.262685477733612061e-02
9.255521744489669800e-02
9.248448908329010010e-02
9.241294115781784058e-02
9.234279394149780273e-02
9.227295219898223877e-02
9.220213443040847778e-02
9.213285148143768311e-02
9.206337481737136841e-02
9.199406951665878296e-02
9.192503243684768677e-02
9.185633063316345215e-02
9.178849309682846069e-02
9.172047674655914307e-02
9.165252745151519775e-02
9.158508479595184326e-02
9.151784330606460571e-02
9.145099669694900513e-02
9.138480573892593384e-02
9.131844341754913330e-02
9.125248342752456665e-02
9.118673950433731079e-02
9.112136065959930420e-02
9.105665981769561768e-02
9.099131822586059570e-02
9.092733263969421387e-02
9.086363762617111206e-02
9.079907089471817017e-02
9.073599427938461304e-02
9.067215025424957275e-02
9.060965478420257568e-02
9.054686129093170166e-02
9.048441797494888306e-02
9.042283147573471069e-02
9.036052227020263672e-02
9.029941260814666748e-02
9.023825824260711670e-02
9.017734229564666748e-02
9.011680632829666138e-02
9.005650877952575684e-02
8.999692648649215698e-02
8.993729203939437866e-02
8.987791836261749268e-02
8.981890976428985596e-02
8.976004272699356079e-02
8.970163017511367798e-02
8.964402973651885986e-02
8.958623558282852173e-02
8.952864259481430054e-02
8.947145193815231323e-02
8.941461890935897827e-02
8.935856819152832031e-02
8.930172026157379150e-02
8.924631029367446899e-02
8.919120579957962036e-02
8.913543075323104858e-02
8.908095210790634155e-02
8.902572095394134521e-02
8.897186815738677979e-02
8.891787379980087280e-02
8.886419981718063354e-02
8.881071954965591431e-02
8.875768631696701050e-02
8.870543539524078369e-02
8.865305036306381226e-02
8.860086649656295776e-02
8.854912221431732178e-02
8.849772810935974121e-02
8.844662457704544067e-02
8.839620649814605713e-02
8.834578841924667358e-02
8.829568326473236084e-02
8.824591338634490967e-02
8.819646388292312622e-02
8.814769983291625977e-02
8.809847384691238403e-02
8.805049210786819458e-02
8.800241351127624512e-02
8.795449882745742798e-02
8.790751546621322632e-02
8.785999566316604614e-02
8.781366795301437378e-02
8.776711672544479370e-02
8.772107958793640137e-02
8.767578750848770142e-02
8.762995898723602295e-02
8.758524060249328613e-02
8.754050731658935547e-02
8.749619126319885254e-02
8.745215088129043579e-02
8.740843087434768677e-02
8.736553788185119629e-02
8.732218295335769653e-02
8.727999776601791382e-02
8.723735064268112183e-02
8.719575405120849609e-02
8.715382218360900879e-02
8.711305260658264160e-02
8.707227557897567749e-02
8.703166246414184570e-02
8.699163049459457397e-02
8.695182949304580688e-02
8.691287040710449219e-02
8.687335252761840820e-02
8.683510124683380127e-02
8.679690212011337280e-02
8.675265312194824219e-02
8.670662343502044678e-02
8.666117489337921143e-02
8.661590516567230225e-02
8.657132834196090698e-02
8.652681112289428711e-02
8.648298680782318115e-02
8.643969893455505371e-02
8.639663457870483398e-02
8.635356277227401733e-02
8.631127327680587769e-02
8.626937121152877808e-02
8.622756600379943848e-02
8.618643879890441895e-02
8.614543825387954712e-02
8.610508590936660767e-02
8.606532961130142212e-02
8.602567017078399658e-02
8.598624914884567261e-02
8.594749867916107178e-02
8.590890467166900635e-02
8.587095141410827637e-02
8.583316206932067871e-02
8.579602837562561035e-02
8.575907349586486816e-02
8.572307974100112915e-02
8.568717539310455322e-02
8.565145730972290039e-02
8.561637252569198608e-02
8.558149635791778564e-02
8.554725348949432373e-02
8.551321923732757568e-02
8.547982573509216309e-02
8.544699102640151978e-02
8.541443943977355957e-02
8.538213372230529785e-02
8.535043895244598389e-02
8.531901240348815918e-02
8.528818935155868530e-02
8.525763452053070068e-02
8.522759377956390381e-02
8.519807457923889160e-02
8.516929298639297485e-02
8.514068275690078735e-02
8.511235564947128296e-02
8.508463203907012939e-02
8.505723625421524048e-02
8.503041416406631470e-02
8.500383049249649048e-02
8.497792482376098633e-02
8.495237678289413452e-02
8.492782711982727051e-02
8.490321785211563110e-02
8.487917482852935791e-02
8.485550433397293091e-02
8.483240008354187012e-02
8.480967581272125244e-02
8.478745818138122559e-02
8.476577699184417725e-02
8.474452793598175049e-02
8.472425490617752075e-02
8.470398932695388794e-02
8.468426764011383057e-02
8.466490358114242554e-02
8.464616537094116211e-02
8.462790399789810181e-02
8.461016416549682617e-02
8.459291607141494751e-02
8.457662165164947510e-02
8.456040173768997192e-02
8.454470336437225342e-02
8.452942967414855957e-02
8.451475948095321655e-02
8.450064063072204590e-02
8.448704332113265991e-02
8.447395265102386475e-02
8.446142822504043579e-02
8.444982767105102539e-02
8.443839102983474731e-02
8.442734926939010620e-02
8.441700786352157593e-02
8.440714329481124878e-02
8.439790457487106323e-02
8.438915014266967773e-02
8.438102900981903076e-02
8.437348902225494385e-02
8.436673879623413086e-02
8.436033129692077637e-02
8.435438573360443115e-02
8.434914052486419678e-02
8.434434235095977783e-02
8.434026688337326050e-02
8.433663100004196167e-02
8.433374017477035522e-02
8.433119952678680420e-02
8.432992547750473022e-02
8.432883769273757935e-02
8.432817459106445312e-02
8.432830870151519775e-02
8.432886749505996704e-02
8.433023840188980103e-02
8.433202654123306274e-02
8.433455973863601685e-02
8.433759212493896484e-02
8.434190601110458374e-02
8.434619754552841187e-02
8.435137569904327393e-02
8.435720950365066528e-02
8.436343073844909668e-02
8.437048643827438354e-02
8.437800407409667969e-02
8.438647538423538208e-02
8.439573645591735840e-02
8.440554887056350708e-02
8.441572636365890503e-02
8.442690223455429077e-02
8.443877100944519043e-02
8.445091545581817627e-02
8.446417748928070068e-02
8.447778224945068359e-02
8.449245244264602661e-02
8.450787514448165894e-02
8.452094346284866333e-02
8.452736586332321167e-02
8.453439176082611084e-02
8.454214781522750854e-02
8.455070108175277710e-02
8.456032723188400269e-02
8.456983417272567749e-02
8.458101749420166016e-02
8.459199965000152588e-02
8.460459858179092407e-02
8.461714535951614380e-02
8.463126420974731445e-02
8.464565128087997437e-02
8.466096222400665283e-02
8.467688411474227905e-02
8.469367772340774536e-02
8.471175283193588257e-02
8.472958207130432129e-02
8.474917709827423096e-02
8.476866036653518677e-02
8.478986471891403198e-02
8.481088280677795410e-02
8.483378589153289795e-02
8.485642075538635254e-02
8.488098531961441040e-02
8.490526676177978516e-02
8.493142575025558472e-02
8.495809882879257202e-02
8.498530834913253784e-02
8.501403778791427612e-02
8.504261076450347900e-02
8.507307618856430054e-02
8.510329574346542358e-02
8.513559401035308838e-02
8.516829460859298706e-02
8.520157635211944580e-02
8.523614704608917236e-02
8.527120947837829590e-02
8.530753850936889648e-02
8.534526824951171875e-02
8.538266271352767944e-02
8.542218804359436035e-02
8.546231687068939209e-02
8.550291508436203003e-02
8.554528653621673584e-02
8.558828383684158325e-02
8.563173562288284302e-02
8.567661046981811523e-02
8.572205156087875366e-02
8.576890081167221069e-02
8.581715822219848633e-02
8.586515486240386963e-02
8.591543138027191162e-02
8.596631884574890137e-02
8.601775765419006348e-02
8.607069402933120728e-02
8.612409979104995728e-02
8.617921173572540283e-02
8.623572438955307007e-02
8.629226684570312500e-02
8.635056018829345703e-02
8.641031384468078613e-02
8.646965026855468750e-02
8.653163164854049683e-02
8.659426122903823853e-02
8.665728569030761719e-02
8.672218769788742065e-02
8.678744733333587646e-02
8.685456216335296631e-02
8.692331612110137939e-02
8.699155598878860474e-02
8.706256002187728882e-02
8.713439851999282837e-02
8.720651268959045410e-02
8.728109300136566162e-02
8.735521882772445679e-02
8.743216842412948608e-02
8.750997483730316162e-02
8.758811652660369873e-02
8.766835927963256836e-02
8.775029331445693970e-02
8.783171325922012329e-02
8.791613578796386719e-02
8.800143748521804810e-02
8.808707445859909058e-02
8.817495405673980713e-02
8.826307207345962524e-02
8.835364133119583130e-02
8.844588696956634521e-02
8.853757381439208984e-02
8.863252401351928711e-02
8.872880041599273682e-02
8.882453292608261108e-02
8.892357349395751953e-02
8.902197331190109253e-02
8.912381529808044434e-02
8.922664821147918701e-02
8.932964503765106201e-02
8.943536132574081421e-02
8.954289555549621582e-02
8.964975923299789429e-02
8.976026624441146851e-02
8.987179398536682129e-02
8.998347818851470947e-02
9.009802341461181641e-02
9.021263569593429565e-02
9.033059328794479370e-02
9.044977277517318726e-02
9.056894481182098389e-02
9.069114178419113159e-02
9.081542491912841797e-02
9.093884378671646118e-02
9.106622636318206787e-02
9.119487553834915161e-02
9.132348746061325073e-02
9.145536273717880249e-02
9.158726036548614502e-02
9.172242879867553711e-02
9.185969084501266479e-02
9.199614077806472778e-02
9.213683754205703735e-02
9.227924793958663940e-02
9.242075681686401367e-02
9.256665408611297607e-02
9.271388500928878784e-02
9.286106377840042114e-02
9.301186352968215942e-02
9.316486120223999023e-02
9.331931173801422119e-02
9.347362816333770752e-02
9.363172948360443115e-02
9.379218518733978271e-02
9.395155310630798340e-02
9.411575645208358765e-02
9.427873790264129639e-02
9.441965818405151367e-02
9.455949068069458008e-02
9.470427036285400391e-02
9.485094249248504639e-02
9.499663114547729492e-02
9.514725953340530396e-02
9.529956430196762085e-02
9.545424580574035645e-02
9.560786187648773193e-02
9.576662629842758179e-02
9.592708945274353027e-02
9.609008580446243286e-02
9.625229984521865845e-02
9.641903638839721680e-02
9.658844023942947388e-02
9.675650298595428467e-02
9.693013876676559448e-02
9.710554033517837524e-02
9.728363901376724243e-02
9.746038913726806641e-02
9.764289855957031250e-02
9.782729297876358032e-02
9.801115840673446655e-02
9.820046275854110718e-02
9.839174151420593262e-02
9.858576953411102295e-02
9.877837449312210083e-02
9.897711127996444702e-02
9.917780011892318726e-02
9.938131272792816162e-02
9.958339482545852661e-02
9.979182481765747070e-02
1.000027209520339966e-01
1.002120673656463623e-01
1.004280000925064087e-01
1.006459444761276245e-01
1.008669286966323853e-01
1.010863482952117920e-01
1.013124808669090271e-01
1.015407517552375793e-01
1.017682701349258423e-01
1.020019352436065674e-01
1.022385954856872559e-01
1.024779900908470154e-01
1.027157753705978394e-01
1.029606238007545471e-01
