8.407441377639770508e-01
8.403623700141906738e-01
8.384025096893310547e-01
8.381917476654052734e-01
8.420208692550659180e-01
8.510242700576782227e-01
8.651442527770996094e-01
8.836215734481811523e-01
9.049910902976989746e-01
9.268646240234375000e-01
9.461298584938049316e-01
9.600955843925476074e-01
9.674192070960998535e-01
9.682734012603759766e-01
9.641923904418945312e-01
9.570341110229492188e-01
9.477649331092834473e-01
9.353847503662109375e-01
9.192726612091064453e-01
9.023589491844177246e-01
8.868925571441650391e-01
8.744574785232543945e-01
8.654865622520446777e-01
8.597593903541564941e-01
8.567555546760559082e-01
8.558030724525451660e-01
8.560186028480529785e-01
8.564001321792602539e-01
8.558669090270996094e-01
8.537272810935974121e-01
8.498986363410949707e-01
8.449674248695373535e-01
8.399294018745422363e-01
8.358386754989624023e-01
8.329574465751647949e-01
8.302088975906372070e-01
8.318470120429992676e-01
8.375381827354431152e-01
8.458405733108520508e-01
8.563535213470458984e-01
8.687025308609008789e-01
8.823438882827758789e-01
8.966979384422302246e-01
9.112942814826965332e-01
9.258756041526794434e-01
9.401798248291015625e-01
9.532997608184814453e-01
9.635171890258789062e-01
9.693470001220703125e-01
9.705427885055541992e-01
9.682933688163757324e-01
9.643037319183349609e-01
9.557234048843383789e-01
9.462178945541381836e-01
9.370492100715637207e-01
9.283871650695800781e-01
9.204978346824645996e-01
9.135389328002929688e-01
9.075468182563781738e-01
9.023795127868652344e-01
8.978188633918762207e-01
8.936040997505187988e-01
8.894635438919067383e-01
8.850171566009521484e-01
8.798053264617919922e-01
8.735169172286987305e-01
8.676974773406982422e-01
8.598673939704895020e-01
8.512732982635498047e-01
8.425190448760986328e-01
8.341197371482849121e-01
8.264672160148620605e-01
8.199573159217834473e-01
8.148366212844848633e-01
8.112558722496032715e-01
8.093116283416748047e-01
8.087713718414306641e-01
8.078621625900268555e-01
8.125647902488708496e-01
8.184130787849426270e-01
8.265426158905029297e-01
8.366186022758483887e-01
8.481863141059875488e-01
8.609111309051513672e-01
8.744550943374633789e-01
8.893141150474548340e-01
9.037138819694519043e-01
9.179129600524902344e-01
9.312821030616760254e-01
9.433449506759643555e-01
9.537060260772705078e-01
9.619753360748291016e-01
9.679378271102905273e-01
9.715820550918579102e-01
9.729797244071960449e-01
9.723812937736511230e-01
9.700832962989807129e-01
9.664173722267150879e-01
9.616842865943908691e-01
9.561762809753417969e-01
9.501505494117736816e-01
9.437952637672424316e-01
9.373674392700195312e-01
9.308313727378845215e-01
9.242200255393981934e-01
9.174712300300598145e-01
9.105211496353149414e-01
9.032161831855773926e-01
8.954501152038574219e-01
8.870978951454162598e-01
8.781298398971557617e-01
8.687178492546081543e-01
8.591870665550231934e-01
8.496609330177307129e-01
8.399438858032226562e-01
8.296342492103576660e-01
8.188906908035278320e-01
8.082211017608642578e-01
7.981549501419067383e-01
7.891050577163696289e-01
7.812238931655883789e-01
7.745611071586608887e-01
7.691529989242553711e-01
7.649856805801391602e-01
7.620360255241394043e-01
7.602648138999938965e-01
7.596471905708312988e-01
7.601662874221801758e-01
7.618274092674255371e-01
7.645715475082397461e-01
7.684069275856018066e-01
7.732970714569091797e-01
7.792564630508422852e-01
7.862578630447387695e-01
7.942954301834106445e-01
8.033551573753356934e-01
8.133345246315002441e-01
8.241679072380065918e-01
8.357711434364318848e-01
8.479298949241638184e-01
8.604755401611328125e-01
8.732078671455383301e-01
8.858194351196289062e-01
8.980781435966491699e-01
9.097633361816406250e-01
9.206084609031677246e-01
9.304698705673217773e-01
9.393273591995239258e-01
9.471512436866760254e-01
9.540218710899353027e-01
9.640973806381225586e-01
9.662825465202331543e-01
9.658184647560119629e-01
9.631704688072204590e-01
9.591680765151977539e-01
9.544355869293212891e-01
9.493082165718078613e-01
9.440103769302368164e-01
9.385299086570739746e-01
9.328941702842712402e-01
9.270560741424560547e-01
9.209406375885009766e-01
9.144530892372131348e-01
9.074636697769165039e-01
8.998210430145263672e-01
8.913860917091369629e-01
8.821195363998413086e-01
8.720039129257202148e-01
8.610832095146179199e-01
8.495240211486816406e-01
8.374866843223571777e-01
8.251876831054687500e-01
8.128192424774169922e-01
8.006446361541748047e-01
7.888169288635253906e-01
7.774807810783386230e-01
7.667251229286193848e-01
7.566721439361572266e-01
7.473630309104919434e-01
7.387937903404235840e-01
7.309719324111938477e-01
7.239034771919250488e-01
7.175425291061401367e-01
7.118921875953674316e-01
7.069002985954284668e-01
7.025549411773681641e-01
6.988065242767333984e-01
6.956587433815002441e-01
6.931663751602172852e-01
6.915857195854187012e-01
6.912451386451721191e-01
6.923435926437377930e-01
6.943974494934082031e-01
6.969393491744995117e-01
6.998493075370788574e-01
7.032251358032226562e-01
7.071580290794372559e-01
7.117334604263305664e-01
7.169980406761169434e-01
7.229817509651184082e-01
7.296997308731079102e-01
7.371590733528137207e-01
7.452881932258605957e-01
7.541418075561523438e-01
7.636994123458862305e-01
7.739272117614746094e-01
7.848059535026550293e-01
7.962182760238647461e-01
8.081127405166625977e-01
8.203954100608825684e-01
8.329563140869140625e-01
8.456711769104003906e-01
8.583714365959167480e-01
8.709474802017211914e-01
8.832651376724243164e-01
8.951657414436340332e-01
9.065752625465393066e-01
9.173433780670166016e-01
9.273467063903808594e-01
9.365503787994384766e-01
9.448629021644592285e-01
9.522388577461242676e-01
9.586369395256042480e-01
9.640830755233764648e-01
9.685732126235961914e-01
9.721292257308959961e-01
9.748070836067199707e-01
9.766182899475097656e-01
9.774492383003234863e-01
9.768565297126770020e-01
9.745644330978393555e-01
9.712882637977600098e-01
9.675009846687316895e-01
9.630225896835327148e-01
9.576729536056518555e-01
9.513072967529296875e-01
9.439089894294738770e-01
9.354354143142700195e-01
9.259723424911499023e-01
9.155536293983459473e-01
9.043591618537902832e-01
8.925031423568725586e-01
8.802338242530822754e-01
8.676806688308715820e-01
8.551239967346191406e-01
8.427180647850036621e-01
8.307704925537109375e-01
8.195122480392456055e-01
8.095401525497436523e-01
8.050682544708251953e-01
7.927998304367065430e-01
7.820278406143188477e-01
7.719170451164245605e-01
7.624726891517639160e-01
7.536445260047912598e-01
7.453747987747192383e-01
7.376517057418823242e-01
7.304370999336242676e-01
7.237467169761657715e-01
7.175331711769104004e-01
7.118445634841918945e-01
7.069128155708312988e-01
7.042136788368225098e-01
7.034454345703125000e-01
7.000688314437866211e-01
6.966693401336669922e-01
6.940275430679321289e-01
6.921110749244689941e-01
6.908453106880187988e-01
6.901760101318359375e-01
6.900818943977355957e-01
6.905412673950195312e-01
6.915335059165954590e-01
6.930323243141174316e-01
6.950128078460693359e-01
6.974321603775024414e-01
7.002554535865783691e-01
7.034195065498352051e-01
7.068831920623779297e-01
7.105775475502014160e-01
7.144629955291748047e-01
7.184618711471557617e-01
7.225106954574584961e-01
7.264873981475830078e-01
7.302340269088745117e-01
7.330903410911560059e-01
7.444867491722106934e-01
7.482746839523315430e-01
7.530549168586730957e-01
7.582912445068359375e-01
7.638121247291564941e-01
7.695975899696350098e-01
7.755969166755676270e-01
7.818317413330078125e-01
7.882760763168334961e-01
7.949038743972778320e-01
8.017393946647644043e-01
8.087353110313415527e-01
8.159162402153015137e-01
8.232489824295043945e-01
8.306958079338073730e-01
8.382795453071594238e-01
8.459384441375732422e-01
8.537085056304931641e-01
8.615454435348510742e-01
8.693825602531433105e-01
8.772362470626831055e-01
8.850324153900146484e-01
8.927636146545410156e-01
9.003964662551879883e-01
9.078979492187500000e-01
9.152335524559020996e-01
9.223470687866210938e-01
9.292463064193725586e-01
9.358732104301452637e-01
9.421935081481933594e-01
9.481710195541381836e-01
9.537726044654846191e-01
9.589506387710571289e-01
9.637037515640258789e-01
9.679858088493347168e-01
9.718105792999267578e-01
9.751140475273132324e-01
9.778642058372497559e-01
9.800345301628112793e-01
9.816203117370605469e-01
9.825996160507202148e-01
9.829621911048889160e-01
9.827035665512084961e-01
9.818243384361267090e-01
9.803228974342346191e-01
9.782192111015319824e-01
9.755257964134216309e-01
9.722661972045898438e-01
9.684701561927795410e-01
9.641740918159484863e-01
9.594032168388366699e-01
9.542371630668640137e-01
9.487114548683166504e-01
9.428882002830505371e-01
9.368475675582885742e-01
9.306164383888244629e-01
9.242492318153381348e-01
9.177752137184143066e-01
9.112873673439025879e-01
9.048078060150146484e-01
8.983793258666992188e-01
8.920383453369140625e-01
8.858172297477722168e-01
8.797455430030822754e-01
8.738479018211364746e-01
8.681672215461730957e-01
8.626815080642700195e-01
8.574463725090026855e-01
8.524389266967773438e-01
8.476890325546264648e-01
8.432230949401855469e-01
8.390158414840698242e-01
8.351045846939086914e-01
8.315240740776062012e-01
8.282929062843322754e-01
8.253285884857177734e-01
8.226475119590759277e-01
8.202160596847534180e-01
8.180391192436218262e-01
8.160784840583801270e-01
8.143278956413269043e-01
8.127452731132507324e-01
8.113110661506652832e-01
8.100033402442932129e-01
8.087823390960693359e-01
8.076362013816833496e-01
8.065384030342102051e-01
8.054730892181396484e-01
8.044289350509643555e-01
8.034009933471679688e-01
8.023866415023803711e-01
8.013875484466552734e-01
8.004080057144165039e-01
7.994543910026550293e-01
7.985224127769470215e-01
7.976265549659729004e-01
7.967806458473205566e-01
7.959905266761779785e-01
7.952641248703002930e-01
7.946058511734008789e-01
7.940223813056945801e-01
7.935164570808410645e-01
7.930932044982910156e-01
7.927540540695190430e-01
7.925027608871459961e-01
7.923397421836853027e-01
7.922676205635070801e-01
7.922860980033874512e-01
7.923971414566040039e-01
7.926002144813537598e-01
7.928957343101501465e-01
7.932827472686767578e-01
7.937628626823425293e-01
7.943335175514221191e-01
7.949975132942199707e-01
7.957509756088256836e-01
7.965809106826782227e-01
7.974877357482910156e-01
7.984846234321594238e-01
7.995666265487670898e-01
8.007363677024841309e-01
8.019957542419433594e-01
8.033384084701538086e-01
8.047717809677124023e-01
8.062865734100341797e-01
8.078914880752563477e-01
8.095776438713073730e-01
8.113537430763244629e-01
8.132090568542480469e-01
8.151557445526123047e-01
8.171797990798950195e-01
8.192945122718811035e-01
8.214866518974304199e-01
8.237612843513488770e-01
8.261191248893737793e-01
8.285586237907409668e-01
8.310797214508056641e-01
8.336822986602783203e-01
8.363648056983947754e-01
8.391006588935852051e-01
8.417336344718933105e-01
8.444558978080749512e-01
8.472468256950378418e-01
8.501148819923400879e-01
8.530586957931518555e-01
8.560768961906433105e-01
8.591675162315368652e-01
8.623286485671997070e-01
8.655580282211303711e-01
8.688524365425109863e-01
8.722091913223266602e-01
8.756245374679565430e-01
8.790952563285827637e-01
8.826164603233337402e-01
8.861837983131408691e-01
8.897917270660400391e-01
8.934361934661865234e-01
8.971107006072998047e-01
9.007946252822875977e-01
9.045107960700988770e-01
9.082379937171936035e-01
9.119549989700317383e-01
9.156841635704040527e-01
9.194030165672302246e-01
9.230924248695373535e-01
9.267879724502563477e-01
9.304519891738891602e-01
9.340615272521972656e-01
9.376367330551147461e-01
9.411544203758239746e-01
9.445917606353759766e-01
9.479668736457824707e-01
9.512435197830200195e-01
9.544382095336914062e-01
9.575278759002685547e-01
9.604916572570800781e-01
9.633428454399108887e-01
9.660603404045104980e-01
9.686242341995239258e-01
9.710466861724853516e-01
9.733073711395263672e-01
9.753907322883605957e-01
9.773057699203491211e-01
9.790301322937011719e-01
9.805657267570495605e-01
9.819071292877197266e-01
9.830544590950012207e-01
9.839949011802673340e-01
9.847313761711120605e-01
9.852646589279174805e-01
9.855901002883911133e-01
9.857119917869567871e-01
9.856336712837219238e-01
9.853576421737670898e-01
9.848904609680175781e-01
9.842375516891479492e-01
9.834018945693969727e-01
9.823977947235107422e-01
9.812306165695190430e-01
9.799040555953979492e-01
9.784380197525024414e-01
9.768373370170593262e-01
9.751119017601013184e-01
9.732641577720642090e-01
9.713183045387268066e-01
9.692764282226562500e-01
9.671385288238525391e-01
9.649296402931213379e-01
9.626486897468566895e-01
9.603022933006286621e-01
9.578968286514282227e-01
9.554368853569030762e-01
9.529273509979248047e-01
9.503728151321411133e-01
9.477772712707519531e-01
9.451435804367065430e-01
9.424757957458496094e-01
9.397774338722229004e-01
9.370517730712890625e-01
9.343135356903076172e-01
9.314956068992614746e-01
9.286563992500305176e-01
9.258018136024475098e-01
9.229351282119750977e-01
9.200602173805236816e-01
9.171806573867797852e-01
9.142999649047851562e-01
9.114217162132263184e-01
9.085496068000793457e-01
9.056868553161621094e-01
9.028366804122924805e-01
9.000024795532226562e-01
8.971861004829406738e-01
8.943913578987121582e-01
8.916205763816833496e-01
8.888757824897766113e-01
8.861700892448425293e-01
8.834834694862365723e-01
8.808292150497436523e-01
8.782187104225158691e-01
8.756331801414489746e-01
8.730837106704711914e-01
8.705823421478271484e-01
8.681091070175170898e-01
8.656758069992065430e-01
8.632826805114746094e-01
8.609395623207092285e-01
8.586289882659912109e-01
8.563603758811950684e-01
8.541429638862609863e-01
8.519628643989562988e-01
8.498312830924987793e-01
8.477510213851928711e-01
8.457064032554626465e-01
8.437058329582214355e-01
8.417566418647766113e-01
8.398440480232238770e-01
8.379749655723571777e-01
8.361573815345764160e-01
8.343765139579772949e-01
8.326393365859985352e-01
8.309463262557983398e-01
8.293033838272094727e-01
8.277031779289245605e-01
8.261410593986511230e-01
8.246273994445800781e-01
8.231518268585205078e-01
8.217245936393737793e-01
8.203347325325012207e-01
8.189929127693176270e-01
8.176932930946350098e-01
8.164306282997131348e-01
8.152143359184265137e-01
8.140345811843872070e-01
8.128996491432189941e-01
8.118001818656921387e-01
8.107420802116394043e-01
8.097177743911743164e-01
8.087314367294311523e-01
8.077768683433532715e-01
8.068489432334899902e-01
8.059490323066711426e-01
8.050678968429565430e-01
8.041619062423706055e-01
8.032383918762207031e-01
8.023195266723632812e-01
8.013951182365417480e-01
8.004520535469055176e-01
7.994844913482666016e-01
7.984764575958251953e-01
7.974219918251037598e-01
7.963072657585144043e-01
7.951205968856811523e-01
7.938618659973144531e-01
7.925246357917785645e-01
7.911092638969421387e-01
7.896223664283752441e-01
7.880678772926330566e-01
7.864694595336914062e-01
7.848398089408874512e-01
7.831966876983642578e-01
7.815593481063842773e-01
7.799395918846130371e-01
7.783651947975158691e-01
7.768434286117553711e-01
7.753844261169433594e-01
7.739961743354797363e-01
7.726797461509704590e-01
7.714443802833557129e-01
7.702861428260803223e-01
7.692046761512756348e-01
7.681975960731506348e-01
7.672590613365173340e-01
7.663911581039428711e-01
7.655871510505676270e-01
7.648440003395080566e-01
7.641570568084716797e-01
7.635242938995361328e-01
7.629624009132385254e-01
7.624941468238830566e-01
7.620712518692016602e-01
7.616932988166809082e-01
7.613570094108581543e-01
7.610613107681274414e-01
7.608042955398559570e-01
7.605837583541870117e-01
7.604004740715026855e-01
7.602521777153015137e-01
7.601387500762939453e-01
7.600588798522949219e-01
7.600121498107910156e-01
7.599986195564270020e-01
7.600181698799133301e-01
7.600698471069335938e-01
7.601542472839355469e-01
7.602699995040893555e-01
7.604191899299621582e-01
7.606003284454345703e-01
7.608146071434020996e-01
7.610612511634826660e-01
7.613407969474792480e-01
7.616540193557739258e-01
7.620013952255249023e-01
7.623824477195739746e-01
7.627986073493957520e-01
7.632488012313842773e-01
7.637356519699096680e-01
7.642581462860107422e-01
7.648178339004516602e-01
7.654144167900085449e-01
7.660487890243530273e-01
7.667220234870910645e-01
7.674350738525390625e-01
7.681878209114074707e-01
7.689747214317321777e-01
7.698097229003906250e-01
7.706711888313293457e-01
7.714905142784118652e-01
7.723549008369445801e-01
7.732663750648498535e-01
7.742166519165039062e-01
7.752223610877990723e-01
7.762773633003234863e-01
7.789440751075744629e-01
7.801500558853149414e-01
7.813996076583862305e-01
7.827118039131164551e-01
7.840779423713684082e-01
7.854999899864196777e-01
7.869769334793090820e-01
7.885105609893798828e-01
7.900904417037963867e-01
7.917381525039672852e-01
7.934441566467285156e-01
7.952085733413696289e-01
7.970314621925354004e-01
7.989136576652526855e-01
8.008430004119873047e-01
8.028434514999389648e-01
8.049030303955078125e-01
8.070216774940490723e-01
8.091995716094970703e-01
8.114222288131713867e-01
8.137165904045104980e-01
8.160687685012817383e-01
8.184626698493957520e-01
8.209275603294372559e-01
8.234461545944213867e-01
8.260033726692199707e-01
8.286271095275878906e-01
8.313003778457641602e-01
8.340061902999877930e-01
8.367725610733032227e-01
8.395824432373046875e-01
8.424161672592163086e-01
8.453032374382019043e-01
8.482233881950378418e-01
8.511570096015930176e-01
8.542541861534118652e-01
8.573919534683227539e-01
8.605231642723083496e-01
8.636756539344787598e-01
8.668268918991088867e-01
8.699554800987243652e-01
8.730884194374084473e-01
8.762033581733703613e-01
8.792780637741088867e-01
8.823390603065490723e-01
8.853626847267150879e-01
8.883286714553833008e-01
8.912600874900817871e-01
8.941363692283630371e-01
8.969360589981079102e-01
8.996820449829101562e-01
9.023401141166687012e-01
9.049315452575683594e-01
9.074242115020751953e-01
9.098385572433471680e-01
9.121435284614562988e-01
9.143590331077575684e-01
9.164672493934631348e-01
9.184551835060119629e-01
9.203383326530456543e-01
9.220936298370361328e-01
9.237369894981384277e-01
9.252486824989318848e-01
9.266418814659118652e-01
9.279014468193054199e-01
9.290392994880676270e-01
9.300439953804016113e-01
9.309266209602355957e-01
9.316800832748413086e-01
9.323153495788574219e-01
9.328304529190063477e-01
9.332370758056640625e-01
9.335398674011230469e-01
9.337529540061950684e-01
9.338890314102172852e-01
9.339678287506103516e-01
9.340118765830993652e-01
9.340496659278869629e-01
9.341142177581787109e-01
9.342436194419860840e-01
9.344760179519653320e-01
9.348477721214294434e-01
9.353899359703063965e-01
9.361044764518737793e-01
9.369772076606750488e-01
9.379426836967468262e-01
9.389151334762573242e-01
9.397858381271362305e-01
9.404330253601074219e-01
9.407676458358764648e-01
9.407270550727844238e-01
9.402936697006225586e-01
9.394746422767639160e-01
9.383159279823303223e-01
9.368523955345153809e-01
9.351499676704406738e-01
9.332488775253295898e-01
9.311774969100952148e-01
9.289921522140502930e-01
9.266961812973022461e-01
9.243351221084594727e-01
9.219130873680114746e-01
9.194301962852478027e-01
9.169217348098754883e-01
9.143688082695007324e-01
9.118035435676574707e-01
9.092172384262084961e-01
9.066008329391479492e-01
9.039825201034545898e-01
9.013393521308898926e-01
8.986994028091430664e-01
8.960507512092590332e-01
8.933823108673095703e-01
8.907210826873779297e-01
8.880432844161987305e-01
8.853746056556701660e-01
8.827039599418640137e-01
8.800195455551147461e-01
8.773473501205444336e-01
8.746767044067382812e-01
8.719937205314636230e-01
8.693270087242126465e-01
8.666623830795288086e-01
8.640017509460449219e-01
8.613336086273193359e-01
8.586827516555786133e-01
8.560387492179870605e-01
8.533875942230224609e-01
8.507571816444396973e-01
8.482279777526855469e-01
8.457176089286804199e-01
8.432058691978454590e-01
8.407173752784729004e-01
8.382406234741210938e-01
8.357630968093872070e-01
8.333107233047485352e-01
8.308701515197753906e-01
8.284314870834350586e-01
8.260174989700317383e-01
8.236182928085327148e-01
8.212323784828186035e-01
8.188498020172119141e-01
8.164936304092407227e-01
8.141531944274902344e-01
8.118165731430053711e-01
8.095077872276306152e-01
8.072149753570556641e-01
8.049400448799133301e-01
8.026704192161560059e-01
8.004308342933654785e-01
7.982084751129150391e-01
7.959952950477600098e-01
7.938119173049926758e-01
7.916491627693176270e-01
7.895073294639587402e-01
7.873761057853698730e-01
7.852783799171447754e-01
7.832032442092895508e-01
7.811526656150817871e-01
7.791261076927185059e-01
7.771168351173400879e-01
7.751428484916687012e-01
7.731974124908447266e-01
7.712792754173278809e-01
7.693909406661987305e-01
7.675225734710693359e-01
7.656936645507812500e-01
7.638939619064331055e-01
7.621245384216308594e-01
7.603834271430969238e-01
7.586711049079895020e-01
7.569771409034729004e-01
7.553168535232543945e-01
7.536785602569580078e-01
7.520610094070434570e-01
7.504605054855346680e-01
7.488681077957153320e-01
7.472937107086181641e-01
7.457289695739746094e-01
7.441691756248474121e-01
7.426140904426574707e-01
7.410528063774108887e-01
7.395067811012268066e-01
7.379842996597290039e-01
7.364599704742431641e-01
7.349343895912170410e-01
7.333993911743164062e-01
7.318718433380126953e-01
7.303450107574462891e-01
7.288199663162231445e-01
7.272985577583312988e-01
7.257814407348632812e-01
7.242651581764221191e-01
7.227652072906494141e-01
7.212762236595153809e-01
7.198008894920349121e-01
7.183405160903930664e-01
7.168992757797241211e-01
7.154798507690429688e-01
7.140851020812988281e-01
7.127190232276916504e-01
7.113802433013916016e-01
7.100848555564880371e-01
7.088357806205749512e-01
7.076398134231567383e-01
7.065077424049377441e-01
7.054531574249267578e-01
7.044929265975952148e-01
7.036519646644592285e-01
7.029618620872497559e-01
7.024650573730468750e-01
7.022219896316528320e-01
7.023066878318786621e-01
7.028123736381530762e-01
7.038231492042541504e-01
7.053273916244506836e-01
7.069844007492065430e-01
7.077406048774719238e-01
7.058905363082885742e-01
7.006509900093078613e-01
6.937204599380493164e-01
6.873015165328979492e-01
6.822839379310607910e-01
6.785419583320617676e-01
6.756975650787353516e-01
6.734331250190734863e-01
6.715353131294250488e-01
6.698709130287170410e-01
6.683511137962341309e-01
6.669402122497558594e-01
6.655988097190856934e-01
6.643065810203552246e-01
6.630501747131347656e-01
6.618201732635498047e-01
6.606119871139526367e-01
6.594213247299194336e-01
6.582452058792114258e-01
6.570816636085510254e-01
6.559293270111083984e-01
6.547867059707641602e-01
6.536539196968078613e-01
6.525387763977050781e-01
6.514651179313659668e-01
6.504003405570983887e-01
6.493436694145202637e-01
6.482955813407897949e-01
6.472556591033935547e-01
6.462234258651733398e-01
6.451996564865112305e-01
6.441836953163146973e-01
6.431753635406494141e-01
6.421755552291870117e-01
6.411803960800170898e-01
6.401969194412231445e-01
6.392222046852111816e-01
6.382551789283752441e-01
6.372967958450317383e-01
6.363465189933776855e-01
6.354048252105712891e-01
6.344712972640991211e-01
6.335458159446716309e-01
6.326290965080261230e-01
6.317214965820312500e-01
6.308219432830810547e-01
6.299316287040710449e-01
6.290499567985534668e-01
6.281765699386596680e-01
6.272761225700378418e-01
6.263810396194458008e-01
6.254941225051879883e-01
6.246159672737121582e-01
6.237474679946899414e-01
6.228873133659362793e-01
6.220361590385437012e-01
6.211948394775390625e-01
6.203620433807373047e-01
6.195384263992309570e-01
6.187242865562438965e-01
6.179202795028686523e-01
6.171250343322753906e-01
6.163395047187805176e-01
6.155642867088317871e-01
6.147982478141784668e-01
6.140420436859130859e-01
6.132965087890625000e-01
6.125605702400207520e-01
6.118345856666564941e-01
6.111198067665100098e-01
6.104146838188171387e-01
6.097201108932495117e-01
6.090369224548339844e-01
6.083638072013854980e-01
6.077016592025756836e-01
6.070958971977233887e-01
6.065388321876525879e-01
6.059931516647338867e-01
6.054586172103881836e-01
6.049363613128662109e-01
6.044250726699829102e-01
6.039254665374755859e-01
6.034390330314636230e-01
6.029633879661560059e-01
6.025007367134094238e-01
6.020498275756835938e-01
6.016115546226501465e-01
6.011860370635986328e-01
6.007741689682006836e-01
6.003747582435607910e-01
5.999887585639953613e-01
5.996162891387939453e-01
5.992575287818908691e-01
5.989134311676025391e-01
5.985827445983886719e-01
5.982665419578552246e-01
5.979648828506469727e-01
5.976787805557250977e-01
5.974070429801940918e-01
5.971505641937255859e-01
5.969097018241882324e-01
5.966840982437133789e-01
5.964745283126831055e-01
5.962640643119812012e-01
5.960701107978820801e-01
5.958934426307678223e-01
5.957331061363220215e-01
5.955905318260192871e-01
5.954649448394775391e-01
5.953571796417236328e-01
5.952682495117187500e-01
5.951970815658569336e-01
5.951446294784545898e-01
5.951112508773803711e-01
5.950978994369506836e-01
5.951036214828491211e-01
5.951278209686279297e-01
5.951738953590393066e-01
5.952413082122802734e-01
5.953291654586791992e-01
5.954384803771972656e-01
5.955696105957031250e-01
5.957236289978027344e-01
5.958994626998901367e-01
5.960988998413085938e-01
5.963209867477416992e-01
5.965675711631774902e-01
5.968375205993652344e-01
5.971320271492004395e-01
5.974515080451965332e-01
5.977928042411804199e-01
5.981745719909667969e-01
5.985997319221496582e-01
5.990515947341918945e-01
5.995287299156188965e-01
6.000340580940246582e-01
6.005660295486450195e-01
6.011257767677307129e-01
6.017143726348876953e-01
6.023252606391906738e-01
6.029707789421081543e-01
6.036456823348999023e-01
6.043505668640136719e-01
6.050863265991210938e-01
6.058523654937744141e-01
6.066496372222900391e-01
6.074783802032470703e-01
6.083393692970275879e-01
6.092333197593688965e-01
6.101518273353576660e-01
6.111112833023071289e-01
6.121050119400024414e-01
6.131316423416137695e-01
6.141940355300903320e-01
6.152907013893127441e-01
6.164227724075317383e-01
6.175908446311950684e-01
6.187946200370788574e-01
6.200249791145324707e-01
6.213014721870422363e-01
6.226152777671813965e-01
6.239475607872009277e-01
6.252925395965576172e-01
6.266748905181884766e-01
6.280954480171203613e-01
6.295536160469055176e-01
6.310497522354125977e-01
6.325725317001342773e-01
6.341458559036254883e-01
6.357576251029968262e-01
6.374085545539855957e-01
6.390991806983947754e-01
6.408286094665527344e-01
6.425972580909729004e-01
6.444059014320373535e-01
6.462393403053283691e-01
6.481260061264038086e-01
6.500518321990966797e-01
6.520171761512756348e-01
6.540216207504272461e-01
6.560655236244201660e-01
6.581488847732543945e-01
6.602542996406555176e-01
6.624141931533813477e-01
6.646129488945007324e-01
6.668489575386047363e-01
6.691230535507202148e-01
6.714341044425964355e-01
6.737821698188781738e-01
6.761491298675537109e-01
6.785701513290405273e-01
6.810259222984313965e-01
6.835127472877502441e-01
6.860099434852600098e-01
6.885400414466857910e-01
6.911009550094604492e-01
6.936742663383483887e-01
6.962965130805969238e-01
6.989477872848510742e-01
7.016274929046630859e-01
7.043351531028747559e-01
7.070699930191040039e-01
7.098298668861389160e-01
7.125951647758483887e-01
7.154039740562438965e-01
7.182356119155883789e-01
7.210907936096191406e-01
7.239649891853332520e-01
7.268601059913635254e-01
7.296442389488220215e-01
7.324183583259582520e-01
7.352335453033447266e-01
7.380649447441101074e-01
7.409124970436096191e-01
7.437760233879089355e-01
7.466525435447692871e-01
7.495430707931518555e-01
7.524219751358032227e-01
7.553337216377258301e-01
7.582539916038513184e-01
7.611819505691528320e-01
7.641174793243408203e-01
7.670576572418212891e-01
7.699784040451049805e-01
7.729246616363525391e-01
7.758316993713378906e-01
7.786719202995300293e-01
7.815111875534057617e-01
7.843491435050964355e-01
7.871615886688232422e-01
7.899922728538513184e-01
7.928186058998107910e-01
7.956378459930419922e-01
7.984501123428344727e-01
8.012530803680419922e-01
8.040249943733215332e-01
8.068074584007263184e-01
8.095780611038208008e-01
8.123345375061035156e-01
8.150773048400878906e-01
8.178035616874694824e-01
8.204924464225769043e-01
8.230936527252197266e-01
8.255484700202941895e-01
8.279912471771240234e-01
8.304203748703002930e-01
8.328340053558349609e-01
8.352117538452148438e-01
8.375910520553588867e-01
8.399517536163330078e-01
8.422917723655700684e-01
8.446099162101745605e-01
8.469049930572509766e-01
8.491567969322204590e-01
8.514019846916198730e-01
8.536202311515808105e-01
8.558096289634704590e-01
8.579697012901306152e-01
8.600984811782836914e-01
8.621804714202880859e-01
8.642843365669250488e-01
8.663499951362609863e-01
8.683757781982421875e-01
8.703594207763671875e-01
8.723008632659912109e-01
8.741823434829711914e-01
8.760333061218261719e-01
8.778371810913085938e-01
8.795919418334960938e-01
8.812969923019409180e-01
8.829373717308044434e-01
8.845386505126953125e-01
8.860860466957092285e-01
8.875788450241088867e-01
8.890148401260375977e-01
8.903830647468566895e-01
8.917042016983032227e-01
8.929730653762817383e-01
8.941960930824279785e-01
8.953519463539123535e-01
8.964391350746154785e-01
8.974490165710449219e-01
8.983983397483825684e-01
8.992772698402404785e-01
9.000850915908813477e-01
9.008215069770812988e-01
9.014798402786254883e-01
9.020730853080749512e-01
9.025930762290954590e-01
9.030405282974243164e-01
9.034151434898376465e-01
9.037127494812011719e-01
9.039415717124938965e-01
9.040969610214233398e-01
9.041798710823059082e-01
9.041944146156311035e-01
9.042373895645141602e-01
9.042108654975891113e-01
9.041178822517395020e-01
9.039583802223205566e-01
9.037319421768188477e-01
9.034394025802612305e-01
9.030829668045043945e-01
9.026615619659423828e-01
9.021763205528259277e-01
9.016285538673400879e-01
9.010185599327087402e-01
9.003477096557617188e-01
8.996198773384094238e-01
8.988295197486877441e-01
8.979810476303100586e-01
8.970755934715270996e-01
8.961127400398254395e-01
8.950995206832885742e-01
8.940267562866210938e-01
8.929004073143005371e-01
8.917214274406433105e-01
8.904905319213867188e-01
8.892155289649963379e-01
8.878844976425170898e-01
8.865045905113220215e-01
8.850770592689514160e-01
8.836023807525634766e-01
8.820902109146118164e-01
8.805262446403503418e-01
8.789174556732177734e-01
8.772661089897155762e-01
8.755728602409362793e-01
8.738474249839782715e-01
8.720735311508178711e-01
8.702607750892639160e-01
8.684093952178955078e-01
8.665214776992797852e-01
8.646476268768310547e-01
8.628528118133544922e-01
8.610284924507141113e-01
8.591732382774353027e-01
8.572909235954284668e-01
8.553909659385681152e-01
8.534533977508544922e-01
8.514891862869262695e-01
8.494998216629028320e-01
8.474858403205871582e-01
8.454592823982238770e-01
8.433983325958251953e-01
8.413149118423461914e-01
8.392099738121032715e-01
8.370825648307800293e-01
8.349487185478210449e-01
8.327823281288146973e-01
8.305969238281250000e-01
8.283921480178833008e-01
8.261703252792358398e-01
8.239313364028930664e-01
8.216878771781921387e-01
8.194162249565124512e-01
8.171289563179016113e-01
8.148274421691894531e-01
8.125101327896118164e-01
8.101935982704162598e-01
8.078501820564270020e-01
8.054939508438110352e-01
8.031247854232788086e-01
8.007447719573974609e-01
7.983664870262145996e-01
7.959647178649902344e-01
7.935511469841003418e-01
7.911285758018493652e-01
7.886973619461059570e-01
7.862686514854431152e-01
7.838196158409118652e-01
7.813619375228881836e-01
7.788963913917541504e-01
7.763882279396057129e-01
7.738116979598999023e-01
7.712265253067016602e-01
7.686338424682617188e-01
7.660341262817382812e-01
7.634407877922058105e-01
7.608273625373840332e-01
7.582072019577026367e-01
7.555813193321228027e-01
7.529503107070922852e-01
7.503273487091064453e-01
7.476863265037536621e-01
7.450407743453979492e-01
7.423902750015258789e-01
7.397361993789672852e-01
7.370915412902832031e-01
7.344305515289306641e-01
7.317654490470886230e-01
7.290976643562316895e-01
7.264277935028076172e-01
7.237688899040222168e-01
7.210948467254638672e-01
7.184179425239562988e-01
7.157396674156188965e-01
7.130606174468994141e-01
7.103933095932006836e-01
7.077125310897827148e-01
7.050299644470214844e-01
7.023472785949707031e-01
6.996660232543945312e-01
6.969963908195495605e-01
6.943141818046569824e-01
6.916314363479614258e-01
6.889501810073852539e-01
6.862685084342956543e-01
6.836013197898864746e-01
6.809225678443908691e-01
6.782442331314086914e-01
6.755680441856384277e-01
6.728928685188293457e-01
6.702322363853454590e-01
6.675616502761840820e-01
6.648845672607421875e-01
6.622076630592346191e-01
6.595326662063598633e-01
6.568734049797058105e-01
6.542053818702697754e-01
6.515391469001770020e-01
6.488772034645080566e-01
6.462180614471435547e-01
6.435759067535400391e-01
6.409236788749694824e-01
6.382762789726257324e-01
6.356316804885864258e-01
6.329921483993530273e-01
6.303682923316955566e-01
6.277372837066650391e-01
6.251093149185180664e-01
6.224865913391113281e-01
6.198678016662597656e-01
6.172657012939453125e-01
6.146572232246398926e-01
6.120522022247314453e-01
6.094532608985900879e-01
6.068584322929382324e-01
6.042817831039428711e-01
6.016967296600341797e-01
5.991182923316955566e-01
5.965440869331359863e-01
5.939764976501464844e-01
5.914248824119567871e-01
5.888680815696716309e-01
5.863157510757446289e-01
5.837703943252563477e-01
5.812296271324157715e-01
5.787070393562316895e-01
5.761777758598327637e-01
5.736546516418457031e-01
5.711385607719421387e-01
5.686273574829101562e-01
5.661347508430480957e-01
5.636357069015502930e-01
5.611441731452941895e-01
5.586578249931335449e-01
5.561788678169250488e-01
5.537148714065551758e-01
5.512356758117675781e-01
5.487552285194396973e-01
5.462802648544311523e-01
5.438136458396911621e-01
5.413640737533569336e-01
5.389105677604675293e-01
5.364655852317810059e-01
5.340264439582824707e-01
5.315946340560913086e-01
5.291715264320373535e-01
5.267649292945861816e-01
5.243554115295410156e-01
5.219530463218688965e-01
5.195593833923339844e-01
5.171734094619750977e-01
5.148028135299682617e-01
5.124317407608032227e-01
5.100682973861694336e-01
5.077114105224609375e-01
5.053622126579284668e-01
5.030304789543151855e-01
5.006978511810302734e-01
4.983727931976318359e-01
4.960533082485198975e-01
4.937438964843750000e-01
4.914509057998657227e-01
4.891569912433624268e-01
4.868701696395874023e-01
4.845909774303436279e-01
4.823209047317504883e-01
4.800668656826019287e-01
4.778115153312683105e-01
4.755654335021972656e-01
4.733257889747619629e-01
4.710956513881683350e-01
4.688815176486968994e-01
4.666661024093627930e-01
4.644599854946136475e-01
4.622606337070465088e-01
4.600696265697479248e-01
4.578875899314880371e-01
4.557213783264160156e-01
4.535556733608245850e-01
4.513957500457763672e-01
4.492462873458862305e-01
4.471048712730407715e-01
4.449819326400756836e-01
4.428975880146026611e-01
4.408206939697265625e-01
4.387544989585876465e-01
4.366947412490844727e-01
4.346542060375213623e-01
4.326125085353851318e-01
4.305797219276428223e-01
4.285549819469451904e-01
4.265381395816802979e-01
4.245400428771972656e-01
4.225412309169769287e-01
4.205510020256042480e-01
4.185691475868225098e-01
4.165962636470794678e-01
4.146315455436706543e-01
4.126822948455810547e-01
4.107356667518615723e-01
4.087964594364166260e-01
4.068662226200103760e-01
4.049440920352935791e-01
4.030369818210601807e-01
4.011329412460327148e-01
3.992362320423126221e-01
3.973482847213745117e-01
3.954683840274810791e-01
3.935974538326263428e-01
3.917417824268341064e-01
3.898871839046478271e-01
3.880413472652435303e-01
3.862036466598510742e-01
3.843745291233062744e-01
3.825607001781463623e-01
3.807492554187774658e-01
3.789439499378204346e-01
3.771480023860931396e-01
3.753605782985687256e-01
3.735812008380889893e-01
3.718180358409881592e-01
3.700544238090515137e-01
3.682996928691864014e-01
3.665536046028137207e-01
3.648154437541961670e-01
3.630922436714172363e-01
3.613703846931457520e-01
3.596579134464263916e-01
3.579513132572174072e-01
3.562538325786590576e-01
3.545648753643035889e-01
3.528897762298583984e-01
3.513388931751251221e-01
3.498162627220153809e-01
3.483004868030548096e-01
3.467919230461120605e-01
3.452982902526855469e-01
3.438062071800231934e-01
3.423202633857727051e-01
3.408426642417907715e-01
3.393730819225311279e-01
3.379099071025848389e-01
3.364610671997070312e-01
3.350140154361724854e-01
3.335723578929901123e-01
3.321399390697479248e-01
3.307135105133056641e-01
3.292959630489349365e-01
3.278911113739013672e-01
3.264859616756439209e-01
3.250899016857147217e-01
3.237010538578033447e-01
3.223183155059814453e-01
3.209438323974609375e-01
3.195810914039611816e-01
3.182194232940673828e-01
3.168660998344421387e-01
3.155199289321899414e-01
3.141787052154541016e-01
3.128462731838226318e-01
3.115248382091522217e-01
3.102062940597534180e-01
3.088946044445037842e-01
3.075878918170928955e-01
3.062898218631744385e-01
3.049985468387603760e-01
3.037177622318267822e-01
3.024399876594543457e-01
3.011680245399475098e-01
2.999023199081420898e-01
2.986445128917694092e-01
2.973931133747100830e-01
2.961519062519073486e-01
2.949129939079284668e-01
2.936800718307495117e-01
2.924548685550689697e-01
2.912360429763793945e-01
2.900224626064300537e-01
2.888203263282775879e-01
2.876205146312713623e-01
2.864259779453277588e-01
2.852389216423034668e-01
2.840580344200134277e-01
2.828815877437591553e-01
2.817330062389373779e-01
2.805896997451782227e-01
2.794517278671264648e-01
2.783216536045074463e-01
2.771957814693450928e-01
2.760763764381408691e-01
2.749671339988708496e-01
2.738599479198455811e-01
2.727580964565277100e-01
2.716615200042724609e-01
2.705712914466857910e-01
2.694880962371826172e-01
2.684127688407897949e-01
2.673396766185760498e-01
2.662730515003204346e-01
2.652112841606140137e-01
2.641552388668060303e-01
2.631040215492248535e-01
2.620602250099182129e-01
2.610246539115905762e-01
2.599901556968688965e-01
2.589628696441650391e-01
2.579393386840820312e-01
2.569217681884765625e-01
2.559096813201904297e-01
2.549034655094146729e-01
2.539056837558746338e-01
2.529089748859405518e-01
2.519193589687347412e-01
2.509338259696960449e-01
2.499529719352722168e-01
2.489778548479080200e-01
2.480085343122482300e-01
2.470472753047943115e-01
2.460876703262329102e-01
2.451338022947311401e-01
2.441843599081039429e-01
2.432395517826080322e-01
2.423002868890762329e-01
2.413671761751174927e-01
2.404406666755676270e-01
2.395163029432296753e-01
2.385963797569274902e-01
2.376831173896789551e-01
2.367734909057617188e-01
2.358683347702026367e-01
2.349696606397628784e-01
2.340778559446334839e-01
2.331870496273040771e-01
2.323016822338104248e-01
2.314216345548629761e-01
2.305456548929214478e-01
2.296744883060455322e-01
2.288086563348770142e-01
2.279497087001800537e-01
2.270724773406982422e-01
2.261831760406494141e-01
2.252986431121826172e-01
2.244176268577575684e-01
2.235420942306518555e-01
2.226717323064804077e-01
2.218088507652282715e-01
2.209466844797134399e-01
2.200901806354522705e-01
2.192379534244537354e-01
2.183896452188491821e-01
2.175470441579818726e-01
2.167089134454727173e-01
2.158769518136978149e-01
2.150478512048721313e-01
2.142229080200195312e-01
2.134028077125549316e-01
2.125860601663589478e-01
2.117749452590942383e-01
2.109681814908981323e-01
2.101667970418930054e-01
2.093688100576400757e-01
2.085750997066497803e-01
2.077847421169281006e-01
2.069998085498809814e-01
2.062191069126129150e-01
2.054423093795776367e-01
2.046691030263900757e-01
2.039012610912322998e-01
2.031399905681610107e-01
2.023795247077941895e-01
2.016238719224929810e-01
2.008728235960006714e-01
2.001259624958038330e-01
1.993821114301681519e-01
1.986435651779174805e-01
1.979090869426727295e-01
1.971772611141204834e-01
1.964531391859054565e-01
1.957309395074844360e-01
1.950116902589797974e-01
1.942975521087646484e-01
1.935870200395584106e-01
1.928809732198715210e-01
1.921778023242950439e-01
1.914796978235244751e-01
1.907875537872314453e-01
1.900962591171264648e-01
1.894096136093139648e-01
1.887272298336029053e-01
1.880477219820022583e-01
1.873732507228851318e-01
1.867025494575500488e-01
1.860353946685791016e-01
1.853714436292648315e-01
1.847141534090042114e-01
1.840589493513107300e-01
1.834064275026321411e-01
1.827588379383087158e-01
1.821367591619491577e-01
1.815242022275924683e-01
1.809154152870178223e-01
1.803102046251296997e-01
1.797086894512176514e-01
1.791124790906906128e-01
1.785182356834411621e-01
1.779276877641677856e-01
1.773407012224197388e-01
1.767573356628417969e-01
1.761772781610488892e-01
1.756011247634887695e-01
1.750285923480987549e-01
1.744610816240310669e-01
1.738956272602081299e-01
1.733337640762329102e-01
1.727754920721054077e-01
1.722207516431808472e-01
1.716695725917816162e-01
1.711219102144241333e-01
1.705774366855621338e-01
1.700368374586105347e-01
1.695010960102081299e-01
1.689675152301788330e-01
1.684374362230300903e-01
1.679108738899230957e-01
1.673877984285354614e-01
1.668682098388671875e-01
1.663521230220794678e-01
1.658395677804946899e-01
1.653304696083068848e-01
1.648245304822921753e-01
1.643223613500595093e-01
1.638236939907073975e-01
1.633295565843582153e-01
1.628378331661224365e-01
1.623495519161224365e-01
1.618647277355194092e-01
1.613833904266357422e-01
1.609055101871490479e-01
1.604301482439041138e-01
1.599588841199874878e-01
1.594913899898529053e-01
1.590273976325988770e-01
1.585668325424194336e-01
1.581097394227981567e-01
1.576569378376007080e-01
1.572067886590957642e-01
1.567600965499877930e-01
1.563168615102767944e-01
1.558770984411239624e-01
1.554405689239501953e-01
1.550077497959136963e-01
1.545784771442413330e-01
1.541526615619659424e-01
1.537303328514099121e-01
1.533115208148956299e-01
1.528962105512619019e-01
1.524849534034729004e-01
1.520766764879226685e-01
1.516718715429306030e-01
1.512706279754638672e-01
1.508750617504119873e-01
1.504889875650405884e-01
1.501062810420989990e-01
1.497274786233901978e-01
1.493522822856903076e-01
1.489807516336441040e-01
1.486128717660903931e-01
1.482486426830291748e-01
1.478881239891052246e-01
1.475312709808349609e-01
1.471780985593795776e-01
1.468286216259002686e-01
1.464828997850418091e-01
1.461409181356430054e-01
1.458024084568023682e-01
1.454679369926452637e-01
1.451372653245925903e-01
1.448103636503219604e-01
1.444872915744781494e-01
1.441680490970611572e-01
1.438523828983306885e-01
1.435408294200897217e-01
1.432331800460815430e-01
1.429294347763061523e-01
1.426295936107635498e-01
1.423337310552597046e-01
1.420415937900543213e-01
1.417536735534667969e-01
1.414697766304016113e-01
1.411899179220199585e-01
1.409141272306442261e-01
1.406424194574356079e-01
1.403746008872985840e-01
1.401111632585525513e-01
1.398509591817855835e-01
1.395958811044692993e-01
1.393450200557708740e-01
1.390984207391738892e-01
1.388558894395828247e-01
1.386172771453857422e-01
1.383836120367050171e-01
1.381543129682540894e-01
1.379294544458389282e-01
1.377090364694595337e-01
1.374928951263427734e-01
1.372815072536468506e-01
1.370746642351150513e-01
1.368724554777145386e-01
1.366748809814453125e-01
1.364819854497909546e-01
1.362936198711395264e-01
1.361102312803268433e-01
1.359316706657409668e-01
1.357579827308654785e-01
1.355891823768615723e-01
1.354253441095352173e-01
1.352665275335311890e-01
1.351125687360763550e-01
1.349639147520065308e-01
1.348204314708709717e-01
1.346807330846786499e-01
1.345476955175399780e-01
1.344199776649475098e-01
1.342974901199340820e-01
1.341806203126907349e-01
1.340692639350891113e-01
1.339634954929351807e-01
1.339001208543777466e-01
1.338607370853424072e-01
1.338274031877517700e-01
1.337989270687103271e-01
1.337773501873016357e-01
1.337620615959167480e-01
1.337527781724929810e-01
1.337499171495437622e-01
1.337532103061676025e-01
1.337629705667495728e-01
1.337794065475463867e-01
1.338022798299789429e-01
1.338320374488830566e-01
1.338659673929214478e-01
1.339082866907119751e-01
1.339587271213531494e-01
1.340161561965942383e-01
1.340809315443038940e-01
1.341528594493865967e-01
1.342322677373886108e-01
1.343193799257278442e-01
1.344140022993087769e-01
1.345166116952896118e-01
1.346269994974136353e-01
1.347445994615554810e-01
1.348711699247360229e-01
1.350060999393463135e-01
1.351495832204818726e-01
1.353014558553695679e-01
1.354622989892959595e-01
1.356318145990371704e-01
1.358102858066558838e-01
1.359982192516326904e-01
1.361951977014541626e-01
1.364008635282516479e-01
1.366169750690460205e-01
1.368429511785507202e-01
1.370790451765060425e-01
1.373250782489776611e-01
1.375817060470581055e-01
1.378486007452011108e-01
1.381263583898544312e-01
1.384149044752120972e-01
1.387144923210144043e-01
1.390244960784912109e-01
1.393468081951141357e-01
1.396810859441757202e-01
1.400270164012908936e-01
1.403850615024566650e-01
1.407557576894760132e-01
1.411387473344802856e-01
1.415346860885620117e-01
1.419436186552047729e-01
1.423657834529876709e-01
1.428005993366241455e-01
1.432501673698425293e-01
1.437138617038726807e-01
1.441917270421981812e-01
1.446841210126876831e-01
1.451917588710784912e-01
1.457142531871795654e-01
1.462523192167282104e-01
1.468061059713363647e-01
1.473759561777114868e-01
1.479610055685043335e-01
1.485639512538909912e-01
1.491838097572326660e-01
1.498209834098815918e-01
1.504758000373840332e-01
1.511487513780593872e-01
1.518399417400360107e-01
1.525807678699493408e-01
1.533854752779006958e-01
1.542100757360458374e-01
1.550550162792205811e-01
1.559221595525741577e-01
1.568093597888946533e-01
1.577182412147521973e-01
1.586494892835617065e-01
1.596030443906784058e-01
1.605808585882186890e-01
1.615808755159378052e-01
1.626052409410476685e-01
1.636537015438079834e-01
1.647271960973739624e-01
1.658274978399276733e-01
1.669522225856781006e-01
1.681033074855804443e-01
1.692817509174346924e-01
1.704872697591781616e-01
1.717219203710556030e-01
1.729840040206909180e-01
1.742752939462661743e-01
1.755961477756500244e-01
1.769471466541290283e-01
1.783302426338195801e-01
1.797434091567993164e-01
1.811884343624114990e-01
1.826663017272949219e-01
1.841768324375152588e-01
1.857224851846694946e-01
1.873017251491546631e-01
1.889154613018035889e-01
1.905647069215774536e-01
1.922502815723419189e-01
1.939730793237686157e-01
1.957343518733978271e-01
1.975512802600860596e-01
1.993888020515441895e-01
2.012656331062316895e-01
2.031821906566619873e-01
2.051414549350738525e-01
2.071403563022613525e-01
2.091811448335647583e-01
2.112647145986557007e-01
2.133919894695281982e-01
2.155641913414001465e-01
2.177796810865402222e-01
2.200404852628707886e-01
2.223469167947769165e-01
2.246995866298675537e-01
2.271014600992202759e-01
2.295486330986022949e-01
2.320443987846374512e-01
2.345889806747436523e-01
2.371822446584701538e-01
2.398268431425094604e-01
2.425202727317810059e-01
2.452648580074310303e-01
2.480596750974655151e-01
2.509063780307769775e-01
2.538070082664489746e-01
2.567576766014099121e-01
2.597609460353851318e-01
2.628175020217895508e-01
2.659579813480377197e-01
2.691222131252288818e-01
2.723382115364074707e-01
2.756080925464630127e-01
2.789305448532104492e-01
2.823064029216766357e-01
2.857376337051391602e-01
2.892198562622070312e-01
2.927544713020324707e-01
2.963425219058990479e-01
2.999817430973052979e-01
3.036742806434631348e-01
3.074173033237457275e-01
3.112076818943023682e-01
3.150496184825897217e-01
3.189373016357421875e-01
3.228742182254791260e-01
3.268548846244812012e-01
3.308820724487304688e-01
3.349533379077911377e-01
3.390639722347259521e-01
3.432175219058990479e-01
3.474507927894592285e-01
3.516805768013000488e-01
3.559458851814270020e-01
3.602429628372192383e-01
3.645743429660797119e-01
3.689321577548980713e-01
3.733180463314056396e-01
3.777301013469696045e-01
3.821612000465393066e-01
3.866132497787475586e-01
3.910805284976959229e-01
3.955624401569366455e-01
4.000965952873229980e-01
4.045967757701873779e-01
4.091002941131591797e-01
4.136026799678802490e-01
4.181038737297058105e-01
4.225974082946777344e-01
4.270819127559661865e-01
4.315525293350219727e-01
4.360048472881317139e-01
4.404360651969909668e-01
4.448405802249908447e-01
4.492177367210388184e-01
4.536009728908538818e-01
4.579057991504669189e-01
4.621682167053222656e-01
4.663846790790557861e-01
4.705515801906585693e-01
4.746626913547515869e-01
4.787182211875915527e-01
4.827103912830352783e-01
4.866344332695007324e-01
4.904911220073699951e-01
4.942717254161834717e-01
4.979760050773620605e-01
5.016332268714904785e-01
5.051704645156860352e-01
5.086187720298767090e-01
5.119740962982177734e-01
5.152366757392883301e-01
5.183992981910705566e-01
5.214620232582092285e-01
5.244222283363342285e-01
5.272740125656127930e-01
5.300188064575195312e-01
5.326521992683410645e-01
5.351740717887878418e-01
5.376048088073730469e-01
5.398939251899719238e-01
5.420680046081542969e-01
5.441218614578247070e-01
5.460578203201293945e-01
5.478729009628295898e-01
5.495687723159790039e-01
5.511439442634582520e-01
5.525974035263061523e-01
5.539315938949584961e-01
5.551440119743347168e-01
5.562483072280883789e-01
5.572226047515869141e-01
5.580773353576660156e-01
5.588163733482360840e-01
5.594385862350463867e-01
5.599476695060729980e-01
5.603428483009338379e-01
5.606283545494079590e-01
5.608047842979431152e-01
5.608727335929870605e-01
5.608363151550292969e-01
5.606955289840698242e-01
5.604556798934936523e-01
5.601223111152648926e-01
5.597522258758544922e-01
5.592910051345825195e-01
5.587408542633056641e-01
5.581063628196716309e-01
5.573797821998596191e-01
5.565798282623291016e-01
5.557017326354980469e-01
5.547509193420410156e-01
5.537267923355102539e-01
5.526334643363952637e-01
5.514746904373168945e-01
5.502392053604125977e-01
5.489550232887268066e-01
5.476126670837402344e-01
5.462169647216796875e-01
5.447667837142944336e-01
5.432670116424560547e-01
5.417219400405883789e-01
5.401148200035095215e-01
5.384803414344787598e-01
5.368071794509887695e-01
5.350985527038574219e-01
5.333535671234130859e-01
5.315759181976318359e-01
5.297674536705017090e-01
5.279154181480407715e-01
5.260534882545471191e-01
5.241682529449462891e-01
5.222619175910949707e-01
5.203347206115722656e-01
5.183899998664855957e-01
5.164291262626647949e-01
5.144557356834411621e-01
5.124471783638000488e-01
5.104481577873229980e-01
5.084396600723266602e-01
5.064245462417602539e-01
5.044007301330566406e-01
5.023726820945739746e-01
5.003421902656555176e-01
4.982881844043731689e-01
4.962513446807861328e-01
4.942151904106140137e-01
4.921818971633911133e-01
4.901490807533264160e-01
4.881191849708557129e-01
4.860917031764984131e-01
4.840527474880218506e-01
4.820374846458435059e-01
4.800281822681427002e-01
4.780271351337432861e-01
4.760334789752960205e-01
4.740482270717620850e-01
4.720724821090698242e-01
4.701086282730102539e-01
4.681335091590881348e-01
4.661889374256134033e-01
4.642581045627593994e-01
4.623374342918395996e-01
4.604279100894927979e-01
4.585323631763458252e-01
4.566517770290374756e-01
4.547648131847381592e-01
4.529091119766235352e-01
4.510682523250579834e-01
4.492435753345489502e-01
4.474316835403442383e-01
4.456348419189453125e-01
4.438369870185852051e-01
4.420703053474426270e-01
4.403192400932312012e-01
4.385836720466613770e-01
4.368644058704376221e-01
4.351440072059631348e-01
4.334557950496673584e-01
4.317832291126251221e-01
4.301287233829498291e-01
4.284874200820922852e-01
4.268630743026733398e-01
4.252412021160125732e-01
4.236491322517395020e-01
4.220723807811737061e-01
4.205120205879211426e-01
4.189698994159698486e-01
4.174276590347290039e-01
4.159153997898101807e-01
4.144185185432434082e-01
4.129402041435241699e-01
4.115498363971710205e-01
4.101838767528533936e-01
4.088448584079742432e-01
4.075220823287963867e-01
4.062147736549377441e-01
4.049226343631744385e-01
4.036321640014648438e-01
4.023683667182922363e-01
4.011200666427612305e-01
3.998843133449554443e-01
3.986645042896270752e-01
3.974459469318389893e-01
3.962545394897460938e-01
3.950768709182739258e-01
3.939127922058105469e-01
3.927615880966186523e-01
3.916114568710327148e-01
3.904877007007598877e-01
3.893774151802062988e-01
3.882801234722137451e-01
3.871946632862091064e-01
3.861119449138641357e-01
3.850528597831726074e-01
3.840040862560272217e-01
3.829689323902130127e-01
3.819465637207031250e-01
3.809363245964050293e-01
3.799273371696472168e-01
3.789398372173309326e-01
3.779645264148712158e-01
3.769986629486083984e-01
3.760460019111633301e-01
3.750940263271331787e-01
3.741632699966430664e-01
3.732435107231140137e-01
3.723343014717102051e-01
3.714347183704376221e-01
3.705352246761322021e-01
3.696570396423339844e-01
3.687889277935028076e-01
3.679297864437103271e-01
3.670813441276550293e-01
3.662337958812713623e-01
3.654024302959442139e-01
3.645815849304199219e-01
3.637706637382507324e-01
3.629685640335083008e-01
3.621674478054046631e-01
3.613825440406799316e-01
3.606068789958953857e-01
3.598378300666809082e-01
3.590790331363677979e-01
3.583199381828308105e-01
3.575773537158966064e-01
3.568428456783294678e-01
3.561160862445831299e-01
3.553887903690338135e-01
3.546755015850067139e-01
3.539714515209197998e-01
3.532747030258178711e-01
3.525771498680114746e-01
3.518946468830108643e-01
3.512190878391265869e-01
3.505501151084899902e-01
3.498786985874176025e-01
3.492231667041778564e-01
3.485739231109619141e-01
3.479312062263488770e-01
3.472879827022552490e-01
3.466567993164062500e-01
3.460322618484497070e-01
3.454119861125946045e-01
3.447926938533782959e-01
3.441848158836364746e-01
3.435831665992736816e-01
3.429869413375854492e-01
3.423897624015808105e-01
3.418034911155700684e-01
3.412212729454040527e-01
3.406456708908081055e-01
3.400690555572509766e-01
3.395026922225952148e-01
3.389416933059692383e-01
3.383851945400238037e-01
3.378274738788604736e-01
3.372777700424194336e-01
3.367345631122589111e-01
3.361957073211669922e-01
3.356553614139556885e-01
3.351240456104278564e-01
3.345974683761596680e-01
3.340746760368347168e-01
3.335484564304351807e-01
3.330327272415161133e-01
3.325211703777313232e-01
3.320197463035583496e-01
3.315463960170745850e-01
3.310748338699340820e-01
3.306087255477905273e-01
3.301382660865783691e-01
3.296779692173004150e-01
3.292190730571746826e-01
3.287653326988220215e-01
3.283071219921112061e-01
3.278586566448211670e-01
3.274118602275848389e-01
3.269686996936798096e-01
3.265215754508972168e-01
3.260837197303771973e-01
3.256471455097198486e-01
3.252141177654266357e-01
3.247768580913543701e-01
3.243484497070312500e-01
3.239212930202484131e-01
3.234973251819610596e-01
3.230687975883483887e-01
3.226495385169982910e-01
3.222301006317138672e-01
3.218140900135040283e-01
3.213934898376464844e-01
3.209817707538604736e-01
3.205696940422058105e-01
3.201607465744018555e-01
3.197477161884307861e-01
3.193421065807342529e-01
3.189364373683929443e-01
3.185338675975799561e-01
3.181269168853759766e-01
3.177271783351898193e-01
3.173271715641021729e-01
3.169305324554443359e-01
3.165284395217895508e-01
3.161337375640869141e-01
3.157387375831604004e-01
3.153422474861145020e-01
3.149493038654327393e-01
3.145590722560882568e-01
3.141636550426483154e-01
3.137757778167724609e-01
3.133869171142578125e-01
3.129958510398864746e-01
3.126091957092285156e-01
3.122242689132690430e-01
3.118340969085693359e-01
3.114508390426635742e-01
3.110671043395996094e-01
3.106806278228759766e-01
3.102977871894836426e-01
3.099175393581390381e-01
3.095313906669616699e-01
3.091518580913543701e-01
3.087713122367858887e-01
3.083886206150054932e-01
3.080090582370758057e-01
3.076314926147460938e-01
3.072485923767089844e-01
3.068718016147613525e-01
3.064938783645629883e-01
3.061131238937377930e-01
3.057363033294677734e-01
3.053608238697052002e-01
3.049840629100799561e-01
3.046045303344726562e-01
3.042287528514862061e-01
3.038541972637176514e-01
3.034737706184387207e-01
3.031000494956970215e-01
3.027245998382568359e-01
3.023460805416107178e-01
3.019708395004272461e-01
3.015975952148437500e-01
3.012180030345916748e-01
3.008444607257843018e-01
3.004699945449829102e-01
3.000920712947845459e-01
2.997171580791473389e-01
2.993437647819519043e-01
2.989648878574371338e-01
2.985914349555969238e-01
2.982165813446044922e-01
2.978390157222747803e-01
2.974640130996704102e-01
2.970904707908630371e-01
2.967109680175781250e-01
2.963377237319946289e-01
2.959624826908111572e-01
2.955840826034545898e-01
2.952086925506591797e-01
2.948350012302398682e-01
2.944594621658325195e-01
2.940806150436401367e-01
2.937051355838775635e-01
2.933306396007537842e-01
2.929499745368957520e-01
2.925750613212585449e-01
2.921991944313049316e-01
2.918194830417633057e-01
2.914428412914276123e-01
2.910717725753784180e-01
2.907418012619018555e-01
2.904173135757446289e-01
2.900909781455993652e-01
2.897605597972869873e-01
2.894347310066223145e-01
2.891069650650024414e-01
2.887755632400512695e-01
2.884465456008911133e-01
2.881187796592712402e-01
2.877845466136932373e-01
2.874558568000793457e-01
2.871267497539520264e-01
2.867906987667083740e-01
2.864605784416198730e-01
2.861287295818328857e-01
2.857930362224578857e-01
2.854598462581634521e-01
2.851232886314392090e-01
2.847908437252044678e-01
2.844567298889160156e-01
2.841184437274932861e-01
2.837833762168884277e-01
2.834444642066955566e-01
2.831085622310638428e-01
2.827731966972351074e-01
2.824329435825347900e-01
2.820957303047180176e-01
2.817547321319580078e-01
2.814166545867919922e-01
2.810791730880737305e-01
2.807356119155883789e-01
2.803976833820343018e-01
2.800592780113220215e-01
2.797141075134277344e-01
2.793750464916229248e-01
2.790294587612152100e-01
2.786895036697387695e-01
2.783476412296295166e-01
2.780022025108337402e-01
2.776612341403961182e-01
2.773138284683227539e-01
2.769717574119567871e-01
2.766284644603729248e-01
2.762813270092010498e-01
2.759374082088470459e-01
2.755895555019378662e-01
2.752459049224853516e-01
2.749009430408477783e-01
2.745521962642669678e-01
2.742066979408264160e-01
2.738570570945739746e-01
2.735109031200408936e-01
2.731658220291137695e-01
2.728157639503479004e-01
2.724685668945312500e-01
2.721178233623504639e-01
2.717705070972442627e-01
2.714241743087768555e-01
2.710711359977722168e-01
2.707243859767913818e-01
2.703773677349090576e-01
2.700240612030029297e-01
2.696766257286071777e-01
2.693226933479309082e-01
2.689747810363769531e-01
2.686255872249603271e-01
2.682726979255676270e-01
2.679228186607360840e-01
2.675695419311523438e-01
2.672209143638610840e-01
2.668709456920623779e-01
2.665169239044189453e-01
2.661667168140411377e-01
2.658128738403320312e-01
2.654623389244079590e-01
2.651126980781555176e-01
2.647584974765777588e-01
2.644077837467193604e-01
2.640533447265625000e-01
2.637025117874145508e-01
2.633524835109710693e-01
2.629967033863067627e-01
2.626469433307647705e-01
2.622923254966735840e-01
2.619408965110778809e-01
2.615909874439239502e-01
2.612351775169372559e-01
2.608851492404937744e-01
2.605337500572204590e-01
2.601790726184844971e-01
2.598291933536529541e-01
2.594733536243438721e-01
2.591232061386108398e-01
2.587722241878509521e-01
2.584176957607269287e-01
2.580668032169342041e-01
2.577121555805206299e-01
2.573624849319458008e-01
2.570071816444396973e-01
2.566577494144439697e-01
2.563025951385498047e-01
2.559529840946197510e-01
2.555980682373046875e-01
2.552490830421447754e-01
2.548953890800476074e-01
2.545452117919921875e-01
2.541919648647308350e-01
2.538422048091888428e-01
2.534939348697662354e-01
2.531396150588989258e-01
2.527915239334106445e-01
2.524390518665313721e-01
2.520754337310791016e-01
2.517030537128448486e-01
2.513352632522583008e-01
2.509634196758270264e-01
2.505964934825897217e-01
2.502251267433166504e-01
2.498586922883987427e-01
2.494890689849853516e-01
2.491231411695480347e-01
2.487527132034301758e-01
2.483874708414077759e-01
2.480225116014480591e-01
2.476532012224197388e-01
2.472888827323913574e-01
2.469203323125839233e-01
2.465565204620361328e-01
2.461897283792495728e-01
2.458264082670211792e-01
2.454590946435928345e-01
2.450967729091644287e-01
2.447302937507629395e-01
2.443686276674270630e-01
2.440028190612792969e-01
2.436420023441314697e-01
2.432769834995269775e-01
2.429175972938537598e-01
2.425579130649566650e-01
2.421939969062805176e-01
2.418350726366043091e-01
2.414719909429550171e-01
2.411139011383056641e-01
2.407516241073608398e-01
2.403943836688995361e-01
2.400337606668472290e-01
2.396773397922515869e-01
2.393168359994888306e-01
2.389612346887588501e-01
2.386016547679901123e-01
2.382469773292541504e-01
2.378882616758346558e-01
2.375342547893524170e-01
2.371808737516403198e-01
2.368246167898178101e-01
2.364722788333892822e-01
2.361157983541488647e-01
2.357643693685531616e-01
2.354090660810470581e-01
2.350585609674453735e-01
2.347038537263870239e-01
2.343543767929077148e-01
2.340009808540344238e-01
2.336534708738327026e-01
2.333011180162429810e-01
2.329536378383636475e-01
2.326022237539291382e-01
2.322557270526885986e-01
2.319095581769943237e-01
2.315598130226135254e-01
2.312148213386535645e-01
2.308661043643951416e-01
2.305232286453247070e-01
2.301755547523498535e-01
2.298327833414077759e-01
2.294860035181045532e-01
2.291442006826400757e-01
2.287988215684890747e-01
2.284581661224365234e-01
2.281138002872467041e-01
2.277752757072448730e-01
2.274320721626281738e-01
2.270936667919158936e-01
2.267513275146484375e-01
2.264140248298645020e-01
2.260731160640716553e-01
2.257327139377593994e-01
2.253971546888351440e-01
2.250579744577407837e-01
2.247245013713836670e-01
2.243864536285400391e-01
2.240530103445053101e-01
2.237161844968795776e-01
2.233840376138687134e-01
2.230484038591384888e-01
2.227174788713455200e-01
2.223829329013824463e-01
2.220491468906402588e-01
2.217206954956054688e-01
2.213880121707916260e-01
2.210600227117538452e-01
2.207286059856414795e-01
2.204018086194992065e-01
2.200715988874435425e-01
2.197460681200027466e-01
2.194171398878097534e-01
2.190925031900405884e-01
2.187656462192535400e-01
2.184385657310485840e-01
2.181159704923629761e-01
2.177900969982147217e-01
2.174687981605529785e-01
2.171440869569778442e-01
2.168240845203399658e-01
2.165004760026931763e-01
2.161816954612731934e-01
2.158603817224502563e-01
2.155428379774093628e-01
2.152219414710998535e-01
2.149015963077545166e-01
2.145859152078628540e-01
2.142666876316070557e-01
2.139522284269332886e-01
2.136344909667968750e-01
2.133221924304962158e-01
2.130057066679000854e-01
2.126937508583068848e-01
2.123785316944122314e-01
2.120640277862548828e-01
2.117536813020706177e-01
2.114403843879699707e-01
2.111316472291946411e-01
2.108195424079895020e-01
2.105129659175872803e-01
2.101961374282836914e-01
2.098699510097503662e-01
2.095396965742111206e-01
2.092147469520568848e-01
2.088861167430877686e-01
2.085586935281753540e-01
2.082349658012390137e-01
2.079092562198638916e-01
2.075869143009185791e-01
2.072623968124389648e-01
2.069416642189025879e-01
2.066184729337692261e-01
2.062997967004776001e-01
2.059774249792098999e-01
2.056600749492645264e-01
2.053389102220535278e-01
2.050195336341857910e-01
2.047034800052642822e-01
2.043852359056472778e-01
2.040707767009735107e-01
2.037539333105087280e-01
2.034406065940856934e-01
2.031253725290298462e-01
2.028135061264038086e-01
2.024996131658554077e-01
2.021890580654144287e-01
2.018765062093734741e-01
2.015639543533325195e-01
2.012562751770019531e-01
2.009457647800445557e-01
2.006388306617736816e-01
2.003296613693237305e-01
2.000239789485931396e-01
1.997164040803909302e-01
1.994085013866424561e-01
1.991056650876998901e-01
1.987993568181991577e-01
1.984979212284088135e-01
1.981927454471588135e-01
1.978893578052520752e-01
1.975890994071960449e-01
1.972868442535400391e-01
1.969846636056900024e-01
1.966872811317443848e-01
1.963871270418167114e-01
1.960870325565338135e-01
1.957916468381881714e-01
1.954926848411560059e-01
1.951989233493804932e-01
1.949013471603393555e-01
1.946052759885787964e-01
1.943126171827316284e-01
1.940179169178009033e-01
1.937231123447418213e-01
1.934332400560379028e-01
1.931398063898086548e-01
1.928511708974838257e-01
1.925591528415679932e-01
1.922685056924819946e-01
1.919818371534347534e-01
1.916919350624084473e-01
1.914032101631164551e-01
1.911177486181259155e-01
1.908306330442428589e-01
1.905431449413299561e-01
1.902604401111602783e-01
1.899745464324951172e-01
1.896931082010269165e-01
1.894083321094512939e-01
1.891251206398010254e-01
1.888449043035507202e-01
1.885628551244735718e-01
1.882808804512023926e-01
1.880034208297729492e-01
1.877232491970062256e-01
1.874464452266693115e-01
1.871677339076995850e-01
1.868887245655059814e-01
1.866146624088287354e-01
1.863370388746261597e-01
1.860607862472534180e-01
1.857878565788269043e-01
1.855129897594451904e-01
1.852379441261291504e-01
1.849675923585891724e-01
1.846938580274581909e-01
1.844246983528137207e-01
1.841523051261901855e-01
1.838812232017517090e-01
1.836133450269699097e-01
1.833434253931045532e-01
1.830742955207824707e-01
1.828082054853439331e-01
1.825402230024337769e-01
1.822752356529235840e-01
1.820087730884552002e-01
1.817419081926345825e-01
1.814795136451721191e-01
1.812140941619873047e-01
1.809498965740203857e-01
1.806885600090026855e-01
1.804257333278656006e-01
1.801626235246658325e-01
1.799038052558898926e-01
1.796421259641647339e-01
1.793846040964126587e-01
1.791246831417083740e-01
1.788646876811981201e-01
1.786089688539505005e-01
1.783501207828521729e-01
1.780926734209060669e-01
1.778379976749420166e-01
1.775816828012466431e-01
1.773253530263900757e-01
1.770731806755065918e-01
1.768178641796112061e-01
1.765669882297515869e-01
1.763128936290740967e-01
1.760601401329040527e-01
1.758102923631668091e-01
1.755586266517639160e-01
1.753075569868087769e-01
1.750595122575759888e-01
1.748095899820327759e-01
1.745595633983612061e-01
1.743138879537582397e-01
1.740649938583374023e-01
1.738174706697463989e-01
1.735699325799942017e-01
1.733263432979583740e-01
1.730797588825225830e-01
1.728345900774002075e-01
1.725920438766479492e-01
1.723478287458419800e-01
1.720988750457763672e-01
1.718079149723052979e-01
1.715196222066879272e-01
1.712301075458526611e-01
1.709412336349487305e-01
1.706551760435104370e-01
1.703677326440811157e-01
1.700803637504577637e-01
1.697943359613418579e-01
1.695111393928527832e-01
1.692265123128890991e-01
1.689420193433761597e-01
1.686587333679199219e-01
1.683790534734725952e-01
1.680965274572372437e-01
1.678154319524765015e-01
1.675370037555694580e-01
1.672574132680892944e-01
1.669776439666748047e-01
1.666993647813796997e-01
1.664236485958099365e-01
1.661467850208282471e-01
1.658696830272674561e-01
1.655968278646469116e-01
1.653218716382980347e-01
1.650469601154327393e-01
1.647733002901077271e-01
1.645024269819259644e-01
1.642300784587860107e-01
1.639579087495803833e-01
1.636869460344314575e-01
1.634186953306198120e-01
1.631489992141723633e-01
1.628801226615905762e-01
1.626137197017669678e-01
1.623460799455642700e-01
1.620783805847167969e-01
1.618120968341827393e-01
1.615482121706008911e-01
1.612832248210906982e-01
1.610180884599685669e-01
1.607569903135299683e-01
1.604930311441421509e-01
1.602306514978408813e-01
1.599687337875366211e-01
1.597093790769577026e-01
1.594487130641937256e-01
