7.830247282981872559e-01
7.824336886405944824e-01
7.818526625633239746e-01
7.812851071357727051e-01
7.807303667068481445e-01
7.802187204360961914e-01
7.797293663024902344e-01
7.792537808418273926e-01
7.787942290306091309e-01
7.783514261245727539e-01
7.782891988754272461e-01
7.784477472305297852e-01
7.786211371421813965e-01
7.788125872611999512e-01
7.790226340293884277e-01
7.793942689895629883e-01
7.800489664077758789e-01
7.807221412658691406e-01
7.814118862152099609e-01
7.821182012557983398e-01
7.828410863876342773e-01
7.835828661918640137e-01
7.843446135520935059e-01
7.851240038871765137e-01
7.859199643135070801e-01
7.867370247840881348e-01
7.876365780830383301e-01
7.887033224105834961e-01
7.897858023643493652e-01
7.908825278282165527e-01
7.919926643371582031e-01
7.931153178215026855e-01
7.942050099372863770e-01
7.952674031257629395e-01
7.963418364524841309e-01
7.974282503128051758e-01
7.985259294509887695e-01
7.996367216110229492e-01
8.006427288055419922e-01
8.015679121017456055e-01
8.025013804435729980e-01
8.034433126449584961e-01
8.043910861015319824e-01
8.053448200225830078e-01
8.063000440597534180e-01
8.072540163993835449e-01
8.082119226455688477e-01
8.091729283332824707e-01
8.101359605789184570e-01
8.111032843589782715e-01
8.120550513267517090e-01
8.127543330192565918e-01
8.134524822235107422e-01
8.141504526138305664e-01
8.148465156555175781e-01
8.155412077903747559e-01
8.162331581115722656e-01
8.169643878936767578e-01
8.177329897880554199e-01
8.184973597526550293e-01
8.192573189735412598e-01
8.200119733810424805e-01
8.207625746726989746e-01
8.215067982673645020e-01
8.221809267997741699e-01
8.228260874748229980e-01
8.234624266624450684e-01
8.240906596183776855e-01
8.247100710868835449e-01
8.253194093704223633e-01
8.259204030036926270e-01
8.264190554618835449e-01
8.268739581108093262e-01
8.273183703422546387e-01
8.277531266212463379e-01
8.281780481338500977e-01
8.285921216011047363e-01
8.289947509765625000e-01
8.293869495391845703e-01
8.297702074050903320e-01
8.301402330398559570e-01
8.304971456527709961e-01
8.308424949645996094e-01
8.311737775802612305e-01
8.314915895462036133e-01
8.317966461181640625e-01
8.320907354354858398e-01
8.323712944984436035e-01
8.326382040977478027e-01
8.328920006752014160e-01
8.331299424171447754e-01
8.333539366722106934e-01
8.335628509521484375e-01
8.337131142616271973e-01
8.336889147758483887e-01
8.336507081985473633e-01
8.335986733436584473e-01
8.335330486297607422e-01
8.334528207778930664e-01
8.333587050437927246e-01
8.332507014274597168e-01
8.331577181816101074e-01
8.331993818283081055e-01
8.332265019416809082e-01
8.332381844520568848e-01
8.332349658012390137e-01
8.332162499427795410e-01
8.331819772720336914e-01
8.331333398818969727e-01
8.330686092376708984e-01
8.328648805618286133e-01
8.326174020767211914e-01
8.323554396629333496e-01
8.320792913436889648e-01
8.317881822586059570e-01
8.314823508262634277e-01
8.311631083488464355e-01
8.308293223381042480e-01
8.304898142814636230e-01
8.301834464073181152e-01
8.298643231391906738e-01
8.295305967330932617e-01
8.291837573051452637e-01
8.288230299949645996e-01
8.284497261047363281e-01
8.280625939369201660e-01
8.276618123054504395e-01
8.272618651390075684e-01
8.269231915473937988e-01
8.265714049339294434e-01
8.262060284614562988e-01
8.258281350135803223e-01
8.254377841949462891e-01
8.250343203544616699e-01
8.246180415153503418e-01
8.241888880729675293e-01
8.237475752830505371e-01
8.231777548789978027e-01
8.225681185722351074e-01
8.219475150108337402e-01
8.213148117065429688e-01
8.206714391708374023e-01
8.200171589851379395e-01
8.193514943122863770e-01
8.186752796173095703e-01
8.179882764816284180e-01
8.172960877418518066e-01
8.166466355323791504e-01
8.159869909286499023e-01
8.153182268142700195e-01
8.141795992851257324e-01
8.134814500808715820e-01
8.127745985984802246e-01
8.120585680007934570e-01
8.113343119621276855e-01
8.106012940406799316e-01
8.098593950271606445e-01
8.092362880706787109e-01
8.086101412773132324e-01
8.079761266708374023e-01
8.073343634605407715e-01
8.066857457160949707e-01
8.060293197631835938e-01
8.053660988807678223e-01
8.046958446502685547e-01
8.040184378623962402e-01
8.033348321914672852e-01
8.026691675186157227e-01
8.020306825637817383e-01
8.013865351676940918e-01
8.007366061210632324e-01
8.000812530517578125e-01
7.994203567504882812e-01
7.987546324729919434e-01
7.980839610099792480e-01
7.974085807800292969e-01
7.967285513877868652e-01
7.960445284843444824e-01
7.953613400459289551e-01
7.946804165840148926e-01
7.939959168434143066e-01
7.933083772659301758e-01
7.926173806190490723e-01
7.919238805770874023e-01
7.912274003028869629e-01
7.905286550521850586e-01
7.898275852203369141e-01
7.891246676445007324e-01
7.884198427200317383e-01
7.877134680747985840e-01
7.869758605957031250e-01
7.862359285354614258e-01
7.854948043823242188e-01
7.847533226013183594e-01
7.840112447738647461e-01
7.832696437835693359e-01
7.825278639793395996e-01
7.817870378494262695e-01
7.810462713241577148e-01
7.803070545196533203e-01
7.795684933662414551e-01
7.788319587707519531e-01
7.780594229698181152e-01
7.772877812385559082e-01
7.765183448791503906e-01
7.757520079612731934e-01
7.749875187873840332e-01
7.742262482643127441e-01
7.734691500663757324e-01
7.727151513099670410e-01
7.719652652740478516e-01
7.712197303771972656e-01
7.704799175262451172e-01
7.697444558143615723e-01
7.689176201820373535e-01
7.679791450500488281e-01
7.670460343360900879e-01
7.661193013191223145e-01
7.651992440223693848e-01
7.642868757247924805e-01
7.633813619613647461e-01
7.624840736389160156e-01
7.615960836410522461e-01
7.607172131538391113e-01
7.598493099212646484e-01
7.589920163154602051e-01
7.581463456153869629e-01
7.573651671409606934e-01
7.566932439804077148e-01
7.560372948646545410e-01
7.553976774215698242e-01
7.547772526741027832e-01
7.541766166687011719e-01
7.535988688468933105e-01
7.530454397201538086e-01
7.525202035903930664e-01
7.520256638526916504e-01
7.515670657157897949e-01
7.511486411094665527e-01
7.507778406143188477e-01
7.504620552062988281e-01
7.502458691596984863e-01
7.501312494277954102e-01
7.501180171966552734e-01
7.502372860908508301e-01
7.505357265472412109e-01
7.510957121849060059e-01
7.520781159400939941e-01
7.539132237434387207e-01
7.612837553024291992e-01
7.600709199905395508e-01
7.596619725227355957e-01
7.594211101531982422e-01
7.592852115631103516e-01
7.592281103134155273e-01
7.592275738716125488e-01
7.592514753341674805e-01
7.593254446983337402e-01
7.594434618949890137e-01
7.596027851104736328e-01
7.597988843917846680e-01
7.600305080413818359e-01
7.602939605712890625e-01
7.605865001678466797e-01
7.609072923660278320e-01
7.612531781196594238e-01
7.616235613822937012e-01
7.620154023170471191e-01
7.624289393424987793e-01
7.628611922264099121e-01
7.633088827133178711e-01
7.637584805488586426e-01
7.642236948013305664e-01
7.647019028663635254e-01
7.651919722557067871e-01
7.656937837600708008e-01
7.662062644958496094e-01
7.667276263236999512e-01
7.672570347785949707e-01
7.677941918373107910e-01
7.683387398719787598e-01
7.688886523246765137e-01
7.694436907768249512e-01
7.700039744377136230e-01
7.705674767494201660e-01
7.711342573165893555e-01
7.717137336730957031e-01
7.723363637924194336e-01
7.729595303535461426e-01
7.735843062400817871e-01
7.742091417312622070e-01
7.748346328735351562e-01
7.754589319229125977e-01
7.760829329490661621e-01
7.767049670219421387e-01
7.773262262344360352e-01
7.779446244239807129e-01
7.785615324974060059e-01
7.791751027107238770e-01
7.797854542732238770e-01
7.803933620452880859e-01
7.809967994689941406e-01
7.815972566604614258e-01
7.822086215019226074e-01
7.828328013420104980e-01
7.834528088569641113e-01
7.840671539306640625e-01
7.846764326095581055e-01
7.852809429168701172e-01
7.858790159225463867e-01
7.864714264869689941e-01
7.870585322380065918e-01
7.876389622688293457e-01
7.882130146026611328e-01
7.887803316116333008e-01
7.893419861793518066e-01
7.898962497711181641e-01
7.904437184333801270e-01
7.909851074218750000e-01
7.915183901786804199e-01
7.920447587966918945e-01
7.927103042602539062e-01
7.933957576751708984e-01
7.940723896026611328e-01
7.947406768798828125e-01
7.954000830650329590e-01
7.960497736930847168e-01
7.966915369033813477e-01
7.973244786262512207e-01
7.979482412338256836e-01
7.985630035400390625e-01
7.991690039634704590e-01
7.997659444808959961e-01
8.003529310226440430e-01
8.009316921234130859e-01
8.015013337135314941e-01
8.020616173744201660e-01
8.026131391525268555e-01
8.031556606292724609e-01
8.037017583847045898e-01
8.042854666709899902e-01
8.048605322837829590e-01
8.054261207580566406e-01
8.059823513031005859e-01
8.065299987792968750e-01
8.070685863494873047e-01
8.075984716415405273e-01
8.081196546554565430e-01
8.086318373680114746e-01
8.091356158256530762e-01
8.096306324005126953e-01
8.101174831390380859e-01
8.105955719947814941e-01
8.110656738281250000e-01
8.115276694297790527e-01
8.119812011718750000e-01
8.124267458915710449e-01
8.128640055656433105e-01
8.132936358451843262e-01
8.137762546539306641e-01
8.143028020858764648e-01
8.148210644721984863e-01
8.153314590454101562e-01
8.158337473869323730e-01
8.163282871246337891e-01
8.168150186538696289e-01
8.172941803932189941e-01
8.177657723426818848e-01
8.182299137115478516e-01
8.186869621276855469e-01
8.191366791725158691e-01
8.195794820785522461e-01
8.200153708457946777e-01
8.204444646835327148e-01
8.208662867546081543e-01
8.212820291519165039e-01
8.216912746429443359e-01
8.220941424369812012e-01
8.224908113479614258e-01
8.228812813758850098e-01
8.232637047767639160e-01
8.236390948295593262e-01
8.240099549293518066e-01
8.243747949600219727e-01
8.247353434562683105e-01
8.250901103019714355e-01
8.254407644271850586e-01
8.257859349250793457e-01
8.261271715164184570e-01
8.264631032943725586e-01
8.267952799797058105e-01
8.271223902702331543e-01
8.274459838867187500e-01
8.277646899223327637e-01
8.280799984931945801e-01
8.283907771110534668e-01
8.286982178688049316e-01
8.290013074874877930e-01
8.293012380599975586e-01
8.295969963073730469e-01
8.298897743225097656e-01
8.301785588264465332e-01
8.304635286331176758e-01
8.307453393936157227e-01
8.310236930847167969e-01
8.312988877296447754e-01
8.315718173980712891e-01
8.318410515785217285e-01
8.321077823638916016e-01
8.323718309402465820e-01
8.326331377029418945e-01
8.328914642333984375e-01
8.331479430198669434e-01
8.334012031555175781e-01
8.336521387100219727e-01
8.339012265205383301e-01
8.341473937034606934e-01
8.343914151191711426e-01
8.346335887908935547e-01
8.348733186721801758e-01
8.351111412048339844e-01
8.353466987609863281e-01
8.355799913406372070e-01
8.358119726181030273e-01
8.360413312911987305e-01
8.362486958503723145e-01
8.363114595413208008e-01
8.363724946975708008e-01
8.364320397377014160e-01
8.364900350570678711e-01
8.365464806556701660e-01
8.366013765335083008e-01
8.366549611091613770e-01
8.367068767547607422e-01
8.367573022842407227e-01
8.368062973022460938e-01
8.368538618087768555e-01
8.368999958038330078e-01
8.369447588920593262e-01
8.369880914688110352e-01
8.370301127433776855e-01
8.370702862739562988e-01
8.371095657348632812e-01
8.371475338935852051e-01
8.371843099594116211e-01
8.372196555137634277e-01
8.372536897659301758e-01
8.372867703437805176e-01
8.373182415962219238e-01
8.373484015464782715e-01
8.373729586601257324e-01
8.373646736145019531e-01
8.373554348945617676e-01
8.373453617095947266e-01
8.373341560363769531e-01
8.373219370841979980e-01
8.373089432716369629e-01
8.372948169708251953e-01
8.372799158096313477e-01
8.372639417648315430e-01
8.372469544410705566e-01
8.372292518615722656e-01
8.372099995613098145e-01
8.371902704238891602e-01
8.371697664260864258e-01
8.371481895446777344e-01
8.371258378028869629e-01
8.371025919914245605e-01
8.370782732963562012e-01
8.370531797409057617e-01
8.370271921157836914e-01
8.370003104209899902e-01
8.369723558425903320e-01
8.369436860084533691e-01
8.369140625000000000e-01
8.368834853172302246e-01
8.368520736694335938e-01
8.368266820907592773e-01
8.368076682090759277e-01
8.367879986763000488e-01
8.367668986320495605e-01
8.367454409599304199e-01
8.367223739624023438e-01
8.366988897323608398e-01
8.366740345954895020e-01
8.366484642028808594e-01
8.366215825080871582e-01
8.365937471389770508e-01
8.365651965141296387e-01
8.365352153778076172e-01
8.365048766136169434e-01
8.364729881286621094e-01
8.364405035972595215e-01
8.364066481590270996e-01
8.363722562789916992e-01
8.363362550735473633e-01
8.362998366355895996e-01
8.362619876861572266e-01
8.362235426902770996e-01
8.361836075782775879e-01
8.361431360244750977e-01
8.361011743545532227e-01
8.360584974288940430e-01
8.360144495964050293e-01
8.359698653221130371e-01
8.359238505363464355e-01
8.358029723167419434e-01
8.356782197952270508e-01
8.355523943901062012e-01
8.354249596595764160e-01
8.352967500686645508e-01
8.351672887802124023e-01
8.350367546081542969e-01
8.349045515060424805e-01
8.347714543342590332e-01
8.346373438835144043e-01
8.345019817352294922e-01
8.343654274940490723e-01
8.342270851135253906e-01
8.340880870819091797e-01
8.339478373527526855e-01
8.338063955307006836e-01
8.336637616157531738e-01
8.335193395614624023e-01
8.333741426467895508e-01
8.332278132438659668e-01
8.330801129341125488e-01
8.329307436943054199e-01
8.327806591987609863e-01
8.326291441917419434e-01
8.324764370918273926e-01
8.323224782943725586e-01
8.321668505668640137e-01
8.320102691650390625e-01
8.318524360656738281e-01
8.316934704780578613e-01
8.315373063087463379e-01
8.313862681388854980e-01
8.312338590621948242e-01
8.310804367065429688e-01
8.309258818626403809e-01
8.307698369026184082e-01
8.306128382682800293e-01
8.304542303085327148e-01
8.302949666976928711e-01
8.301343321800231934e-01
8.299720287322998047e-01
8.298090100288391113e-01
8.296448588371276855e-01
8.294789791107177734e-01
8.293122053146362305e-01
8.291438817977905273e-01
8.289746642112731934e-01
8.288043141365051270e-01
8.286321163177490234e-01
8.284592628479003906e-01
8.282852172851562500e-01
8.281092047691345215e-01
8.279325962066650391e-01
8.277540802955627441e-01
8.275749683380126953e-01
8.273944258689880371e-01
8.272122144699096680e-01
8.270291090011596680e-01
8.268449306488037109e-01
8.266589045524597168e-01
8.264719843864440918e-01
8.262833952903747559e-01
8.260938525199890137e-01
8.258532285690307617e-01
8.255816698074340820e-01
8.253082036972045898e-01
8.250337839126586914e-01
8.247577548027038574e-01
8.244797587394714355e-01
8.242006897926330566e-01
8.239202499389648438e-01
8.236377239227294922e-01
8.233541250228881836e-01
8.230691552162170410e-01
8.227826356887817383e-01
8.224940896034240723e-01
8.222045302391052246e-01
8.219133615493774414e-01
8.216202259063720703e-01
8.213261365890502930e-01
8.210304975509643555e-01
8.207333683967590332e-01
8.204339742660522461e-01
8.201337456703186035e-01
8.198320269584655762e-01
8.195281624794006348e-01
8.192233443260192871e-01
8.189169168472290039e-01
8.186089992523193359e-01
8.182989954948425293e-01
8.179880380630493164e-01
8.176755309104919434e-01
8.173608183860778809e-01
8.170452117919921875e-01
8.167280554771423340e-01
8.164094090461730957e-01
8.160886168479919434e-01
8.157667517662048340e-01
8.154590725898742676e-01
8.151855468750000000e-01
8.149102330207824707e-01
8.146343231201171875e-01
8.143571019172668457e-01
8.140786886215209961e-01
8.137990832328796387e-01
8.135176301002502441e-01
8.132355809211730957e-01
8.129522800445556641e-01
8.126677274703979492e-01
8.123819828033447266e-01
8.120944499969482422e-01
8.118062019348144531e-01
8.115168213844299316e-01
8.112261295318603516e-01
8.109343051910400391e-01
8.106405735015869141e-01
8.103462457656860352e-01
8.100507259368896484e-01
8.097539544105529785e-01
8.094559311866760254e-01
8.091561198234558105e-01
8.088555932044982910e-01
8.085539340972900391e-01
8.082510232925415039e-01
8.079469203948974609e-01
8.076409101486206055e-01
8.073343634605407715e-01
8.070265054702758789e-01
8.067175149917602539e-01
8.064072132110595703e-01
8.060951232910156250e-01
8.057823777198791504e-01
8.054684996604919434e-01
8.051532506942749023e-01
8.048364520072937012e-01
8.045187592506408691e-01
8.041796684265136719e-01
8.037329912185668945e-01
8.032847642898559570e-01
8.028355240821838379e-01
8.023842573165893555e-01
8.019313216209411621e-01
8.014767765998840332e-01
8.009508252143859863e-01
8.004926443099975586e-01
8.000330328941345215e-01
7.995717525482177734e-01
7.991089224815368652e-01
7.986451983451843262e-01
7.981792688369750977e-01
7.977117896080017090e-01
7.972428798675537109e-01
7.967723608016967773e-01
7.963002324104309082e-01
7.958265542984008789e-01
7.953513860702514648e-01
7.948746681213378906e-01
7.943971753120422363e-01
7.939174175262451172e-01
7.934360504150390625e-01
7.929532527923583984e-01
7.924688458442687988e-01
7.919830679893493652e-01
7.914956212043762207e-01
7.910066843032836914e-01
7.905163764953613281e-01
7.900249958038330078e-01
7.895315289497375488e-01
7.890366315841674805e-01
7.885401248931884766e-01
7.880420684814453125e-01
7.875426411628723145e-01
7.870416045188903809e-01
7.865390777587890625e-01
7.860351204872131348e-01
7.855303883552551270e-01
7.850233316421508789e-01
7.845149040222167969e-01
7.841233611106872559e-01
7.837553620338439941e-01
7.833868265151977539e-01
7.830174565315246582e-01
7.826472520828247070e-01
7.822765111923217773e-01
7.819048762321472168e-01
7.815326452255249023e-01
7.811596393585205078e-01
7.807859778404235840e-01
7.804114222526550293e-01
7.800364494323730469e-01
7.796605229377746582e-01
7.792840003967285156e-01
7.789067625999450684e-01
7.785288691520690918e-01
7.781502008438110352e-01
7.777709364891052246e-01
7.773908972740173340e-01
7.770102024078369141e-01
7.766287922859191895e-01
7.762467265129089355e-01
7.758638858795166016e-01
7.754812240600585938e-01
7.750971317291259766e-01
7.747123241424560547e-01
7.743268609046936035e-01
7.739406824111938477e-01
7.735538482666015625e-01
7.731663584709167480e-01
7.727782130241394043e-01
7.723894119262695312e-01
7.719998955726623535e-01
7.716097831726074219e-01
7.712189555168151855e-01
7.708275318145751953e-01
7.704354524612426758e-01
7.700426578521728516e-01
7.696492671966552734e-01
7.692552208900451660e-01
7.688605189323425293e-01
7.684651613235473633e-01
7.680692076683044434e-01
7.676725983619689941e-01
7.672753930091857910e-01
7.668763995170593262e-01
7.664763331413269043e-01
7.660762667655944824e-01
7.656749486923217773e-01
7.652738094329833984e-01
7.648713588714599609e-01
7.644689679145812988e-01
7.640651464462280273e-01
7.636610865592956543e-01
7.632567882537841797e-01
7.628513574600219727e-01
7.624460458755493164e-01
7.620393037796020508e-01
7.616329789161682129e-01
7.612250447273254395e-01
7.608166933059692383e-01
7.604085206985473633e-01
7.599990367889404297e-01
7.595896720886230469e-01
7.591789364814758301e-01
7.587684392929077148e-01
7.583566904067993164e-01
7.579444646835327148e-01
7.575322985649108887e-01
7.571187615394592285e-01
7.567054629325866699e-01
7.562911510467529297e-01
7.558766603469848633e-01
7.554610371589660645e-01
7.550448179244995117e-01
7.546288371086120605e-01
7.542117834091186523e-01
7.537946105003356934e-01
7.533763051033020020e-01
7.529581189155578613e-01
7.525389790534973145e-01
7.521191239356994629e-01
7.516993284225463867e-01
7.512784004211425781e-01
7.508577108383178711e-01
7.504358887672424316e-01
7.500141859054565430e-01
7.495912313461303711e-01
7.491677403450012207e-01
7.487446069717407227e-01
7.483201622962951660e-01
7.478959560394287109e-01
7.474703788757324219e-01
7.470451593399047852e-01
7.467284202575683594e-01
7.464217543601989746e-01
7.461152672767639160e-01
7.458080649375915527e-01
7.455012798309326172e-01
7.451933622360229492e-01
7.448858022689819336e-01
7.445774674415588379e-01
7.442694306373596191e-01
7.439604997634887695e-01
7.436520457267761230e-01
7.433423399925231934e-01
7.430332303047180176e-01
7.427232265472412109e-01
7.424136400222778320e-01
7.421029806137084961e-01
7.417926788330078125e-01
7.414815425872802734e-01
7.411709427833557129e-01
7.408592104911804199e-01
7.405480742454528809e-01
7.402356863021850586e-01
7.399238944053649902e-01
7.396112680435180664e-01
7.392990589141845703e-01
7.389866113662719727e-01
7.386729121208190918e-01
7.383599877357482910e-01
7.380460500717163086e-01
7.377326488494873047e-01
7.374181747436523438e-01
7.371039986610412598e-01
7.367891073226928711e-01
7.364746928215026855e-01
7.361593246459960938e-01
7.358444333076477051e-01
7.355282902717590332e-01
7.352129817008972168e-01
7.348966598510742188e-01
7.345808744430541992e-01
7.342640757560729980e-01
7.339476346969604492e-01
7.336302995681762695e-01
7.333136200904846191e-01
7.329959273338317871e-01
7.326785922050476074e-01
7.323604822158813477e-01
7.320427894592285156e-01
7.317242622375488281e-01
7.314062714576721191e-01
7.310870885848999023e-01
7.307686805725097656e-01
7.304491996765136719e-01
7.301375269889831543e-01
7.298493385314941406e-01
7.295608520507812500e-01
7.292721867561340332e-01
7.289822101593017578e-01
7.286930084228515625e-01
7.284035682678222656e-01
7.281138896942138672e-01
7.278239727020263672e-01
7.275331020355224609e-01
7.272424101829528809e-01
7.269517779350280762e-01
7.266609072685241699e-01
7.263698577880859375e-01
7.260777950286865234e-01
7.257860302925109863e-01
7.254942655563354492e-01
7.252022624015808105e-01
7.249100208282470703e-01
7.246174812316894531e-01
7.243238091468811035e-01
7.240309119224548340e-01
7.237377762794494629e-01
7.234444618225097656e-01
7.231509089469909668e-01
7.228564023971557617e-01
7.225621342658996582e-01
7.222679257392883301e-01
7.219734191894531250e-01
7.216788530349731445e-01
7.213832139968872070e-01
7.210879325866699219e-01
7.207927107810974121e-01
7.204972505569458008e-01
7.202015519142150879e-01
7.199056744575500488e-01
7.196086049079895020e-01
7.193122506141662598e-01
7.190157771110534668e-01
7.187191247940063477e-01
7.184222340583801270e-01
7.181243896484375000e-01
7.178269028663635254e-01
7.175294160842895508e-01
7.172318100929260254e-01
7.169339656829833984e-01
7.166350483894348145e-01
7.163366079330444336e-01
7.160381674766540527e-01
7.157396078109741211e-01
7.154408097267150879e-01
7.151410579681396484e-01
7.148416638374328613e-01
7.145423293113708496e-01
7.142428159713745117e-01
7.139431238174438477e-01
7.136432528495788574e-01
7.133424282073974609e-01
7.130419611930847168e-01
7.127501964569091797e-01
7.124937176704406738e-01
7.122372984886169434e-01
7.119804620742797852e-01
7.117236852645874023e-01
7.114667892456054688e-01
7.112094759941101074e-01
7.109521627426147461e-01
7.106944918632507324e-01
7.104361653327941895e-01
7.101781368255615234e-01
7.099201679229736328e-01
7.096617817878723145e-01
7.094035744667053223e-01
7.091448903083801270e-01
7.088863253593444824e-01
7.086274027824401855e-01
7.083684802055358887e-01
7.081092000007629395e-01
7.078492641448974609e-01
7.075896263122558594e-01
7.073301672935485840e-01
7.070702314376831055e-01
7.068104147911071777e-01
7.065504789352416992e-01
7.062901258468627930e-01
7.059981226921081543e-01
7.057033181190490723e-01
7.054075598716735840e-01
7.051116228103637695e-01
7.048162221908569336e-01
7.045198678970336914e-01
7.042233347892761230e-01
7.039273381233215332e-01
7.036304473876953125e-01
7.033333182334899902e-01
7.030360102653503418e-01
7.027392387390136719e-01
7.024415731430053711e-01
7.021437287330627441e-01
7.018464207649230957e-01
7.015481591224670410e-01
7.012497782707214355e-01
7.009518742561340332e-01
7.006531357765197754e-01
7.003541588783264160e-01
7.000557780265808105e-01
6.997564435005187988e-01
6.994569301605224609e-01
6.991580724716186523e-01
6.988582015037536621e-01
6.985582113265991211e-01
6.983069181442260742e-01
6.980960369110107422e-01
6.978850364685058594e-01
6.976737976074218750e-01
6.974632143974304199e-01
6.972516775131225586e-01
6.970400214195251465e-01
6.968282461166381836e-01
6.966162919998168945e-01
6.964048743247985840e-01
6.961926221847534180e-01
6.959801912307739258e-01
6.957675814628601074e-01
6.955555677413940430e-01
6.953426599502563477e-01
6.951296329498291016e-01
6.949164271354675293e-01
6.947031021118164062e-01
6.944903731346130371e-01
6.942767500877380371e-01
6.940629482269287109e-01
6.938490271568298340e-01
6.936357617378234863e-01
6.934215426445007324e-01
6.932072043418884277e-01
6.929926872253417969e-01
6.927781701087951660e-01
6.925635337829589844e-01
6.923404335975646973e-01
6.921171545982360840e-01
6.918944120407104492e-01
6.916707754135131836e-01
6.914472579956054688e-01
6.912232637405395508e-01
6.909990906715393066e-01
6.907755732536315918e-01
6.905510425567626953e-01
6.903263330459594727e-01
6.901015043258666992e-01
6.898772716522216797e-01
6.896521449089050293e-01
6.894271373748779297e-01
6.892016530036926270e-01
6.889767646789550781e-01
6.887509226799011230e-01
6.885249614715576172e-01
6.882987618446350098e-01
6.880732178688049316e-01
6.878467798233032227e-01
6.876204609870910645e-01
6.873936653137207031e-01
6.871675252914428711e-01
6.869404315948486328e-01
6.867131590843200684e-01
6.864857673645019531e-01
6.862590312957763672e-01
6.860539913177490234e-01
6.858841180801391602e-01
6.857148408889770508e-01
6.855441927909851074e-01
6.853744387626647949e-01
6.852037310600280762e-01
6.850327253341674805e-01
6.848622560501098633e-01
6.846908926963806152e-01
6.845196485519409180e-01
6.843477487564086914e-01
6.841756105422973633e-01
6.840040683746337891e-01
6.838314533233642578e-01
6.836585998535156250e-01
6.834860444068908691e-01
6.833127737045288086e-01
6.831400990486145020e-01
6.829664707183837891e-01
6.827925443649291992e-01
6.826192140579223633e-01
6.824445128440856934e-01
6.822707056999206543e-01
6.820959448814392090e-01
6.819209456443786621e-01
6.817465424537658691e-01
6.815710663795471191e-01
6.813959479331970215e-01
6.812201142311096191e-01
6.810440421104431152e-01
6.808649897575378418e-01
6.806811094284057617e-01
6.804968118667602539e-01
6.803125739097595215e-01
6.801276206970214844e-01
6.799423694610595703e-01
6.797568202018737793e-01
6.795704364776611328e-01
6.793841123580932617e-01
6.791974902153015137e-01
6.790108084678649902e-01
6.788234710693359375e-01
6.786358356475830078e-01
6.784481406211853027e-01
6.782599091529846191e-01
6.780712008476257324e-01
6.778817772865295410e-01
6.776924133300781250e-01
6.775027513504028320e-01
6.773127317428588867e-01
6.771227717399597168e-01
6.769321560859680176e-01
6.767411828041076660e-01
6.765502095222473145e-01
6.763585805892944336e-01
6.761665344238281250e-01
6.759738922119140625e-01
6.757812500000000000e-01
6.755883693695068359e-01
6.753954291343688965e-01
6.752018332481384277e-01
6.750151515007019043e-01
6.748707294464111328e-01
6.747261881828308105e-01
6.745807528495788574e-01
6.744356155395507812e-01
6.742894649505615234e-01
6.741424202919006348e-01
6.739948391914367676e-01
6.738471388816833496e-01
6.736993193626403809e-01
6.735501885414123535e-01
6.734009385108947754e-01
6.732507944107055664e-01
6.731000542640686035e-01
6.729499697685241699e-01
6.727982759475708008e-01
6.726463437080383301e-01
6.723840832710266113e-01
6.721148490905761719e-01
6.718448400497436523e-01
6.715734004974365234e-01
6.713002324104309082e-01
6.710267663002014160e-01
6.707523465156555176e-01
6.704764962196350098e-01
6.702001094818115234e-01
6.699226498603820801e-01
6.696433424949645996e-01
6.693638563156127930e-01
6.690837144851684570e-01
6.688022017478942871e-01
6.685189604759216309e-01
6.682354211807250977e-01
6.679492592811584473e-01
6.676601171493530273e-01
6.673687696456909180e-01
6.670759916305541992e-01
6.667811274528503418e-01
6.664843559265136719e-01
6.661854386329650879e-01
6.658850908279418945e-01
6.655833125114440918e-01
6.652793288230895996e-01
6.649740934371948242e-01
6.646664738655090332e-01
6.643567085266113281e-01
6.640455722808837891e-01
6.637329459190368652e-01
6.634181737899780273e-01
6.631016135215759277e-01
6.625742316246032715e-01
6.617404818534851074e-01
6.609028577804565430e-01
6.600597500801086426e-01
6.592128276824951172e-01
6.583608984947204590e-01
6.575045585632324219e-01
6.566435098648071289e-01
6.557769179344177246e-01
6.549063920974731445e-01
6.540303826332092285e-01
6.531504988670349121e-01
6.522657871246337891e-01
6.513760089874267578e-01
6.504817605018615723e-01
6.495819687843322754e-01
6.486781835556030273e-01
6.477612257003784180e-01
6.466804742813110352e-01
6.455968618392944336e-01
6.445084214210510254e-01
6.434149146080017090e-01
6.423184275627136230e-01
6.412164568901062012e-01
6.401108503341674805e-01
6.390007138252258301e-01
6.378865838050842285e-01
6.367680430412292480e-01
6.356450319290161133e-01
6.345179080963134766e-01
6.333855390548706055e-01
6.322502493858337402e-01
6.311092376708984375e-01
6.299653053283691406e-01
6.288163065910339355e-01
6.276544332504272461e-01
6.264658570289611816e-01
6.252754926681518555e-01
6.240803599357604980e-01
6.228828430175781250e-01
6.216819286346435547e-01
6.204774975776672363e-01
6.192699670791625977e-01
6.180582642555236816e-01
6.168441772460937500e-01
6.156272888183593750e-01
6.144055724143981934e-01
6.131814122200012207e-01
6.119539141654968262e-01
6.107228994369506836e-01
6.094886660575866699e-01
6.082502007484436035e-01
6.070098876953125000e-01
6.057778596878051758e-01
6.047968268394470215e-01
6.038143634796142578e-01
6.028295755386352539e-01
6.018447279930114746e-01
6.008574366569519043e-01
5.998679399490356445e-01
5.988776087760925293e-01
5.978856086730957031e-01
5.968914031982421875e-01
5.958963036537170410e-01
5.948989391326904297e-01
5.939007401466369629e-01
5.929009914398193359e-01
5.918989777565002441e-01
5.908960700035095215e-01
5.898925065994262695e-01
5.888858437538146973e-01
5.878784060478210449e-01
5.868686437606811523e-01
5.858579874038696289e-01
5.848458409309387207e-01
5.838314890861511230e-01
5.828163027763366699e-01
5.817995667457580566e-01
5.807806253433227539e-01
5.797607898712158203e-01
5.787388086318969727e-01
5.777160525321960449e-01
5.766925811767578125e-01
5.756660103797912598e-01
5.746386647224426270e-01
5.736098289489746094e-01
5.725787878036499023e-01
5.715469717979431152e-01
5.705136656761169434e-01
5.694780945777893066e-01
5.684418678283691406e-01
5.674554705619812012e-01
5.666233897209167480e-01
5.657914876937866211e-01
5.649572014808654785e-01
5.641238689422607422e-01
5.632891654968261719e-01
5.624537467956542969e-01
5.616174936294555664e-01
5.607807040214538574e-01
5.599432587623596191e-01
5.591050982475280762e-01
5.582663416862487793e-01
5.574268698692321777e-01
5.565875768661499023e-01
5.557459592819213867e-01
5.549054741859436035e-01
5.540634393692016602e-01
5.532208085060119629e-01
5.523774027824401855e-01
5.515335202217102051e-01
5.506890416145324707e-01
5.498438477516174316e-01
5.489981174468994141e-01
5.481517314910888672e-01
5.473055839538574219e-01
5.464571714401245117e-01
5.456098318099975586e-01
5.447611212730407715e-01
5.439118146896362305e-01
5.430617928504943848e-01
5.422113537788391113e-01
5.413603186607360840e-01
5.405095219612121582e-01
5.396564006805419922e-01
5.388036966323852539e-01
5.379512310028076172e-01
5.370965003967285156e-01
5.362429618835449219e-01
5.353880524635314941e-01
5.345326066017150879e-01
5.336202383041381836e-01
5.326530933380126953e-01
5.316840410232543945e-01
5.307139158248901367e-01
5.297435522079467773e-01
5.287713408470153809e-01
5.277987718582153320e-01
5.268243551254272461e-01
5.258489251136779785e-01
5.248732566833496094e-01
5.238957405090332031e-01
5.229179859161376953e-01
5.219392180442810059e-01
5.209585428237915039e-01
5.199777483940124512e-01
5.189950466156005859e-01
5.180122256278991699e-01
5.170274376869201660e-01
5.160416960716247559e-01
5.150558352470397949e-01
5.140681266784667969e-01
5.130803585052490234e-01
5.120906233787536621e-01
5.110999345779418945e-01
5.101091861724853516e-01
5.091166496276855469e-01
5.081239938735961914e-01
5.071294903755187988e-01
5.061340332031250000e-01
5.051394701004028320e-01
5.041422247886657715e-01
5.031449198722839355e-01
5.021457672119140625e-01
5.011466145515441895e-01
5.001456737518310547e-01
4.991438090801239014e-01
4.981420040130615234e-01
4.971383810043334961e-01
4.961348176002502441e-01
4.951294660568237305e-01
4.941232204437255859e-01
4.931171536445617676e-01
4.921106696128845215e-01
4.911052286624908447e-01
4.900982677936553955e-01
4.890907406806945801e-01
4.880836606025695801e-01
4.870750308036804199e-01
4.860668480396270752e-01
4.850572049617767334e-01
4.840480089187622070e-01
4.830373227596282959e-01
4.820271432399749756e-01
4.810154736042022705e-01
4.800043702125549316e-01
4.789918065071105957e-01
4.779798090457916260e-01
4.769663214683532715e-01
4.759534299373626709e-01
4.749391376972198486e-01
4.739243984222412109e-01
4.729103446006774902e-01
4.718948304653167725e-01
4.708799719810485840e-01
4.698637425899505615e-01
4.688482284545898438e-01
4.678312540054321289e-01
4.668150544166564941e-01
4.657974839210510254e-01
4.647806584835052490e-01
4.637624919414520264e-01
4.627450704574584961e-01
4.617263376712799072e-01
4.607084095478057861e-01
4.596891701221466064e-01
4.586707353591918945e-01
4.576510190963745117e-01
4.566310942173004150e-01
4.556120634078979492e-01
4.545917212963104248e-01
4.535723030567169189e-01
4.525516331195831299e-01
4.515319168567657471e-01
4.505109488964080811e-01
4.494909346103668213e-01
4.484688043594360352e-01
4.474432468414306641e-01
4.464149177074432373e-01
4.453856647014617920e-01
4.443577826023101807e-01
4.433293342590332031e-01
4.423008859157562256e-01
4.412738978862762451e-01
4.402460753917694092e-01
4.392187893390655518e-01
4.381927549839019775e-01
4.371659457683563232e-01
4.361397624015808105e-01
4.351136982440948486e-01
4.340891540050506592e-01
4.330650269985198975e-01
4.320393204689025879e-01
4.310160577297210693e-01
4.299932420253753662e-01
4.289697408676147461e-01
4.279470145702362061e-01
4.269244670867919922e-01
4.259036183357238770e-01
4.248832762241363525e-01
4.238614439964294434e-01
4.228422045707702637e-01
4.218223392963409424e-01
4.208042025566101074e-01
4.197858572006225586e-01
4.187677800655364990e-01
4.177514910697937012e-01
4.167346060276031494e-01
4.157187342643737793e-01
4.147044122219085693e-01
4.136895239353179932e-01
4.126765727996826172e-01
4.116634130477905273e-01
4.106506407260894775e-01
4.096398055553436279e-01
4.086285233497619629e-01
4.076183438301086426e-01
4.066097438335418701e-01
4.056007266044616699e-01
4.045937359333038330e-01
4.035854935646057129e-01
4.025801420211791992e-01
4.015755951404571533e-01
4.005738198757171631e-01
3.996152579784393311e-01
3.986570239067077637e-01
3.977020084857940674e-01
3.967461884021759033e-01
3.957936167716979980e-01
3.948410749435424805e-01
3.938901722431182861e-01
3.929401040077209473e-01
3.919905424118041992e-01
3.910442292690277100e-01
3.900980651378631592e-01
3.891535401344299316e-01
3.882099390029907227e-01
3.872680962085723877e-01
3.863271474838256836e-01
3.853867352008819580e-01
3.844496905803680420e-01
3.835127949714660645e-01
3.825777173042297363e-01
3.816435933113098145e-01
3.807100057601928711e-01
3.797798752784729004e-01
3.788499236106872559e-01
3.779218792915344238e-01
3.769947588443756104e-01
3.760696053504943848e-01
3.751453161239624023e-01
3.742225766181945801e-01
3.733017742633819580e-01
3.723819553852081299e-01
3.714641034603118896e-01
3.705472350120544434e-01
3.696331381797790527e-01
3.687185645103454590e-01
3.678062558174133301e-01
3.668959736824035645e-01
3.659867346286773682e-01
3.650802373886108398e-01
3.641733527183532715e-01
3.632687628269195557e-01
3.623662590980529785e-01
3.614648282527923584e-01
3.605654239654541016e-01
3.596671521663665771e-01
3.587717711925506592e-01
3.578759431838989258e-01
3.569824993610382080e-01
3.560912311077117920e-01
3.552009761333465576e-01
3.544325530529022217e-01
3.536858260631561279e-01
3.529399931430816650e-01
3.521951735019683838e-01
3.514531552791595459e-01
3.507128059864044189e-01
3.499727547168731689e-01
3.492349088191986084e-01
3.484993577003479004e-01
3.477641344070434570e-01
3.470316827297210693e-01
3.463009595870971680e-01
3.455698788166046143e-01
3.448423743247985840e-01
3.441151380538940430e-01
3.433908820152282715e-01
3.426681160926818848e-01
3.419450819492340088e-01
3.412256240844726562e-01
3.405077755451202393e-01
3.397903144359588623e-01
3.390757143497467041e-01
3.383619785308837891e-01
3.376493155956268311e-01
3.369395732879638672e-01
3.362314701080322266e-01
3.355230391025543213e-01
3.348181545734405518e-01
3.341135680675506592e-01
3.334119319915771484e-01
3.327119350433349609e-01
3.320116400718688965e-01
3.313148915767669678e-01
3.306197822093963623e-01
3.299248814582824707e-01
3.292330503463745117e-01
3.285421133041381836e-01
3.278522193431854248e-01
3.271652460098266602e-01
3.264798521995544434e-01
3.257947266101837158e-01
3.251119554042816162e-01
3.244301676750183105e-01
3.237513005733489990e-01
3.230740427970886230e-01
3.223971426486968994e-01
3.217223882675170898e-01
3.210499584674835205e-01
3.203779160976409912e-01
3.197087645530700684e-01
3.190411925315856934e-01
3.183733820915222168e-01
3.177244365215301514e-01
3.170807957649230957e-01
3.164380788803100586e-01
3.157987594604492188e-01
3.151591420173645020e-01
3.145216405391693115e-01
3.138855695724487305e-01
3.132517635822296143e-01
3.126188516616821289e-01
3.119868636131286621e-01
3.113569915294647217e-01
3.107299208641052246e-01
3.101023733615875244e-01
3.094770312309265137e-01
3.088539540767669678e-01
3.082316517829895020e-01
3.076108992099761963e-01
3.069910109043121338e-01
3.063745200634002686e-01
3.057581186294555664e-01
3.051427900791168213e-01
3.045307993888854980e-01
3.039184808731079102e-01
3.033081889152526855e-01
3.026994466781616211e-01
3.020928204059600830e-01
3.014869093894958496e-01
3.008820116519927979e-01
3.002804517745971680e-01
2.996790707111358643e-01
2.990786433219909668e-01
2.984802126884460449e-01
2.978839576244354248e-01
2.972883582115173340e-01
2.966943383216857910e-01
2.961024641990661621e-01
2.955113649368286133e-01
2.949211597442626953e-01
2.943329811096191406e-01
2.937474548816680908e-01
2.931614518165588379e-01
2.925775647163391113e-01
2.919945716857910156e-01
2.914147973060607910e-01
2.908352017402648926e-01
2.902565002441406250e-01
2.896809875965118408e-01
2.891055345535278320e-01
2.885310649871826172e-01
2.879585623741149902e-01
2.873881459236145020e-01
2.868184149265289307e-01
2.862501144409179688e-01
2.856839001178741455e-01
2.851181924343109131e-01
2.845323681831359863e-01
2.839297354221343994e-01
2.833286225795745850e-01
2.827277183532714844e-01
2.821290493011474609e-01
2.815323173999786377e-01
2.809369266033172607e-01
2.803419232368469238e-01
2.797495424747467041e-01
2.791581749916076660e-01
2.785674929618835449e-01
2.779794931411743164e-01
2.773928940296173096e-01
2.768063843250274658e-01
2.762226462364196777e-01
2.756398618221282959e-01
2.750589549541473389e-01
2.744782269001007080e-01
2.739001810550689697e-01
2.733234763145446777e-01
2.727463543415069580e-01
2.721724510192871094e-01
2.715998888015747070e-01
2.710275352001190186e-01
2.704577445983886719e-01
2.698893249034881592e-01
2.693217694759368896e-01
2.687548696994781494e-01
2.681904733180999756e-01
2.676273286342620850e-01
2.670644223690032959e-01
2.665035724639892578e-01
2.659445106983184814e-01
2.653867602348327637e-01
2.648291289806365967e-01
2.642739713191986084e-01
2.637201249599456787e-01
2.631659209728240967e-01
2.626145184040069580e-01
2.620645165443420410e-01
2.615145742893218994e-01
2.609670758247375488e-01
2.604204118251800537e-01
2.598754167556762695e-01
2.593304812908172607e-01
2.587879300117492676e-01
2.582465410232543945e-01
2.577052414417266846e-01
2.571659386157989502e-01
2.566282451152801514e-01
2.560905814170837402e-01
2.555552721023559570e-01
2.550211250782012939e-01
2.544877529144287109e-01
2.539547681808471680e-01
2.534240186214447021e-01
2.528945207595825195e-01
2.523649632930755615e-01
2.518377304077148438e-01
2.513360083103179932e-01
2.508419156074523926e-01
2.503488957881927490e-01
2.498568296432495117e-01
2.493657767772674561e-01
2.488756626844406128e-01
2.483865916728973389e-01
2.478985488414764404e-01
2.474114298820495605e-01
2.469252943992614746e-01
2.464397251605987549e-01
2.459554821252822876e-01
2.454721927642822266e-01
2.449897527694702148e-01
2.445082813501358032e-01
2.440277487039566040e-01
2.435481250286102295e-01
2.430693805217742920e-01
2.425915300846099854e-01
2.421145588159561157e-01
2.416380345821380615e-01
2.411627918481826782e-01
2.406883537769317627e-01
2.402148097753524780e-01
2.397420704364776611e-01
2.392701804637908936e-01
2.387990951538085938e-01
2.383288145065307617e-01
2.378593385219573975e-01
2.373906672000885010e-01
2.369227558374404907e-01
2.364552468061447144e-01
2.359888702630996704e-01
2.355232536792755127e-01
2.350583672523498535e-01
2.345942407846450806e-01
2.341308444738388062e-01
2.336681634187698364e-01
2.332061976194381714e-01
2.327449321746826172e-01
2.322832792997360229e-01
2.318230122327804565e-01
2.313638180494308472e-01
2.309052944183349609e-01
2.304474115371704102e-01
2.299901992082595825e-01
2.295336425304412842e-01
2.290777266025543213e-01
2.286224216222763062e-01
2.281677275896072388e-01
2.277136594057083130e-01
2.272598296403884888e-01
2.268069386482238770e-01
2.263546735048294067e-01
2.259029597043991089e-01
2.254518270492553711e-01
2.250012606382369995e-01
2.245512455701828003e-01
2.241018414497375488e-01
2.236529439687728882e-01
2.232045382261276245e-01
2.227566987276077271e-01
2.223107069730758667e-01
2.218696773052215576e-01
2.214287668466567993e-01
2.209887057542800903e-01
2.205490767955780029e-01
2.201099246740341187e-01
2.196712195873260498e-01
2.192329317331314087e-01
2.187948524951934814e-01
2.183574587106704712e-01
2.179204821586608887e-01
2.174838930368423462e-01
2.170477360486984253e-01
2.166119813919067383e-01
2.161762416362762451e-01
2.157412618398666382e-01
2.153066694736480713e-01
2.148724347352981567e-01
2.144385874271392822e-01
2.140050977468490601e-01
2.135717719793319702e-01
2.131389826536178589e-01
2.127065658569335938e-01
2.122744917869567871e-01
2.118427306413650513e-01
2.114113420248031616e-01
2.109799087047576904e-01
2.105491459369659424e-01
2.101187407970428467e-01
2.096886336803436279e-01
2.092588245868682861e-01
2.088293582201004028e-01
2.083998471498489380e-01
2.079709917306900024e-01
2.075413763523101807e-01
2.071131169795989990e-01
2.066851556301116943e-01
2.062574774026870728e-01
2.058297395706176758e-01
2.054028809070587158e-01
2.049760818481445312e-01
2.045495808124542236e-01
2.041233628988265991e-01
2.036974281072616577e-01
2.032714039087295532e-01
2.028460353612899780e-01
2.024209499359130859e-01
2.019961327314376831e-01
2.015715986490249634e-01
2.011473476886749268e-01
2.007230073213577271e-01
2.002993226051330566e-01
1.998759061098098755e-01
1.994527578353881836e-01
1.990299075841903687e-01
1.986073553562164307e-01
1.981850564479827881e-01
1.977626830339431763e-01
1.973409652709960938e-01
1.969195306301116943e-01
1.964986473321914673e-01
1.960778087377548218e-01
1.956572383642196655e-01
1.952365934848785400e-01
1.948166191577911377e-01
1.943969279527664185e-01
1.939775496721267700e-01
1.935977339744567871e-01
1.932376772165298462e-01
1.928782314062118530e-01
1.925176233053207397e-01
1.921583116054534912e-01
1.917996108531951904e-01
1.914408206939697266e-01
1.910826563835144043e-01
1.907244324684143066e-01
1.903664618730545044e-01
1.900091618299484253e-01
1.896517872810363770e-01
1.892950832843780518e-01
1.889386475086212158e-01
1.885811835527420044e-01
1.882254183292388916e-01
1.878695935010910034e-01
1.875144839286804199e-01
1.871593594551086426e-01
1.868045628070831299e-01
1.864504665136337280e-01
1.860964000225067139e-01
1.857430189847946167e-01
1.853896677494049072e-01
1.850360482931137085e-01
1.846834570169448853e-01
1.843312531709671021e-01
1.839797943830490112e-01
1.836284101009368896e-01
1.832777559757232666e-01
1.829271763563156128e-01
1.825770288705825806e-01
1.822276413440704346e-01
1.818783581256866455e-01
1.815288662910461426e-01
1.811804771423339844e-01
1.808325350284576416e-01
1.804853975772857666e-01
1.801384091377258301e-01
1.797922104597091675e-01
1.794461607933044434e-01
1.791009604930877686e-01
1.787558943033218384e-01
1.784113347530364990e-01
1.780666559934616089e-01
1.777231246232986450e-01
1.773804575204849243e-01
1.770379841327667236e-01
1.766960471868515015e-01
1.763549745082855225e-01
1.760141402482986450e-01
1.756741851568222046e-01
1.753344535827636719e-01
1.749953031539916992e-01
1.746560633182525635e-01
1.743180602788925171e-01
1.739809811115264893e-01
1.736441552639007568e-01
1.733079552650451660e-01
1.729726493358612061e-01
1.726376563310623169e-01
1.723036170005798340e-01
1.719698607921600342e-01
1.716370731592178345e-01
1.713036000728607178e-01
1.709717363119125366e-01
1.706408858299255371e-01
1.703103482723236084e-01
1.699807941913604736e-01
1.696515828371047974e-01
1.693230420351028442e-01
1.690253615379333496e-01
1.687712520360946655e-01
1.685180962085723877e-01
1.682652235031127930e-01
1.680139452219009399e-01
1.677623093128204346e-01
1.675113141536712646e-01
1.672609150409698486e-01
1.670111864805221558e-01
1.667630672454833984e-01
1.665146052837371826e-01
1.662667840719223022e-01
1.660196334123611450e-01
1.657731235027313232e-01
1.655282378196716309e-01
1.652830541133880615e-01
1.650385409593582153e-01
1.647946834564208984e-01
1.645515114068984985e-01
1.643099933862686157e-01
1.640681773424148560e-01
1.638270318508148193e-01
1.635865718126296997e-01
1.633468270301818848e-01
1.631087213754653931e-01
1.628703474998474121e-01
1.626326888799667358e-01
1.623957008123397827e-01
1.621594578027725220e-01
1.619248688220977783e-01
1.616903096437454224e-01
1.614561825990676880e-01
1.612227708101272583e-01
1.609900891780853271e-01
1.607580929994583130e-01
1.605278104543685913e-01
1.602969467639923096e-01
1.600671559572219849e-01
1.598380804061889648e-01
1.596097648143768311e-01
1.593831181526184082e-01
1.591562628746032715e-01
1.589301526546478271e-01
1.587047874927520752e-01
1.584801375865936279e-01
1.582572162151336670e-01
1.580340862274169922e-01
1.578116863965988159e-01
1.575900465250015259e-01
1.573691666126251221e-01
1.571499854326248169e-01
1.569306105375289917e-01
1.567119956016540527e-01
1.564941257238388062e-01
1.562770456075668335e-01
1.560616642236709595e-01
1.558460891246795654e-01
1.556312739849090576e-01
1.554175168275833130e-01
1.552042514085769653e-01
1.549926847219467163e-01
1.547809541225433350e-01
1.545699834823608398e-01
1.543597877025604248e-01
1.541500687599182129e-01
1.539423763751983643e-01
1.537345051765441895e-01
1.535273939371109009e-01
1.533210873603820801e-01
1.531155407428741455e-01
1.529117077589035034e-01
1.527077257633209229e-01
1.525045186281204224e-01
1.523020714521408081e-01
1.521004289388656616e-01
1.519005000591278076e-01
1.517018526792526245e-01
1.515205651521682739e-01
1.513406485319137573e-01
1.511605083942413330e-01
1.509819924831390381e-01
1.508032381534576416e-01
1.506261080503463745e-01
1.504496634006500244e-01
1.502729952335357666e-01
1.500979512929916382e-01
1.499223858118057251e-01
1.497487425804138184e-01
1.495757699012756348e-01
1.494025737047195435e-01
1.492309868335723877e-01
1.490591615438461304e-01
1.488889753818511963e-01
1.487194448709487915e-01
1.485496908426284790e-01
1.483815610408782959e-01
1.482131779193878174e-01
1.480464190244674683e-01
1.478793919086456299e-01
1.477139890193939209e-01
1.475492715835571289e-01
1.473843306303024292e-01
1.472209692001342773e-01
1.470573693513870239e-01
1.468953788280487061e-01
1.467340588569641113e-01
1.465724855661392212e-01
1.464125066995620728e-01
1.462522894144058228e-01
1.460936367511749268e-01
1.459345370531082153e-01
1.457772254943847656e-01
1.456205993890762329e-01
1.454637050628662109e-01
1.453083902597427368e-01
1.451528370380401611e-01
1.449988335371017456e-01
1.448454856872558594e-01
1.446921229362487793e-01
1.445400714874267578e-01
1.443877816200256348e-01
1.442370265722274780e-01
1.440858095884323120e-01
1.439363360404968262e-01
1.437875181436538696e-01
1.436384469270706177e-01
1.434908807277679443e-01
1.433430612087249756e-01
1.431967765092849731e-01
1.430510729551315308e-01
1.429051458835601807e-01
1.427607238292694092e-01
1.426160186529159546e-01
1.424728184938430786e-01
1.423300057649612427e-01
1.421871483325958252e-01
1.420457512140274048e-01
1.419041007757186890e-01
1.417639106512069702e-01
1.416236311197280884e-01
1.414846181869506836e-01
1.413462013006210327e-01
1.412074863910675049e-01
1.410702168941497803e-01
1.409326642751693726e-01
1.407963484525680542e-01
1.406607776880264282e-01
1.405249238014221191e-01
1.403904855251312256e-01
1.402557343244552612e-01
1.401224136352539062e-01
1.399887651205062866e-01
1.398565024137496948e-01
1.397247761487960815e-01
1.395927518606185913e-01
1.394618898630142212e-01
1.393309086561203003e-01
1.392012834548950195e-01
1.390750408172607422e-01
1.389857232570648193e-01
1.388967484235763550e-01
1.388079375028610229e-01
1.387204676866531372e-01
1.386323273181915283e-01
1.385446935892105103e-01
1.384571790695190430e-01
1.383709907531738281e-01
1.382842808961868286e-01
1.381978690624237061e-01
1.381123960018157959e-01
1.380264014005661011e-01
1.379408389329910278e-01
1.378555595874786377e-01
1.377713829278945923e-01
1.376864761114120483e-01
1.376019716262817383e-01
1.375185549259185791e-01
1.374344080686569214e-01
1.373504847288131714e-01
1.372669488191604614e-01
1.371844708919525146e-01
1.371013969182968140e-01
1.370185166597366333e-01
1.369356811046600342e-01
1.368538737297058105e-01
1.367715895175933838e-01
1.366894990205764771e-01
1.366082280874252319e-01
1.365264803171157837e-01
1.364449113607406616e-01
1.363634914159774780e-01
1.362830251455307007e-01
1.362015902996063232e-01
1.361206024885177612e-01
1.360397487878799438e-01
1.359598040580749512e-01
1.358790248632431030e-01
1.357985287904739380e-01
1.357188969850540161e-01
1.356384605169296265e-01
1.355580687522888184e-01
1.354779303073883057e-01
1.353986412286758423e-01
1.353186517953872681e-01
1.352387219667434692e-01
1.351586729288101196e-01
1.350794732570648193e-01
1.349996775388717651e-01
1.349199116230010986e-01
1.348407715559005737e-01
1.347610503435134888e-01
1.346813291311264038e-01
1.346016228199005127e-01
1.345226764678955078e-01
1.344426721334457397e-01
1.343629211187362671e-01
1.342839151620864868e-01
1.342041343450546265e-01
1.341241449117660522e-01
1.340442597866058350e-01
1.339650899171829224e-01
1.338849812746047974e-01
1.338047832250595093e-01
1.337246596813201904e-01
1.336452066898345947e-01
1.335649192333221436e-01
1.334845572710037231e-01
1.334045529365539551e-01
1.333239674568176270e-01
1.332432925701141357e-01
1.331624984741210938e-01
1.330821514129638672e-01
1.330009847879409790e-01
1.329198032617568970e-01
1.328384727239608765e-01
1.327577233314514160e-01
1.326759457588195801e-01
1.325941681861877441e-01
1.325128227472305298e-01
1.324307173490524292e-01
1.323482692241668701e-01
1.322657912969589233e-01
1.321838498115539551e-01
1.321009099483489990e-01
1.320178508758544922e-01
1.319344490766525269e-01
1.318517178297042847e-01
1.317889392375946045e-01
1.317321360111236572e-01
1.316744834184646606e-01
1.316171288490295410e-01
1.315596699714660645e-01
1.315019577741622925e-01
1.314438730478286743e-01
1.313854753971099854e-01
1.313269585371017456e-01
1.312674880027770996e-01
1.312084347009658813e-01
1.311488598585128784e-01
1.310892701148986816e-01
1.310293972492218018e-01
1.309692561626434326e-01
1.309086680412292480e-01
1.308471858501434326e-01
1.307861953973770142e-01
1.307249367237091064e-01
1.306633949279785156e-01
1.306013911962509155e-01
1.305391788482666016e-01
1.304767727851867676e-01
1.304133981466293335e-01
1.303502619266510010e-01
1.302870064973831177e-01
1.302234679460525513e-01
1.301595270633697510e-01
1.300952434539794922e-01
1.300308257341384888e-01
1.299654543399810791e-01
1.299004703760147095e-01
1.298349350690841675e-01
1.297693699598312378e-01
1.297035366296768188e-01
1.296374052762985229e-01
1.295708119869232178e-01
1.295033395290374756e-01
1.294363588094711304e-01
1.293690949678421021e-01
1.293013542890548706e-01
1.292335391044616699e-01
1.291653364896774292e-01
1.290962696075439453e-01
1.290274262428283691e-01
1.289584785699844360e-01
1.288892477750778198e-01
1.288196742534637451e-01
1.287497282028198242e-01
1.286796927452087402e-01
1.286087334156036377e-01
1.285381615161895752e-01
1.284670531749725342e-01
1.283959597349166870e-01
1.283245980739593506e-01
1.282529830932617188e-01
1.281808316707611084e-01
1.281080543994903564e-01
1.280356794595718384e-01
1.279630511999130249e-01
1.278899013996124268e-01
1.278167814016342163e-01
1.277434229850769043e-01
1.276698112487792969e-01
1.275950670242309570e-01
1.275209933519363403e-01
1.274466961622238159e-01
1.273721605539321899e-01
1.272973418235778809e-01
1.272221654653549194e-01
1.271469742059707642e-01
1.270709186792373657e-01
1.269952207803726196e-01
1.269191950559616089e-01
1.268431544303894043e-01
1.267669051885604858e-01
1.266903877258300781e-01
1.266135573387145996e-01
1.265360862016677856e-01
1.264590620994567871e-01
1.263817846775054932e-01
1.263041943311691284e-01
1.262266337871551514e-01
1.261488795280456543e-01
1.260708868503570557e-01
1.259919703006744385e-01
1.259137094020843506e-01
1.258352994918823242e-01
1.257566660642623901e-01
1.256777346134185791e-01
1.255988627672195435e-01
1.255198419094085693e-01
1.254399567842483521e-01
1.253604590892791748e-01
1.252810209989547729e-01
1.252062171697616577e-01
1.251389980316162109e-01
1.250709742307662964e-01
1.250036358833312988e-01
1.249352321028709412e-01
1.248673796653747559e-01
1.247987374663352966e-01
1.247307956218719482e-01
1.246618106961250305e-01
1.245934069156646729e-01
1.245244368910789490e-01
1.244557648897171021e-01
1.243862882256507874e-01
1.243173927068710327e-01
1.242479532957077026e-01
1.241788417100906372e-01
1.241089478135108948e-01
1.240396425127983093e-01
1.239698305726051331e-01
1.239003539085388184e-01
1.238300949335098267e-01
1.237606778740882874e-01
1.236903518438339233e-01
1.236205771565437317e-01
1.235500499606132507e-01
1.234803795814514160e-01
1.234098151326179504e-01
1.233398094773292542e-01
1.232693046331405640e-01
1.231992244720458984e-01
1.231284886598587036e-01
1.230583488941192627e-01
1.229877024888992310e-01
1.229175105690956116e-01
1.228466704487800598e-01
1.227766498923301697e-01
1.227057352662086487e-01
1.226354837417602539e-01
1.225646138191223145e-01
1.224945262074470520e-01
1.224236488342285156e-01
1.223534196615219116e-01
1.222825199365615845e-01
1.222125142812728882e-01
1.221417039632797241e-01
1.220714896917343140e-01
1.220009401440620422e-01
1.219308227300643921e-01
1.218600720167160034e-01
1.217900440096855164e-01
1.217196211218833923e-01
1.216496229171752930e-01
1.215790882706642151e-01
1.215094327926635742e-01
1.214389577507972717e-01
1.213692054152488708e-01
1.212989017367362976e-01
1.212294176220893860e-01
1.211592331528663635e-01
1.210897415876388550e-01
1.210198476910591125e-01
1.209504976868629456e-01
1.208806037902832031e-01
1.208113431930541992e-01
1.207418218255043030e-01
1.206727847456932068e-01
1.206032186746597290e-01
1.205343157052993774e-01
1.204651370644569397e-01
1.203964650630950928e-01
1.203272119164466858e-01
1.202589422464370728e-01
1.201899498701095581e-01
1.201216205954551697e-01
1.200528293848037720e-01
1.199849769473075867e-01
1.199163571000099182e-01
1.198485121130943298e-01
1.197803691029548645e-01
1.197127103805541992e-01
1.196445822715759277e-01
1.195771992206573486e-01
1.195094883441925049e-01
1.194423437118530273e-01
1.193747147917747498e-01
1.193079799413681030e-01
1.192405968904495239e-01
1.191739588975906372e-01
1.191067993640899658e-01
1.190406307578086853e-01
1.189737692475318909e-01
1.189076229929924011e-01
1.188410371541976929e-01
1.187753975391387939e-01
1.187090948224067688e-01
1.186434924602508545e-01
1.185776591300964355e-01
1.185123845934867859e-01
1.184465959668159485e-01
1.183816045522689819e-01
1.183163598179817200e-01
1.182516142725944519e-01
1.181864589452743530e-01
1.181242540478706360e-01
1.180853247642517090e-01
1.180471405386924744e-01
1.180084422230720520e-01
1.179702058434486389e-01
1.179323196411132812e-01
1.178939044475555420e-01
1.178561598062515259e-01
1.178177520632743835e-01
1.177802383899688721e-01
1.177421733736991882e-01
1.177048534154891968e-01
1.176676377654075623e-01
1.176296621561050415e-01
1.175926327705383301e-01
1.175551041960716248e-01
1.175182238221168518e-01
1.174806877970695496e-01
1.174440085887908936e-01
1.174074634909629822e-01
1.173704117536544800e-01
1.173338368535041809e-01
1.172969788312911987e-01
1.172607839107513428e-01
1.172241270542144775e-01
1.171879693865776062e-01
1.171520650386810303e-01
1.171156913042068481e-01
1.170799881219863892e-01
1.170438155531883240e-01
1.170081496238708496e-01
1.169721335172653198e-01
1.169368475675582886e-01
1.169016584753990173e-01
1.168657392263412476e-01
1.168307512998580933e-01
1.167952194809913635e-01
1.167604178190231323e-01
1.167249232530593872e-01
1.166902780532836914e-01
1.166557669639587402e-01
1.166207119822502136e-01
1.165862008929252625e-01
1.165513768792152405e-01
1.165172085165977478e-01
1.164825856685638428e-01
1.164486035704612732e-01
1.164145693182945251e-01
1.163802221417427063e-01
1.163465306162834167e-01
1.163123771548271179e-01
1.162786781787872314e-01
1.162447109818458557e-01
1.162114292383193970e-01
1.161782145500183105e-01
1.161443442106246948e-01
1.161112934350967407e-01
1.160778030753135681e-01
1.160449907183647156e-01
1.160114482045173645e-01
1.159788221120834351e-01
1.159462854266166687e-01
1.159132048487663269e-01
1.158808544278144836e-01
1.158477813005447388e-01
1.158156022429466248e-01
1.157829388976097107e-01
1.157509163022041321e-01
1.157182455062866211e-01
1.156863942742347717e-01
1.156546771526336670e-01
1.156224608421325684e-01
1.155906990170478821e-01
1.155586615204811096e-01
1.155272647738456726e-01
1.154953986406326294e-01
1.154640316963195801e-01
1.154329031705856323e-01
1.154013052582740784e-01
1.153703480958938599e-01
1.153389289975166321e-01
1.153079941868782043e-01
1.152767166495323181e-01
1.152461394667625427e-01
1.152156218886375427e-01
1.151844486594200134e-01
1.151541322469711304e-01
1.151232868432998657e-01
1.150931343436241150e-01
1.150623112916946411e-01
1.150322929024696350e-01
1.150024011731147766e-01
1.149719730019569397e-01
1.149420663714408875e-01
1.149118393659591675e-01
1.148822456598281860e-01
1.148521825671195984e-01
1.148225814104080200e-01
1.147932559251785278e-01
1.147634163498878479e-01
1.147342622280120850e-01
1.147045865654945374e-01
1.146754100918769836e-01
1.146458983421325684e-01
1.146170720458030701e-01
1.145882830023765564e-01
1.145588606595993042e-01
1.145302429795265198e-01
1.145011410117149353e-01
1.144727170467376709e-01
1.144435778260231018e-01
1.144152879714965820e-01
1.143870651721954346e-01
1.143515035510063171e-01
1.143139749765396118e-01
1.142763867974281311e-01
1.142390221357345581e-01
1.142017766833305359e-01
1.141645684838294983e-01
1.141274794936180115e-01
1.140910089015960693e-01
1.140540763735771179e-01
1.140170246362686157e-01
1.139802560210227966e-01
1.139435619115829468e-01
1.139069199562072754e-01
1.138703823089599609e-01
1.138339042663574219e-01
1.137975156307220459e-01
1.137617528438568115e-01
1.137253567576408386e-01
1.136891767382621765e-01
1.136531084775924683e-01
1.136170923709869385e-01
1.135811731219291687e-01
1.135453060269355774e-01
1.135095432400703430e-01
1.134738326072692871e-01
1.134386062622070312e-01
1.134030669927597046e-01
1.133675724267959595e-01
1.133321896195411682e-01
1.132968440651893616e-01
1.132616102695465088e-01
1.132264137268066406e-01
1.131913289427757263e-01
1.131566688418388367e-01
1.131217256188392639e-01
1.130868270993232727e-01
1.130520254373550415e-01
1.130172759294509888e-01
1.129826232790946960e-01
1.129480078816413879e-01
1.129133328795433044e-01
1.128788888454437256e-01
1.128450557589530945e-01
1.128107607364654541e-01
1.127764955163002014e-01
1.127423420548439026e-01
1.127082407474517822e-01
1.126742213964462280e-01
1.126400828361511230e-01
1.126062050461769104e-01
1.125723719596862793e-01
1.125391870737075806e-01
1.125054955482482910e-01
1.124718934297561646e-01
1.124383285641670227e-01
1.124048680067062378e-01
1.123713031411170959e-01
1.123379543423652649e-01
1.123046875000000000e-01
1.122714653611183167e-01
1.122388839721679688e-01
1.122057959437370300e-01
1.121728047728538513e-01
1.121396869421005249e-01
1.121068149805068970e-01
1.120739951729774475e-01
1.120412647724151611e-01
1.120085641741752625e-01
1.119765117764472961e-01
1.119439527392387390e-01
1.119114756584167480e-01
1.118788793683052063e-01
1.118465289473533630e-01
1.118142232298851013e-01
1.117819771170616150e-01
1.117498204112052917e-01
1.117177084088325500e-01
1.116862222552299500e-01
1.116542294621467590e-01
1.116221621632575989e-01
1.115902960300445557e-01
1.115585118532180786e-01
1.115267649292945862e-01
1.114951074123382568e-01
1.114634796977043152e-01
1.114319264888763428e-01
1.114008277654647827e-01
1.113693863153457642e-01
1.113380268216133118e-01
1.113067120313644409e-01
1.112754717469215393e-01
1.112442687153816223e-01
1.112131550908088684e-01
1.111820787191390991e-01
1.111509129405021667e-01
1.111204847693443298e-01
1.110895872116088867e-01
1.110587492585182190e-01
1.110279634594917297e-01
1.109972521662712097e-01
1.109665781259536743e-01
1.109359860420227051e-01
1.109052672982215881e-01
1.108747869729995728e-01
1.108448728919029236e-01
1.108145043253898621e-01
1.107841730117797852e-01
1.107538864016532898e-01
1.107236891984939575e-01
1.106933653354644775e-01
1.106632798910140991e-01
1.106332242488861084e-01
1.106037721037864685e-01
1.105738282203674316e-01
1.105439513921737671e-01
1.105141192674636841e-01
1.104843392968177795e-01
1.104544699192047119e-01
1.104247942566871643e-01
1.103951930999755859e-01
1.103656217455863953e-01
1.103366538882255554e-01
1.103038266301155090e-01
1.102636232972145081e-01
1.102227866649627686e-01
1.101825535297393799e-01
1.101420000195503235e-01
1.101018637418746948e-01
1.100612953305244446e-01
1.100214421749114990e-01
1.099809929728507996e-01
1.099411100149154663e-01
1.099009364843368530e-01
1.098611652851104736e-01
1.098214834928512573e-01
1.097814738750457764e-01
1.097419038414955139e-01
1.097018569707870483e-01
1.096625477075576782e-01
1.096226423978805542e-01
1.095832958817481995e-01
1.095436662435531616e-01
1.095044389367103577e-01
1.094647645950317383e-01
1.094258055090904236e-01
1.093862578272819519e-01
1.093474105000495911e-01
1.093079745769500732e-01
1.092690974473953247e-01
1.092299148440361023e-01
1.091911643743515015e-01
1.091524660587310791e-01
1.091134622693061829e-01
1.090748682618141174e-01
1.090358421206474304e-01
1.089975163340568542e-01
1.089585795998573303e-01
1.089202314615249634e-01
1.088815554976463318e-01
1.088433265686035156e-01
1.088046133518218994e-01
1.087666228413581848e-01
1.087280437350273132e-01
1.086900085210800171e-01
1.086516678333282471e-01
1.086137741804122925e-01
1.085759103298187256e-01
1.085377410054206848e-01
1.085000038146972656e-01
1.084617897868156433e-01
1.084243133664131165e-01
1.083862110972404480e-01
1.083486750721931458e-01
1.083108410239219666e-01
1.082734167575836182e-01
1.082355305552482605e-01
1.081983670592308044e-01
1.081605926156044006e-01
1.081233993172645569e-01
1.080858707427978516e-01
1.080487668514251709e-01
1.080117225646972656e-01
1.079743579030036926e-01
1.079374030232429504e-01
1.079000160098075867e-01
1.078633144497871399e-01
1.078260168433189392e-01
1.077892854809761047e-01
1.077522411942481995e-01
1.077156141400337219e-01
1.076785176992416382e-01
1.076421290636062622e-01
1.076051518321037292e-01
1.075687184929847717e-01
1.075319722294807434e-01
1.074956655502319336e-01
1.074593737721443176e-01
1.074227988719940186e-01
1.073866263031959534e-01
1.073499768972396851e-01
1.073140650987625122e-01
1.072775274515151978e-01
1.072415411472320557e-01
1.072052642703056335e-01
1.071693897247314453e-01
1.071330532431602478e-01
1.070974245667457581e-01
1.070611923933029175e-01
1.070255264639854431e-01
1.069895178079605103e-01
1.069539338350296021e-01
1.069180518388748169e-01
1.068825572729110718e-01
1.068471148610115051e-01
1.068113744258880615e-01
1.067760288715362549e-01
1.067402437329292297e-01
1.067051365971565247e-01
1.066694334149360657e-01
1.066342890262603760e-01
1.065988242626190186e-01
1.065637618303298950e-01
1.065282672643661499e-01
1.064934358000755310e-01
1.064580231904983521e-01
1.064231544733047485e-01
1.063879728317260742e-01
1.063532084226608276e-01
1.063184738159179688e-01
1.062834188342094421e-01
1.062487959861755371e-01
1.062137037515640259e-01
1.061792820692062378e-01
1.061443015933036804e-01
1.061098426580429077e-01
1.060750707983970642e-01
1.060407161712646484e-01
1.060058996081352234e-01
1.059717684984207153e-01
1.059370413422584534e-01
1.059028580784797668e-01
1.058683693408966064e-01
1.058342605829238892e-01
1.058002039790153503e-01
1.057658568024635315e-01
1.057318896055221558e-01
1.056974679231643677e-01
1.056637391448020935e-01
1.056294143199920654e-01
1.055956259369850159e-01
1.055615246295928955e-01
1.055278331041336060e-01
1.054936796426773071e-01
1.054601892828941345e-01
1.054261475801467896e-01
1.053926050662994385e-01
1.053553074598312378e-01
1.052877008914947510e-01
1.052195802330970764e-01
1.051521450281143188e-01
1.050846800208091736e-01
1.050169393420219421e-01
1.049496382474899292e-01
1.048820689320564270e-01
1.048149392008781433e-01
1.047475486993789673e-01
1.046805903315544128e-01
1.046133637428283691e-01
1.045465692877769470e-01
1.044800058007240295e-01
1.044129058718681335e-01
1.043464913964271545e-01
1.042795702815055847e-01
1.042133420705795288e-01
1.041465699672698975e-01
1.040805056691169739e-01
1.040139123797416687e-01
1.039480194449424744e-01
1.038815826177597046e-01
1.038158610463142395e-01
1.037500798702239990e-01
1.036840230226516724e-01
1.036184057593345642e-01
1.035525351762771606e-01
1.034870818257331848e-01
1.034213602542877197e-01
1.033560782670974731e-01
1.032905355095863342e-01
1.032254099845886230e-01
1.031605005264282227e-01
1.030950695276260376e-01
1.030303165316581726e-01
1.029650419950485229e-01
1.029004603624343872e-01
1.028353497385978699e-01
1.027709245681762695e-01
1.027059778571128845e-01
1.026417240500450134e-01
1.025769263505935669e-01
1.025128290057182312e-01
1.024486795067787170e-01
1.023842617869377136e-01
1.023202687501907349e-01
