9.439939856529235840e-01
9.409137964248657227e-01
9.378030896186828613e-01
9.346727132797241211e-01
9.315083026885986328e-01
9.282879233360290527e-01
9.250388741493225098e-01
9.217640757560729980e-01
9.184615015983581543e-01
9.151247143745422363e-01
9.119668006896972656e-01
9.088938832283020020e-01
9.057787060737609863e-01
9.026493430137634277e-01
8.995119333267211914e-01
8.964893817901611328e-01
8.936986327171325684e-01
8.909526467323303223e-01
8.882664442062377930e-01
8.856538534164428711e-01
8.831251859664916992e-01
8.807201385498046875e-01
8.784152865409851074e-01
8.762108087539672852e-01
8.741065859794616699e-01
8.721345067024230957e-01
8.703271150588989258e-01
8.687582612037658691e-01
8.673035502433776855e-01
8.659601807594299316e-01
8.647284507751464844e-01
8.636081218719482422e-01
8.625698089599609375e-01
8.616151809692382812e-01
8.607667684555053711e-01
8.600284457206726074e-01
8.593972325325012207e-01
8.588843941688537598e-01
8.583784699440002441e-01
8.578976392745971680e-01
8.575155138969421387e-01
8.572310209274291992e-01
8.570404052734375000e-01
8.569421172142028809e-01
8.569302558898925781e-01
8.570004105567932129e-01
8.571547269821166992e-01
8.573902845382690430e-01
8.577023744583129883e-01
8.580961227416992188e-01
8.585473895072937012e-01
8.588514924049377441e-01
8.592182993888854980e-01
8.596466183662414551e-01
8.601318001747131348e-01
8.606713414192199707e-01
8.612614870071411133e-01
8.619331717491149902e-01
8.626820445060729980e-01
8.634698987007141113e-01
8.642932772636413574e-01
8.651486635208129883e-01
8.660349249839782715e-01
8.669452071189880371e-01
8.678230047225952148e-01
8.687004446983337402e-01
8.695911169052124023e-01
8.704928755760192871e-01
8.714020848274230957e-01
8.723151087760925293e-01
8.732308149337768555e-01
8.740656971931457520e-01
8.748679161071777344e-01
8.756636977195739746e-01
8.764517903327941895e-01
8.772295713424682617e-01
8.779942989349365234e-01
8.787433505058288574e-01
8.794758915901184082e-01
8.801913857460021973e-01
8.808848261833190918e-01
8.815548419952392578e-01
8.822012543678283691e-01
8.828207254409790039e-01
8.834127187728881836e-01
8.839767575263977051e-01
8.845133185386657715e-01
8.850196599960327148e-01
8.854943513870239258e-01
8.859373927116394043e-01
8.863462209701538086e-01
8.867219090461730957e-01
8.870629668235778809e-01
8.873326182365417480e-01
8.874329328536987305e-01
8.874995112419128418e-01
8.875321149826049805e-01
8.875308036804199219e-01
8.874949812889099121e-01
8.874250054359436035e-01
8.873207569122314453e-01
8.872070312500000000e-01
8.871844410896301270e-01
8.871272802352905273e-01
8.870345354080200195e-01
8.869071006774902344e-01
8.867440223693847656e-01
8.865455985069274902e-01
8.863125443458557129e-01
8.860433697700500488e-01
8.856338858604431152e-01
8.851644992828369141e-01
8.846597671508789062e-01
8.841199874877929688e-01
8.835441470146179199e-01
8.829326033592224121e-01
8.822863698005676270e-01
8.816046118736267090e-01
8.808962702751159668e-01
8.801992535591125488e-01
8.794701099395751953e-01
8.787079453468322754e-01
8.779150843620300293e-01
8.770918250083923340e-01
8.762408494949340820e-01
8.753623366355895996e-01
8.744578957557678223e-01
8.735417127609252930e-01
8.726669549942016602e-01
8.717725276947021484e-01
8.708595037460327148e-01
8.699311614036560059e-01
8.689890503883361816e-01
8.680342435836791992e-01
8.670686483383178711e-01
8.660932779312133789e-01
8.651107549667358398e-01
8.640232682228088379e-01
8.629072308540344238e-01
8.617888092994689941e-01
8.606678843498229980e-01
8.595464825630187988e-01
8.584256768226623535e-01
8.573056459426879883e-01
8.561877012252807617e-01
8.550724983215332031e-01
8.539662957191467285e-01
8.529176115989685059e-01
8.518735170364379883e-01
8.508353233337402344e-01
8.489668965339660645e-01
8.479462265968322754e-01
8.469330668449401855e-01
8.459273576736450195e-01
8.449302911758422852e-01
8.439416289329528809e-01
8.429614901542663574e-01
8.421018123626708984e-01
8.412563204765319824e-01
8.404210805892944336e-01
8.395964503288269043e-01
8.387835621833801270e-01
8.379818797111511230e-01
8.371924757957458496e-01
8.364157080650329590e-01
8.356521725654602051e-01
8.349025845527648926e-01
8.341891765594482422e-01
8.335206508636474609e-01
8.328677415847778320e-01
8.322311639785766602e-01
8.316116929054260254e-01
8.310100436210632324e-01
8.304268121719360352e-01
8.298628330230712891e-01
8.293187618255615234e-01
8.287957906723022461e-01
8.282942771911621094e-01
8.278182744979858398e-01
8.273701071739196777e-01
8.269463777542114258e-01
8.265477418899536133e-01
8.261755108833312988e-01
8.258302807807922363e-01
8.255134820938110352e-01
8.252252936363220215e-01
8.249676823616027832e-01
8.247406482696533203e-01
8.245460987091064453e-01
8.243846297264099121e-01
8.242302536964416504e-01
8.241109848022460938e-01
8.240271210670471191e-01
8.239818215370178223e-01
8.239737749099731445e-01
8.240056037902832031e-01
8.240764141082763672e-01
8.241888284683227539e-01
8.243426084518432617e-01
8.245394825935363770e-01
8.247791528701782227e-01
8.250632882118225098e-01
8.253614306449890137e-01
8.257039785385131836e-01
8.260921835899353027e-01
8.265268206596374512e-01
8.270080089569091797e-01
8.275343775749206543e-01
8.281074166297912598e-01
8.287258148193359375e-01
8.293898105621337891e-01
8.300988674163818359e-01
8.308518528938293457e-01
8.316478133201599121e-01
8.324084281921386719e-01
8.331156969070434570e-01
8.338656425476074219e-01
8.346558213233947754e-01
8.354835510253906250e-01
8.363505005836486816e-01
8.372527360916137695e-01
8.381894230842590332e-01
8.391574621200561523e-01
8.401576280593872070e-01
8.411877155303955078e-01
8.422435522079467773e-01
8.433266878128051758e-01
8.444710969924926758e-01
8.457038402557373047e-01
8.469591736793518066e-01
8.482322096824645996e-01
8.495243787765502930e-01
8.508325219154357910e-01
8.521603941917419434e-01
8.535039424896240234e-01
8.548677563667297363e-01
8.562487959861755371e-01
8.576529026031494141e-01
8.590787649154663086e-01
8.605343699455261230e-01
8.620210289955139160e-01
8.635728955268859863e-01
8.651888370513916016e-01
8.668745756149291992e-01
8.686524629592895508e-01
8.705656528472900391e-01
8.726832270622253418e-01
8.751540780067443848e-01
8.783746361732482910e-01
8.869628906250000000e-01
8.886975646018981934e-01
8.895867466926574707e-01
8.902984261512756348e-01
8.909106850624084473e-01
8.914592862129211426e-01
8.919602036476135254e-01
8.924099206924438477e-01
8.928371667861938477e-01
8.932442069053649902e-01
8.936387300491333008e-01
8.940204977989196777e-01
8.943942189216613770e-01
8.947626948356628418e-01
8.951244354248046875e-01
8.954842090606689453e-01
8.958397507667541504e-01
8.961952328681945801e-01
8.965479731559753418e-01
8.968995213508605957e-01
8.972525000572204590e-01
8.976037502288818359e-01
8.979519009590148926e-01
8.983004093170166016e-01
8.986501693725585938e-01
8.990030288696289062e-01
8.993566036224365234e-01
8.997139930725097656e-01
9.000719785690307617e-01
9.004337191581726074e-01
9.007967114448547363e-01
9.011639952659606934e-01
9.015322327613830566e-01
9.019045829772949219e-01
9.022786021232604980e-01
9.026564955711364746e-01
9.030357599258422852e-01
9.034240841865539551e-01
9.038317799568176270e-01
9.042431116104125977e-01
9.046573042869567871e-01
9.050723910331726074e-01
9.054917097091674805e-01
9.059117436408996582e-01
9.063358902931213379e-01
9.067621231079101562e-01
9.071896672248840332e-01
9.076204895973205566e-01
9.080525040626525879e-01
9.084878563880920410e-01
9.089252352714538574e-01
9.093635678291320801e-01
9.098049998283386230e-01
9.102472066879272461e-01
9.107007384300231934e-01
9.111652970314025879e-01
9.116303324699401855e-01
9.120981693267822266e-01
9.125661253929138184e-01
9.130359292030334473e-01
9.135067462921142578e-01
9.139789342880249023e-01
9.144526720046997070e-01
9.149258732795715332e-01
9.154015779495239258e-01
9.158782958984375000e-01
9.163562655448913574e-01
9.168347716331481934e-01
9.173141121864318848e-01
9.177930355072021484e-01
9.182736873626708984e-01
9.187548756599426270e-01
9.193024039268493652e-01
9.198622703552246094e-01
9.204214215278625488e-01
9.209783077239990234e-01
9.215357899665832520e-01
9.220920205116271973e-01
9.226474165916442871e-01
9.232002496719360352e-01
9.237517714500427246e-01
9.243032932281494141e-01
9.248519539833068848e-01
9.253989458084106445e-01
9.259439706802368164e-01
9.264873862266540527e-01
9.270288944244384766e-01
9.275697469711303711e-01
9.281069636344909668e-01
9.286419153213500977e-01
9.291755557060241699e-01
9.297106862068176270e-01
9.302424192428588867e-01
9.307700991630554199e-01
9.312953352928161621e-01
9.318151473999023438e-01
9.323309659957885742e-01
9.328424930572509766e-01
9.333496689796447754e-01
9.338524341583251953e-01
9.343506097793579102e-01
9.348441958427429199e-01
9.353316426277160645e-01
9.358155727386474609e-01
9.362931847572326660e-01
9.367673397064208984e-01
9.372360110282897949e-01
9.376981258392333984e-01
9.381562471389770508e-01
9.386075735092163086e-01
9.390614628791809082e-01
9.395132064819335938e-01
9.399590492248535156e-01
9.403964281082153320e-01
9.408277273178100586e-01
9.412505030632019043e-01
9.416671395301818848e-01
9.420751333236694336e-01
9.424769878387451172e-01
9.428713321685791016e-01
9.432570338249206543e-01
9.436364769935607910e-01
9.440072774887084961e-01
9.443705677986145020e-01
9.447264671325683594e-01
9.450747370719909668e-01
9.454157352447509766e-01
9.457493424415588379e-01
9.460756182670593262e-01
9.463945627212524414e-01
9.467061758041381836e-01
9.469794034957885742e-01
9.472321271896362305e-01
9.474775195121765137e-01
9.477155804634094238e-01
9.479464888572692871e-01
9.481702446937561035e-01
9.483870267868041992e-01
9.485968947410583496e-01
9.488000273704528809e-01
9.489964246749877930e-01
9.491862654685974121e-01
9.493697285652160645e-01
9.495468735694885254e-01
9.497177600860595703e-01
9.498826265335083008e-01
9.500405788421630859e-01
9.501937031745910645e-01
9.503402113914489746e-01
9.504821896553039551e-01
9.506177306175231934e-01
9.507490992546081543e-01
9.508743286132812500e-01
9.509705901145935059e-01
9.510449767112731934e-01
9.511152505874633789e-01
9.511801004409790039e-01
9.512405395507812500e-01
9.512976408004760742e-01
9.513494968414306641e-01
9.513985514640808105e-01
9.514425992965698242e-01
9.514840841293334961e-01
9.515210390090942383e-01
9.515556097030639648e-01
9.515860080718994141e-01
9.516142010688781738e-01
9.516386389732360840e-01
9.516610503196716309e-01
9.516801238059997559e-01
9.516965150833129883e-01
9.517107605934143066e-01
9.517225027084350586e-01
9.517323970794677734e-01
9.517402052879333496e-01
9.517462849617004395e-01
9.517459869384765625e-01
9.517119526863098145e-01
9.516776800155639648e-01
9.516414999961853027e-01
9.516043663024902344e-01
9.515664577484130859e-01
9.515277743339538574e-01
9.514882564544677734e-01
9.514483809471130371e-01
9.514080882072448730e-01
9.513673186302185059e-01
9.513263106346130371e-01
9.512850642204284668e-01
9.512436389923095703e-01
9.512022137641906738e-01
9.511607885360717773e-01
9.511193037033081055e-01
9.510781168937683105e-01
9.510372281074523926e-01
9.509956836700439453e-01
9.509553909301757812e-01
9.509155750274658203e-01
9.508752226829528809e-01
9.508364796638488770e-01
9.507983326911926270e-01
9.507625699043273926e-01
9.507457017898559570e-01
9.507296681404113770e-01
9.507134556770324707e-01
9.506990313529968262e-01
9.506855010986328125e-01
9.506720304489135742e-01
9.506604671478271484e-01
9.506490230560302734e-01
9.506396055221557617e-01
9.506312608718872070e-01
9.506231546401977539e-01
9.506170749664306641e-01
9.506123661994934082e-01
9.506079554557800293e-01
9.506058096885681152e-01
9.506048560142517090e-01
9.506044983863830566e-01
9.506064057350158691e-01
9.506089091300964355e-01
9.506128430366516113e-01
9.506182670593261719e-01
9.506261348724365234e-01
9.506346583366394043e-01
9.506446719169616699e-01
9.506572484970092773e-01
9.506704807281494141e-01
9.506825208663940430e-01
9.506930112838745117e-01
9.507061839103698730e-01
9.507202506065368652e-01
9.507360458374023438e-01
9.507544040679931641e-01
9.507737755775451660e-01
9.507948160171508789e-01
9.508187174797058105e-01
9.508433938026428223e-01
9.508699178695678711e-01
9.508985280990600586e-01
9.509297013282775879e-01
9.509618878364562988e-01
9.509958624839782715e-01
9.510327577590942383e-01
9.510704874992370605e-01
9.511102437973022461e-01
9.511518478393554688e-01
9.511953592300415039e-01
9.512406587600708008e-01
9.512879848480224609e-01
9.513370394706726074e-01
9.513881206512451172e-01
9.514409899711608887e-01
9.514960646629333496e-01
9.515526890754699707e-01
9.516113400459289551e-01
9.516707658767700195e-01
9.517226219177246094e-01
9.517759084701538086e-01
9.518307447433471680e-01
9.518870711326599121e-01
9.519451260566711426e-01
9.520049095153808594e-01
9.520662426948547363e-01
9.521289467811584473e-01
9.521934986114501953e-01
9.522594809532165527e-01
9.523270726203918457e-01
9.523960947990417480e-01
9.524666666984558105e-01
9.525387883186340332e-01
9.526123404502868652e-01
9.526873826980590820e-01
9.527630209922790527e-01
9.528407454490661621e-01
9.529200792312622070e-01
9.530000090599060059e-01
9.530820846557617188e-01
9.531654119491577148e-01
9.532492160797119141e-01
9.533354640007019043e-01
9.534229040145874023e-01
9.535115957260131836e-01
9.536004662513732910e-01
9.536917805671691895e-01
9.537841677665710449e-01
9.538767933845520020e-01
9.539741873741149902e-01
9.540764093399047852e-01
9.541785120964050293e-01
9.542829990386962891e-01
9.543886184692382812e-01
9.544940590858459473e-01
9.546018242835998535e-01
9.547103047370910645e-01
9.548190832138061523e-01
9.549298882484436035e-01
9.550413489341735840e-01
9.551540017127990723e-01
9.552664756774902344e-01
9.553797841072082520e-01
9.554951190948486328e-01
9.556100368499755859e-01
9.557270407676696777e-01
9.558438062667846680e-01
9.559620618820190430e-01
9.560803771018981934e-01
9.561992287635803223e-01
9.563197493553161621e-01
9.564400911331176758e-01
9.565617442131042480e-01
9.566833376884460449e-01
9.568063616752624512e-01
9.569289684295654297e-01
9.570531845092773438e-01
9.571768045425415039e-01
9.573009014129638672e-01
9.574264287948608398e-01
9.575513601303100586e-01
9.576778411865234375e-01
9.577913284301757812e-01
9.578987956047058105e-01
9.580051302909851074e-01
9.581117630004882812e-01
9.582191705703735352e-01
9.583255052566528320e-01
9.584327936172485352e-01
9.585392475128173828e-01
9.586452245712280273e-01
9.587522745132446289e-01
9.588580727577209473e-01
9.589638710021972656e-01
9.590691328048706055e-01
9.591744542121887207e-01
9.592803120613098145e-01
9.593849182128906250e-01
9.594893455505371094e-01
9.595933556556701660e-01
9.596971273422241211e-01
9.598010778427124023e-01
9.599040746688842773e-01
9.600065350532531738e-01
9.601083993911743164e-01
9.602099657058715820e-01
9.603119492530822754e-01
9.604124426841735840e-01
9.605123400688171387e-01
9.606117606163024902e-01
9.607107043266296387e-01
9.608095288276672363e-01
9.609072804450988770e-01
9.610041975975036621e-01
9.611005783081054688e-01
9.611960053443908691e-01
9.612918496131896973e-01
9.613929986953735352e-01
9.615095853805541992e-01
9.616252183914184570e-01
9.617404937744140625e-01
9.618550539016723633e-01
9.619690775871276855e-01
9.620823860168457031e-01
9.621946215629577637e-01
9.623064994812011719e-01
9.624175429344177246e-01
9.625278711318969727e-01
9.626373648643493652e-01
9.627459645271301270e-01
9.628538489341735840e-01
9.629609584808349609e-01
9.630671739578247070e-01
9.631726145744323730e-01
9.632768630981445312e-01
9.633805155754089355e-01
9.634831547737121582e-01
9.635850191116333008e-01
9.636857509613037109e-01
9.637854695320129395e-01
9.638842940330505371e-01
9.639822840690612793e-01
9.640790820121765137e-01
9.641750454902648926e-01
9.642696380615234375e-01
9.643635153770446777e-01
9.644562005996704102e-01
9.645479321479797363e-01
9.646384716033935547e-01
9.647278189659118652e-01
9.648161530494689941e-01
9.649034738540649414e-01
9.649896025657653809e-01
9.650737643241882324e-01
9.651575684547424316e-01
9.652335643768310547e-01
9.652728438377380371e-01
9.653106331825256348e-01
9.653472900390625000e-01
9.653816223144531250e-01
9.654150605201721191e-01
9.654471278190612793e-01
9.656623005867004395e-01
9.656904339790344238e-01
9.657165408134460449e-01
9.657417535781860352e-01
9.657655358314514160e-01
9.657880663871765137e-01
9.658089280128479004e-01
9.658283591270446777e-01
9.658457636833190918e-01
9.658622741699218750e-01
9.658772945404052734e-01
9.658909440040588379e-01
9.659031033515930176e-01
9.659138321876525879e-01
9.659228920936584473e-01
9.659307599067687988e-01
9.659371972084045410e-01
9.659422636032104492e-01
9.659458398818969727e-01
9.659475684165954590e-01
9.659483432769775391e-01
9.659477472305297852e-01
9.659453034400939941e-01
9.659421443939208984e-01
9.659373760223388672e-01
9.659307599067687988e-01
9.659232497215270996e-01
9.659143686294555664e-01
9.659036993980407715e-01
9.658920764923095703e-01
9.658791422843933105e-01
9.658644795417785645e-01
9.658492207527160645e-01
9.658322930335998535e-01
9.658136963844299316e-01
9.658480882644653320e-01
9.658922553062438965e-01
9.659348130226135254e-01
9.659764170646667480e-01
9.660165309906005859e-01
9.660550355911254883e-01
9.660924673080444336e-01
9.661286473274230957e-01
9.661629796028137207e-01
9.661964774131774902e-01
9.662284255027770996e-01
9.662588834762573242e-01
9.662881493568420410e-01
9.663161635398864746e-01
9.663424491882324219e-01
9.663677215576171875e-01
9.663912653923034668e-01
9.664138555526733398e-01
9.664346575736999512e-01
9.664545059204101562e-01
9.664726257324218750e-01
9.664897322654724121e-01
9.665053486824035645e-01
9.665197134017944336e-01
9.665327072143554688e-01
9.665439724922180176e-01
9.665542244911193848e-01
9.665628075599670410e-01
9.665702581405639648e-01
9.665760993957519531e-01
9.665808081626892090e-01
9.665838479995727539e-01
9.665858745574951172e-01
9.665861725807189941e-01
9.665853977203369141e-01
9.665829539299011230e-01
9.665794372558593750e-01
9.665742516517639160e-01
9.665679335594177246e-01
9.665600061416625977e-01
9.665508866310119629e-01
9.665401577949523926e-01
9.665282964706420898e-01
9.665148258209228516e-01
9.665001630783081055e-01
9.664844870567321777e-01
9.664672017097473145e-01
9.664487838745117188e-01
9.664286375045776367e-01
9.664075374603271484e-01
9.663845896720886230e-01
9.663604497909545898e-01
9.663347601890563965e-01
9.663076996803283691e-01
9.662793278694152832e-01
9.662493467330932617e-01
9.662181735038757324e-01
9.661852717399597168e-01
9.661513566970825195e-01
9.661156535148620605e-01
9.660785198211669922e-01
9.660401344299316406e-01
9.660001993179321289e-01
9.659589529037475586e-01
9.659160375595092773e-01
9.658718705177307129e-01
9.658260941505432129e-01
9.657788872718811035e-01
9.657303690910339355e-01
9.656801223754882812e-01
9.656287431716918945e-01
9.655756950378417969e-01
9.655212759971618652e-01
9.654651880264282227e-01
9.654075503349304199e-01
9.653487205505371094e-01
9.652883410453796387e-01
9.652264118194580078e-01
9.651629328727722168e-01
9.650979638099670410e-01
9.650315046310424805e-01
9.649634957313537598e-01
9.648939967155456543e-01
9.648229479789733887e-01
9.647505879402160645e-01
9.646763205528259277e-01
9.646008610725402832e-01
9.645236730575561523e-01
9.644449353218078613e-01
9.643647074699401855e-01
9.642828702926635742e-01
9.641996622085571289e-01
9.641144275665283203e-01
9.640280604362487793e-01
9.639692306518554688e-01
9.639112949371337891e-01
9.638513326644897461e-01
9.637896418571472168e-01
9.637262225151062012e-01
9.636604189872741699e-01
9.635931849479675293e-01
9.635238647460937500e-01
9.634525179862976074e-01
9.633793830871582031e-01
9.633045196533203125e-01
9.632275104522705078e-01
9.631484150886535645e-01
9.630675911903381348e-01
9.629850387573242188e-01
9.628999233245849609e-01
9.628134369850158691e-01
9.627248644828796387e-01
9.626345634460449219e-01
9.625416994094848633e-01
9.624474644660949707e-01
9.623510837554931641e-01
9.622525572776794434e-01
9.621523022651672363e-01
9.620502591133117676e-01
9.619462490081787109e-01
9.618396162986755371e-01
9.617317318916320801e-01
9.616216421127319336e-01
9.615098237991333008e-01
9.613958001136779785e-01
9.612795114517211914e-01
9.611615538597106934e-01
9.610418677330017090e-01
9.609199762344360352e-01
9.607962965965270996e-01
9.606698751449584961e-01
9.605422616004943848e-01
9.604125022888183594e-01
9.602808952331542969e-01
9.601471424102783203e-01
9.600116014480590820e-01
9.598733186721801758e-01
9.597338438034057617e-01
9.595921635627746582e-01
9.594486951828002930e-01
9.593030810356140137e-01
9.591550230979919434e-01
9.590054154396057129e-01
9.588540196418762207e-01
9.587004780769348145e-01
9.585451483726501465e-01
9.583870172500610352e-01
9.582303762435913086e-01
9.580804109573364258e-01
9.579285979270935059e-01
9.577750563621520996e-01
9.576187729835510254e-01
9.574615955352783203e-01
9.573026299476623535e-01
9.571418762207031250e-01
9.569793343544006348e-01
9.568148255348205566e-01
9.566479921340942383e-01
9.564801454544067383e-01
9.563104510307312012e-01
9.561390876770019531e-01
9.559657573699951172e-01
9.557908773422241211e-01
9.556142091751098633e-01
9.554358124732971191e-01
9.552556872367858887e-01
9.550729990005493164e-01
9.548892378807067871e-01
9.547039270401000977e-01
9.545168876647949219e-01
9.543281197547912598e-01
9.541376829147338867e-01
9.539453387260437012e-01
9.537515044212341309e-01
9.535559415817260742e-01
9.533578753471374512e-01
9.531589746475219727e-01
9.529581665992736816e-01
9.527559876441955566e-01
9.525520801544189453e-01
9.523465633392333984e-01
9.521393179893493652e-01
9.519305229187011719e-01
9.517198801040649414e-01
9.515068531036376953e-01
9.512931108474731445e-01
9.510777592658996582e-01
9.508607983589172363e-01
9.506420493125915527e-01
9.504219889640808105e-01
9.502002000808715820e-01
9.499769210815429688e-01
9.497520327568054199e-01
9.495243430137634277e-01
9.492964148521423340e-01
9.490668177604675293e-01
9.488357305526733398e-01
9.486030936241149902e-01
9.483686685562133789e-01
9.481330513954162598e-01
9.478958845138549805e-01
9.476571679115295410e-01
9.474169015884399414e-01
9.471752047538757324e-01
9.469318389892578125e-01
9.466872215270996094e-01
9.464437365531921387e-01
9.462098479270935059e-01
9.459745287895202637e-01
9.457380175590515137e-01
9.455001354217529297e-01
9.452608823776245117e-01
9.450204968452453613e-01
9.447786808013916016e-01
9.445357322692871094e-01
9.442911744117736816e-01
9.440456628799438477e-01
9.437977075576782227e-01
9.435496926307678223e-01
9.433004856109619141e-01
9.430500864982604980e-01
9.427983760833740234e-01
9.425455927848815918e-01
9.422914981842041016e-01
9.420363903045654297e-01
9.417797923088073730e-01
9.415223002433776855e-01
9.412636160850524902e-01
9.410039186477661133e-01
9.407429695129394531e-01
9.404809474945068359e-01
9.402178525924682617e-01
9.399509429931640625e-01
9.396828413009643555e-01
9.394134879112243652e-01
9.391430616378784180e-01
9.388718605041503906e-01
9.385993480682373047e-01
9.383258819580078125e-01
9.380515217781066895e-01
9.377760291099548340e-01
9.374994635581970215e-01
9.372219443321228027e-01
9.369436502456665039e-01
9.366641640663146973e-01
9.363837242126464844e-01
9.361025094985961914e-01
9.358202219009399414e-01
9.355368614196777344e-01
9.352529048919677734e-01
9.349677562713623047e-01
9.346816539764404297e-01
9.343949556350708008e-01
9.341070652008056641e-01
9.338183403015136719e-01
9.335289597511291504e-01
9.332384467124938965e-01
9.329470992088317871e-01
9.326711893081665039e-01
9.324082136154174805e-01
9.321446418762207031e-01
9.318805336952209473e-01
9.316160678863525391e-01
9.313508868217468262e-01
9.310851693153381348e-01
9.308203458786010742e-01
9.305535554885864258e-01
9.302865862846374512e-01
9.300188422203063965e-01
9.297506213188171387e-01
9.294819235801696777e-01
9.292130470275878906e-01
9.289434552192687988e-01
9.286735057830810547e-01
9.284030199050903320e-01
9.281321763992309570e-01
9.278611540794372559e-01
9.275894761085510254e-01
9.273174405097961426e-01
9.270449876785278320e-01
9.267724752426147461e-01
9.264992475509643555e-01
9.262257218360900879e-01
9.259518384933471680e-01
9.256791472434997559e-01
9.254052042961120605e-01
9.251363277435302734e-01
9.248672127723693848e-01
9.245980978012084961e-01
9.243285059928894043e-01
9.240584969520568848e-01
9.237883687019348145e-01
9.235180616378784180e-01
9.232478737831115723e-01
9.229771494865417480e-01
9.227061867713928223e-01
9.224350452423095703e-01
9.221640825271606445e-01
9.218926429748535156e-01
9.216223359107971191e-01
9.213505387306213379e-01
9.210789203643798828e-01
9.208068251609802246e-01
9.205346107482910156e-01
9.202622771263122559e-01
9.199900627136230469e-01
9.197175502777099609e-01
9.194446802139282227e-01
9.191719293594360352e-01
9.188992977142333984e-01
9.186263680458068848e-01
9.183533191680908203e-01
9.180802106857299805e-01
9.178088903427124023e-01
9.175524711608886719e-01
9.173227548599243164e-01
9.170935750007629395e-01
9.168645143508911133e-01
9.166358709335327148e-01
9.164071083068847656e-01
9.161786437034606934e-01
9.159507751464843750e-01
9.157244563102722168e-01
9.154972434043884277e-01
9.152699112892150879e-01
9.150428175926208496e-01
9.148164391517639160e-01
9.145899415016174316e-01
9.143637418746948242e-01
9.141383767127990723e-01
9.139128327369689941e-01
9.136880040168762207e-01
9.134647250175476074e-01
9.132401347160339355e-01
9.130162596702575684e-01
9.127925634384155273e-01
9.125693440437316895e-01
9.123461842536926270e-01
9.121233224868774414e-01
9.119012951850891113e-01
9.116791486740112305e-01
9.114595651626586914e-01
9.112382531166076660e-01
9.110172390937805176e-01
9.108082056045532227e-01
9.106142520904541016e-01
9.104207158088684082e-01
9.102275967597961426e-01
9.100350141525268555e-01
9.098429679870605469e-01
9.096530675888061523e-01
9.094614982604980469e-01
9.092709422111511230e-01
9.090808629989624023e-01
9.088912010192871094e-01
9.087021350860595703e-01
9.085135459899902344e-01
9.083253741264343262e-01
9.081394672393798828e-01
9.079524874687194824e-01
9.077655076980590820e-01
9.075795412063598633e-01
9.073941111564636230e-01
9.072091579437255859e-01
9.070245623588562012e-01
9.068423509597778320e-01
9.066590070724487305e-01
9.064760804176330566e-01
9.062938094139099121e-01
9.061120152473449707e-01
9.059303402900695801e-01
9.057496786117553711e-01
9.055711627006530762e-01
9.053913950920104980e-01
9.052124023437500000e-01
9.050431251525878906e-01
9.049315452575683594e-01
9.048205614089965820e-01
9.047104716300964355e-01
9.046031832695007324e-01
9.044944643974304199e-01
9.043866395950317383e-01
9.042795896530151367e-01
9.041731953620910645e-01
9.040680527687072754e-01
9.039633274078369141e-01
9.038608074188232422e-01
9.037575721740722656e-01
9.036551117897033691e-01
9.035536050796508789e-01
9.034526944160461426e-01
9.033523201942443848e-01
9.032552242279052734e-01
9.031606912612915039e-01
9.030649065971374512e-01
9.029698967933654785e-01
9.028749465942382812e-01
9.027809500694274902e-01
9.026874899864196777e-01
9.025939106941223145e-01
9.025031328201293945e-01
9.024111628532409668e-01
9.023193717002868652e-01
9.022284746170043945e-01
9.021378755569458008e-01
9.020479321479797363e-01
9.019597768783569336e-01
9.018708467483520508e-01
9.018129706382751465e-01
9.018080830574035645e-01
9.018037915229797363e-01
9.017997980117797852e-01
9.017979502677917480e-01
9.017949104309082031e-01
9.017916321754455566e-01
9.017893671989440918e-01
9.017873406410217285e-01
9.017857909202575684e-01
9.017860293388366699e-01
9.017851352691650391e-01
9.017840623855590820e-01
9.017838239669799805e-01
9.017837643623352051e-01
9.017841815948486328e-01
9.017864465713500977e-01
9.017242789268493652e-01
9.015700817108154297e-01
9.014145731925964355e-01
9.012568593025207520e-01
9.010978937149047852e-01
9.009380340576171875e-01
9.007754325866699219e-01
9.006108641624450684e-01
9.004439115524291992e-01
9.002755284309387207e-01
9.001046419143676758e-01
8.999337553977966309e-01
8.997591733932495117e-01
8.995819091796875000e-01
8.994030356407165527e-01
8.992215394973754883e-01
8.990381956100463867e-01
8.988450169563293457e-01
8.984788656234741211e-01
8.981095552444458008e-01
8.977368474006652832e-01
8.973600864410400391e-01
8.969800472259521484e-01
8.965975642204284668e-01
8.962101936340332031e-01
8.958183526992797852e-01
8.954232335090637207e-01
8.950241804122924805e-01
8.946220874786376953e-01
8.942148089408874512e-01
8.938029408454895020e-01
8.933871984481811523e-01
8.929666876792907715e-01
8.925438523292541504e-01
8.921149969100952148e-01
8.916466832160949707e-01
8.910793662071228027e-01
8.905071616172790527e-01
8.899291753768920898e-01
8.893478512763977051e-01
8.887593746185302734e-01
8.881646394729614258e-01
8.875648975372314453e-01
8.869587182998657227e-01
8.863490819931030273e-01
8.857316970825195312e-01
8.851078152656555176e-01
8.844785094261169434e-01
8.838430047035217285e-01
8.832023143768310547e-01
8.825543522834777832e-01
8.818992972373962402e-01
8.812384009361267090e-01
8.805741667747497559e-01
8.799712657928466797e-01
8.793658614158630371e-01
8.787544965744018555e-01
8.781393766403198242e-01
8.775193095207214355e-01
8.768948912620544434e-01
8.762677907943725586e-01
8.756344318389892578e-01
8.749967813491821289e-01
8.743544816970825195e-01
8.737077116966247559e-01
8.730564117431640625e-01
8.724022507667541504e-01
8.717417716979980469e-01
8.710766434669494629e-01
8.704075217247009277e-01
8.697330355644226074e-01
8.690555691719055176e-01
8.683716654777526855e-01
8.676829338073730469e-01
8.669894337654113770e-01
8.662911653518676758e-01
8.655897974967956543e-01
8.648817539215087891e-01
8.641688227653503418e-01
8.634510040283203125e-01
8.627281785011291504e-01
8.620023131370544434e-01
8.612702488899230957e-01
8.605325222015380859e-01
8.597897291183471680e-01
8.590419292449951172e-01
8.582908511161804199e-01
8.575327992439270020e-01
8.567697405815124512e-01
8.560013771057128906e-01
8.552280068397521973e-01
8.544788360595703125e-01
8.538067936897277832e-01
8.531316518783569336e-01
8.524523973464965820e-01
8.517708182334899902e-01
8.510877490043640137e-01
8.503996133804321289e-01
8.497074842453002930e-01
8.490128517150878906e-01
8.483149409294128418e-01
8.476150631904602051e-01
8.469106554985046387e-01
8.462030291557312012e-01
8.454922437667846680e-01
8.447772860527038574e-01
8.440619111061096191e-01
8.433412909507751465e-01
8.426173329353332520e-01
8.418893814086914062e-01
8.411589264869689941e-01
8.404252529144287109e-01
8.396894335746765137e-01
8.389492034912109375e-01
8.382056355476379395e-01
8.374589681625366211e-01
8.367080092430114746e-01
8.359567523002624512e-01
8.352001309394836426e-01
8.344402313232421875e-01
8.336763381958007812e-01
8.329099416732788086e-01
8.321421146392822266e-01
8.313693404197692871e-01
8.305921554565429688e-01
8.298126459121704102e-01
8.290300965309143066e-01
8.282450437545776367e-01
8.274559378623962402e-01
8.266633152961730957e-01
8.258674740791320801e-01
8.250473141670227051e-01
8.241993784904479980e-01
8.233467936515808105e-01
8.224897980690002441e-01
8.216285705566406250e-01
8.207646608352661133e-01
8.198944926261901855e-01
8.190196752548217773e-01
8.181404471397399902e-01
8.172569274902343750e-01
8.163707256317138672e-01
8.154783248901367188e-01
8.145820498466491699e-01
8.136804103851318359e-01
8.127745389938354492e-01
8.118658661842346191e-01
8.109510540962219238e-01
8.100313544273376465e-01
8.091071844100952148e-01
8.081788420677185059e-01
8.072476983070373535e-01
8.063102960586547852e-01
8.053680658340454102e-01
8.044213056564331055e-01
8.034703731536865234e-01
8.025165796279907227e-01
8.015566468238830566e-01
8.005917668342590332e-01
7.996224164962768555e-01
7.986499071121215820e-01
7.976735234260559082e-01
7.966909408569335938e-01
7.957034707069396973e-01
7.947118282318115234e-01
7.937152385711669922e-01
7.927162647247314453e-01
7.917110323905944824e-01
7.907009124755859375e-01
7.896866202354431152e-01
7.886674404144287109e-01
7.876457571983337402e-01
7.866179943084716797e-01
7.855668663978576660e-01
7.845032811164855957e-01
7.834349274635314941e-01
7.823643088340759277e-01
7.812878489494323730e-01
7.802065610885620117e-01
7.791214585304260254e-01
7.780316472053527832e-01
7.769401073455810547e-01
7.758417129516601562e-01
7.747396230697631836e-01
7.736327052116394043e-01
7.725221514701843262e-01
7.714089155197143555e-01
7.702900171279907227e-01
7.691662311553955078e-01
7.680388689041137695e-01
7.669067978858947754e-01
7.657726407051086426e-01
7.646328806877136230e-01
7.634882926940917969e-01
7.623401880264282227e-01
7.611874341964721680e-01
7.600333094596862793e-01
7.588722705841064453e-01
7.577078342437744141e-01
7.565387487411499023e-01
7.553662061691284180e-01
7.541911602020263672e-01
7.530105710029602051e-01
7.518253326416015625e-01
7.506368160247802734e-01
7.494436502456665039e-01
7.482492923736572266e-01
7.470481395721435547e-01
7.458431124687194824e-01
7.446348667144775391e-01
7.434220314025878906e-01
7.422081828117370605e-01
7.409875392913818359e-01
7.397637963294982910e-01
7.385355234146118164e-01
7.373041510581970215e-01
7.360690832138061523e-01
7.348049283027648926e-01
7.335200905799865723e-01
7.322308421134948730e-01
7.309389710426330566e-01
7.296445369720458984e-01
7.283449172973632812e-01
7.270427346229553223e-01
7.257362604141235352e-01
7.244259119033813477e-01
7.231135964393615723e-01
7.217992544174194336e-01
7.204789519309997559e-01
7.191558480262756348e-01
7.178303003311157227e-01
7.165015339851379395e-01
7.151696681976318359e-01
7.138345241546630859e-01
7.124962806701660156e-01
7.111539840698242188e-01
7.098082304000854492e-01
7.084619402885437012e-01
7.071114182472229004e-01
7.057577967643737793e-01
7.043989896774291992e-01
7.030394077301025391e-01
7.016782760620117188e-01
7.003129124641418457e-01
6.989433765411376953e-01
6.975713372230529785e-01
6.961973905563354492e-01
6.948219537734985352e-01
6.934411525726318359e-01
6.920590400695800781e-01
6.906731128692626953e-01
6.892855763435363770e-01
6.878962516784667969e-01
6.865023970603942871e-01
6.851070523262023926e-01
6.837080121040344238e-01
6.823061704635620117e-01
6.809031367301940918e-01
6.794988512992858887e-01
6.780909895896911621e-01
6.766782402992248535e-01
6.752654910087585449e-01
6.738504171371459961e-01
6.724357604980468750e-01
6.710390448570251465e-01
6.696392893791198730e-01
6.682404875755310059e-01
6.668378114700317383e-01
6.654382944107055664e-01
6.640340685844421387e-01
6.626281738281250000e-01
6.612211465835571289e-01
6.598114967346191406e-01
6.584051847457885742e-01
6.569943428039550781e-01
6.555818915367126465e-01
6.541685461997985840e-01
6.527538299560546875e-01
6.513381600379943848e-01
6.499222517013549805e-01
6.485055685043334961e-01
6.470866799354553223e-01
6.456665992736816406e-01
6.442456841468811035e-01
6.428246498107910156e-01
6.414030790328979492e-01
6.399794220924377441e-01
6.385547518730163574e-01
6.371293663978576660e-01
6.357030868530273438e-01
6.342783570289611816e-01
6.328506469726562500e-01
6.314221620559692383e-01
6.299931406974792480e-01
6.285632848739624023e-01
6.271352171897888184e-01
6.257055997848510742e-01
6.242727637290954590e-01
6.228408217430114746e-01
6.214082837104797363e-01
6.199753284454345703e-01
6.185454726219177246e-01
6.171103715896606445e-01
6.156762242317199707e-01
6.142416596412658691e-01
6.128068566322326660e-01
6.113739013671875000e-01
6.099385619163513184e-01
6.085043549537658691e-01
6.070671677589416504e-01
6.056312322616577148e-01
6.041951775550842285e-01
6.027611494064331055e-01
6.014740467071533203e-01
6.002125740051269531e-01
5.989505052566528320e-01
5.976892709732055664e-01
5.964324474334716797e-01
5.951743125915527344e-01
5.939156413078308105e-01
5.926580429077148438e-01
5.914026498794555664e-01
5.901467800140380859e-01
5.888953804969787598e-01
5.876429080963134766e-01
5.863885879516601562e-01
5.851380825042724609e-01
5.838871598243713379e-01
5.826387405395507812e-01
5.813934803009033203e-01
5.801444053649902344e-01
5.788991451263427734e-01
5.776550769805908203e-01
5.764106512069702148e-01
5.751688480377197266e-01
5.739288926124572754e-01
5.726878643035888672e-01
5.714495778083801270e-01
5.702124834060668945e-01
5.689737796783447266e-01
5.677390694618225098e-01
5.665062069892883301e-01
5.652740001678466797e-01
5.640431046485900879e-01
5.628107190132141113e-01
5.615823864936828613e-01
5.603554248809814453e-01
5.591301918029785156e-01
5.579059123992919922e-01
5.566815733909606934e-01
5.554584264755249023e-01
5.542382597923278809e-01
5.530194044113159180e-01
5.518023967742919922e-01
5.505850315093994141e-01
5.493689179420471191e-01
5.481557846069335938e-01
5.469440817832946777e-01
5.457323193550109863e-01
5.445241332054138184e-01
5.433168411254882812e-01
5.421095490455627441e-01
5.409052968025207520e-01
5.397025346755981445e-01
5.384984612464904785e-01
5.373268723487854004e-01
5.361617207527160645e-01
5.349967479705810547e-01
5.338362455368041992e-01
5.326744318008422852e-01
5.315154194831848145e-01
5.303599238395690918e-01
5.292043685913085938e-01
5.280501246452331543e-01
5.268962383270263672e-01
5.257452130317687988e-01
5.245974659919738770e-01
5.234502553939819336e-01
5.223040580749511719e-01
5.211599469184875488e-01
5.200170874595642090e-01
5.188758969306945801e-01
5.177350640296936035e-01
5.165988206863403320e-01
5.154644250869750977e-01
5.143286585807800293e-01
5.131974816322326660e-01
5.120651125907897949e-01
5.109356641769409180e-01
5.098079442977905273e-01
5.086823105812072754e-01
5.075598359107971191e-01
5.064360499382019043e-01
5.053168535232543945e-01
5.041977763175964355e-01
5.030792355537414551e-01
5.019636154174804688e-01
5.008502006530761719e-01
4.997398555278778076e-01
4.986295402050018311e-01
4.975214600563049316e-01
4.964146614074707031e-01
4.953084886074066162e-01
4.942052960395812988e-01
4.931055605411529541e-01
4.920064508914947510e-01
4.909085929393768311e-01
4.898113906383514404e-01
4.887188673019409180e-01
4.876264631748199463e-01
4.865346848964691162e-01
4.854476451873779297e-01
4.843623936176300049e-01
4.832760691642761230e-01
4.821928143501281738e-01
4.811118841171264648e-01
4.800322651863098145e-01
4.789545238018035889e-01
4.778791666030883789e-01
4.768067002296447754e-01
4.756999909877777100e-01
4.745663404464721680e-01
4.734345376491546631e-01
4.723028242588043213e-01
4.711735248565673828e-01
4.700472652912139893e-01
4.689244329929351807e-01
4.678001403808593750e-01
4.666793942451477051e-01
4.655594229698181152e-01
4.644407331943511963e-01
4.633256494998931885e-01
4.622124135494232178e-01
4.611009061336517334e-01
4.599914550781250000e-01
4.588827788829803467e-01
4.577771127223968506e-01
4.566715955734252930e-01
4.555697441101074219e-01
4.544697701930999756e-01
4.533703923225402832e-01
4.522742331027984619e-01
4.511799812316894531e-01
4.500859379768371582e-01
4.489955604076385498e-01
4.479070603847503662e-01
4.468194246292114258e-01
4.457330405712127686e-01
4.446503520011901855e-01
4.435710906982421875e-01
4.424904882907867432e-01
4.414125084877014160e-01
4.403375685214996338e-01
4.392645657062530518e-01
4.381917119026184082e-01
4.371226131916046143e-01
4.360554218292236328e-01
4.349873661994934082e-01
4.339255392551422119e-01
4.328642189502716064e-01
4.318030774593353271e-01
4.307456612586975098e-01
4.296891391277313232e-01
4.286356568336486816e-01
4.275823235511779785e-01
4.265327751636505127e-01
4.254865646362304688e-01
4.244391322135925293e-01
4.233944118022918701e-01
4.223526716232299805e-01
4.213111102581024170e-01
4.202733635902404785e-01
4.192375242710113525e-01
4.182026684284210205e-01
4.171690046787261963e-01
4.161404371261596680e-01
4.151125252246856689e-01
4.140847325325012207e-01
4.130607545375823975e-01
4.120778739452362061e-01
4.111079871654510498e-01
4.101401567459106445e-01
4.091742336750030518e-01
4.082103371620178223e-01
4.072497189044952393e-01
4.062897562980651855e-01
4.053318202495574951e-01
4.043758213520050049e-01
4.034218192100524902e-01
4.024688005447387695e-01
4.015187621116638184e-01
4.005706906318664551e-01
3.996258378028869629e-01
3.986816704273223877e-01
3.977394998073577881e-01
3.967993259429931641e-01
3.958610594272613525e-01
3.949248194694519043e-01
3.939904868602752686e-01
3.930571675300598145e-01
3.921267986297607422e-01
3.911995887756347656e-01
3.902731239795684814e-01
3.893485963344573975e-01
3.884260356426239014e-01
3.875054121017456055e-01
3.865867257118225098e-01
3.856700062751770020e-01
3.847552537918090820e-01
3.838424086570739746e-01
3.829305768013000488e-01
3.820216357707977295e-01
3.811146020889282227e-01
3.802106976509094238e-01
3.793075680732727051e-01
3.784063458442687988e-01
3.775070607662200928e-01
3.766097128391265869e-01
3.757142722606658936e-01
3.748189508914947510e-01
3.739264309406280518e-01
3.730367422103881836e-01
3.721489906311035156e-01
3.712631464004516602e-01
3.703792095184326172e-01
3.694983124732971191e-01
3.686181902885437012e-01
3.677399754524230957e-01
3.668636679649353027e-01
3.659892380237579346e-01
3.651158511638641357e-01
3.642452061176300049e-01
3.633764684200286865e-01
3.625096380710601807e-01
3.616446554660797119e-01
3.607815802097320557e-01
3.599204123020172119e-01
3.590621650218963623e-01
3.582047224044799805e-01
3.573491573333740234e-01
3.564954400062561035e-01
3.556416034698486328e-01
3.547884523868560791e-01
3.539365231990814209e-01
3.530876040458679199e-01
3.522407114505767822e-01
3.513959348201751709e-01
3.505532145500183105e-01
3.497125804424285889e-01
3.488742113113403320e-01
3.480377495288848877e-01
3.472033143043518066e-01
3.463709354400634766e-01
3.455406129360198975e-01
3.447123765945434570e-01
3.438853025436401367e-01
3.430611491203308105e-01
3.422390222549438477e-01
3.414189219474792480e-01
3.406008780002593994e-01
3.397848308086395264e-01
3.389710187911987305e-01
3.381589949131011963e-01
3.373490273952484131e-01
3.365410566329956055e-01
3.357350826263427734e-01
3.349311351776123047e-01
3.341283798217773438e-01
3.333283960819244385e-01
3.325304388999938965e-01
3.317344486713409424e-01
3.309404253959655762e-01
3.301483988761901855e-01
3.293575942516326904e-01
3.285695016384124756e-01
3.277815878391265869e-01
3.269974291324615479e-01
3.262152373790740967e-01
3.254349827766418457e-01
3.246559202671051025e-01
3.238804936408996582e-01
3.231060802936553955e-01
3.223336040973663330e-01
3.215630650520324707e-01
3.207944929599761963e-01
3.200270235538482666e-01
3.192622661590576172e-01
3.184994161128997803e-01
3.177384734153747559e-01
3.169794678688049316e-01
3.162223398685455322e-01
3.154663741588592529e-01
3.147130608558654785e-01
3.139616250991821289e-01
3.132120966911315918e-01
3.124644458293914795e-01
3.117186725139617920e-01
3.109747767448425293e-01
3.102320134639739990e-01
3.094918429851531982e-01
3.087535798549652100e-01
3.080179691314697266e-01
3.072834014892578125e-01
3.065506815910339355e-01
3.058190643787384033e-01
3.050900399684906006e-01
3.043628633022308350e-01
3.036375045776367188e-01
3.029817044734954834e-01
3.023612201213836670e-01
3.017431497573852539e-01
3.011243045330047607e-01
3.005089461803436279e-01
2.998960316181182861e-01
2.992840707302093506e-01
2.986745536327362061e-01
2.980660200119018555e-01
2.974591553211212158e-01
2.968547046184539795e-01
2.962512373924255371e-01
2.956501543521881104e-01
2.950507700443267822e-01
2.944505810737609863e-01
2.938545048236846924e-01
2.932593524456024170e-01
2.926665842533111572e-01
2.920747697353363037e-01
2.914845943450927734e-01
2.908967435359954834e-01
2.903098464012145996e-01
2.897252738475799561e-01
2.891416549682617188e-01
2.885586023330688477e-01
2.879782319068908691e-01
2.873994708061218262e-01
2.868230044841766357e-01
2.862474918365478516e-01
2.856742143630981445e-01
2.851019203662872314e-01
2.845312058925628662e-01
2.839627265930175781e-01
2.833952009677886963e-01
2.828281819820404053e-01
2.822638154029846191e-01
2.817010283470153809e-01
2.811404764652252197e-01
2.805808484554290771e-01
2.800234258174896240e-01
2.794668972492218018e-01
2.789126038551330566e-01
2.783592045307159424e-01
2.778073847293853760e-01
2.772560417652130127e-01
2.767072916030883789e-01
2.761607170104980469e-01
2.756150662899017334e-01
2.750709354877471924e-01
2.745289802551269531e-01
2.739879190921783447e-01
2.734490036964416504e-01
2.729109823703765869e-01
2.723744809627532959e-01
2.718384265899658203e-01
2.713049352169036865e-01
2.707735896110534668e-01
2.702431380748748779e-01
2.697141766548156738e-01
2.691873311996459961e-01
2.686613500118255615e-01
2.681374847888946533e-01
2.676145136356353760e-01
2.670935988426208496e-01
2.665719389915466309e-01
2.660534083843231201e-01
2.655369341373443604e-01
2.650213539600372314e-01
2.645078599452972412e-01
2.639952003955841064e-01
2.634840309619903564e-01
2.630253136157989502e-01
2.626404762268066406e-01
2.622573375701904297e-01
2.618747949600219727e-01
2.614950239658355713e-01
2.611147761344909668e-01
2.607356607913970947e-01
2.603576779365539551e-01
2.599808573722839355e-01
2.596068084239959717e-01
2.592322528362274170e-01
2.588587999343872070e-01
2.584865093231201172e-01
2.581153512001037598e-01
2.577469050884246826e-01
2.573780119419097900e-01
2.570102214813232422e-01
2.566435337066650391e-01
2.562779784202575684e-01
2.559151649475097656e-01
2.555518448352813721e-01
2.551896274089813232e-01
2.548285126686096191e-01
2.544685304164886475e-01
2.541112601757049561e-01
2.537534832954406738e-01
2.533968091011047363e-01
2.530412077903747559e-01
2.526867687702178955e-01
2.523349821567535400e-01
2.519832551479339600e-01
2.516320645809173584e-01
2.512819766998291016e-01
2.509329915046691895e-01
2.505850791931152344e-01
2.502398788928985596e-01
2.498936057090759277e-01
2.495489716529846191e-01
2.492054253816604614e-01
2.488629668951034546e-01
2.485231608152389526e-01
2.481828629970550537e-01
2.478436529636383057e-01
2.475055158138275146e-01
2.471684515476226807e-01
2.468340247869491577e-01
2.464991211891174316e-01
2.461652755737304688e-01
2.458325177431106567e-01
2.455008327960968018e-01
2.451717555522918701e-01
2.448422014713287354e-01
2.445137053728103638e-01
2.441862821578979492e-01
2.438599318265914917e-01
2.435361891984939575e-01
2.432119697332382202e-01
2.428887933492660522e-01
2.425671815872192383e-01
2.422461360692977905e-01
2.419276833534240723e-01
2.416087538003921509e-01
2.412908822298049927e-01
2.409740537405014038e-01
2.406578063964843750e-01
2.403446286916732788e-01
2.400309741497039795e-01
2.397183626890182495e-01
2.394068092107772827e-01
2.390963137149810791e-01
2.387883663177490234e-01
2.384799569845199585e-01
2.381726056337356567e-01
2.378662824630737305e-01
2.375610172748565674e-01
2.372583001852035522e-01
2.369575649499893188e-01
2.366863787174224854e-01
2.364171445369720459e-01
2.361473143100738525e-01
2.358798831701278687e-01
2.356118708848953247e-01
2.353462576866149902e-01
2.350815236568450928e-01
2.348162233829498291e-01
2.345533072948455811e-01
2.342893481254577637e-01
2.340282350778579712e-01
2.337680310010910034e-01
2.335072308778762817e-01
2.332487851381301880e-01
2.329897880554199219e-01
2.327331453561782837e-01
2.324773967266082764e-01
2.322210669517517090e-01
2.319671064615249634e-01
2.317125499248504639e-01
2.314603626728057861e-01
2.312076091766357422e-01
2.309571802616119385e-01
2.307076454162597656e-01
2.304575443267822266e-01
2.302097678184509277e-01
2.299614250659942627e-01
2.297154068946838379e-01
2.294702827930450439e-01
2.292245626449584961e-01
2.289811819791793823e-01
2.287372201681137085e-01
2.284955829381942749e-01
2.282529473304748535e-01
2.280130535364151001e-01
2.277740240097045898e-01
2.275343984365463257e-01
2.272970974445343018e-01
2.270592302083969116e-01
2.268236279487609863e-01
2.265889048576354980e-01
2.263540178537368774e-01
2.261209934949874878e-01
2.258874177932739258e-01
2.256560921669006348e-01
2.254237979650497437e-01
2.251941859722137451e-01
2.249654084444046021e-01
2.247360646724700928e-01
2.245089560747146606e-01
2.242812812328338623e-01
2.240558713674545288e-01
2.238312661647796631e-01
2.236060947179794312e-01
2.233831733465194702e-01
2.231596559286117554e-01
2.229383736848831177e-01
2.227175086736679077e-01
2.224964648485183716e-01
2.222776114940643311e-01
2.220582067966461182e-01
2.218409776687622070e-01
2.216235548257827759e-01
2.214079499244689941e-01
2.211931347846984863e-01
2.209777235984802246e-01
2.207644879817962646e-01
2.205506712198257446e-01
2.203386276960372925e-01
2.201277464628219604e-01
2.199162840843200684e-01
2.197069525718688965e-01
2.194970250129699707e-01
2.192892283201217651e-01
2.190808355808258057e-01
2.188745588064193726e-01
2.186690419912338257e-01
2.184629142284393311e-01
2.182585150003433228e-01
2.180538773536682129e-01
2.178513407707214355e-01
2.176542729139328003e-01
2.175174504518508911e-01
2.173811197280883789e-01
2.172449231147766113e-01
2.171108722686767578e-01
2.169756144285202026e-01
2.168411761522293091e-01
2.167068421840667725e-01
2.165746539831161499e-01
2.164415866136550903e-01
2.163089513778686523e-01
2.161777168512344360e-01
2.160456180572509766e-01
2.159142792224884033e-01
2.157833576202392578e-01
2.156541794538497925e-01
2.155237495899200439e-01
2.153940498828887939e-01
2.152660638093948364e-01
2.151368260383605957e-01
2.150079756975173950e-01
2.148798406124114990e-01
2.147533744573593140e-01
2.146259695291519165e-01
2.144989371299743652e-01
2.143719047307968140e-01
2.142465114593505859e-01
2.141205072402954102e-01
2.139948457479476929e-01
2.138704359531402588e-01
2.137454152107238770e-01
2.136207073926925659e-01
2.134962975978851318e-01
2.133734524250030518e-01
2.132489681243896484e-01
2.131254374980926514e-01
2.130021750926971436e-01
2.128804326057434082e-01
2.127573788166046143e-01
2.126349061727523804e-01
2.125139236450195312e-01
2.123916149139404297e-01
2.122695297002792358e-01
2.121479809284210205e-01
2.120279073715209961e-01
2.119068056344985962e-01
2.117858976125717163e-01
2.116648554801940918e-01
2.115452438592910767e-01
2.114249020814895630e-01
2.113047242164611816e-01
2.111856043338775635e-01
2.110657393932342529e-01
2.109460234642028809e-01
2.108264416456222534e-01
2.107082158327102661e-01
2.105882614850997925e-01
2.104690521955490112e-01
2.103511691093444824e-01
2.102321684360504150e-01
2.101129293441772461e-01
2.099941074848175049e-01
2.098765522241592407e-01
2.097575664520263672e-01
2.096386402845382690e-01
2.095200568437576294e-01
2.094027251005172729e-01
2.092842310667037964e-01
2.091657817363739014e-01
2.090479135513305664e-01
2.089294791221618652e-01
2.088110595941543579e-01
2.086926400661468506e-01
2.085750550031661987e-01
2.084563076496124268e-01
2.083378434181213379e-01
2.082193195819854736e-01
2.081019431352615356e-01
2.079830318689346313e-01
2.078643739223480225e-01
2.077465206384658813e-01
2.076277434825897217e-01
2.075085639953613281e-01
2.073896080255508423e-01
2.072717249393463135e-01
2.071523070335388184e-01
2.070330679416656494e-01
2.069133967161178589e-01
2.067950665950775146e-01
2.067114412784576416e-01
2.066382318735122681e-01
2.065639346837997437e-01
2.064902186393737793e-01
2.064165621995925903e-01
2.063426524400711060e-01
2.062682211399078369e-01
2.061934918165206909e-01
2.061188220977783203e-01
2.060427665710449219e-01
2.059675753116607666e-01
2.058915197849273682e-01
2.058157771825790405e-01
2.057397514581680298e-01
2.056634426116943359e-01
2.055865526199340820e-01
2.055083066225051880e-01
2.054311484098434448e-01
2.053537070751190186e-01
2.052759677171707153e-01
2.051976174116134644e-01
2.051190286874771118e-01
2.050403952598571777e-01
2.049603611230850220e-01
2.048808187246322632e-01
2.048012763261795044e-01
2.047214210033416748e-01
2.046409994363784790e-01
2.045602202415466309e-01
2.044794261455535889e-01
2.043972462415695190e-01
2.043158411979675293e-01
2.042335420846939087e-01
2.041514962911605835e-01
2.040691375732421875e-01
2.039864510297775269e-01
2.039031386375427246e-01
2.038184851408004761e-01
2.037348449230194092e-01
2.036508768796920776e-01
2.035662680864334106e-01
2.034816741943359375e-01
2.033964842557907104e-01
2.033101618289947510e-01
2.032242715358734131e-01
2.031383812427520752e-01
2.030521631240844727e-01
2.029653787612915039e-01
2.028781920671463013e-01
2.027910053730010986e-01
2.027024477720260620e-01
2.026146352291107178e-01
2.025259286165237427e-01
2.024374753236770630e-01
2.023486942052841187e-01
2.022596150636672974e-01
2.021696418523788452e-01
2.020788788795471191e-01
2.019888609647750854e-01
2.018985301256179810e-01
2.018073052167892456e-01
2.017163634300231934e-01
2.016251087188720703e-01
2.015335410833358765e-01
2.014400810003280640e-01
2.013479173183441162e-01
2.012554556131362915e-01
2.011627107858657837e-01
2.010694295167922974e-01
2.009757608175277710e-01
2.008821368217468262e-01
2.007872015237808228e-01
2.006927728652954102e-01
2.005979716777801514e-01
2.005032151937484741e-01
2.004081904888153076e-01
2.003126442432403564e-01
2.002167403697967529e-01
2.001198828220367432e-01
2.000237703323364258e-01
1.999271810054779053e-01
1.998302191495895386e-01
1.997333467006683350e-01
1.996362060308456421e-01
1.995386034250259399e-01
1.994396299123764038e-01
1.993417441844940186e-01
1.992436498403549194e-01
1.991450786590576172e-01
1.990461498498916626e-01
1.989473551511764526e-01
1.988483220338821411e-01
1.987478286027908325e-01
1.986480206251144409e-01
1.985483467578887939e-01
1.984555423259735107e-01
1.983743757009506226e-01
1.982919424772262573e-01
1.982105672359466553e-01
1.981273740530014038e-01
1.980451494455337524e-01
1.979616731405258179e-01
1.978792846202850342e-01
1.977951079607009888e-01
1.977118998765945435e-01
1.976278126239776611e-01
1.975441575050354004e-01
1.974590718746185303e-01
1.973749697208404541e-01
1.972900182008743286e-01
1.972055137157440186e-01
1.971195936203002930e-01
1.970347017049789429e-01
1.969489604234695435e-01
1.968636959791183472e-01
1.967770308256149292e-01
1.966917663812637329e-01
1.966049969196319580e-01
1.965190321207046509e-01
1.964317262172698975e-01
1.963458061218261719e-01
1.962584257125854492e-01
1.961718648672103882e-01
1.960843354463577271e-01
1.959975212812423706e-01
1.959096044301986694e-01
1.958225369453430176e-01
1.957345008850097656e-01
1.956472098827362061e-01
1.955588310956954956e-01
1.954716742038726807e-01
1.953828930854797363e-01
1.952951997518539429e-01
1.952064484357833862e-01
1.951187252998352051e-01
1.950298100709915161e-01
1.949418038129806519e-01
1.948525458574295044e-01
1.947647333145141602e-01
1.946755647659301758e-01
1.945871114730834961e-01
1.944981813430786133e-01
1.944098174571990967e-01
1.943202465772628784e-01
1.942318230867385864e-01
1.941427290439605713e-01
1.940540373325347900e-01
1.939645409584045410e-01
1.938763409852981567e-01
1.937866210937500000e-01
1.936980634927749634e-01
1.936085224151611328e-01
1.935200840234756470e-01
1.934305429458618164e-01
1.933419704437255859e-01
1.932525783777236938e-01
1.931640356779098511e-01
1.930745393037796021e-01
1.929858028888702393e-01
1.928966939449310303e-01
1.928082257509231567e-01
1.927188187837600708e-01
1.926302164793014526e-01
1.925412267446517944e-01
1.924529075622558594e-01
1.923634558916091919e-01
1.922755539417266846e-01
1.921864300966262817e-01
1.920980960130691528e-01
1.920090615749359131e-01
1.919213682413101196e-01
1.918322741985321045e-01
1.917443871498107910e-01
1.916559487581253052e-01
1.915680170059204102e-01
1.914793998003005981e-01
1.913917958736419678e-01
1.913034915924072266e-01
1.912160515785217285e-01
1.911277621984481812e-01
1.910406500101089478e-01
1.909525394439697266e-01
1.908654719591140747e-01
1.907773762941360474e-01
1.906908303499221802e-01
1.906031072139739990e-01
1.905162632465362549e-01
1.904287636280059814e-01
1.903426349163055420e-01
1.902553588151931763e-01
1.901689469814300537e-01
1.900822222232818604e-01
1.899962276220321655e-01
1.899092346429824829e-01
1.898234784603118896e-01
1.897372454404830933e-01
1.896515637636184692e-01
1.895652562379837036e-01
1.894835829734802246e-01
1.894396245479583740e-01
1.893968135118484497e-01
1.893531084060668945e-01
1.893098652362823486e-01
1.892671734094619751e-01
1.892236024141311646e-01
1.891808062791824341e-01
1.891369968652725220e-01
1.890944838523864746e-01
1.890508979558944702e-01
1.890084743499755859e-01
1.889660954475402832e-01
1.889223456382751465e-01
1.888800561428070068e-01
1.888369023799896240e-01
1.887945383787155151e-01
1.887511610984802246e-01
1.887089014053344727e-01
1.886668652296066284e-01
1.886239647865295410e-01
1.885815411806106567e-01
1.885387599468231201e-01
1.884967535734176636e-01
1.884540766477584839e-01
1.884120404720306396e-01
1.883702129125595093e-01
1.883276849985122681e-01
1.882859766483306885e-01
1.882435679435729980e-01
1.882018148899078369e-01
1.881593614816665649e-01
1.881180554628372192e-01
1.880767941474914551e-01
1.880341917276382446e-01
1.879930645227432251e-01
1.879508942365646362e-01
1.879098862409591675e-01
1.878677010536193848e-01
1.878266334533691406e-01
1.877858042716979980e-01
1.877439618110656738e-01
1.877029389142990112e-01
1.876613795757293701e-01
1.876206398010253906e-01
1.875792145729064941e-01
1.875385940074920654e-01
1.874978840351104736e-01
1.874566525220870972e-01
1.874162256717681885e-01
1.873751282691955566e-01
1.873345226049423218e-01
1.872935593128204346e-01
1.872535496950149536e-01
1.872134655714035034e-01
1.871723830699920654e-01
1.871324181556701660e-01
1.870917975902557373e-01
1.870521306991577148e-01
1.870111525058746338e-01
1.869716346263885498e-01
1.869321614503860474e-01
1.868917047977447510e-01
1.868523806333541870e-01
1.868117749691009521e-01
1.867725849151611328e-01
1.867325603961944580e-01
1.866933554410934448e-01
1.866531819105148315e-01
1.866141110658645630e-01
1.865752786397933960e-01
1.865356117486953735e-01
1.864964514970779419e-01
1.864569336175918579e-01
1.864182204008102417e-01
1.863788366317749023e-01
1.863401085138320923e-01
1.863016039133071899e-01
1.862624436616897583e-01
1.862240731716156006e-01
1.861850619316101074e-01
1.861466914415359497e-01
1.861076653003692627e-01
1.860697418451309204e-01
1.860317438840866089e-01
1.859927773475646973e-01
1.859550774097442627e-01
1.859164088964462280e-01
1.858788430690765381e-01
1.858401745557785034e-01
1.858026087284088135e-01
1.857652515172958374e-01
1.857269406318664551e-01
1.856894493103027344e-01
1.856514513492584229e-01
1.856142282485961914e-01
1.855763643980026245e-01
1.855390220880508423e-01
1.855021715164184570e-01
1.854643821716308594e-01
1.854276806116104126e-01
1.853900402784347534e-01
1.853532046079635620e-01
1.853156983852386475e-01
1.852792948484420776e-01
1.852428019046783447e-01
1.852053999900817871e-01
1.851690560579299927e-01
1.851320713758468628e-01
1.850960254669189453e-01
1.850587576627731323e-01
1.850228607654571533e-01
1.849868893623352051e-01
1.849404275417327881e-01
1.848910152912139893e-01
1.848415285348892212e-01
1.847922652959823608e-01
1.847432404756546021e-01
1.846941411495208740e-01
1.846452504396438599e-01
1.845971792936325073e-01
1.845484524965286255e-01
1.844993978738784790e-01
1.844508349895477295e-01
1.844023466110229492e-01
1.843537986278533936e-01
1.843054741621017456e-01
1.842571049928665161e-01
1.842089295387268066e-01
1.841615587472915649e-01
1.841132789850234985e-01
1.840652078390121460e-01
1.840173602104187012e-01
1.839694529771804810e-01
1.839217543601989746e-01
1.838740110397338867e-01
1.838264763355255127e-01
1.837788969278335571e-01
1.837320774793624878e-01
1.836847960948944092e-01
1.836374402046203613e-01
1.835902929306030273e-01
1.835431009531021118e-01
1.834961175918579102e-01
1.834490746259689331e-01
1.834022551774978638e-01
1.833559423685073853e-01
1.833092719316482544e-01
1.832625567913055420e-01
1.832160502672195435e-01
1.831694841384887695e-01
1.831231266260147095e-01
1.830767244100570679e-01
1.830302476882934570e-01
1.829841285943984985e-01
1.829387992620468140e-01
1.828928291797637939e-01
1.828468143939971924e-01
1.828009933233261108e-01
1.827551424503326416e-01
1.827094852924346924e-01
1.826635152101516724e-01
1.826180219650268555e-01
1.825724691152572632e-01
1.825279593467712402e-01
1.824825704097747803e-01
1.824373751878738403e-01
1.823921352624893188e-01
1.823471039533615112e-01
1.823018789291381836e-01
1.822568774223327637e-01
1.822120696306228638e-01
1.821672171354293823e-01
1.821233928203582764e-01
1.820786893367767334e-01
1.820341944694519043e-01
1.819893866777420044e-01
1.819450408220291138e-01
1.819006502628326416e-01
1.818564534187316895e-01
1.818122118711471558e-01
1.817689985036849976e-01
1.817249059677124023e-01
1.816810220479965210e-01
1.816368252038955688e-01
1.815930753946304321e-01
1.815492957830429077e-01
1.815055906772613525e-01
1.814620792865753174e-01
1.814185231924057007e-01
1.813759803771972656e-01
1.813325732946395874e-01
1.812891066074371338e-01
1.812458634376525879e-01
1.812027841806411743e-01
1.811596900224685669e-01
1.811167746782302856e-01
1.810738146305084229e-01
1.810309439897537231e-01
1.809888035058975220e-01
1.809460669755935669e-01
1.809035241603851318e-01
1.808609515428543091e-01
1.808185428380966187e-01
1.807761192321777344e-01
1.807338595390319824e-01
1.806915849447250366e-01
1.806492209434509277e-01
1.806079000234603882e-01
1.805658340454101562e-01
1.805239468812942505e-01
1.804820299148559570e-01
1.804402917623519897e-01
1.803985089063644409e-01
1.803569197654724121e-01
1.803150475025177002e-01
1.802736073732376099e-01
1.802329272031784058e-01
1.801916211843490601e-01
1.801502853631973267e-01
1.801090091466903687e-01
1.800679266452789307e-01
1.800265610218048096e-01
1.799856126308441162e-01
1.799446344375610352e-01
1.799046397209167480e-01
1.798637956380844116e-01
1.798231452703475952e-01
1.797824501991271973e-01
1.797418296337127686e-01
1.797011345624923706e-01
1.796606481075286865e-01
1.796203553676605225e-01
1.795800179243087769e-01
1.795406341552734375e-01
1.794955134391784668e-01
1.794396936893463135e-01
1.793828606605529785e-01
1.793269664049148560e-01
1.792705208063125610e-01
1.792147010564804077e-01
1.791582703590393066e-01
1.791028529405593872e-01
1.790465861558914185e-01
1.789910942316055298e-01
1.789352297782897949e-01
1.788798868656158447e-01
1.788247376680374146e-01
1.787690073251724243e-01
1.787140071392059326e-01
1.786582171916961670e-01
1.786035150289535522e-01
1.785479784011840820e-01
1.784932017326354980e-01
1.784380674362182617e-01
1.783834546804428101e-01
1.783282309770584106e-01
1.782740056514739990e-01
1.782189458608627319e-01
1.781648844480514526e-01
1.781099736690521240e-01
1.780558526515960693e-01
1.780012547969818115e-01
1.779473572969436646e-01
1.778934597969055176e-01
1.778391748666763306e-01
1.777854263782501221e-01
1.777310818433761597e-01
1.776777356863021851e-01
1.776234507560729980e-01
1.775701045989990234e-01
1.775162220001220703e-01
1.774630397558212280e-01
1.774090677499771118e-01
1.773561835289001465e-01
1.773024499416351318e-01
1.772494912147521973e-01
1.771960705518722534e-01
1.771433353424072266e-01
1.770906150341033936e-01
1.770374178886413574e-01
1.769849359989166260e-01
1.769316643476486206e-01
1.768795549869537354e-01
1.768264472484588623e-01
1.767741739749908447e-01
1.767215281724929810e-01
1.766694188117980957e-01
1.766166239976882935e-01
1.765649616718292236e-01
1.765123158693313599e-01
1.764605939388275146e-01
1.764083057641983032e-01
1.763566583395004272e-01
1.763051599264144897e-01
1.762531101703643799e-01
1.762016862630844116e-01
1.761496514081954956e-01
1.760986000299453735e-01
1.760466247797012329e-01
1.759955734014511108e-01
1.759440004825592041e-01
1.758930832147598267e-01
1.758414357900619507e-01
1.757908165454864502e-01
1.757393777370452881e-01
1.756886988878250122e-01
1.756375730037689209e-01
1.755871176719665527e-01
1.755366474390029907e-01
1.754858046770095825e-01
1.754354983568191528e-01
1.753845065832138062e-01
1.753346323966979980e-01
1.752838045358657837e-01
1.752337813377380371e-01
1.751833856105804443e-01
1.751335114240646362e-01
1.750829666852951050e-01
1.750335395336151123e-01
1.749831438064575195e-01
1.749336421489715576e-01
1.748836040496826172e-01
1.748341619968414307e-01
1.747843474149703979e-01
1.747350543737411499e-01
1.746858507394790649e-01
1.746362447738647461e-01
1.745871752500534058e-01
1.745374947786331177e-01
1.744887977838516235e-01
1.744391918182373047e-01
1.743904799222946167e-01
1.743412315845489502e-01
1.742925941944122314e-01
1.742433458566665649e-01
1.741950660943984985e-01
1.741458922624588013e-01
1.740975975990295410e-01
1.740487962961196899e-01
1.740006357431411743e-01
1.739525049924850464e-01
1.739038974046707153e-01
1.738559454679489136e-01
1.738072931766510010e-01
1.737596243619918823e-01
1.737111657857894897e-01
1.736634373664855957e-01
1.736152619123458862e-01
1.735677272081375122e-01
1.735194772481918335e-01
1.734723001718521118e-01
1.734241992235183716e-01
1.733768880367279053e-01
1.733291894197463989e-01
1.732820123434066772e-01
1.732349097728729248e-01
1.731874197721481323e-01
1.731404513120651245e-01
1.730928122997283936e-01
1.730462461709976196e-01
1.729987561702728271e-01
1.729520708322525024e-01
1.729049235582351685e-01
1.728584319353103638e-01
1.728112101554870605e-01
1.727649867534637451e-01
1.727179735898971558e-01
1.726716756820678711e-01
1.726197898387908936e-01
1.725229471921920776e-01
1.724253743886947632e-01
1.723288148641586304e-01
1.722322106361389160e-01
1.721352785825729370e-01
1.720389574766159058e-01
1.719422489404678345e-01
1.718462258577346802e-01
1.717498600482940674e-01
1.716541200876235962e-01
1.715580075979232788e-01
1.714625507593154907e-01
1.713674813508987427e-01
1.712715923786163330e-01
1.711767613887786865e-01
1.710812002420425415e-01
1.709866672754287720e-01
1.708913594484329224e-01
1.707970947027206421e-01
1.707021147012710571e-01
1.706081330776214600e-01
1.705133914947509766e-01
1.704197525978088379e-01
1.703260093927383423e-01
1.702318936586380005e-01
1.701384186744689941e-01
1.700446307659149170e-01
1.699514538049697876e-01
1.698579043149948120e-01
1.697650104761123657e-01
1.696717888116836548e-01
1.695791780948638916e-01
1.694868952035903931e-01
1.693938970565795898e-01
1.693018972873687744e-01
1.692091375589370728e-01
1.691174209117889404e-01
1.690249741077423096e-01
1.689335405826568604e-01
1.688413470983505249e-01
1.687502264976501465e-01
1.686583012342453003e-01
1.685674190521240234e-01
1.684764921665191650e-01
1.683852076530456543e-01
1.682945638895034790e-01
