8.020663261413574219e-01
7.999761700630187988e-01
8.013548254966735840e-01
8.082236647605895996e-01
8.199895620346069336e-01
8.352779746055603027e-01
8.521261215209960938e-01
8.687161207199096680e-01
8.833502531051635742e-01
8.941922187805175781e-01
8.995466828346252441e-01
8.989118933677673340e-01
8.937178850173950195e-01
8.868001103401184082e-01
8.806607127189636230e-01
8.759812116622924805e-01
8.711774945259094238e-01
8.645651340484619141e-01
8.564372658729553223e-01
8.478591442108154297e-01
8.408859968185424805e-01
8.363385796546936035e-01
8.340796232223510742e-01
8.334941267967224121e-01
8.336936235427856445e-01
8.336566090583801270e-01
8.325327038764953613e-01
8.299885988235473633e-01
8.263053894042968750e-01
8.223687410354614258e-01
8.192536830902099609e-01
8.178954124450683594e-01
8.188839554786682129e-01
8.225074410438537598e-01
8.274158239364624023e-01
8.300713300704956055e-01
8.349493741989135742e-01
8.429260849952697754e-01
8.520468473434448242e-01
8.611881136894226074e-01
8.695631623268127441e-01
8.765826225280761719e-01
8.821527957916259766e-01
8.869263529777526855e-01
8.920416831970214844e-01
8.980470895767211914e-01
9.039465188980102539e-01
9.078619480133056641e-01
9.086219668388366699e-01
9.063627719879150391e-01
9.020407199859619141e-01
8.973463773727416992e-01
8.923092484474182129e-01
8.867959380149841309e-01
8.816713690757751465e-01
8.771628141403198242e-01
8.733301758766174316e-01
8.701560497283935547e-01
8.675266504287719727e-01
8.652085065841674805e-01
8.629299402236938477e-01
8.603863716125488281e-01
8.572221994400024414e-01
8.530212044715881348e-01
8.477164506912231445e-01
8.429239392280578613e-01
8.386275768280029297e-01
8.313770890235900879e-01
8.254479765892028809e-01
8.208318352699279785e-01
8.175793886184692383e-01
8.156431913375854492e-01
8.149945735931396484e-01
8.154918551445007324e-01
8.170058131217956543e-01
8.196101784706115723e-01
8.216045498847961426e-01
8.194235563278198242e-01
8.207942247390747070e-01
8.240143060684204102e-01
8.296499848365783691e-01
8.373860716819763184e-01
8.465865850448608398e-01
8.567023277282714844e-01
8.703243732452392578e-01
8.781607151031494141e-01
8.876632452011108398e-01
8.960120677947998047e-01
9.026939868927001953e-01
9.074338674545288086e-01
9.101224541664123535e-01
9.107884168624877930e-01
9.096488952636718750e-01
9.070359468460083008e-01
9.033305644989013672e-01
8.990422487258911133e-01
8.946152329444885254e-01
8.904221653938293457e-01
8.867169618606567383e-01
8.836662769317626953e-01
8.813188672065734863e-01
8.796143531799316406e-01
8.784430027008056641e-01
8.774399161338806152e-01
8.762784600257873535e-01
8.746202588081359863e-01
8.722000718116760254e-01
8.688762784004211426e-01
8.647274374961853027e-01
8.600160479545593262e-01
8.551205992698669434e-01
8.504847884178161621e-01
8.461857438087463379e-01
8.415676355361938477e-01
8.356547951698303223e-01
8.280755281448364258e-01
8.195461630821228027e-01
8.110490441322326660e-01
8.032733201980590820e-01
7.965808510780334473e-01
7.910432815551757812e-01
7.866288423538208008e-01
7.833071947097778320e-01
7.810320258140563965e-01
7.797657251358032227e-01
7.794759869575500488e-01
7.801400423049926758e-01
7.817448377609252930e-01
7.842981219291687012e-01
7.877053618431091309e-01
7.919402718544006348e-01
7.969114184379577637e-01
8.025668859481811523e-01
8.087996840476989746e-01
8.155102133750915527e-01
8.225757479667663574e-01
8.297924995422363281e-01
8.369712233543395996e-01
8.439299464225769043e-01
8.504186868667602539e-01
8.562598228454589844e-01
8.613204360008239746e-01
8.655112385749816895e-01
8.688814043998718262e-01
8.715904355049133301e-01
8.738958835601806641e-01
8.761766552925109863e-01
8.788873553276062012e-01
8.823515772819519043e-01
8.866168260574340820e-01
8.947339057922363281e-01
8.966706991195678711e-01
8.966751694679260254e-01
8.955197930335998535e-01
8.941939473152160645e-01
8.933678269386291504e-01
8.932973742485046387e-01
8.939781785011291504e-01
8.951116204261779785e-01
8.963298201560974121e-01
8.972203731536865234e-01
8.973592519760131836e-01
8.963639736175537109e-01
8.939464092254638672e-01
8.899342417716979980e-01
8.842844367027282715e-01
8.771333694458007812e-01
8.687075972557067871e-01
8.592950105667114258e-01
8.492540121078491211e-01
8.388807177543640137e-01
8.284540772438049316e-01
8.181725740432739258e-01
8.082453608512878418e-01
7.987583279609680176e-01
7.897773981094360352e-01
7.813234329223632812e-01
7.734523415565490723e-01
7.661786079406738281e-01
7.594888210296630859e-01
7.533756494522094727e-01
7.478488087654113770e-01
7.428760528564453125e-01
7.384520769119262695e-01
7.344986796379089355e-01
7.309082150459289551e-01
7.274345159530639648e-01
7.237294912338256836e-01
7.194264531135559082e-01
7.146946787834167480e-01
7.105956673622131348e-01
7.084004878997802734e-01
7.083516716957092285e-01
7.099215984344482422e-01
7.125462293624877930e-01
7.159087657928466797e-01
7.198473811149597168e-01
7.243111729621887207e-01
7.292720079421997070e-01
7.347123622894287109e-01
7.406105399131774902e-01
7.469396591186523438e-01
7.536053657531738281e-01
7.606177330017089844e-01
7.679224014282226562e-01
7.754547595977783203e-01
7.831611037254333496e-01
7.909201979637145996e-01
7.986637353897094727e-01
8.062982559204101562e-01
8.137267231941223145e-01
8.208520412445068359e-01
8.275669813156127930e-01
8.338181376457214355e-01
8.395468592643737793e-01
8.447298407554626465e-01
8.494576215744018555e-01
8.538063168525695801e-01
8.578953146934509277e-01
8.618978261947631836e-01
8.659604191780090332e-01
8.702327609062194824e-01
8.748297095298767090e-01
8.798714876174926758e-01
8.854025602340698242e-01
8.914024829864501953e-01
8.977914452552795410e-01
9.042319655418395996e-01
9.099506735801696777e-01
9.139748811721801758e-01
9.164908528327941895e-01
9.189043641090393066e-01
9.215912818908691406e-01
9.239562749862670898e-01
9.253805279731750488e-01
9.255044460296630859e-01
9.241567850112915039e-01
9.212825894355773926e-01
9.169447422027587891e-01
9.112274050712585449e-01
9.043177962303161621e-01
8.963713049888610840e-01
8.876261115074157715e-01
8.782194852828979492e-01
8.683975338935852051e-01
8.582931160926818848e-01
8.481613397598266602e-01
8.381782770156860352e-01
8.288206458091735840e-01
8.237415552139282227e-01
8.145559430122375488e-01
8.043735623359680176e-01
7.944819927215576172e-01
7.850983738899230957e-01
7.762693762779235840e-01
7.680031061172485352e-01
7.603350281715393066e-01
7.532387971878051758e-01
7.467154860496520996e-01
7.406341433525085449e-01
7.347444891929626465e-01
7.281071543693542480e-01
7.197598814964294434e-01
7.151772379875183105e-01
7.138230204582214355e-01
7.123638987541198730e-01
7.107832431793212891e-01
7.093508243560791016e-01
7.081978321075439453e-01
7.073725461959838867e-01
7.069069147109985352e-01
7.068145871162414551e-01
7.070927619934082031e-01
7.077353000640869141e-01
7.087413668632507324e-01
7.101056575775146484e-01
7.118345499038696289e-01
7.139259576797485352e-01
7.164081931114196777e-01
7.193087935447692871e-01
7.227155566215515137e-01
7.267177104949951172e-01
7.313416600227355957e-01
7.359229922294616699e-01
7.387624382972717285e-01
7.326076030731201172e-01
7.398149371147155762e-01
7.477079033851623535e-01
7.528705596923828125e-01
7.578228712081909180e-01
7.628535628318786621e-01
7.680316567420959473e-01
7.733207941055297852e-01
7.787333130836486816e-01
7.842320799827575684e-01
7.897810339927673340e-01
7.953898906707763672e-01
8.010085821151733398e-01
8.066516518592834473e-01
8.122893571853637695e-01
8.178938627243041992e-01
8.234903812408447266e-01
8.290439248085021973e-01
8.346008062362670898e-01
8.401516675949096680e-01
8.456744551658630371e-01
8.512136936187744141e-01
8.567512631416320801e-01
8.623192906379699707e-01
8.679314255714416504e-01
8.736006021499633789e-01
8.793365359306335449e-01
8.851261734962463379e-01
8.910064697265625000e-01
8.969536423683166504e-01
9.029574394226074219e-01
9.089992046356201172e-01
9.150561690330505371e-01
9.210805296897888184e-01
9.270735383033752441e-01
9.329761862754821777e-01
9.388032555580139160e-01
9.444498419761657715e-01
9.498505592346191406e-01
9.549342989921569824e-01
9.596772193908691406e-01
9.640063643455505371e-01
9.678670167922973633e-01
9.711964130401611328e-01
9.739584922790527344e-01
9.761143922805786133e-01
9.776130914688110352e-01
9.784309267997741699e-01
9.785447716712951660e-01
9.779406785964965820e-01
9.766140580177307129e-01
9.745614528656005859e-01
9.718123078346252441e-01
9.683848023414611816e-01
9.643181562423706055e-01
9.596741199493408203e-01
9.544824361801147461e-01
9.487973451614379883e-01
9.426547884941101074e-01
9.361569881439208984e-01
9.293450713157653809e-01
9.222831130027770996e-01
9.150321483612060547e-01
9.076513051986694336e-01
9.001979827880859375e-01
8.927247524261474609e-01
8.853073716163635254e-01
8.779397606849670410e-01
8.707121014595031738e-01
8.636121153831481934e-01
8.566944003105163574e-01
8.500086665153503418e-01
8.435314893722534180e-01
8.373258113861083984e-01
8.314257860183715820e-01
8.258751630783081055e-01
8.205887079238891602e-01
8.156073689460754395e-01
8.108975887298583984e-01
8.064917325973510742e-01
8.023564219474792480e-01
7.985159158706665039e-01
7.949362397193908691e-01
7.916243076324462891e-01
7.885819077491760254e-01
7.857768535614013672e-01
7.832195162773132324e-01
7.808874249458312988e-01
7.787688970565795898e-01
7.768512368202209473e-01
7.751235365867614746e-01
7.735726237297058105e-01
7.721862196922302246e-01
7.709523439407348633e-01
7.698595523834228516e-01
7.688707709312438965e-01
7.679889798164367676e-01
7.672165632247924805e-01
7.665430307388305664e-01
7.659617066383361816e-01
7.654636502265930176e-01
7.650440931320190430e-01
7.646957039833068848e-01
7.644155621528625488e-01
7.641981840133666992e-01
7.640421390533447266e-01
7.639436125755310059e-01
7.639028429985046387e-01
7.639172673225402832e-01
7.639883756637573242e-01
7.641152739524841309e-01
7.642990946769714355e-01
7.645401954650878906e-01
7.648411393165588379e-01
7.652019858360290527e-01
7.656266689300537109e-01
7.661147117614746094e-01
7.666447758674621582e-01
7.672254443168640137e-01
7.678767442703247070e-01
7.685984373092651367e-01
7.693948745727539062e-01
7.702690958976745605e-01
7.712196707725524902e-01
7.722542881965637207e-01
7.733682394027709961e-01
7.745702862739562988e-01
7.758565545082092285e-01
7.772351503372192383e-01
7.787002325057983398e-01
7.802637219429016113e-01
7.819160819053649902e-01
7.836701273918151855e-01
7.855170965194702148e-01
7.874624729156494141e-01
7.895088195800781250e-01
7.916560769081115723e-01
7.939056158065795898e-01
7.962589263916015625e-01
7.987153530120849609e-01
8.012447357177734375e-01
8.036630153656005859e-01
8.061984777450561523e-01
8.088327050209045410e-01
8.115745186805725098e-01
8.144236207008361816e-01
8.173795938491821289e-01
8.204417824745178223e-01
8.236092925071716309e-01
8.268814682960510254e-01
8.302565217018127441e-01
8.337338566780090332e-01
8.373116254806518555e-01
8.409889340400695801e-01
8.447634577751159668e-01
8.486337065696716309e-01
8.525969386100769043e-01
8.566523194313049316e-01
8.607963919639587402e-01
8.650096058845520020e-01
8.693217635154724121e-01
8.737125396728515625e-01
8.781604766845703125e-01
8.826952576637268066e-01
8.872932791709899902e-01
8.919317722320556641e-01
8.966487646102905273e-01
9.014092087745666504e-01
9.061836600303649902e-01
9.109982252120971680e-01
9.158208370208740234e-01
9.206175208091735840e-01
9.254092574119567871e-01
9.301396012306213379e-01
9.348253011703491211e-01
9.394249916076660156e-01
9.438973069190979004e-01
9.482510685920715332e-01
9.524413347244262695e-01
9.564234018325805664e-01
9.602010846138000488e-01
9.637271761894226074e-01
9.669611454010009766e-01
9.699010252952575684e-01
9.724966287612915039e-01
9.747367501258850098e-01
9.766001701354980469e-01
9.780755639076232910e-01
9.791360497474670410e-01
9.797800183296203613e-01
9.800041317939758301e-01
9.798049330711364746e-01
9.791913628578186035e-01
9.781753420829772949e-01
9.767657518386840820e-01
9.749899506568908691e-01
9.728662371635437012e-01
9.704109430313110352e-01
9.676676988601684570e-01
9.646584391593933105e-01
9.614018201828002930e-01
9.579520821571350098e-01
9.543294906616210938e-01
9.505648612976074219e-01
9.466754198074340820e-01
9.427173733711242676e-01
9.387049078941345215e-01
9.346492290496826172e-01
9.306030273437500000e-01
9.265734553337097168e-01
9.225796461105346680e-01
9.186392426490783691e-01
9.147654771804809570e-01
9.109706878662109375e-01
9.072650671005249023e-01
9.036564230918884277e-01
9.001488089561462402e-01
8.967466354370117188e-01
8.934515118598937988e-01
8.902636766433715820e-01
8.871924877166748047e-01
8.841323256492614746e-01
8.811663389205932617e-01
8.782941699028015137e-01
8.755103945732116699e-01
8.728106617927551270e-01
8.701888918876647949e-01
8.676394224166870117e-01
8.651560544967651367e-01
8.627337217330932617e-01
8.603664636611938477e-01
8.580487966537475586e-01
8.557757735252380371e-01
8.535415530204772949e-01
8.513431549072265625e-01
8.491759896278381348e-01
8.470363020896911621e-01
8.449283242225646973e-01
8.428341746330261230e-01
8.407599329948425293e-01
8.387100696563720703e-01
8.366694450378417969e-01
8.346433043479919434e-01
8.326390981674194336e-01
8.306416869163513184e-01
8.286584615707397461e-01
8.266895413398742676e-01
8.247417807579040527e-01
8.228036165237426758e-01
8.208823800086975098e-01
8.189859986305236816e-01
8.171081542968750000e-01
8.152602314949035645e-01
8.134420514106750488e-01
8.116440176963806152e-01
8.098745346069335938e-01
8.081417679786682129e-01
8.064371347427368164e-01
8.047685623168945312e-01
8.031457066535949707e-01
8.015599846839904785e-01
8.000199198722839355e-01
7.985300421714782715e-01
7.970981001853942871e-01
7.957217693328857422e-01
7.944022417068481445e-01
7.931504845619201660e-01
7.919635772705078125e-01
7.908522486686706543e-01
7.898129224777221680e-01
7.888564467430114746e-01
7.879824042320251465e-01
7.871907353401184082e-01
7.864894866943359375e-01
7.858753204345703125e-01
7.853527069091796875e-01
7.849184274673461914e-01
7.845707535743713379e-01
7.843068838119506836e-01
7.841203808784484863e-01
7.840028405189514160e-01
7.839472889900207520e-01
7.839388847351074219e-01
7.839680910110473633e-01
7.839547991752624512e-01
7.839119434356689453e-01
7.838566303253173828e-01
7.837756872177124023e-01
7.836548686027526855e-01
7.834783792495727539e-01
7.832389473915100098e-01
7.829270958900451660e-01
7.825387120246887207e-01
7.820734977722167969e-01
7.815334796905517578e-01
7.809228301048278809e-01
7.802478075027465820e-01
7.795180678367614746e-01
7.787408232688903809e-01
7.779285907745361328e-01
7.770917415618896484e-01
7.762395143508911133e-01
7.753815650939941406e-01
7.745239734649658203e-01
7.736802697181701660e-01
7.728549242019653320e-01
7.720534801483154297e-01
7.712827920913696289e-01
7.705456018447875977e-01
7.698482871055603027e-01
7.691918015480041504e-01
7.685803174972534180e-01
7.680151462554931641e-01
7.674967050552368164e-01
7.670285105705261230e-01
7.666101455688476562e-01
7.662421464920043945e-01
7.659240365028381348e-01
7.656587958335876465e-01
7.654677629470825195e-01
7.653826475143432617e-01
7.653477191925048828e-01
7.653644680976867676e-01
7.654315233230590820e-01
7.655486464500427246e-01
7.657152414321899414e-01
7.659298181533813477e-01
7.661939859390258789e-01
7.665062546730041504e-01
7.668662667274475098e-01
7.672734856605529785e-01
7.677269577980041504e-01
7.682276964187622070e-01
7.687748670578002930e-01
7.693678736686706543e-01
7.700066566467285156e-01
7.706900238990783691e-01
7.714197635650634766e-01
7.721943855285644531e-01
7.730144262313842773e-01
7.738791108131408691e-01
7.747882604598999023e-01
7.757430672645568848e-01
7.767429947853088379e-01
7.777876853942871094e-01
7.788779735565185547e-01
7.800124883651733398e-01
7.811934351921081543e-01
7.824196219444274902e-01
7.836919426918029785e-01
7.850098609924316406e-01
7.863735556602478027e-01
7.877838015556335449e-01
7.892408370971679688e-01
7.907441258430480957e-01
7.922838926315307617e-01
7.938800454139709473e-01
7.955039739608764648e-01
7.970772981643676758e-01
7.987018823623657227e-01
8.003785610198974609e-01
8.020947575569152832e-01
8.038720488548278809e-01
8.056997060775756836e-01
8.098478913307189941e-01
8.118113279342651367e-01
8.138083219528198242e-01
8.158614635467529297e-01
8.179563879966735840e-01
8.200920224189758301e-01
8.222643733024597168e-01
8.244718313217163086e-01
8.266978859901428223e-01
8.289654850959777832e-01
8.312584161758422852e-01
8.335725665092468262e-01
8.359034657478332520e-01
8.382472991943359375e-01
8.405854105949401855e-01
8.429400920867919922e-01
8.452920317649841309e-01
8.476356267929077148e-01
8.499653339385986328e-01
8.522610664367675781e-01
8.545432090759277344e-01
8.567914962768554688e-01
8.589853048324584961e-01
8.611440062522888184e-01
8.632457852363586426e-01
8.652719855308532715e-01
8.672381639480590820e-01
8.691240549087524414e-01
8.709118366241455078e-01
8.726147413253784180e-01
8.742147684097290039e-01
8.756957054138183594e-01
8.770690560340881348e-01
8.783193230628967285e-01
8.794338703155517578e-01
8.804413080215454102e-01
8.813104033470153809e-01
8.820294141769409180e-01
8.826075196266174316e-01
8.830387592315673828e-01
8.833206295967102051e-01
8.834609389305114746e-01
8.834582567214965820e-01
8.833149075508117676e-01
8.830366134643554688e-01
8.826265335083007812e-01
8.820907473564147949e-01
8.814332485198974609e-01
8.806604146957397461e-01
8.797819018363952637e-01
8.787993788719177246e-01
8.777263164520263672e-01
8.765634894371032715e-01
8.753266930580139160e-01
8.740156292915344238e-01
8.726491332054138184e-01
8.712260127067565918e-01
8.697618842124938965e-01
8.682730197906494141e-01
8.667595386505126953e-01
8.652464747428894043e-01
8.637358546257019043e-01
8.622553944587707520e-01
8.608118891716003418e-01
8.594363927841186523e-01
8.581421971321105957e-01
8.569656014442443848e-01
8.559294342994689941e-01
8.550769090652465820e-01
8.544440865516662598e-01
8.540819883346557617e-01
8.540445566177368164e-01
8.543902039527893066e-01
8.551927804946899414e-01
8.565135002136230469e-01
8.584423065185546875e-01
8.610283136367797852e-01
8.643597364425659180e-01
8.684390783309936523e-01
8.733146786689758301e-01
8.789217472076416016e-01
8.851172924041748047e-01
8.917842507362365723e-01
8.986010551452636719e-01
9.053298234939575195e-01
9.115635156631469727e-01
9.170135259628295898e-01
9.214304089546203613e-01
9.245789647102355957e-01
9.264076352119445801e-01
9.269080162048339844e-01
9.261872172355651855e-01
9.243829846382141113e-01
9.216880798339843750e-01
9.182618260383605957e-01
9.143080115318298340e-01
9.099649786949157715e-01
9.053360819816589355e-01
9.005710482597351074e-01
8.957040309906005859e-01
8.908439874649047852e-01
8.860125541687011719e-01
8.812191486358642578e-01
8.765325546264648438e-01
8.719211220741271973e-01
8.674376010894775391e-01
8.630639910697937012e-01
8.587818145751953125e-01
8.546292185783386230e-01
8.505652546882629395e-01
8.466240167617797852e-01
8.427813649177551270e-01
8.390158414840698242e-01
8.353569507598876953e-01
8.317672610282897949e-01
8.282732367515563965e-01
8.248546719551086426e-01
8.214920163154602051e-01
8.182111382484436035e-01
8.149939775466918945e-01
8.118204474449157715e-01
8.087184429168701172e-01
8.056679368019104004e-01
8.026671409606933594e-01
7.997005581855773926e-01
7.967911958694458008e-01
7.939249277114868164e-01
7.910844683647155762e-01
7.882962226867675781e-01
7.856487035751342773e-01
7.830475568771362305e-01
7.804698944091796875e-01
7.779380679130554199e-01
7.754392623901367188e-01
7.729595303535461426e-01
7.705229520797729492e-01
7.681152224540710449e-01
7.657257914543151855e-01
7.633755803108215332e-01
7.610542774200439453e-01
7.587595582008361816e-01
7.564817667007446289e-01
7.542418837547302246e-01
7.520298361778259277e-01
7.498338818550109863e-01
7.476767301559448242e-01
7.455469369888305664e-01
7.434467077255249023e-01
7.413644194602966309e-01
7.393234968185424805e-01
7.373122572898864746e-01
7.353245019912719727e-01
7.333792448043823242e-01
7.314693927764892578e-01
7.295959591865539551e-01
7.277508974075317383e-01
7.259560823440551758e-01
7.242028117179870605e-01
7.224947214126586914e-01
7.208325862884521484e-01
7.192131876945495605e-01
7.176529169082641602e-01
7.161484360694885254e-01
7.147004604339599609e-01
7.133136391639709473e-01
7.119824290275573730e-01
7.107239365577697754e-01
7.095322012901306152e-01
7.084105610847473145e-01
7.073590159416198730e-01
7.063800692558288574e-01
7.054689526557922363e-01
7.046349644660949707e-01
7.038710117340087891e-01
7.031767368316650391e-01
7.025482654571533203e-01
7.019812464714050293e-01
7.014737129211425781e-01
7.010195851325988770e-01
7.006107568740844727e-01
7.002424597740173340e-01
6.999046206474304199e-01
6.995998024940490723e-01
6.993344426155090332e-01
6.990768313407897949e-01
6.988193392753601074e-01
6.985527873039245605e-01
6.982734799385070801e-01
6.979734897613525391e-01
6.976471543312072754e-01
6.972896456718444824e-01
6.968961954116821289e-01
6.964634656906127930e-01
6.959918141365051270e-01
6.954782009124755859e-01
6.949221491813659668e-01
6.943230628967285156e-01
6.936834454536437988e-01
6.930050849914550781e-01
6.922906637191772461e-01
6.915443539619445801e-01
6.907685995101928711e-01
6.899768114089965820e-01
6.891785860061645508e-01
6.883879303932189941e-01
6.876267194747924805e-01
6.869269609451293945e-01
6.863353848457336426e-01
6.859255433082580566e-01
6.858062148094177246e-01
6.861454844474792480e-01
6.871727108955383301e-01
6.891883015632629395e-01
6.924733519554138184e-01
6.970356106758117676e-01
7.022070884704589844e-01
7.065539956092834473e-01
7.086800336837768555e-01
7.082653045654296875e-01
7.060164809226989746e-01
7.029083371162414551e-01
6.995982527732849121e-01
6.964216828346252441e-01
6.935040950775146484e-01
6.908686757087707520e-01
6.884949803352355957e-01
6.863489151000976562e-01
6.843954324722290039e-01
6.825942397117614746e-01
6.809388399124145508e-01
6.793974637985229492e-01
6.779528260231018066e-01
6.765906214714050293e-01
6.752986311912536621e-01
6.740689873695373535e-01
6.728937625885009766e-01
6.717664003372192383e-01
6.706817150115966797e-01
6.696354746818542480e-01
6.686232686042785645e-01
6.676432490348815918e-01
6.667021512985229492e-01
6.658264994621276855e-01
6.649761795997619629e-01
6.641491055488586426e-01
6.633443236351013184e-01
6.625604033470153809e-01
6.617957353591918945e-01
6.610501408576965332e-01
6.603222489356994629e-01
6.596108675003051758e-01
6.589165329933166504e-01
6.582358479499816895e-01
6.575728654861450195e-01
6.569252014160156250e-01
6.562914848327636719e-01
6.556721925735473633e-01
6.550663113594055176e-01
6.544740200042724609e-01
6.538944840431213379e-01
6.533271670341491699e-01
6.527728438377380371e-01
6.522312760353088379e-01
6.517012715339660645e-01
6.511836051940917969e-01
6.506776213645935059e-01
6.501827836036682129e-01
6.496616601943969727e-01
6.491484045982360840e-01
6.486452221870422363e-01
6.481528878211975098e-01
6.476721167564392090e-01
6.472011804580688477e-01
6.467407941818237305e-01
6.462916731834411621e-01
6.458520889282226562e-01
6.454228162765502930e-01
6.450039148330688477e-01
6.445960402488708496e-01
6.441974639892578125e-01
6.438091397285461426e-01
6.434317231178283691e-01
6.430636048316955566e-01
6.427055597305297852e-01
6.423584222793579102e-01
6.420205831527709961e-01
6.416928172111511230e-01
6.413760781288146973e-01
6.410685181617736816e-01
6.407711505889892578e-01
6.404848694801330566e-01
6.402078866958618164e-01
6.399412155151367188e-01
6.397376060485839844e-01
6.395879387855529785e-01
6.394484639167785645e-01
6.393193006515502930e-01
6.392012834548950195e-01
6.390929222106933594e-01
6.389950513839721680e-01
6.389068365097045898e-01
6.388301849365234375e-01
6.387651562690734863e-01
6.387101411819458008e-01
6.386661529541015625e-01
6.386333107948303223e-01
6.386125087738037109e-01
6.386022567749023438e-01
6.386035084724426270e-01
6.386164426803588867e-01
6.386411786079406738e-01
6.386787295341491699e-01
6.387276649475097656e-01
6.387888789176940918e-01
6.388626694679260254e-01
6.389499306678771973e-01
6.390493512153625488e-01
6.391618847846984863e-01
6.392877697944641113e-01
6.394247412681579590e-01
6.395777463912963867e-01
6.397303938865661621e-01
6.398971676826477051e-01
6.400791406631469727e-01
6.402751207351684570e-01
6.404865384101867676e-01
6.407126784324645996e-01
6.409544944763183594e-01
6.412128806114196777e-01
6.414867639541625977e-01
6.417770981788635254e-01
6.420843005180358887e-01
6.424094438552856445e-01
6.427512764930725098e-01
6.431074142456054688e-01
6.434853076934814453e-01
6.438825130462646484e-01
6.442979574203491211e-01
6.447326540946960449e-01
6.451871395111083984e-01
6.456625461578369141e-01
6.461575627326965332e-01
6.466740965843200684e-01
6.472113132476806641e-01
6.477710604667663574e-01
6.483520865440368652e-01
6.489555835723876953e-01
6.495820879936218262e-01
6.502264142036437988e-01
6.509143710136413574e-01
6.516487002372741699e-01
6.524068713188171387e-01
6.531875133514404297e-01
6.539932489395141602e-01
6.548224687576293945e-01
6.556762456893920898e-01
6.565554738044738770e-01
6.574515700340270996e-01
6.583804488182067871e-01
6.593346595764160156e-01
6.603146791458129883e-01
6.613210439682006836e-01
6.623529195785522461e-01
6.634110212326049805e-01
6.644950509071350098e-01
6.656055450439453125e-01
6.667426228523254395e-01
6.678957939147949219e-01
6.690844297409057617e-01
6.702994108200073242e-01
6.715391874313354492e-01
6.728053689002990723e-01
6.740962266921997070e-01
6.754119992256164551e-01
6.767523884773254395e-01
6.781165003776550293e-01
6.794929504394531250e-01
6.809028387069702148e-01
6.823351979255676270e-01
6.837744116783142090e-01
6.852153539657592773e-01
6.866760253906250000e-01
6.881559491157531738e-01
6.896535754203796387e-01
6.911680102348327637e-01
6.926862001419067383e-01
6.942315697669982910e-01
6.957902908325195312e-01
6.973615288734436035e-01
6.989443898200988770e-01
7.005368471145629883e-01
7.021377086639404297e-01
7.037460207939147949e-01
7.053465843200683594e-01
7.069642543792724609e-01
7.085841894149780273e-01
7.102053761482238770e-01
7.118258476257324219e-01
7.134444713592529297e-01
7.150596380233764648e-01
7.166560888290405273e-01
7.182587385177612305e-01
7.198531031608581543e-01
7.214370369911193848e-01
7.230095863342285156e-01
7.245687246322631836e-01
7.261133193969726562e-01
7.276296615600585938e-01
7.291412353515625000e-01
7.306335568428039551e-01
7.321051955223083496e-01
7.335530519485473633e-01
7.349804043769836426e-01
7.363858222961425781e-01
7.377579212188720703e-01
7.391178011894226074e-01
7.404533624649047852e-01
7.417641282081604004e-01
7.430494427680969238e-01
7.443090677261352539e-01
7.455418109893798828e-01
7.467381954193115234e-01
7.479169964790344238e-01
7.490682005882263184e-01
7.501923441886901855e-01
7.512878179550170898e-01
7.523556351661682129e-01
7.533561587333679199e-01
7.543206810951232910e-01
7.552683949470520020e-01
7.561902999877929688e-01
7.570863962173461914e-01
7.579573988914489746e-01
7.588027715682983398e-01
7.596228718757629395e-01
7.604112625122070312e-01
7.611817717552185059e-01
7.619272470474243164e-01
7.626485824584960938e-01
7.633459568023681641e-01
7.640194892883300781e-01
7.646638154983520508e-01
7.652910351753234863e-01
7.659081220626831055e-01
7.665275335311889648e-01
7.671287059783935547e-01
7.677119970321655273e-01
7.682733535766601562e-01
7.688220143318176270e-01
7.693533301353454590e-01
7.698684930801391602e-01
7.703673839569091797e-01
7.708503007888793945e-01
7.713143825531005859e-01
7.717667818069458008e-01
7.722038030624389648e-01
7.726266384124755859e-01
7.730352878570556641e-01
7.734300494194030762e-01
7.738087773323059082e-01
7.740881443023681641e-01
7.742212414741516113e-01
7.743346691131591797e-01
7.744274735450744629e-01
7.745006084442138672e-01
7.745515704154968262e-01
7.745846509933471680e-01
7.745976448059082031e-01
7.745901346206665039e-01
7.745631337165832520e-01
7.745156288146972656e-01
7.744480371475219727e-01
7.743614912033081055e-01
7.742545604705810547e-01
7.741285562515258789e-01
7.739822864532470703e-01
7.738170027732849121e-01
7.736213207244873047e-01
7.732001543045043945e-01
7.727552056312561035e-01
7.722859978675842285e-01
7.717922329902648926e-01
7.712754607200622559e-01
7.707353830337524414e-01
7.701722383499145508e-01
7.695856094360351562e-01
7.689772248268127441e-01
7.683465480804443359e-01
7.676946520805358887e-01
7.670205831527709961e-01
7.663244009017944336e-01
7.656080722808837891e-01
7.648701667785644531e-01
7.641144394874572754e-01
7.633367776870727539e-01
7.625008821487426758e-01
7.615421414375305176e-01
7.605659365653991699e-01
7.595708966255187988e-01
7.585613727569580078e-01
7.575327157974243164e-01
7.564868330955505371e-01
7.554255723953247070e-01
7.543478012084960938e-01
7.532582283020019531e-01
7.521515488624572754e-01
7.510294318199157715e-01
7.498942017555236816e-01
7.487453222274780273e-01
7.475852966308593750e-01
7.464103102684020996e-01
7.452217936515808105e-01
7.440222501754760742e-01
7.428191900253295898e-01
7.417870759963989258e-01
7.407518625259399414e-01
7.397075295448303223e-01
7.386588454246520996e-01
7.376037240028381348e-01
7.365429401397705078e-01
7.354804873466491699e-01
7.344098687171936035e-01
7.333341836929321289e-01
7.322540879249572754e-01
7.311689257621765137e-01
7.300797700881958008e-01
7.289893031120300293e-01
7.278910279273986816e-01
7.267889380455017090e-01
7.256835699081420898e-01
7.245728373527526855e-01
7.234617471694946289e-01
7.223430275917053223e-01
7.212207913398742676e-01
7.200946807861328125e-01
7.189643383026123047e-01
7.178339362144470215e-01
7.166963219642639160e-01
7.155545949935913086e-01
7.144095301628112793e-01
7.132602334022521973e-01
7.121112346649169922e-01
7.109558582305908203e-01
7.097953557968139648e-01
7.086316347122192383e-01
7.074641585350036621e-01
7.062959074974060059e-01
7.051208615303039551e-01
7.039420604705810547e-01
7.027588486671447754e-01
7.015723586082458496e-01
7.004340887069702148e-01
6.994355320930480957e-01
6.984349489212036133e-01
6.974300742149353027e-01
6.964240670204162598e-01
6.954182982444763184e-01
6.944059133529663086e-01
6.933901906013488770e-01
6.923717260360717773e-01
6.913502216339111328e-01
6.903291940689086914e-01
6.893013119697570801e-01
6.882702112197875977e-01
6.872363090515136719e-01
6.861974000930786133e-01
6.851607561111450195e-01
6.841158866882324219e-01
6.830674409866333008e-01
6.820149421691894531e-01
6.809591054916381836e-01
6.798995733261108398e-01
6.788400411605834961e-01
6.777727603912353516e-01
6.767015457153320312e-01
6.756270527839660645e-01
6.745468974113464355e-01
6.734685897827148438e-01
6.723811626434326172e-01
6.712895631790161133e-01
6.701934337615966797e-01
6.690933704376220703e-01
6.679933667182922363e-01
6.668852567672729492e-01
6.657711267471313477e-01
6.646534800529479980e-01
6.635321378707885742e-01
6.624090671539306641e-01
6.612786054611206055e-01
6.601428389549255371e-01
6.590024232864379883e-01
6.578105092048645020e-01
6.565594673156738281e-01
6.553020477294921875e-01
6.540390849113464355e-01
6.527711749076843262e-01
6.515017747879028320e-01
6.502224206924438477e-01
6.489366888999938965e-01
6.476452946662902832e-01
6.463488936424255371e-01
6.450510621070861816e-01
6.437432169914245605e-01
6.424295902252197266e-01
6.411094665527343750e-01
6.397842764854431152e-01
6.384577155113220215e-01
6.371210217475891113e-01
6.357775926589965820e-01
6.344285011291503906e-01
6.330742835998535156e-01
6.317189931869506836e-01
6.303533315658569336e-01
6.289809346199035645e-01
6.276028752326965332e-01
6.262197494506835938e-01
6.248356103897094727e-01
6.234411001205444336e-01
6.220399141311645508e-01
6.206330657005310059e-01
6.192222237586975098e-01
6.178095936775207520e-01
6.163864731788635254e-01
6.149567365646362305e-01
6.135223507881164551e-01
6.120812892913818359e-01
6.106404662132263184e-01
6.091891527175903320e-01
6.077314019203186035e-01
6.062689423561096191e-01
6.048001646995544434e-01
6.033316850662231445e-01
6.018529534339904785e-01
6.003683209419250488e-01
5.988799333572387695e-01
5.973857045173645020e-01
5.958925485610961914e-01
5.943895578384399414e-01
5.928806066513061523e-01
5.913678407669067383e-01
5.898494720458984375e-01
5.883333683013916016e-01
5.868054628372192383e-01
5.852739214897155762e-01
5.837367773056030273e-01
5.821960568428039551e-01
5.806561112403869629e-01
5.791065096855163574e-01
5.775513648986816406e-01
5.759927034378051758e-01
5.744289755821228027e-01
5.728671550750732422e-01
5.712958574295043945e-01
5.697192549705505371e-01
5.681395530700683594e-01
5.665548443794250488e-01
5.649735927581787109e-01
5.633806586265563965e-01
5.617850422859191895e-01
5.601844191551208496e-01
5.585811734199523926e-01
5.569795370101928711e-01
5.553687810897827148e-01
5.537532567977905273e-01
5.521352887153625488e-01
5.505127310752868652e-01
5.488942861557006836e-01
5.472647547721862793e-01
5.456320643424987793e-01
5.439970493316650391e-01
5.423577427864074707e-01
5.407230854034423828e-01
5.390774607658386230e-01
5.374300479888916016e-01
5.357785224914550781e-01
5.341251492500305176e-01
5.324736237525939941e-01
5.308106541633605957e-01
5.291433334350585938e-01
5.274723768234252930e-01
5.258005857467651367e-01
5.241327285766601562e-01
5.224556922912597656e-01
5.207779407501220703e-01
5.190969705581665039e-01
5.174145102500915527e-01
5.157312750816345215e-01
5.140519738197326660e-01
5.123645663261413574e-01
5.106751918792724609e-01
5.089855194091796875e-01
5.072945356369018555e-01
5.056069493293762207e-01
5.039131641387939453e-01
5.022182464599609375e-01
5.005209445953369141e-01
4.988229572772979736e-01
4.971303343772888184e-01
4.954312145709991455e-01
4.937310814857482910e-01
4.920281469821929932e-01
4.903264939785003662e-01
4.886298477649688721e-01
4.869267642498016357e-01
4.852224588394165039e-01
4.835171997547149658e-01
4.818127155303955078e-01
4.801134169101715088e-01
4.784073829650878906e-01
4.767021238803863525e-01
4.749952256679534912e-01
4.732896089553833008e-01
4.715898931026458740e-01
4.698829650878906250e-01
4.681774079799652100e-01
4.664706587791442871e-01
4.647645950317382812e-01
4.630595147609710693e-01
4.613603949546813965e-01
4.596561491489410400e-01
4.579502642154693604e-01
4.562469422817230225e-01
4.545441567897796631e-01
4.528509676456451416e-01
4.511971473693847656e-01
4.495435655117034912e-01
4.478931427001953125e-01
4.462419748306274414e-01
4.446009099483489990e-01
4.429531693458557129e-01
4.413073956966400146e-01
4.396623373031616211e-01
4.380183219909667969e-01
4.363844096660614014e-01
4.347443282604217529e-01
4.331061840057373047e-01
4.314693510532379150e-01
4.298349320888519287e-01
4.282017350196838379e-01
4.265763461589813232e-01
4.249481260776519775e-01
4.233206808567047119e-01
4.216959476470947266e-01
4.200726747512817383e-01
4.184572696685791016e-01
4.168394804000854492e-01
4.152227342128753662e-01
4.136088192462921143e-01
4.119965732097625732e-01
4.103874266147613525e-01
4.087864458560943604e-01
4.071815013885498047e-01
4.055795967578887939e-01
4.039797782897949219e-01
4.023829698562622070e-01
4.007948040962219238e-01
3.992041051387786865e-01
3.976140916347503662e-01
3.960276842117309570e-01
3.944445252418518066e-01
3.928637504577636719e-01
3.912933468818664551e-01
3.897178173065185547e-01
3.881457746028900146e-01
3.865773379802703857e-01
3.850114941596984863e-01
3.834553062915802002e-01
3.818956613540649414e-01
3.803404569625854492e-01
3.787863254547119141e-01
3.772362768650054932e-01
3.756901323795318604e-01
3.741526901721954346e-01
3.727344274520874023e-01
3.713399469852447510e-01
3.699482083320617676e-01
3.685592114925384521e-01
3.671808540821075439e-01
3.658000528812408447e-01
3.644212782382965088e-01
3.630470037460327148e-01
3.616766333580017090e-01
3.603086769580841064e-01
3.589512705802917480e-01
3.575918674468994141e-01
3.562341928482055664e-01
3.548820018768310547e-01
3.535320758819580078e-01
3.521875143051147461e-01
3.508522212505340576e-01
3.495131134986877441e-01
3.481796085834503174e-01
3.468499779701232910e-01
3.455230295658111572e-01
3.442011773586273193e-01
3.428881466388702393e-01
3.415726423263549805e-01
3.402624428272247314e-01
3.389563858509063721e-01
3.376522660255432129e-01
3.363539576530456543e-01
3.350639343261718750e-01
3.337737321853637695e-01
3.324876129627227783e-01
3.312037289142608643e-01
3.299257457256317139e-01
3.286519348621368408e-01
3.273862302303314209e-01
3.261207640171051025e-01
3.248586356639862061e-01
3.236001729965209961e-01
3.223472535610198975e-01
3.210983574390411377e-01
3.198576867580413818e-01
3.186167776584625244e-01
3.173794746398925781e-01
3.161478340625762939e-01
3.149203956127166748e-01
3.136960566043853760e-01
3.124816715717315674e-01
3.112671375274658203e-01
3.100558519363403320e-01
3.088501691818237305e-01
3.076488375663757324e-01
3.064501285552978516e-01
3.052776753902435303e-01
3.041082024574279785e-01
3.029425144195556641e-01
3.017831444740295410e-01
3.006263971328735352e-01
2.994745671749114990e-01
2.983319461345672607e-01
2.971896231174468994e-01
2.960510551929473877e-01
2.949165105819702148e-01
2.937869727611541748e-01
2.926632761955261230e-01
2.915467619895935059e-01
2.904306948184967041e-01
2.893201410770416260e-01
2.882131934165954590e-01
2.871108949184417725e-01
2.860124707221984863e-01
2.849205434322357178e-01
2.838363647460937500e-01
2.827518284320831299e-01
2.816737294197082520e-01
2.805985212326049805e-01
2.795284688472747803e-01
2.784631252288818359e-01
2.774031162261962891e-01
2.763512432575225830e-01
2.752993404865264893e-01
2.742540240287780762e-01
2.732121050357818604e-01
2.721743881702423096e-01
2.711418867111206055e-01
2.701149284839630127e-01
2.690959870815277100e-01
2.680777907371520996e-01
2.670651674270629883e-01
2.660565376281738281e-01
2.650523185729980469e-01
2.640534043312072754e-01
2.630605697631835938e-01
2.620745897293090820e-01
2.610901296138763428e-01
2.601100504398345947e-01
2.591367363929748535e-01
2.581668794155120850e-01
2.572015821933746338e-01
2.562429308891296387e-01
2.552916109561920166e-01
2.543409466743469238e-01
2.533959150314331055e-01
2.524565458297729492e-01
2.515213489532470703e-01
2.505912482738494873e-01
2.496669590473175049e-01
2.487501651048660278e-01
2.478132843971252441e-01
2.468631714582443237e-01
2.459182292222976685e-01
2.449771165847778320e-01
2.440421283245086670e-01
2.431128025054931641e-01
2.421918660402297974e-01
2.412717342376708984e-01
2.403580397367477417e-01
2.394492775201797485e-01
2.385450154542922974e-01
2.376473098993301392e-01
2.367548495531082153e-01
2.358695268630981445e-01
2.349877506494522095e-01
2.341110259294509888e-01
2.332400530576705933e-01
2.323732525110244751e-01
2.315132170915603638e-01
2.306585609912872314e-01
2.298104166984558105e-01
2.289666831493377686e-01
2.281284034252166748e-01
2.272944897413253784e-01
2.264673560857772827e-01
2.256457209587097168e-01
2.248292714357376099e-01
2.240176051855087280e-01
2.232128232717514038e-01
2.224160730838775635e-01
2.216213345527648926e-01
2.208330482244491577e-01
2.200508862733840942e-01
2.192744612693786621e-01
2.185024917125701904e-01
2.177376151084899902e-01
2.169784754514694214e-01
2.162235379219055176e-01
2.154781520366668701e-01
2.147365212440490723e-01
2.139995098114013672e-01
2.132696509361267090e-01
2.125452905893325806e-01
2.118273377418518066e-01
2.111141234636306763e-01
2.104081362485885620e-01
2.097099721431732178e-01
2.090148031711578369e-01
2.083265930414199829e-01
2.076448053121566772e-01
2.069679796695709229e-01
2.062986046075820923e-01
2.056353092193603516e-01
2.049779146909713745e-01
2.043259441852569580e-01
2.036828249692916870e-01
2.030446231365203857e-01
2.024114876985549927e-01
2.017859965562820435e-01
2.011916786432266235e-01
2.006103098392486572e-01
2.000353634357452393e-01
1.994667053222656250e-01
1.989044845104217529e-01
1.983497589826583862e-01
1.978003978729248047e-01
1.972575932741165161e-01
1.967212557792663574e-01
1.961915045976638794e-01
1.956680417060852051e-01
1.951515078544616699e-01
1.946416497230529785e-01
1.941391378641128540e-01
1.936426162719726562e-01
1.931528598070144653e-01
1.926699280738830566e-01
1.921937912702560425e-01
1.917245388031005859e-01
1.912621557712554932e-01
1.908063888549804688e-01
1.903579086065292358e-01
1.899166852235794067e-01
1.894821822643280029e-01
1.890547424554824829e-01
1.886344254016876221e-01
1.882212460041046143e-01
1.878152340650558472e-01
1.874164640903472900e-01
1.870249509811401367e-01
1.866407096385955811e-01
1.862635314464569092e-01
1.858939975500106812e-01
1.855318844318389893e-01
1.851768195629119873e-01
1.848295778036117554e-01
1.844898760318756104e-01
1.841577291488647461e-01
1.838331967592239380e-01
1.835163086652755737e-01
1.832060068845748901e-01
1.829042881727218628e-01
1.826106160879135132e-01
1.823247373104095459e-01
1.820467412471771240e-01
1.817766427993774414e-01
1.815134286880493164e-01
1.812592148780822754e-01
1.810130327939987183e-01
1.807749420404434204e-01
1.805449724197387695e-01
1.803229600191116333e-01
1.801094114780426025e-01
1.799041181802749634e-01
1.797071546316146851e-01
1.795185804367065430e-01
1.793384104967117310e-01
1.791667193174362183e-01
1.790017634630203247e-01
1.788471043109893799e-01
1.787011027336120605e-01
1.785637736320495605e-01
1.784389168024063110e-01
1.783322542905807495e-01
1.782342642545700073e-01
1.781454384326934814e-01
1.780656725168228149e-01
1.779949665069580078e-01
1.779333949089050293e-01
1.778810471296310425e-01
1.778350919485092163e-01
1.778012067079544067e-01
1.777767390012741089e-01
1.777617484331130981e-01
1.777562499046325684e-01
1.777603328227996826e-01
1.777739971876144409e-01
1.777975112199783325e-01
1.778308600187301636e-01
1.778741925954818726e-01
1.779274791479110718e-01
1.779908686876296997e-01
1.780606359243392944e-01
1.781444549560546875e-01
1.782386302947998047e-01
1.783432662487030029e-01
1.784585863351821899e-01
1.785845607519149780e-01
1.787212193012237549e-01
1.788690984249114990e-01
1.790280044078826904e-01
1.791981607675552368e-01
1.793798059225082397e-01
1.795729100704193115e-01
1.797775030136108398e-01
1.799941956996917725e-01
1.802221536636352539e-01
1.804631650447845459e-01
1.807166039943695068e-01
1.809828132390975952e-01
1.812616735696792603e-01
1.815482079982757568e-01
1.818536072969436646e-01
1.821725219488143921e-01
1.825053095817565918e-01
1.828521490097045898e-01
1.832134723663330078e-01
1.835896223783493042e-01
1.839807629585266113e-01
1.843874752521514893e-01
1.848098933696746826e-01
1.852484643459320068e-01
1.857036054134368896e-01
1.861757338047027588e-01
1.866653710603713989e-01
1.871730983257293701e-01
1.876990497112274170e-01
1.882439255714416504e-01
1.888083666563034058e-01
1.893929243087768555e-01
1.899981051683425903e-01
1.906246840953826904e-01
1.912645548582077026e-01
1.919356435537338257e-01
1.926302760839462280e-01
1.933492571115493774e-01
1.940932422876358032e-01
1.948633044958114624e-01
1.956602632999420166e-01
1.965187340974807739e-01
1.974224299192428589e-01
1.983563452959060669e-01
1.993209421634674072e-01
2.003187388181686401e-01
2.013504952192306519e-01
2.024176120758056641e-01
2.035213708877563477e-01
2.046631872653961182e-01
2.058452963829040527e-01
2.070686966180801392e-01
2.083353996276855469e-01
2.096473872661590576e-01
2.109914422035217285e-01
2.123986482620239258e-01
2.138581275939941406e-01
2.153717130422592163e-01
2.169410139322280884e-01
2.185689061880111694e-01
2.202583998441696167e-01
2.220116555690765381e-01
2.238318324089050293e-01
2.257221192121505737e-01
2.276858389377593994e-01
2.297244817018508911e-01
2.318441867828369141e-01
2.340478301048278809e-01
2.363382875919342041e-01
2.387196868658065796e-01
2.411971092224121094e-01
2.437738031148910522e-01
2.464538067579269409e-01
2.492433786392211914e-01
2.521450817584991455e-01
2.551637887954711914e-01
2.583064734935760498e-01
2.615776062011718750e-01
2.649814486503601074e-01
2.685233950614929199e-01
2.722098827362060547e-01
2.760447263717651367e-01
2.800337672233581543e-01
2.841832935810089111e-01
2.884972095489501953e-01
2.929792702198028564e-01
2.976373434066772461e-01
3.024755120277404785e-01
3.074963092803955078e-01
3.127042055130004883e-01
3.181031942367553711e-01
3.236939013004302979e-01
3.294782042503356934e-01
3.354584872722625732e-01
3.416321277618408203e-01
3.479965031147003174e-01
3.545519709587097168e-01
3.612896203994750977e-01
3.682046830654144287e-01
3.752865195274353027e-01
3.825264275074005127e-01
3.899078071117401123e-01
3.974141776561737061e-01
4.050289690494537354e-01
4.127262234687805176e-01
4.204831421375274658e-01
4.282731115818023682e-01
4.360595643520355225e-01
4.438131153583526611e-01
4.514928162097930908e-01
4.590639770030975342e-01
4.664811789989471436e-01
4.736877083778381348e-01
4.806273579597473145e-01
4.872685074806213379e-01
4.935708045959472656e-01
4.994916915893554688e-01
5.049895644187927246e-01
5.100269317626953125e-01
5.145708918571472168e-01
5.185891985893249512e-01
5.220575332641601562e-01
5.249573588371276855e-01
5.272750258445739746e-01
5.290010571479797363e-01
5.301343798637390137e-01
5.306776762008666992e-01
5.306425094604492188e-01
5.300432443618774414e-01
5.288994908332824707e-01
5.272359251976013184e-01
5.250794887542724609e-01
5.224630832672119141e-01
5.194190144538879395e-01
5.159825086593627930e-01
5.121898651123046875e-01
5.080765485763549805e-01
5.036807656288146973e-01
4.990376532077789307e-01
4.941809773445129395e-01
4.891462028026580811e-01
4.839632213115692139e-01
4.786633551120758057e-01
4.732732176780700684e-01
4.678193926811218262e-01
4.623249173164367676e-01
4.568107724189758301e-01
4.512982666492462158e-01
4.457569718360900879e-01
4.402958750724792480e-01
4.348823428153991699e-01
4.295288324356079102e-01
4.242437481880187988e-01
4.190373122692108154e-01
4.139167368412017822e-01
4.088876247406005859e-01
4.039544761180877686e-01
3.991234898567199707e-01
3.943955004215240479e-01
3.897733688354492188e-01
3.852591514587402344e-01
3.808537423610687256e-01
3.765569925308227539e-01
3.723694086074829102e-01
3.682894706726074219e-01
3.643168210983276367e-01
3.604509830474853516e-01
3.566906750202178955e-01
3.530323803424835205e-01
3.494748771190643311e-01
3.460188508033752441e-01
3.426582217216491699e-01
3.393932282924652100e-01
3.362205028533935547e-01
3.331381380558013916e-01
3.301435410976409912e-01
3.272123634815216064e-01
3.243893384933471680e-01
3.216463029384613037e-01
3.189818263053894043e-01
3.163943588733673096e-01
3.138811588287353516e-01
3.114410042762756348e-01
3.090698719024658203e-01
3.067667782306671143e-01
3.045290708541870117e-01
3.023555874824523926e-01
3.002450764179229736e-01
2.981968820095062256e-01
2.962579727172851562e-01
2.943742275238037109e-01
2.925431132316589355e-01
2.907650768756866455e-01
2.890364229679107666e-01
2.873578667640686035e-01
2.857265472412109375e-01
2.841402590274810791e-01
2.825995683670043945e-01
2.810899615287780762e-01
2.796348929405212402e-01
2.782204449176788330e-01
2.768442332744598389e-01
2.755072712898254395e-01
2.742064893245697021e-01
2.729430496692657471e-01
2.717143595218658447e-01
2.705186307430267334e-01
2.693572044372558594e-01
2.682265937328338623e-01
2.671284675598144531e-01
2.660534679889678955e-01
2.650154232978820801e-01
2.640061676502227783e-01
2.630236148834228516e-01
2.620694935321807861e-01
2.611405849456787109e-01
2.602387070655822754e-01
2.593619823455810547e-01
2.585084438323974609e-01
2.576800584793090820e-01
2.568737268447875977e-01
2.560912668704986572e-01
2.553254663944244385e-01
2.545870244503021240e-01
2.538697123527526855e-01
2.531717419624328613e-01
2.524951994419097900e-01
2.518371343612670898e-01
2.511994540691375732e-01
2.505806684494018555e-01
2.499799281358718872e-01
2.493975609540939331e-01
2.488316595554351807e-01
2.482842355966567993e-01
2.477501332759857178e-01
2.472363710403442383e-01
2.467388957738876343e-01
2.462561726570129395e-01
2.457902878522872925e-01
2.453385591506958008e-01
2.449031174182891846e-01
2.444824874401092529e-01
2.440752089023590088e-01
2.436834126710891724e-01
2.433044910430908203e-01
2.429405748844146729e-01
2.425893545150756836e-01
2.422513365745544434e-01
2.419276982545852661e-01
2.416158169507980347e-01
2.413179129362106323e-01
2.410321235656738281e-01
2.407592087984085083e-01
2.404985278844833374e-01
2.402487546205520630e-01
2.400120794773101807e-01
2.397859394550323486e-01
2.395728081464767456e-01
2.393710762262344360e-01
2.391794621944427490e-01
2.390002012252807617e-01
2.388308793306350708e-01
2.386736124753952026e-01
2.385260462760925293e-01
2.383903861045837402e-01
2.382652908563613892e-01
2.381494939327239990e-01
2.380464226007461548e-01
2.379514127969741821e-01
2.378678023815155029e-01
2.377990335226058960e-01
2.377977669239044189e-01
2.378060370683670044e-01
2.378233075141906738e-01
2.378518134355545044e-01
2.378901541233062744e-01
2.379361540079116821e-01
2.379909157752990723e-01
2.380564808845520020e-01
2.381300032138824463e-01
2.382125705480575562e-01
2.383048087358474731e-01
2.384074479341506958e-01
2.385168373584747314e-01
2.386350929737091064e-01
2.387631982564926147e-01
2.388983219861984253e-01
2.390427291393280029e-01
2.391968220472335815e-01
2.393609881401062012e-01
2.395306676626205444e-01
2.397092580795288086e-01
2.398974150419235229e-01
2.400928437709808350e-01
2.402967214584350586e-01
2.405084669589996338e-01
2.407331466674804688e-01
2.409620136022567749e-01
2.411989867687225342e-01
2.414449155330657959e-01
2.416983842849731445e-01
2.419598847627639771e-01
2.422295212745666504e-01
2.425083220005035400e-01
2.427974045276641846e-01
2.430912703275680542e-01
2.433931678533554077e-01
2.437042444944381714e-01
2.440216988325119019e-01
2.443474531173706055e-01
2.446823269128799438e-01
2.450278401374816895e-01
2.453770488500595093e-01
2.457344532012939453e-01
2.461007386445999146e-01
2.464736402034759521e-01
2.468543499708175659e-01
2.472426891326904297e-01
2.476444244384765625e-01
2.480483800172805786e-01
2.484602034091949463e-01
2.488804459571838379e-01
2.493074834346771240e-01
2.497422397136688232e-01
2.501845657825469971e-01
2.506354749202728271e-01
2.510975599288940430e-01
2.515627741813659668e-01
2.520364522933959961e-01
2.525165379047393799e-01
2.530040144920349121e-01
2.534991204738616943e-01
2.540027201175689697e-01
2.545180022716522217e-01
2.550351619720458984e-01
2.555599808692932129e-01
2.560932040214538574e-01
2.566327154636383057e-01
2.571794390678405762e-01
2.577398717403411865e-01
2.583012878894805908e-01
2.588698267936706543e-01
2.594455778598785400e-01
2.600294649600982666e-01
2.606253027915954590e-01
2.612225413322448730e-01
2.618269324302673340e-01
2.624392807483673096e-01
2.630575299263000488e-01
2.636828720569610596e-01
2.643223404884338379e-01
2.649616003036499023e-01
2.656075358390808105e-01
2.662607133388519287e-01
2.669214308261871338e-01
2.675941884517669678e-01
2.682676911354064941e-01
2.689476013183593750e-01
2.696351706981658936e-01
2.703489065170288086e-01
2.710809707641601562e-01
2.718112468719482422e-01
2.725479006767272949e-01
2.732902765274047852e-01
2.740378677845001221e-01
2.747977077960968018e-01
2.755562663078308105e-01
2.763200104236602783e-01
2.770880460739135742e-01
2.778622806072235107e-01
2.786485254764556885e-01
2.794328331947326660e-01
2.802222669124603271e-01
2.810167372226715088e-01
2.818160355091094971e-01
2.826263010501861572e-01
2.834353744983673096e-01
2.842489182949066162e-01
2.850670814514160156e-01
2.858901023864746094e-01
2.867247760295867920e-01
2.875565886497497559e-01
2.883921563625335693e-01
2.892326712608337402e-01
2.900774776935577393e-01
2.909262776374816895e-01
2.917870879173278809e-01
2.926442325115203857e-01
2.935053408145904541e-01
2.943696379661560059e-01
2.952383756637573242e-01
2.961186766624450684e-01
2.969950139522552490e-01
2.978746294975280762e-01
2.987578511238098145e-01
2.996447384357452393e-01
3.005420863628387451e-01
3.014353811740875244e-01
3.023318350315093994e-01
3.032317459583282471e-01
3.041342198848724365e-01
3.050477206707000732e-01
3.059556186199188232e-01
3.068669736385345459e-01
3.077807724475860596e-01
3.086973726749420166e-01
3.096242845058441162e-01
3.105458021163940430e-01
3.114694952964782715e-01
3.123949170112609863e-01
3.133229017257690430e-01
3.142614662647247314e-01
3.151936531066894531e-01
3.161275088787078857e-01
3.170632421970367432e-01
3.180092573165893555e-01
3.189477026462554932e-01
3.198881745338439941e-01
3.208300173282623291e-01
3.217819333076477051e-01
3.227263092994689941e-01
3.236717283725738525e-01
3.246185183525085449e-01
3.255740702152252197e-01
3.265223801136016846e-01
3.274716138839721680e-01
3.284211456775665283e-01
3.293797671794891357e-01
3.303308188915252686e-01
3.312819302082061768e-01
3.322325944900512695e-01
3.331924676895141602e-01
3.341443538665771484e-01
3.350957334041595459e-01
3.360470235347747803e-01
3.370067179203033447e-01
3.379577100276947021e-01
3.389075398445129395e-01
3.398574590682983398e-01
3.408150672912597656e-01
3.417637646198272705e-01
3.427112996578216553e-01
3.436581492424011230e-01
3.446123003959655762e-01
3.455567955970764160e-01
3.465003669261932373e-01
3.474424481391906738e-01
3.483916223049163818e-01
3.493313491344451904e-01
3.502689003944396973e-01
3.512049913406372070e-01
3.521476387977600098e-01
3.530802130699157715e-01
3.540106713771820068e-01
3.549544513225555420e-01
3.558979630470275879e-01
3.568383753299713135e-01
3.577759563922882080e-01
3.587191700935363770e-01
3.596509695053100586e-01
3.605794608592987061e-01
3.615047037601470947e-01
3.624350726604461670e-01
3.633536696434020996e-01
3.642683923244476318e-01
3.651801347732543945e-01
3.660962581634521484e-01
3.670004010200500488e-01
3.679004907608032227e-01
3.687969744205474854e-01
3.696976006031036377e-01
3.705860972404479980e-01
3.714698553085327148e-01
3.723497688770294189e-01
3.732339143753051758e-01
3.741048574447631836e-01
3.749715685844421387e-01
3.758339881896972656e-01
3.767000436782836914e-01
3.775528073310852051e-01
3.784010708332061768e-01
3.792448937892913818e-01
3.800914287567138672e-01
3.809252679347991943e-01
3.817541897296905518e-01
3.825779855251312256e-01
3.834045827388763428e-01
3.842181861400604248e-01
3.850266337394714355e-01
3.858296871185302734e-01
3.866355121135711670e-01
3.874281048774719238e-01
3.882151246070861816e-01
3.890044093132019043e-01
3.897807896137237549e-01
3.905513286590576172e-01
3.913242220878601074e-01
3.920835554599761963e-01
3.928372263908386230e-01
3.935929238796234131e-01
3.943350315093994141e-01
3.950717151165008545e-01
3.958100974559783936e-01
3.965347707271575928e-01
3.972538113594055176e-01
3.979743123054504395e-01
3.986815214157104492e-01
3.993825614452362061e-01
4.000852406024932861e-01
4.007742702960968018e-01
4.014573991298675537e-01
4.021417796611785889e-01
4.028127789497375488e-01
4.034774303436279297e-01
4.041436016559600830e-01
4.047960042953491211e-01
4.054423868656158447e-01
4.060899317264556885e-01
4.067239165306091309e-01
4.073516130447387695e-01
4.079733788967132568e-01
4.085957705974578857e-01
4.092049300670623779e-01
4.098077118396759033e-01
4.104115962982177734e-01
4.110018610954284668e-01
4.115859568119049072e-01
4.121707677841186523e-01
4.127424359321594238e-01
4.133076667785644531e-01
4.138736724853515625e-01
4.144263267517089844e-01
4.149729609489440918e-01
4.155197143554687500e-01
4.160538911819458008e-01
4.165814816951751709e-01
4.171095788478851318e-01
4.176247417926788330e-01
4.181337952613830566e-01
4.186429381370544434e-01
4.191395938396453857e-01
4.196296632289886475e-01
4.201200902462005615e-01
4.205977916717529297e-01
4.210695922374725342e-01
4.215411543846130371e-01
4.220005571842193604e-01
4.224536418914794922e-01
4.229006171226501465e-01
4.233474135398864746e-01
4.237824082374572754e-01
4.242107570171356201e-01
4.246394336223602295e-01
4.250557422637939453e-01
4.254662096500396729e-01
4.258762896060943604e-01
4.262745976448059082e-01
4.266683757305145264e-01
4.270819127559661865e-01
4.274845719337463379e-01
4.278826713562011719e-01
4.282813668251037598e-01
4.286695420742034912e-01
4.290533959865570068e-01
4.294378161430358887e-01
4.298118948936462402e-01
4.301812350749969482e-01
4.305517077445983887e-01
4.309116005897521973e-01
4.312666952610015869e-01
4.316228330135345459e-01
4.319687485694885254e-01
4.323101639747619629e-01
4.326521158218383789e-01
4.329841136932373047e-01
4.333166778087615967e-01
4.336394369602203369e-01
4.339577853679656982e-01
4.342761933803558350e-01
4.345854222774505615e-01
4.348950088024139404e-01
4.351950883865356445e-01
4.354901611804962158e-01
4.357860386371612549e-01
4.360726177692413330e-01
4.363593161106109619e-01
4.366369545459747314e-01
4.369094967842102051e-01
4.371829628944396973e-01
4.374469220638275146e-01
4.377065002918243408e-01
4.379663467407226562e-01
4.382169842720031738e-01
4.384682178497314453e-01
4.387101829051971436e-01
4.389477074146270752e-01
4.391855001449584961e-01
4.394143223762512207e-01
4.396435916423797607e-01
4.398635327816009521e-01
4.400796890258789062e-01
4.402956664562225342e-01
4.405031800270080566e-01
4.407105445861816406e-01
4.409089982509613037e-01
4.411038458347320557e-01
4.412983655929565430e-01
4.414846897125244141e-01
4.416703581809997559e-01
4.418483376502990723e-01
4.420218169689178467e-01
4.421950280666351318e-01
4.423601031303405762e-01
4.425250589847564697e-01
4.426821172237396240e-01
4.428348243236541748e-01
4.429872035980224609e-01
4.431316256523132324e-01
4.432719945907592773e-01
4.434123039245605469e-01
4.435445070266723633e-01
4.436761438846588135e-01
4.438003003597259521e-01
4.439205825328826904e-01
4.440400302410125732e-01
4.441519081592559814e-01
4.442633092403411865e-01
4.443672597408294678e-01
4.444674849510192871e-01
4.445663988590240479e-01
4.446586370468139648e-01
4.447498619556427002e-01
4.448342323303222656e-01
4.449139535427093506e-01
4.449932575225830078e-01
4.450657367706298828e-01
4.451372027397155762e-01
4.452018439769744873e-01
4.452619552612304688e-01
4.453217983245849609e-01
4.453745186328887939e-01
4.454262256622314453e-01
4.454711079597473145e-01
4.455122351646423340e-01
4.455524981021881104e-01
4.455859959125518799e-01
4.456154406070709229e-01
4.456439018249511719e-01
4.456658363342285156e-01
4.456868767738342285e-01
4.457008242607116699e-01
4.457116425037384033e-01
4.457209110260009766e-01
4.457241594791412354e-01
4.457253813743591309e-01
4.457208812236785889e-01
4.457151591777801514e-01
4.457031190395355225e-01
4.456897974014282227e-01
4.456699192523956299e-01
4.456490576267242432e-01
4.456220865249633789e-01
4.455935955047607422e-01
4.455589950084686279e-01
4.455229341983795166e-01
4.454814493656158447e-01
4.454359710216522217e-01
4.453886151313781738e-01
4.453358650207519531e-01
4.452812671661376953e-01
4.452388286590576172e-01
4.451994895935058594e-01
4.451543390750885010e-01
4.451077878475189209e-01
4.450559318065643311e-01
4.450022280216217041e-01
4.449432790279388428e-01
4.448821246623992920e-01
4.448161125183105469e-01
4.447475969791412354e-01
4.446744918823242188e-01
4.445978999137878418e-01
4.445191919803619385e-01
4.444355368614196777e-01
4.443497359752655029e-01
4.442591071128845215e-01
4.441660046577453613e-01
4.440679252147674561e-01
4.439679980278015137e-01
4.438633918762207031e-01
4.437564313411712646e-01
4.436449110507965088e-01
4.435309469699859619e-01
4.434124529361724854e-01
4.432915151119232178e-01
4.431654810905456543e-01
4.430366456508636475e-01
4.429053068161010742e-01
4.427696466445922852e-01
4.426313638687133789e-01
4.424888193607330322e-01
4.423436522483825684e-01
4.421942830085754395e-01
4.420415461063385010e-01
4.418853819370269775e-01
4.417264461517333984e-01
4.415635168552398682e-01
4.413977265357971191e-01
4.412280321121215820e-01
4.410554468631744385e-01
4.408785402774810791e-01
4.406987726688385010e-01
4.405158162117004395e-01
4.403293430805206299e-01
4.401398599147796631e-01
4.399467110633850098e-01
4.397504627704620361e-01
4.395506680011749268e-01
4.393472373485565186e-01
4.391408264636993408e-01
4.389311969280242920e-01
4.387179911136627197e-01
4.385017156600952148e-01
4.382821023464202881e-01
4.380592107772827148e-01
4.378330707550048828e-01
4.376031756401062012e-01
4.373704195022583008e-01
4.371345043182373047e-01
4.368951618671417236e-01
4.366526007652282715e-01
4.364067316055297852e-01
4.361579120159149170e-01
4.359050393104553223e-01
4.356497824192047119e-01
4.353909492492675781e-01
4.351293146610260010e-01
4.348640143871307373e-01
4.345958232879638672e-01
4.343241453170776367e-01
4.340497851371765137e-01
4.337712228298187256e-01
4.334905743598937988e-01
4.332061409950256348e-01
4.329185485839843750e-01
4.326284825801849365e-01
4.323346018791198730e-01
4.320381581783294678e-01
4.317379891872406006e-01
4.314350187778472900e-01
4.311286211013793945e-01
4.308200180530548096e-01
4.305074214935302734e-01
4.301927089691162109e-01
4.298739433288574219e-01
4.295521378517150879e-01
4.292275905609130859e-01
4.288996458053588867e-01
4.285697638988494873e-01
4.282357692718505859e-01
4.278998970985412598e-01
4.275598824024200439e-01
4.272180795669555664e-01
4.268720746040344238e-01
4.265238046646118164e-01
4.261716604232788086e-01
4.258167445659637451e-01
4.254601895809173584e-01
4.250994026660919189e-01
4.247370660305023193e-01
4.243703782558441162e-01
4.240022897720336914e-01
4.236292839050292969e-01
4.232555031776428223e-01
4.228771030902862549e-01
4.224976301193237305e-01
4.221136868000030518e-01
4.217268526554107666e-01
4.213389158248901367e-01
4.209459424018859863e-01
4.205524623394012451e-01
4.201544225215911865e-01
4.197552502155303955e-01
4.193516671657562256e-01
4.189471900463104248e-01
4.185380935668945312e-01
4.181262850761413574e-01
4.177130758762359619e-01
4.172958135604858398e-01
4.168778955936431885e-01
4.164552092552185059e-01
4.160318374633789062e-01
4.156101644039154053e-01
4.152060449123382568e-01
4.147968590259552002e-01
4.143870174884796143e-01
4.139731228351593018e-01
4.135558307170867920e-01
4.131383895874023438e-01
4.127165377140045166e-01
4.122940301895141602e-01
4.118664860725402832e-01
4.114395081996917725e-01
4.110068678855895996e-01
4.105741679668426514e-01
4.101372659206390381e-01
4.096995890140533447e-01
4.092571735382080078e-01
4.088127017021179199e-01
4.083679318428039551e-01
4.079179763793945312e-01
4.074689447879791260e-01
4.070141613483428955e-01
4.065597653388977051e-01
4.061007797718048096e-01
4.056417644023895264e-01
4.051780104637145996e-01
4.047142863273620605e-01
4.042454659938812256e-01
4.037749469280242920e-01
4.033041894435882568e-01
4.028283953666687012e-01
4.023538529872894287e-01
4.018734991550445557e-01
4.013940095901489258e-01
4.009097814559936523e-01
4.004229009151458740e-01
3.999366760253906250e-01
3.994460105895996094e-01
3.989555239677429199e-01
3.984599113464355469e-01
3.979626893997192383e-01
3.974659442901611328e-01
3.969638645648956299e-01
3.964604139328002930e-01
3.959573507308959961e-01
3.954491019248962402e-01
3.949394822120666504e-01
3.944303393363952637e-01
3.939160704612731934e-01
3.934035897254943848e-01
3.928853869438171387e-01
3.923650979995727539e-01
3.918467760086059570e-01
3.913226425647735596e-01
3.907966911792755127e-01
3.902725577354431152e-01
3.897428512573242188e-01
3.892145454883575439e-01
3.886815607547760010e-01
3.881461620330810547e-01
3.876123726367950439e-01
3.870740532875061035e-01
3.865331113338470459e-01
3.859941363334655762e-01
3.854503929615020752e-01
3.849043250083923340e-01
3.843600749969482422e-01
3.838112950325012207e-01
3.832636177539825439e-01
3.827108442783355713e-01
3.821568489074707031e-01
3.816044032573699951e-01
3.810466229915618896e-01
3.804878890514373779e-01
3.799306452274322510e-01
3.793679773807525635e-01
3.788082599639892578e-01
3.782427012920379639e-01
3.776754438877105713e-01
3.771112263202667236e-01
3.765411078929901123e-01
3.759693801403045654e-01
3.754008412361145020e-01
3.748263418674468994e-01
3.742504417896270752e-01
3.736774921417236328e-01
3.730988502502441406e-01
3.725227415561676025e-01
3.719418346881866455e-01
3.713590502738952637e-01
3.707796037197113037e-01
3.701940774917602539e-01
3.696074485778808594e-01
3.690240979194641113e-01
3.684348464012145996e-01
3.678484857082366943e-01
3.672575354576110840e-01
3.666646778583526611e-01
3.660747110843658447e-01
3.654801249504089355e-01
3.648838102817535400e-01
3.642904758453369141e-01
3.636924326419830322e-01
3.630928099155426025e-01
3.624960780143737793e-01
3.618949651718139648e-01
3.612962961196899414e-01
3.606924414634704590e-01
3.600880205631256104e-01
3.594863414764404297e-01
3.588795363903045654e-01
3.582721352577209473e-01
3.576676547527313232e-01
3.570579886436462402e-01
3.564479351043701172e-01
3.558407127857208252e-01
3.552283048629760742e-01
3.546199202537536621e-01
3.540058434009552002e-01
3.533909618854522705e-01
3.527801632881164551e-01
3.521635532379150391e-01
3.515461981296539307e-01
3.509331941604614258e-01
3.503142893314361572e-01
3.496947288513183594e-01
3.490794599056243896e-01
3.484584689140319824e-01
3.478369116783142090e-01
3.472152054309844971e-01
3.465966582298278809e-01
3.459730744361877441e-01
3.453494012355804443e-01
3.447291553020477295e-01
3.441036939620971680e-01
3.434760868549346924e-01
3.428305983543395996e-01
3.421882688999176025e-01
3.415413796901702881e-01
3.408934175968170166e-01
3.402496576309204102e-01
3.396004140377044678e-01
3.389509916305541992e-01
3.383005261421203613e-01
3.376544713973999023e-01
3.370028734207153320e-01
3.363512456417083740e-01
3.356984853744506836e-01
3.350504040718078613e-01
3.343967199325561523e-01
3.337429761886596680e-01
3.330929279327392578e-01
3.324384987354278564e-01
3.317829668521881104e-01
3.311275541782379150e-01
3.304758369922637939e-01
3.298197686672210693e-01
3.291625678539276123e-01
3.285104036331176758e-01
3.278527557849884033e-01
3.271951675415039062e-01
3.265367746353149414e-01
3.258833587169647217e-01
3.252244293689727783e-01
3.245657980442047119e-01
3.239064514636993408e-01
3.232520520687103271e-01
3.225921690464019775e-01
3.219327032566070557e-01
3.212772011756896973e-01
3.206172883510589600e-01
3.199567794799804688e-01
3.192966878414154053e-01
3.186405003070831299e-01
3.179801702499389648e-01
3.173192143440246582e-01
3.166635334491729736e-01
3.160021901130676270e-01
3.153417110443115234e-01
3.146805763244628906e-01
3.140244781970977783e-01
3.133633136749267578e-01
