6.914879083633422852e-01
6.911153793334960938e-01
6.907174587249755859e-01
6.903008818626403809e-01
6.898804903030395508e-01
6.895458102226257324e-01
6.892439723014831543e-01
6.889452934265136719e-01
6.886391639709472656e-01
6.883164644241333008e-01
6.883440017700195312e-01
6.885626912117004395e-01
6.887669563293457031e-01
6.889563798904418945e-01
6.891287565231323242e-01
6.894011497497558594e-01
6.898784637451171875e-01
6.903390884399414062e-01
6.907771229743957520e-01
6.911964416503906250e-01
6.916067600250244141e-01
6.919506192207336426e-01
6.923025846481323242e-01
6.926751136779785156e-01
6.930690407752990723e-01
6.934772729873657227e-01
6.939433217048645020e-01
6.945235133171081543e-01
6.950850486755371094e-01
6.956234574317932129e-01
6.961407065391540527e-01
6.966432332992553711e-01
6.970458030700683594e-01
6.973679661750793457e-01
6.977021694183349609e-01
6.980500221252441406e-01
6.984142661094665527e-01
6.987956762313842773e-01
6.990550160408020020e-01
6.992195844650268555e-01
6.993954181671142578e-01
6.995788812637329102e-01
6.997617483139038086e-01
6.999375224113464355e-01
7.000953555107116699e-01
7.002282738685607910e-01
7.003404498100280762e-01
7.004341483116149902e-01
7.005146741867065430e-01
7.005907297134399414e-01
7.006497979164123535e-01
7.003940343856811523e-01
7.001441121101379395e-01
6.999068260192871094e-01
6.996833682060241699e-01
6.994757056236267090e-01
6.992810368537902832e-01
6.991541385650634766e-01
6.990883946418762207e-01
6.990233063697814941e-01
6.989531517028808594e-01
6.988732218742370605e-01
6.987835764884948730e-01
6.986877322196960449e-01
6.985089778900146484e-01
6.983043551445007324e-01
6.980966329574584961e-01
6.978881955146789551e-01
6.976819634437561035e-01
6.974796652793884277e-01
6.972844600677490234e-01
6.969943046569824219e-01
6.966736316680908203e-01
6.963590383529663086e-01
6.960491538047790527e-01
6.957459449768066406e-01
6.954540014266967773e-01
6.951755881309509277e-01
6.948850154876708984e-01
6.945852637290954590e-01
6.942673921585083008e-01
6.939305067062377930e-01
6.935734748840332031e-01
6.931815147399902344e-01
6.927513480186462402e-01
6.924124360084533691e-01
6.920410990715026855e-01
6.916635036468505859e-01
6.912897825241088867e-01
6.909263730049133301e-01
6.905740499496459961e-01
6.902362108230590820e-01
6.899113059043884277e-01
6.895464658737182617e-01
6.889953613281250000e-01
6.884540915489196777e-01
6.879204511642456055e-01
6.873915791511535645e-01
6.868648529052734375e-01
6.863375902175903320e-01
6.858068108558654785e-01
6.853095889091491699e-01
6.850013136863708496e-01
6.846845746040344238e-01
6.843568682670593262e-01
6.840196847915649414e-01
6.836717128753662109e-01
6.833144426345825195e-01
6.829497218132019043e-01
6.825768947601318359e-01
6.820299625396728516e-01
6.814392209053039551e-01
6.808453798294067383e-01
6.802515387535095215e-01
6.796579360961914062e-01
6.790676116943359375e-01
6.784829497337341309e-01
6.779040694236755371e-01
6.773455739021301270e-01
6.768666505813598633e-01
6.763956546783447266e-01
6.759296655654907227e-01
6.754683852195739746e-01
6.750084161758422852e-01
6.745491027832031250e-01
6.740874648094177246e-01
6.736215949058532715e-01
6.731705665588378906e-01
6.728183031082153320e-01
6.724620461463928223e-01
6.721030473709106445e-01
6.717432141304016113e-01
6.713852286338806152e-01
6.710293292999267578e-01
6.706779599189758301e-01
6.703321933746337891e-01
6.699924468994140625e-01
6.694937348365783691e-01
6.689608097076416016e-01
6.684322953224182129e-01
6.679056286811828613e-01
6.673812270164489746e-01
6.668562293052673340e-01
6.663284301757812500e-01
6.657977700233459473e-01
6.652613878250122070e-01
6.647257208824157715e-01
6.642575860023498535e-01
6.637805104255676270e-01
6.632955074310302734e-01
6.626188755035400391e-01
6.621049642562866211e-01
6.615825891494750977e-01
6.610504984855651855e-01
6.605110168457031250e-01
6.599640846252441406e-01
6.594105362892150879e-01
6.590350270271301270e-01
6.586648821830749512e-01
6.582949757575988770e-01
6.579278111457824707e-01
6.575670838356018066e-01
6.572135090827941895e-01
6.568706631660461426e-01
6.565400958061218262e-01
6.562234759330749512e-01
6.559218764305114746e-01
6.556695103645324707e-01
6.554786562919616699e-01
6.553000807762145996e-01
6.551314592361450195e-01
6.549699902534484863e-01
6.548130512237548828e-01
6.546569466590881348e-01
6.544991731643676758e-01
6.543372273445129395e-01
6.541690826416015625e-01
6.539929509162902832e-01
6.538158655166625977e-01
6.536402106285095215e-01
6.534546017646789551e-01
6.532593965530395508e-01
6.530545949935913086e-01
6.528412103652954102e-01
6.526196002960205078e-01
6.523905992507934570e-01
6.521553993225097656e-01
6.519147753715515137e-01
6.516702175140380859e-01
6.514227390289306641e-01
6.511395573616027832e-01
6.508548855781555176e-01
6.505699753761291504e-01
6.502874493598937988e-01
6.500066518783569336e-01
6.497300267219543457e-01
6.494565010070800781e-01
6.491881012916564941e-01
6.489233970642089844e-01
6.486638784408569336e-01
6.484076380729675293e-01
6.481557488441467285e-01
6.478580236434936523e-01
6.475605964660644531e-01
6.472637057304382324e-01
6.469670534133911133e-01
6.466679573059082031e-01
6.463662385940551758e-01
6.460624933242797852e-01
6.457544565200805664e-01
6.454429626464843750e-01
6.451282501220703125e-01
6.448118090629577637e-01
6.444923877716064453e-01
6.440337896347045898e-01
6.434074640274047852e-01
6.427817344665527344e-01
6.421579718589782715e-01
6.415371298789978027e-01
6.409215331077575684e-01
6.403101682662963867e-01
6.397053003311157227e-01
6.391080021858215332e-01
6.385188102722167969e-01
6.379398107528686523e-01
6.373695135116577148e-01
6.368094682693481445e-01
6.363301873207092285e-01
6.359908580780029297e-01
6.356647610664367676e-01
6.353502869606018066e-01
6.350504755973815918e-01
6.347640156745910645e-01
6.344944834709167480e-01
6.342409849166870117e-01
6.340079903602600098e-01
6.337956190109252930e-01
6.336095333099365234e-01
6.334515810012817383e-01
6.333297491073608398e-01
6.332488059997558594e-01
6.332662701606750488e-01
6.333769559860229492e-01
6.335727572441101074e-01
6.338835954666137695e-01
6.343578696250915527e-01
6.350829601287841797e-01
6.362389922142028809e-01
6.383300423622131348e-01
6.472328305244445801e-01
6.398439407348632812e-01
6.373869776725769043e-01
6.357730627059936523e-01
6.345944404602050781e-01
6.336876749992370605e-01
6.329552531242370605e-01
6.323122382164001465e-01
6.317684650421142578e-01
6.312981247901916504e-01
6.308858394622802734e-01
6.305173635482788086e-01
6.301850676536560059e-01
6.298806667327880859e-01
6.295990347862243652e-01
6.293374300003051758e-01
6.290913224220275879e-01
6.288595795631408691e-01
6.286388635635375977e-01
6.284298300743103027e-01
6.282296776771545410e-01
6.280366778373718262e-01
6.278443932533264160e-01
6.276621222496032715e-01
6.274886727333068848e-01
6.273255348205566406e-01
6.271756291389465332e-01
6.270418167114257812e-01
6.269264221191406250e-01
6.268339157104492188e-01
6.267680525779724121e-01
6.267290115356445312e-01
6.267024874687194824e-01
6.266555786132812500e-01
6.265336871147155762e-01
6.262939572334289551e-01
6.259566545486450195e-01
6.255977749824523926e-01
6.253128051757812500e-01
6.250693202018737793e-01
6.248688697814941406e-01
6.247016191482543945e-01
6.245599389076232910e-01
6.244355440139770508e-01
6.243248581886291504e-01
6.242230534553527832e-01
6.241295933723449707e-01
6.240413784980773926e-01
6.239595413208007812e-01
6.238821148872375488e-01
6.238099932670593262e-01
6.237447261810302734e-01
6.236851811408996582e-01
6.236339807510375977e-01
6.236131191253662109e-01
6.236266493797302246e-01
6.236514449119567871e-01
6.236874461174011230e-01
6.237362623214721680e-01
6.237999200820922852e-01
6.238775253295898438e-01
6.239710450172424316e-01
6.240818500518798828e-01
6.242085695266723633e-01
6.243530511856079102e-01
6.245150566101074219e-01
6.246958374977111816e-01
6.248934268951416016e-01
6.251084208488464355e-01
6.253406405448913574e-01
6.255887150764465332e-01
6.258525252342224121e-01
6.263225078582763672e-01
6.268422007560729980e-01
6.273731589317321777e-01
6.279133558273315430e-01
6.284628510475158691e-01
6.290182471275329590e-01
6.295799016952514648e-01
6.301442384719848633e-01
6.307100653648376465e-01
6.312766671180725098e-01
6.318403482437133789e-01
6.324000358581542969e-01
6.329527497291564941e-01
6.334984302520751953e-01
6.340342164039611816e-01
6.345586776733398438e-01
6.350687742233276367e-01
6.355632543563842773e-01
6.360519528388977051e-01
6.365652084350585938e-01
6.370581984519958496e-01
6.375283002853393555e-01
6.379748582839965820e-01
6.383963227272033691e-01
6.387918591499328613e-01
6.391608119010925293e-01
6.395023465156555176e-01
6.398158669471740723e-01
6.401014924049377441e-01
6.403587460517883301e-01
6.405883431434631348e-01
6.407899856567382812e-01
6.409650444984436035e-01
6.411140561103820801e-01
6.412370800971984863e-01
6.413364410400390625e-01
6.414122581481933594e-01
6.414675116539001465e-01
6.415728330612182617e-01
6.417216062545776367e-01
6.418541669845581055e-01
6.419740915298461914e-01
6.420818567276000977e-01
6.421812176704406738e-01
6.422727108001708984e-01
6.423600912094116211e-01
6.424438357353210449e-01
6.425268054008483887e-01
6.426120996475219727e-01
6.426997780799865723e-01
6.427936553955078125e-01
6.428945660591125488e-01
6.430042386054992676e-01
6.431235671043395996e-01
6.432555913925170898e-01
6.434009075164794922e-01
6.435608267784118652e-01
6.437364816665649414e-01
6.439290046691894531e-01
6.441099047660827637e-01
6.442960500717163086e-01
6.445025205612182617e-01
6.447278261184692383e-01
6.449743509292602539e-01
6.452406048774719238e-01
6.455287933349609375e-01
6.458371281623840332e-01
6.461675763130187988e-01
6.465183496475219727e-01
6.468912363052368164e-01
6.472842097282409668e-01
6.476989984512329102e-01
6.481334567070007324e-01
6.485891938209533691e-01
6.490637063980102539e-01
6.495589613914489746e-01
6.500719785690307617e-01
6.506049036979675293e-01
6.511545777320861816e-01
6.517232060432434082e-01
6.523074507713317871e-01
6.528832316398620605e-01
6.534577012062072754e-01
6.540468931198120117e-01
6.546493172645568848e-01
6.552661061286926270e-01
6.558953523635864258e-01
6.565362215042114258e-01
6.571899056434631348e-01
6.578530073165893555e-01
6.585267782211303711e-01
6.592102050781250000e-01
6.599022150039672852e-01
6.606013178825378418e-01
6.613096594810485840e-01
6.620225906372070312e-01
6.627424955368041992e-01
6.634670495986938477e-01
6.641951799392700195e-01
6.649273633956909180e-01
6.656614542007446289e-01
6.663970947265625000e-01
6.671344041824340820e-01
6.678707599639892578e-01
6.685690283775329590e-01
6.690049171447753906e-01
6.694394946098327637e-01
6.698696613311767578e-01
6.702955365180969238e-01
6.707160472869873047e-01
6.711301207542419434e-01
6.715368628501892090e-01
6.719349622726440430e-01
6.723234057426452637e-01
6.727010011672973633e-01
6.730666756629943848e-01
6.734192371368408203e-01
6.737576127052307129e-01
6.740805506706237793e-01
6.743869781494140625e-01
6.746749877929687500e-01
6.749449968338012695e-01
6.751950979232788086e-01
6.754238009452819824e-01
6.756311655044555664e-01
6.758155822753906250e-01
6.759760379791259766e-01
6.761121153831481934e-01
6.762226819992065430e-01
6.763029694557189941e-01
6.763272881507873535e-01
6.763246655464172363e-01
6.762946844100952148e-01
6.762367486953735352e-01
6.761506795883178711e-01
6.760367751121520996e-01
6.758942604064941406e-01
6.757241487503051758e-01
6.755256652832031250e-01
6.752995848655700684e-01
6.750473380088806152e-01
6.747671961784362793e-01
6.744621992111206055e-01
6.741335391998291016e-01
6.737801432609558105e-01
6.734043955802917480e-01
6.730085015296936035e-01
6.725914478302001953e-01
6.721574068069458008e-01
6.717064976692199707e-01
6.712403893470764160e-01
6.707592606544494629e-01
6.702679395675659180e-01
6.697666049003601074e-01
6.692554354667663574e-01
6.687395572662353516e-01
6.682273149490356445e-01
6.677207946777343750e-01
6.672126650810241699e-01
6.667064428329467773e-01
6.662039160728454590e-01
6.657035946846008301e-01
6.652118563652038574e-01
6.647270917892456055e-01
6.642509698867797852e-01
6.637863516807556152e-01
6.633338332176208496e-01
6.628954410552978516e-01
6.624696254730224609e-01
6.620616316795349121e-01
6.616695523262023926e-01
6.612947583198547363e-01
6.609386801719665527e-01
6.606025695800781250e-01
6.602852940559387207e-01
6.599892377853393555e-01
6.597129702568054199e-01
6.594586372375488281e-01
6.592248082160949707e-01
6.590132713317871094e-01
6.588225364685058594e-01
6.586542129516601562e-01
6.585067510604858398e-01
6.583817005157470703e-01
6.582773327827453613e-01
6.580664515495300293e-01
6.578717231750488281e-01
6.576974391937255859e-01
6.575422883033752441e-01
6.574077606201171875e-01
6.572923660278320312e-01
6.571959853172302246e-01
6.571171283721923828e-01
6.570569872856140137e-01
6.570143103599548340e-01
6.569885015487670898e-01
6.569789052009582520e-01
6.569842100143432617e-01
6.570054888725280762e-01
6.570413112640380859e-01
6.570909619331359863e-01
6.571530699729919434e-01
6.572276353836059570e-01
6.573150753974914551e-01
6.574129462242126465e-01
6.575222611427307129e-01
6.576406955718994141e-01
6.577683091163635254e-01
6.579055786132812500e-01
6.580507755279541016e-01
6.582033038139343262e-01
6.583604812622070312e-01
6.585255861282348633e-01
6.586960554122924805e-01
6.588700413703918457e-01
6.590579152107238770e-01
6.592623591423034668e-01
6.594675183296203613e-01
6.596769690513610840e-01
6.598879098892211914e-01
6.600974798202514648e-01
6.603094935417175293e-01
6.605202555656433105e-01
6.607296466827392578e-01
6.609387397766113281e-01
6.611447334289550781e-01
6.613488793373107910e-01
6.615484356880187988e-01
6.617434024810791016e-01
6.619359254837036133e-01
6.621214747428894043e-01
6.623036265373229980e-01
6.624786853790283203e-01
6.626474857330322266e-01
6.628091335296630859e-01
6.629633903503417969e-01
6.631100773811340332e-01
6.632483601570129395e-01
6.633780598640441895e-01
6.634985804557800293e-01
6.636105179786682129e-01
6.637111306190490723e-01
6.638032197952270508e-01
6.638839840888977051e-01
6.639533638954162598e-01
6.640132069587707520e-01
6.640603542327880859e-01
6.640975475311279297e-01
6.640517711639404297e-01
6.639539599418640137e-01
6.638433933258056641e-01
6.637223362922668457e-01
6.635901331901550293e-01
6.634449958801269531e-01
6.632891893386840820e-01
6.631212830543518066e-01
6.629405617713928223e-01
6.627489924430847168e-01
6.625450849533081055e-01
6.623293161392211914e-01
6.621006131172180176e-01
6.618608236312866211e-01
6.616089940071105957e-01
6.613444685935974121e-01
6.610687375068664551e-01
6.607810258865356445e-01
6.604814529418945312e-01
6.601690649986267090e-01
6.598457098007202148e-01
6.595103740692138672e-01
6.591625213623046875e-01
6.588033437728881836e-01
6.584321260452270508e-01
6.580489277839660645e-01
6.576530337333679199e-01
6.572456359863281250e-01
6.568260192871093750e-01
6.563926339149475098e-01
6.559480428695678711e-01
6.554905772209167480e-01
6.550203561782836914e-01
6.545361876487731934e-01
6.540389657020568848e-01
6.535505652427673340e-01
6.530976891517639160e-01
6.526300311088562012e-01
6.521490812301635742e-01
6.516537666320800781e-01
6.511442065238952637e-01
6.506201624870300293e-01
6.500806808471679688e-01
6.495274901390075684e-01
6.489595174789428711e-01
6.483771800994873047e-01
6.477802395820617676e-01
6.471683382987976074e-01
6.465429067611694336e-01
6.459037065505981445e-01
6.452507376670837402e-01
6.445847153663635254e-01
6.439049243927001953e-01
6.432136893272399902e-01
6.425105333328247070e-01
6.417961716651916504e-01
6.410712003707885742e-01
6.403356790542602539e-01
6.395916342735290527e-01
6.388395428657531738e-01
6.380798220634460449e-01
6.373137831687927246e-01
6.365412473678588867e-01
6.357651352882385254e-01
6.349854469299316406e-01
6.342034339904785156e-01
6.334200501441955566e-01
6.326357722282409668e-01
6.318532824516296387e-01
6.310730576515197754e-01
6.302961111068725586e-01
6.295248866081237793e-01
6.287583112716674805e-01
6.279729008674621582e-01
6.270589232444763184e-01
6.261534690856933594e-01
6.252586245536804199e-01
6.243754625320434570e-01
6.235029697418212891e-01
6.226438283920288086e-01
6.214898824691772461e-01
6.206791400909423828e-01
6.198872327804565430e-01
6.191129088401794434e-01
6.183583140373229980e-01
6.176251173019409180e-01
6.169126033782958984e-01
6.162222623825073242e-01
6.155554652214050293e-01
6.149116158485412598e-01
6.142919659614562988e-01
6.136970520019531250e-01
6.131272315979003906e-01
6.125829219818115234e-01
6.120651364326477051e-01
6.115725040435791016e-01
6.111059784889221191e-01
6.106656193733215332e-01
6.102514266967773438e-01
6.098625659942626953e-01
6.095001101493835449e-01
6.091632843017578125e-01
6.088506579399108887e-01
6.085645556449890137e-01
6.083018779754638672e-01
6.080618500709533691e-01
6.078460812568664551e-01
6.076527237892150879e-01
6.074796319007873535e-01
6.073288321495056152e-01
6.071981191635131836e-01
6.070847511291503906e-01
6.069923043251037598e-01
6.069159507751464844e-01
6.068538427352905273e-01
6.069665551185607910e-01
6.071249842643737793e-01
6.072934269905090332e-01
6.074744462966918945e-01
6.076644062995910645e-01
6.078603267669677734e-01
6.080647110939025879e-01
6.082745194435119629e-01
6.084857583045959473e-01
6.087021231651306152e-01
6.089192628860473633e-01
6.091345548629760742e-01
6.093502640724182129e-01
6.095636487007141113e-01
6.097707748413085938e-01
6.099752187728881836e-01
6.101709604263305664e-01
6.103616356849670410e-01
6.105415225028991699e-01
6.107140779495239258e-01
6.108736395835876465e-01
6.110237836837768555e-01
6.111608743667602539e-01
6.112837195396423340e-01
6.113930940628051758e-01
6.114853024482727051e-01
6.115633845329284668e-01
6.116229295730590820e-01
6.116667389869689941e-01
6.116908192634582520e-01
6.116977930068969727e-01
6.116840839385986328e-01
6.116520762443542480e-01
6.115986704826354980e-01
6.115258932113647461e-01
6.114311814308166504e-01
6.113163232803344727e-01
6.111791729927062988e-01
6.110212206840515137e-01
6.108407974243164062e-01
6.106390953063964844e-01
6.104149818420410156e-01
6.101694107055664062e-01
6.099015474319458008e-01
6.096119880676269531e-01
6.093010902404785156e-01
6.089681982994079590e-01
6.086140871047973633e-01
6.082383394241333008e-01
6.078418493270874023e-01
6.074242591857910156e-01
6.069868206977844238e-01
6.065278053283691406e-01
6.060500144958496094e-01
6.055523753166198730e-01
6.050360798835754395e-01
6.045019626617431641e-01
6.039481759071350098e-01
6.033788919448852539e-01
6.027905941009521484e-01
6.021873354911804199e-01
6.015691161155700684e-01
6.009338498115539551e-01
6.002861857414245605e-01
5.996226072311401367e-01
5.989482402801513672e-01
5.982611179351806641e-01
5.975608825683593750e-01
5.968521833419799805e-01
5.961312055587768555e-01
5.954034924507141113e-01
5.946673154830932617e-01
5.939223170280456543e-01
5.931721329689025879e-01
5.924146771430969238e-01
5.916552543640136719e-01
5.908918380737304688e-01
5.901243686676025391e-01
5.893567204475402832e-01
5.885874032974243164e-01
5.878201723098754883e-01
5.870545506477355957e-01
5.862905383110046387e-01
5.855318903923034668e-01
5.847791433334350586e-01
5.840305089950561523e-01
5.832920074462890625e-01
5.825616717338562012e-01
5.818416476249694824e-01
5.811325907707214355e-01
5.804371237754821777e-01
5.797567367553710938e-01
5.790899991989135742e-01
5.784425735473632812e-01
5.779194831848144531e-01
5.774272680282592773e-01
5.769569873809814453e-01
5.765110254287719727e-01
5.760910511016845703e-01
5.756964087486267090e-01
5.753310322761535645e-01
5.749946832656860352e-01
5.746898055076599121e-01
5.744168162345886230e-01
5.741781592369079590e-01
5.739735364913940430e-01
5.738065242767333984e-01
5.736759305000305176e-01
5.735845565795898438e-01
5.735331177711486816e-01
5.735218524932861328e-01
5.735514760017395020e-01
5.736239552497863770e-01
5.737404823303222656e-01
5.738990306854248047e-01
5.741001367568969727e-01
5.743483304977416992e-01
5.746368169784545898e-01
5.749692320823669434e-01
5.753440856933593750e-01
5.757631659507751465e-01
5.762206912040710449e-01
5.767167806625366211e-01
5.772513747215270996e-01
5.778211951255798340e-01
5.784291028976440430e-01
5.790637731552124023e-01
5.797273516654968262e-01
5.804156064987182617e-01
5.811262726783752441e-01
5.818592309951782227e-01
5.826026201248168945e-01
5.833556652069091797e-01
5.841152667999267578e-01
5.848758220672607422e-01
5.856334567070007324e-01
5.863880515098571777e-01
5.871254801750183105e-01
5.878450870513916016e-01
5.885428786277770996e-01
5.892136096954345703e-01
5.898580551147460938e-01
5.904617309570312500e-01
5.910260081291198730e-01
5.915459394454956055e-01
5.920191407203674316e-01
5.924444794654846191e-01
5.928166508674621582e-01
5.931444168090820312e-01
5.934143662452697754e-01
5.936244726181030273e-01
5.937747359275817871e-01
5.938613414764404297e-01
5.938852429389953613e-01
5.938460826873779297e-01
5.937439203262329102e-01
5.935788154602050781e-01
5.933522582054138184e-01
5.930647253990173340e-01
5.927177071571350098e-01
5.923126935958862305e-01
5.918508768081665039e-01
5.913350582122802734e-01
5.907670855522155762e-01
5.901489853858947754e-01
5.894831418991088867e-01
5.887696146965026855e-01
5.880143046379089355e-01
5.872191786766052246e-01
5.863858461380004883e-01
5.855168700218200684e-01
5.846147537231445312e-01
5.836812257766723633e-01
5.827197432518005371e-01
5.817320942878723145e-01
5.807170867919921875e-01
5.796837210655212402e-01
5.786300301551818848e-01
5.775592327117919922e-01
5.764728188514709473e-01
5.753726363182067871e-01
5.742605924606323242e-01
5.731379985809326172e-01
5.720060467720031738e-01
5.708633661270141602e-01
5.697185993194580078e-01
5.685691237449645996e-01
5.674161314964294434e-01
5.662602782249450684e-01
5.651034712791442871e-01
5.639466047286987305e-01
5.627903938293457031e-01
5.616355538368225098e-01
5.604784488677978516e-01
5.593290925025939941e-01
5.581832528114318848e-01
5.570418834686279297e-01
5.559053421020507812e-01
5.547735095024108887e-01
5.536482334136962891e-01
5.525293350219726562e-01
5.514172315597534180e-01
5.503121018409729004e-01
5.492144227027893066e-01
5.481238961219787598e-01
5.470417141914367676e-01
5.459759831428527832e-01
5.449515581130981445e-01
5.439361929893493652e-01
5.429299473762512207e-01
5.419330000877380371e-01
5.409455299377441406e-01
5.399673581123352051e-01
5.389987826347351074e-01
5.380399227142333984e-01
5.370900630950927734e-01
5.361506342887878418e-01
5.352182984352111816e-01
5.342985987663269043e-01
5.333890914916992188e-01
5.324891805648803711e-01
5.315993428230285645e-01
5.307195186614990234e-01
5.298496484756469727e-01
5.289897322654724121e-01
5.281391143798828125e-01
5.272990465164184570e-01
5.264692306518554688e-01
5.256490707397460938e-01
5.248391628265380859e-01
5.240391492843627930e-01
5.232489109039306641e-01
5.224421620368957520e-01
5.216430425643920898e-01
5.208528041839599609e-01
5.200722813606262207e-01
5.193020701408386230e-01
5.185409188270568848e-01
5.177893042564392090e-01
5.170480012893676758e-01
5.163156390190124512e-01
5.155927538871765137e-01
5.148795247077941895e-01
5.141764879226684570e-01
5.134821534156799316e-01
5.127973556518554688e-01
5.121226906776428223e-01
5.114567279815673828e-01
5.108000636100769043e-01
5.101534724235534668e-01
5.095155239105224609e-01
5.088866353034973145e-01
5.082678198814392090e-01
5.076572299003601074e-01
5.070557594299316406e-01
5.064640641212463379e-01
5.058804750442504883e-01
5.053057670593261719e-01
5.047889351844787598e-01
5.043215751647949219e-01
5.038629770278930664e-01
5.034129619598388672e-01
5.029722452163696289e-01
5.025392174720764160e-01
5.021144151687622070e-01
5.016986727714538574e-01
5.012900829315185547e-01
5.008901357650756836e-01
5.004972815513610840e-01
5.001120567321777344e-01
4.997343719005584717e-01
4.993648827075958252e-01
4.990018904209136963e-01
4.986461102962493896e-01
4.982972741127014160e-01
4.979553818702697754e-01
4.976209700107574463e-01
4.972924292087554932e-01
4.969704151153564453e-01
4.966546893119812012e-01
4.963460564613342285e-01
4.960426688194274902e-01
4.957452714443206787e-01
4.954538047313690186e-01
4.951683878898620605e-01
4.948885738849639893e-01
4.946090579032897949e-01
4.943349063396453857e-01
4.940667450428009033e-01
4.938029646873474121e-01
4.935443997383117676e-01
4.932906031608581543e-01
4.930416047573089600e-01
4.927981495857238770e-01
4.925585091114044189e-01
4.923234581947326660e-01
4.920928478240966797e-01
4.918674230575561523e-01
4.916455447673797607e-01
4.914281964302062988e-01
4.912146627902984619e-01
4.910059869289398193e-01
4.908005297183990479e-01
4.905990362167358398e-01
4.904013872146606445e-01
4.902083575725555420e-01
4.900182783603668213e-01
4.898321330547332764e-01
4.896494150161743164e-01
4.894710779190063477e-01
4.892954826354980469e-01
4.891233742237091064e-01
4.889547228813171387e-01
4.887902140617370605e-01
4.886546134948730469e-01
4.885636270046234131e-01
4.884768128395080566e-01
4.883922338485717773e-01
4.883119463920593262e-01
4.882340729236602783e-01
4.881593585014343262e-01
4.880886077880859375e-01
4.880200028419494629e-01
4.879551827907562256e-01
4.878928065299987793e-01
4.878334403038024902e-01
4.877778589725494385e-01
4.877243936061859131e-01
4.876738786697387695e-01
4.876267910003662109e-01
4.875819981098175049e-01
4.875408113002777100e-01
4.875014424324035645e-01
4.874650537967681885e-01
4.874321818351745605e-01
4.874010086059570312e-01
4.873735904693603516e-01
4.873480200767517090e-01
4.873251020908355713e-01
4.873056411743164062e-01
4.872879385948181152e-01
4.872731268405914307e-01
4.872605800628662109e-01
4.872505366802215576e-01
4.872448444366455078e-01
4.872429668903350830e-01
4.872434139251708984e-01
4.872464835643768311e-01
4.872516095638275146e-01
4.872590303421020508e-01
4.872683882713317871e-01
4.872797727584838867e-01
4.872939586639404297e-01
4.873103499412536621e-01
4.873291850090026855e-01
4.873499572277069092e-01
4.873729050159454346e-01
4.873982071876525879e-01
4.874249994754791260e-01
4.874542951583862305e-01
4.874850809574127197e-01
4.875184893608093262e-01
4.875539541244506836e-01
4.875914752483367920e-01
4.876312315464019775e-01
4.876722991466522217e-01
4.877157807350158691e-01
4.877614676952362061e-01
4.878088533878326416e-01
4.878581762313842773e-01
4.879088103771209717e-01
4.879619181156158447e-01
4.880164563655853271e-01
4.880735874176025391e-01
4.881322681903839111e-01
4.882027506828308105e-01
4.883350729942321777e-01
4.884693920612335205e-01
4.886051714420318604e-01
4.887430071830749512e-01
4.888824522495269775e-01
4.890233278274536133e-01
4.891658425331115723e-01
4.893102645874023438e-01
4.894569218158721924e-01
4.896042943000793457e-01
4.897530078887939453e-01
4.899035692214965820e-01
4.900556802749633789e-01
4.902104735374450684e-01
4.903656542301177979e-01
4.905226230621337891e-01
4.905804991722106934e-01
4.906331002712249756e-01
4.906873703002929688e-01
4.907420575618743896e-01
4.907966554164886475e-01
4.908528625965118408e-01
4.909097552299499512e-01
4.909667670726776123e-01
4.910244047641754150e-01
4.910833239555358887e-01
4.911420047283172607e-01
4.912021458148956299e-01
4.912632405757904053e-01
4.913245737552642822e-01
4.913849532604217529e-01
4.914474189281463623e-01
4.915203452110290527e-01
4.916115999221801758e-01
4.917023777961730957e-01
4.917932152748107910e-01
4.918828010559082031e-01
4.919727444648742676e-01
4.920618832111358643e-01
4.921512007713317871e-01
4.922404885292053223e-01
4.923290610313415527e-01
4.924168586730957031e-01
4.925045967102050781e-01
4.925912916660308838e-01
4.926780462265014648e-01
4.927646517753601074e-01
4.928503334522247314e-01
4.929347634315490723e-01
4.927969872951507568e-01
4.923340380191802979e-01
4.918674230575561523e-01
4.913952946662902832e-01
4.909193515777587891e-01
4.904374778270721436e-01
4.899520576000213623e-01
4.894618690013885498e-01
4.889659285545349121e-01
4.884660243988037109e-01
4.879602789878845215e-01
4.874497950077056885e-01
4.869350492954254150e-01
4.864147901535034180e-01
4.858899414539337158e-01
4.853591024875640869e-01
4.848240315914154053e-01
4.842718243598937988e-01
4.835055172443389893e-01
4.827367663383483887e-01
4.819638133049011230e-01
4.811860918998718262e-01
4.804059863090515137e-01
4.796199202537536621e-01
4.788316786289215088e-01
4.780392050743103027e-01
4.772433340549468994e-01
4.764436483383178711e-01
4.756389260292053223e-01
4.748315811157226562e-01
4.740194380283355713e-01
4.732049107551574707e-01
4.723850786685943604e-01
4.715621471405029297e-01
4.707355499267578125e-01
4.698885381221771240e-01
4.689944982528686523e-01
4.681006669998168945e-01
4.672041535377502441e-01
4.663065671920776367e-01
4.654086232185363770e-01
4.645091593265533447e-01
4.636089205741882324e-01
4.627066552639007568e-01
4.618034064769744873e-01
4.609005451202392578e-01
4.599951207637786865e-01
4.590896070003509521e-01
4.581831097602844238e-01
4.572745263576507568e-01
4.563661515712738037e-01
4.554559588432312012e-01
4.545464217662811279e-01
4.536478519439697266e-01
4.530067145824432373e-01
4.523654580116271973e-01
4.517253041267395020e-01
4.510875046253204346e-01
4.504496753215789795e-01
4.498120844364166260e-01
4.491750895977020264e-01
4.485399723052978516e-01
4.479050636291503906e-01
4.472717940807342529e-01
4.466388821601867676e-01
4.460075497627258301e-01
4.453763663768768311e-01
4.447464048862457275e-01
4.441182017326354980e-01
4.434919655323028564e-01
4.428652226924896240e-01
4.422393143177032471e-01
4.416147768497467041e-01
4.409921467304229736e-01
4.403706490993499756e-01
4.397495985031127930e-01
4.391295313835144043e-01
4.385116696357727051e-01
4.378943145275115967e-01
4.372789859771728516e-01
4.366641938686370850e-01
4.360504150390625000e-01
4.354398846626281738e-01
4.348290860652923584e-01
4.342204034328460693e-01
4.336131513118743896e-01
4.330054521560668945e-01
4.324010312557220459e-01
4.317980706691741943e-01
4.311958551406860352e-01
4.305958747863769531e-01
4.300466179847717285e-01
4.296525716781616211e-01
4.292610287666320801e-01
4.288696646690368652e-01
4.284816682338714600e-01
4.280936121940612793e-01
4.277085065841674805e-01
4.273251891136169434e-01
4.269438087940216064e-01
4.265642762184143066e-01
4.261853098869323730e-01
4.258095324039459229e-01
4.254356622695922852e-01
4.250645339488983154e-01
4.246937036514282227e-01
4.243251383304595947e-01
4.239590466022491455e-01
4.235948920249938965e-01
4.232327938079833984e-01
4.228726327419281006e-01
4.225144982337951660e-01
4.221571683883666992e-01
4.218031167984008789e-01
4.214511811733245850e-01
4.211021065711975098e-01
4.207535386085510254e-01
4.204073548316955566e-01
4.200637936592102051e-01
4.197224080562591553e-01
4.193832278251647949e-01
4.190461337566375732e-01
4.187099039554595947e-01
4.183780848979949951e-01
4.180468320846557617e-01
4.177186191082000732e-01
4.173935055732727051e-01
4.170676767826080322e-01
4.167471528053283691e-01
4.164280295372009277e-01
4.161112904548645020e-01
4.157392680644989014e-01
4.153171479701995850e-01
4.148960709571838379e-01
4.144768714904785156e-01
4.140605628490447998e-01
4.136438071727752686e-01
4.132315218448638916e-01
4.128203392028808594e-01
4.124111533164978027e-01
4.120049774646759033e-01
4.115984141826629639e-01
4.111964106559753418e-01
4.107964634895324707e-01
4.103978276252746582e-01
4.100023508071899414e-01
4.096065461635589600e-01
4.092154800891876221e-01
4.088257849216461182e-01
4.084383547306060791e-01
4.080542027950286865e-01
4.076696932315826416e-01
4.072901606559753418e-01
4.069121479988098145e-01
4.065364599227905273e-01
4.061642289161682129e-01
4.057917296886444092e-01
4.054243862628936768e-01
4.050586223602294922e-01
4.046953618526458740e-01
4.043363630771636963e-01
4.039764702320098877e-01
4.036219418048858643e-01
4.032691419124603271e-01
4.029199481010437012e-01
4.025725424289703369e-01
4.022259712219238281e-01
4.018850028514862061e-01
4.015458524227142334e-01
4.012105166912078857e-01
4.008769989013671875e-01
4.005445241928100586e-01
4.002177417278289795e-01
3.999029695987701416e-01
3.995971977710723877e-01
3.992939591407775879e-01
3.989922404289245605e-01
3.986970186233520508e-01
3.984045386314392090e-01
3.981166481971740723e-01
3.978313803672790527e-01
3.975487947463989258e-01
3.972710371017456055e-01
3.969980478286743164e-01
3.967278897762298584e-01
3.964625597000122070e-01
3.961979746818542480e-01
3.959403932094573975e-01
3.956858515739440918e-01
3.954363763332366943e-01
3.951898217201232910e-01
3.949451446533203125e-01
3.947077989578247070e-01
3.944736421108245850e-01
3.942447006702423096e-01
3.940189182758331299e-01
3.937960863113403320e-01
3.935789763927459717e-01
3.933671712875366211e-01
3.931587338447570801e-01
3.929557204246520996e-01
3.927537798881530762e-01
3.925597965717315674e-01
3.923693597316741943e-01
3.921845555305480957e-01
3.920033276081085205e-01
3.918254077434539795e-01
3.916536569595336914e-01
3.914866149425506592e-01
3.913255035877227783e-01
3.911682069301605225e-01
3.910142481327056885e-01
3.908668458461761475e-01
3.907254636287689209e-01
3.905881047248840332e-01
3.904569149017333984e-01
3.903267085552215576e-01
3.902149498462677002e-01
3.901159167289733887e-01
3.900219798088073730e-01
3.899350762367248535e-01
3.898508846759796143e-01
3.897751271724700928e-01
3.897065520286560059e-01
3.896432220935821533e-01
3.895868957042694092e-01
3.895372450351715088e-01
3.894899785518646240e-01
3.894528150558471680e-01
3.894215524196624756e-01
3.893979489803314209e-01
3.893808722496032715e-01
3.893659710884094238e-01
3.893624246120452881e-01
3.893656432628631592e-01
3.893746733665466309e-01
3.893913328647613525e-01
3.894110321998596191e-01
3.894419968128204346e-01
3.894801735877990723e-01
3.895240724086761475e-01
3.895766139030456543e-01
3.896318674087524414e-01
3.896990120410919189e-01
3.897731900215148926e-01
3.898540735244750977e-01
3.899435400962829590e-01
3.900360167026519775e-01
3.901404738426208496e-01
3.902527391910552979e-01
3.903718888759613037e-01
3.904997706413269043e-01
3.906316459178924561e-01
3.907743096351623535e-01
3.909260034561157227e-01
3.910847008228302002e-01
3.912523984909057617e-01
3.914285004138946533e-01
3.916078209877014160e-01
3.918003141880035400e-01
3.919999897480010986e-01
3.922092616558074951e-01
3.924270570278167725e-01
3.926521241664886475e-01
3.929417729377746582e-01
3.932401239871978760e-01
3.935485780239105225e-01
3.938646316528320312e-01
3.941864669322967529e-01
3.945204317569732666e-01
3.948642611503601074e-01
3.952162861824035645e-01
3.955770432949066162e-01
3.959435820579528809e-01
3.963224589824676514e-01
3.967115283012390137e-01
3.971086144447326660e-01
3.975157141685485840e-01
3.979309499263763428e-01
3.983505368232727051e-01
3.987850546836853027e-01
3.992274999618530273e-01
3.996799290180206299e-01
4.001404643058776855e-01
4.006052911281585693e-01
4.010848701000213623e-01
4.015723168849945068e-01
4.020697474479675293e-01
4.025750458240509033e-01
4.030900895595550537e-01
4.036079645156860352e-01
4.041394591331481934e-01
4.046806097030639648e-01
4.052291512489318848e-01
4.057873189449310303e-01
4.063474535942077637e-01
4.069219529628753662e-01
4.075036942958831787e-01
4.080931842327117920e-01
4.086916446685791016e-01
4.092966020107269287e-01
4.099048078060150146e-01
4.105245172977447510e-01
4.111513197422027588e-01
4.117860794067382812e-01
4.124262928962707520e-01
4.130688905715942383e-01
4.137216508388519287e-01
4.143811464309692383e-01
4.150456488132476807e-01
4.157150983810424805e-01
4.163905084133148193e-01
4.170642495155334473e-01
4.178022146224975586e-01
4.185510575771331787e-01
4.193010330200195312e-01
4.200504422187805176e-01
4.207955002784729004e-01
4.215449988842010498e-01
4.222927093505859375e-01
4.230393767356872559e-01
4.237836003303527832e-01
4.245239794254302979e-01
4.252566695213317871e-01
4.259896278381347656e-01
4.267170429229736328e-01
4.274390339851379395e-01
4.281538128852844238e-01
4.288614392280578613e-01
4.295564889907836914e-01
4.302463531494140625e-01
4.309264421463012695e-01
4.315953850746154785e-01
4.322515726089477539e-01
4.328952729701995850e-01
4.335214495658874512e-01
4.341354668140411377e-01
4.347335994243621826e-01
4.353141486644744873e-01
4.358759522438049316e-01
4.364180862903594971e-01
4.369359910488128662e-01
4.374348223209381104e-01
4.379099905490875244e-01
4.383600652217864990e-01
4.387839734554290771e-01
4.391801357269287109e-01
4.395455121994018555e-01
4.398823082447052002e-01
4.401874542236328125e-01
4.404586255550384521e-01
4.406951963901519775e-01
4.408954381942749023e-01
4.410578608512878418e-01
4.411813914775848389e-01
4.412637352943420410e-01
4.413039088249206543e-01
4.413002431392669678e-01
4.412511289119720459e-01
4.411577284336090088e-01
4.410140514373779297e-01
4.408206641674041748e-01
4.405763149261474609e-01
4.402794837951660156e-01
4.399289488792419434e-01
4.395273625850677490e-01
4.390655457973480225e-01
4.385466873645782471e-01
4.379697740077972412e-01
4.373338520526885986e-01
4.366379082202911377e-01
4.358882606029510498e-01
4.350700080394744873e-01
4.341896176338195801e-01
4.332463145256042480e-01
4.322396516799926758e-01
4.311692714691162109e-01
4.300445020198822021e-01
4.288462400436401367e-01
4.275837838649749756e-01
4.262571632862091064e-01
4.248667657375335693e-01
4.234121143817901611e-01
4.218946695327758789e-01
4.203279614448547363e-01
4.186863899230957031e-01
4.169840812683105469e-01
4.152216315269470215e-01
4.134006798267364502e-01
4.115224182605743408e-01
4.095870256423950195e-01
4.076135754585266113e-01
4.055709838867187500e-01
4.034779667854309082e-01
4.013354778289794922e-01
3.991448879241943359e-01
3.969095349311828613e-01
3.946303725242614746e-01
3.923293054103851318e-01
3.899719417095184326e-01
3.875778913497924805e-01
3.851508498191833496e-01
3.826924562454223633e-01
3.802064061164855957e-01
3.776948750019073486e-01
3.751786947250366211e-01
3.726238310337066650e-01
3.700506389141082764e-01
3.674642145633697510e-01
3.648650944232940674e-01
3.622563183307647705e-01
3.596422076225280762e-01
3.570440411567687988e-01
3.544234335422515869e-01
3.518059849739074707e-01
3.491918146610260010e-01
3.465847671031951904e-01
3.439872264862060547e-01
3.414008319377899170e-01
3.388472795486450195e-01
3.362755477428436279e-01
3.337084949016571045e-01
3.311607241630554199e-01
3.286333084106445312e-01
3.261293768882751465e-01
3.236515820026397705e-01
3.212183713912963867e-01
3.187954127788543701e-01
3.164031207561492920e-01
3.140421807765960693e-01
3.117146492004394531e-01
3.094224333763122559e-01
3.071657121181488037e-01
3.049609959125518799e-01
3.027788698673248291e-01
3.006351590156555176e-01
2.985317111015319824e-01
2.964679300785064697e-01
2.944464683532714844e-01
2.924665212631225586e-01
2.905403673648834229e-01
2.886450588703155518e-01
2.867925763130187988e-01
2.849827408790588379e-01
2.832174301147460938e-01
2.814955711364746094e-01
2.798167765140533447e-01
2.781815230846405029e-01
2.765910327434539795e-01
2.750543057918548584e-01
2.735496461391448975e-01
2.720884978771209717e-01
2.706711590290069580e-01
2.692966759204864502e-01
2.679635286331176758e-01
2.666737437248229980e-01
2.654256224632263184e-01
2.642171978950500488e-01
2.630584836006164551e-01
2.619328796863555908e-01
2.608460485935211182e-01
2.597998082637786865e-01
2.587918639183044434e-01
2.578230202198028564e-01
2.568908631801605225e-01
2.559970915317535400e-01
2.551446557044982910e-01
2.543222606182098389e-01
2.535360157489776611e-01
2.527851462364196777e-01
2.520675063133239746e-01
2.513847649097442627e-01
2.507350444793701172e-01
2.501173615455627441e-01
2.495309114456176758e-01
2.489791065454483032e-01
2.484554946422576904e-01
2.479608058929443359e-01
2.474967390298843384e-01
2.470858097076416016e-01
2.467097938060760498e-01
2.463614642620086670e-01
2.460402697324752808e-01
2.457456290721893311e-01
2.454772293567657471e-01
2.452338039875030518e-01
2.450152337551116943e-01
2.448210716247558594e-01
2.446507215499877930e-01
2.445032745599746704e-01
2.443790584802627563e-01
2.442771047353744507e-01
2.441958039999008179e-01
2.441369295120239258e-01
2.440989017486572266e-01
2.440812587738037109e-01
2.440836280584335327e-01
2.441055029630661011e-01
2.441465407609939575e-01
2.442059814929962158e-01
2.442840039730072021e-01
2.443772852420806885e-01
2.444905787706375122e-01
2.446210682392120361e-01
2.447682768106460571e-01
2.449319511651992798e-01
2.451117634773254395e-01
2.453072518110275269e-01
2.455180734395980835e-01
2.457440346479415894e-01
2.459845542907714844e-01
2.462399154901504517e-01
2.465093880891799927e-01
2.467887997627258301e-01
2.470857053995132446e-01
2.473960518836975098e-01
2.477195858955383301e-01
2.480559051036834717e-01
2.484049201011657715e-01
2.487650662660598755e-01
2.491385191679000854e-01
2.495241165161132812e-01
2.499213516712188721e-01
2.503303885459899902e-01
2.507506608963012695e-01
2.511769831180572510e-01
2.516192793846130371e-01
2.520724534988403320e-01
2.525363564491271973e-01
2.530108094215393066e-01
2.534952163696289062e-01
2.539903223514556885e-01
2.544951438903808594e-01
2.550100982189178467e-01
2.555349171161651611e-01
2.560692131519317627e-01
2.566131055355072021e-01
2.571603357791900635e-01
2.577227652072906494e-01
2.582946717739105225e-01
2.588754892349243164e-01
2.594699263572692871e-01
2.600852847099304199e-01
2.607094347476959229e-01
2.613428831100463867e-01
2.619856297969818115e-01
2.626371979713439941e-01
2.632977366447448730e-01
2.639673054218292236e-01
2.646383643150329590e-01
2.653252184391021729e-01
2.660209238529205322e-01
2.667255103588104248e-01
2.674385309219360352e-01
2.681601345539093018e-01
2.688905298709869385e-01
2.696293592453002930e-01
2.703768014907836914e-01
2.711330354213714600e-01
2.718975841999053955e-01
2.726706862449645996e-01
2.734444141387939453e-01
2.742346823215484619e-01
2.750333249568939209e-01
2.758403718471527100e-01
2.766562104225158691e-01
2.774803042411804199e-01
2.783128321170806885e-01
2.791542708873748779e-01
2.800040245056152344e-01
2.808623313903808594e-01
2.817294895648956299e-01
2.826049625873565674e-01
2.834888100624084473e-01
2.843815386295318604e-01
2.852818965911865234e-01
2.861919403076171875e-01
2.871106564998626709e-01
2.880383729934692383e-01
2.889746129512786865e-01
2.899109125137329102e-01
2.908648848533630371e-01
2.918275296688079834e-01
2.927990555763244629e-01
2.937792837619781494e-01
2.947687804698944092e-01
2.957671582698822021e-01
2.967743277549743652e-01
2.977908253669738770e-01
2.988161742687225342e-01
2.998505830764770508e-01
3.008943796157836914e-01
3.019469976425170898e-01
3.030089139938354492e-01
3.040803372859954834e-01
3.051606714725494385e-01
3.062502145767211914e-01
3.073492050170898438e-01
3.084578216075897217e-01
3.095754683017730713e-01
3.107025921344757080e-01
3.118296861648559570e-01
3.129755556583404541e-01
3.141310214996337891e-01
3.152963221073150635e-01
3.164707124233245850e-01
3.176547586917877197e-01
3.188483417034149170e-01
3.201105892658233643e-01
3.214117586612701416e-01
3.227227628231048584e-01
3.240428566932678223e-01
3.253740966320037842e-01
3.267151117324829102e-01
3.280664384365081787e-01
3.294273614883422852e-01
3.307982683181762695e-01
3.321795463562011719e-01
3.335700929164886475e-01
3.349707722663879395e-01
3.363810479640960693e-01
3.377910256385803223e-01
3.392197787761688232e-01
3.406593501567840576e-01
3.421092033386230469e-01
3.435680568218231201e-01
3.450367748737335205e-01
3.465152680873870850e-01
3.480027019977569580e-01
3.494998216629028320e-01
3.510060906410217285e-01
3.525221049785614014e-01
3.540451526641845703e-01
3.555791676044464111e-01
3.571223914623260498e-01
3.586739301681518555e-01
3.602344095706939697e-01
3.618036806583404541e-01
3.633816540241241455e-01
3.649677634239196777e-01
3.665624260902404785e-01
3.681651055812835693e-01
3.697741925716400146e-01
3.713928461074829102e-01
3.730195164680480957e-01
3.746532201766967773e-01
3.762945532798767090e-01
3.779431283473968506e-01
3.795988261699676514e-01
3.812610208988189697e-01
3.829304873943328857e-01
3.846062719821929932e-01
3.862864375114440918e-01
3.879744112491607666e-01
3.896681666374206543e-01
3.913675844669342041e-01
3.930723965167999268e-01
3.947822749614715576e-01
3.964970707893371582e-01
3.982160091400146484e-01
3.999399542808532715e-01
4.016677737236022949e-01
4.033976495265960693e-01
4.051329195499420166e-01
4.068706929683685303e-01
4.086118042469024658e-01
4.103553295135498047e-01
4.121011197566986084e-01
4.138489663600921631e-01
4.155978262424468994e-01
4.173486232757568359e-01
4.190995693206787109e-01
4.208503961563110352e-01
4.226028919219970703e-01
4.243542253971099854e-01
4.261056482791900635e-01
4.278553426265716553e-01
4.296045303344726562e-01
4.313517212867736816e-01
4.331230521202087402e-01
4.349289834499359131e-01
4.367293715476989746e-01
4.385253489017486572e-01
4.403173327445983887e-01
4.421021640300750732e-01
4.438806474208831787e-01
4.456526935100555420e-01
4.474171400070190430e-01
4.491750597953796387e-01
4.509235918521881104e-01
4.526640176773071289e-01
4.543949663639068604e-01
4.561165273189544678e-01
4.578293263912200928e-01
4.595302939414978027e-01
4.612202942371368408e-01
4.628993272781372070e-01
4.645661115646362305e-01
4.662213623523712158e-01
4.678630232810974121e-01
4.694915115833282471e-01
4.711062014102935791e-01
4.727066457271575928e-01
4.742933809757232666e-01
4.758640825748443604e-01
4.774191677570343018e-01
4.789584875106811523e-01
4.804809987545013428e-01
4.819874763488769531e-01
4.834757149219512939e-01
4.849463701248168945e-01
4.863988459110260010e-01
4.878328144550323486e-01
4.892480373382568359e-01
4.906443655490875244e-01
4.920288324356079102e-01
4.933845996856689453e-01
4.947197437286376953e-01
4.960338473320007324e-01
4.973276853561401367e-01
4.985991120338439941e-01
4.998485743999481201e-01
5.010758638381958008e-01
5.022807717323303223e-01
5.034632682800292969e-01
5.046221017837524414e-01
5.057575702667236328e-01
5.068693161010742188e-01
5.079571008682250977e-01
5.090215802192687988e-01
5.100607872009277344e-01
5.110755562782287598e-01
5.120655894279479980e-01
5.130304694175720215e-01
5.139707922935485840e-01
5.148853659629821777e-01
5.157745480537414551e-01
5.166376829147338867e-01
5.174755454063415527e-01
5.182881951332092285e-01
5.190743803977966309e-01
5.198346376419067383e-01
5.205689668655395508e-01
5.212817788124084473e-01
5.219642519950866699e-01
5.226202011108398438e-01
5.232501029968261719e-01
5.238538980484008789e-01
5.244316458702087402e-01
5.249839425086975098e-01
5.255097746849060059e-01
5.260097980499267578e-01
5.264841318130493164e-01
5.269327163696289062e-01
5.273561477661132812e-01
5.277539491653442383e-01
5.281254053115844727e-01
5.284729599952697754e-01
5.287957787513732910e-01
5.290948748588562012e-01
5.293695926666259766e-01
5.296209454536437988e-01
5.298486948013305664e-01
5.300527215003967285e-01
5.302340984344482422e-01
5.303935408592224121e-01
5.305292010307312012e-01
5.306425690650939941e-01
5.307334065437316895e-01
5.308028459548950195e-01
5.308502912521362305e-01
5.308769345283508301e-01
5.308825969696044922e-01
5.308672189712524414e-01
5.308319330215454102e-01
5.307761430740356445e-01
5.307011604309082031e-01
5.306062698364257812e-01
5.304927229881286621e-01
5.303604602813720703e-01
5.302094817161560059e-01
5.300408601760864258e-01
5.298541784286499023e-01
5.296506881713867188e-01
5.294302105903625488e-01
5.291926860809326172e-01
5.289394259452819824e-01
5.286698937416076660e-01
5.283852815628051758e-01
5.280838012695312500e-01
5.277692675590515137e-01
5.274404287338256836e-01
5.270969867706298828e-01
5.267404913902282715e-01
5.263702869415283203e-01
5.259876251220703125e-01
5.255925655364990234e-01
5.251849889755249023e-01
5.247659087181091309e-01
5.243350863456726074e-01
5.238937139511108398e-01
5.234388113021850586e-01
5.229764580726623535e-01
5.225042104721069336e-01
5.220218896865844727e-01
5.215307474136352539e-01
5.210303664207458496e-01
5.205220580101013184e-01
5.200055241584777832e-01
5.194807052612304688e-01
5.189490914344787598e-01
5.184096693992614746e-01
5.178641676902770996e-01
5.173093080520629883e-01
5.167507529258728027e-01
5.161867737770080566e-01
5.156169533729553223e-01
5.150426626205444336e-01
5.144628882408142090e-01
5.138792991638183594e-01
5.132915377616882324e-01
5.126991271972656250e-01
5.121037960052490234e-01
5.115046501159667969e-01
5.108997821807861328e-01
5.102953910827636719e-01
5.096879601478576660e-01
5.090790987014770508e-01
5.084675550460815430e-01
5.078552365303039551e-01
5.072407126426696777e-01
5.066257715225219727e-01
5.060100555419921875e-01
5.053930878639221191e-01
5.047727823257446289e-01
5.041552782058715820e-01
5.035385489463806152e-01
5.029243826866149902e-01
5.023406744003295898e-01
5.017579197883605957e-01
5.011761188507080078e-01
5.005962252616882324e-01
5.000137090682983398e-01
4.994363188743591309e-01
4.988604784011840820e-01
4.982875585556030273e-01
4.977159500122070312e-01
4.971465468406677246e-01
4.965802431106567383e-01
4.960124492645263672e-01
4.954508543014526367e-01
4.948919713497161865e-01
4.943369626998901367e-01
4.937843680381774902e-01
4.932348430156707764e-01
4.926895797252655029e-01
4.921437203884124756e-01
4.916047751903533936e-01
4.910695850849151611e-01
4.905390441417694092e-01
4.900116622447967529e-01
4.894881844520568848e-01
4.889689087867736816e-01
4.884514808654785156e-01
4.879406988620758057e-01
4.874344468116760254e-01
4.869334697723388672e-01
4.864360988140106201e-01
4.859435260295867920e-01
4.854556024074554443e-01
4.849733114242553711e-01
4.844919443130493164e-01
4.840185642242431641e-01
4.835501313209533691e-01
4.830873310565948486e-01
4.826291203498840332e-01
4.821758866310119629e-01
4.817284345626831055e-01
4.812827706336975098e-01
4.808452129364013672e-01
4.804127812385559082e-01
4.799864888191223145e-01
4.795648753643035889e-01
4.791485965251922607e-01
4.787376821041107178e-01
4.783302843570709229e-01
4.779303669929504395e-01
4.775356948375701904e-01
4.771475195884704590e-01
4.767639935016632080e-01
4.763858616352081299e-01
4.760133326053619385e-01
4.756471514701843262e-01
4.752834439277648926e-01
4.749273955821990967e-01
4.745778143405914307e-01
4.742330312728881836e-01
4.738939106464385986e-01
4.735601842403411865e-01
4.732326865196228027e-01
4.729076325893402100e-01
4.725908041000366211e-01
4.722791314125061035e-01
4.719735980033874512e-01
4.716728329658508301e-01
4.713776111602783203e-01
4.710867404937744141e-01
4.708022773265838623e-01
4.705232977867126465e-01
4.702496528625488281e-01
4.699822962284088135e-01
4.697173833847045898e-01
4.694597125053405762e-01
4.692071974277496338e-01
4.689606428146362305e-01
4.687190055847167969e-01
4.684821367263793945e-01
4.682492315769195557e-01
4.680225849151611328e-01
4.678014814853668213e-01
4.675847291946411133e-01
4.673737585544586182e-01
4.671655297279357910e-01
4.669635891914367676e-01
4.667670726776123047e-01
4.665755629539489746e-01
4.663817286491394043e-01
4.661883711814880371e-01
4.659996628761291504e-01
4.658158123493194580e-01
4.656350612640380859e-01
4.654581546783447266e-01
4.652833938598632812e-01
4.651139974594116211e-01
4.649477005004882812e-01
4.647843539714813232e-01
4.646248817443847656e-01
4.644680917263031006e-01
4.643153846263885498e-01
4.641658961772918701e-01
4.640195071697235107e-01
4.638768732547760010e-01
4.637352824211120605e-01
4.635981619358062744e-01
4.634642004966735840e-01
4.633331596851348877e-01
4.632053673267364502e-01
4.630789160728454590e-01
4.629563093185424805e-01
4.628357887268066406e-01
4.627190828323364258e-01
4.626043438911437988e-01
4.624922275543212891e-01
4.623813927173614502e-01
4.622746407985687256e-01
4.621696472167968750e-01
4.620664417743682861e-01
4.619659781455993652e-01
4.618673324584960938e-01
4.617709815502166748e-01
4.616768658161163330e-01
4.615846276283264160e-01
4.614948034286499023e-01
4.614050388336181641e-01
4.613183140754699707e-01
4.612333476543426514e-01
4.611504375934600830e-01
4.610687494277954102e-01
4.609877169132232666e-01
4.609084725379943848e-01
4.608316421508789062e-01
4.607555270195007324e-01
4.606805741786956787e-01
4.606062471866607666e-01
4.605343043804168701e-01
4.604627788066864014e-01
4.603919088840484619e-01
4.603223502635955811e-01
4.602534770965576172e-01
4.601854681968688965e-01
4.601182341575622559e-01
4.600516259670257568e-01
4.599854946136474609e-01
4.599197804927825928e-01
4.598547220230102539e-01
4.597900509834289551e-01
4.597255587577819824e-01
4.596614539623260498e-01
4.595975279808044434e-01
4.595335125923156738e-01
4.594695568084716797e-01
4.594057202339172363e-01
4.593416452407836914e-01
4.592775702476501465e-01
4.592126011848449707e-01
4.591484367847442627e-01
4.590833187103271484e-01
4.590177834033966064e-01
4.589511752128601074e-01
4.588850736618041992e-01
4.588178396224975586e-01
4.587498605251312256e-01
4.586804509162902832e-01
4.586114287376403809e-01
4.585408866405487061e-01
4.584693014621734619e-01
4.583961367607116699e-01
4.583230316638946533e-01
4.582481980323791504e-01
4.581720232963562012e-01
4.580939412117004395e-01
4.580157399177551270e-01
4.579353630542755127e-01
4.578535854816436768e-01
4.577695727348327637e-01
4.576850235462188721e-01
4.575983583927154541e-01
4.575097858905792236e-01
4.574187397956848145e-01
4.573270976543426514e-01
4.572328925132751465e-01
4.571422338485717773e-01
4.570595920085906982e-01
4.569742381572723389e-01
4.568852186203002930e-01
4.567929804325103760e-01
4.566983580589294434e-01
4.566006660461425781e-01
4.564990401268005371e-01
4.563939571380615234e-01
4.562862217426300049e-01
4.561747014522552490e-01
4.560599327087402344e-01
4.559409618377685547e-01
4.558190405368804932e-01
4.556930959224700928e-01
4.555636942386627197e-01
4.554297626018524170e-01
4.552926421165466309e-01
4.551514685153961182e-01
4.550065398216247559e-01
4.548565745353698730e-01
4.547030627727508545e-01
4.545460939407348633e-01
4.543845653533935547e-01
4.542178809642791748e-01
4.540474414825439453e-01
4.538733959197998047e-01
4.536944329738616943e-01
4.535098671913146973e-01
4.533220529556274414e-01
4.531300067901611328e-01
4.529331028461456299e-01
4.527300894260406494e-01
4.525237977504730225e-01
4.523131251335144043e-01
4.520969390869140625e-01
4.518752694129943848e-01
4.516497254371643066e-01
4.514198303222656250e-01
4.511826932430267334e-01
4.509427547454833984e-01
4.506975114345550537e-01
4.504460394382476807e-01
4.501902759075164795e-01
4.499303102493286133e-01
4.496630728244781494e-01
4.493924975395202637e-01
4.491164684295654297e-01
4.488339722156524658e-01
4.485476613044738770e-01
4.482561647891998291e-01
4.479573965072631836e-01
4.476555883884429932e-01
4.473477602005004883e-01
4.470333456993103027e-01
4.467150866985321045e-01
4.463919103145599365e-01
4.460604786872863770e-01
4.457264840602874756e-01
4.453866481781005859e-01
4.450393319129943848e-01
4.446885585784912109e-01
4.443328380584716797e-01
4.439687132835388184e-01
4.436018764972686768e-01
4.432291984558105469e-01
4.428514838218688965e-01
4.424653947353363037e-01
4.420766234397888184e-01
4.416819512844085693e-01
4.412797093391418457e-01
4.408739209175109863e-01
4.404633343219757080e-01
4.400439858436584473e-01
4.396223127841949463e-01
4.391946196556091309e-01
4.387592971324920654e-01
4.383206665515899658e-01
4.378771185874938965e-01
4.374248385429382324e-01
4.369703531265258789e-01
4.365099370479583740e-01
4.360418617725372314e-01
4.355705678462982178e-01
4.350945353507995605e-01
4.346095919609069824e-01
4.341227412223815918e-01
4.336301088333129883e-01
4.331296980381011963e-01
4.326265156269073486e-01
4.321185052394866943e-01
4.316015541553497314e-01
4.310830831527709961e-01
4.305589795112609863e-01
4.300302565097808838e-01
4.294924437999725342e-01
4.289534687995910645e-01
4.284088611602783203e-01
4.278562366962432861e-01
4.273013770580291748e-01
4.267424643039703369e-01
4.261741936206817627e-01
4.256051778793334961e-01
4.250327348709106445e-01
4.244791567325592041e-01
4.239257872104644775e-01
4.233702421188354492e-01
4.228074550628662109e-01
4.222460091114044189e-01
4.216822981834411621e-01
4.211116433143615723e-01
4.205425083637237549e-01
4.199703931808471680e-01
4.193924069404602051e-01
4.188151955604553223e-01
4.182355701923370361e-01
4.176496565341949463e-01
4.170649647712707520e-01
4.164785146713256836e-01
4.158850014209747314e-01
4.152933955192565918e-01
4.146951436996459961e-01
4.140985906124114990e-01
4.135004281997680664e-01
4.128949940204620361e-01
4.122923314571380615e-01
4.116826355457305908e-01
4.110756516456604004e-01
4.104656279087066650e-01
4.098494946956634521e-01
4.092361629009246826e-01
4.086160063743591309e-01
4.079986214637756348e-01
4.073784351348876953e-01
4.067528247833251953e-01
4.061291515827178955e-01
4.055035412311553955e-01
4.048718214035034180e-01
4.042426943778991699e-01
4.036076962947845459e-01
4.029749333858489990e-01
4.023406505584716797e-01
4.016999602317810059e-01
4.010622203350067139e-01
4.004187881946563721e-01
3.997773528099060059e-01
3.991354107856750488e-01
3.984867334365844727e-01
3.978418111801147461e-01
3.971901535987854004e-01
3.965413570404052734e-01
3.958920836448669434e-01
3.952362239360809326e-01
3.945843577384948730e-01
3.939253985881805420e-01
3.932708799839019775e-01
3.926147520542144775e-01
3.919526636600494385e-01
3.912941515445709229e-01
3.906295895576477051e-01
3.899694383144378662e-01
3.893076777458190918e-01
3.886398673057556152e-01
3.879761695861816406e-01
3.873114585876464844e-01
3.866412639617919922e-01
3.859747052192687988e-01
3.853023052215576172e-01
3.846339881420135498e-01
3.839654326438903809e-01
3.832907080650329590e-01
3.826200664043426514e-01
3.819437921047210693e-01
3.812718689441680908e-01
3.805997967720031738e-01
3.799210190773010254e-01
3.792477548122406006e-01
3.785684704780578613e-01
3.778940737247467041e-01
3.772182762622833252e-01
3.765374720096588135e-01
3.758617937564849854e-01
3.751800954341888428e-01
3.745036423206329346e-01
3.738259077072143555e-01
3.731436133384704590e-01
3.724659383296966553e-01
3.717828094959259033e-01
3.711043298244476318e-01
3.704259991645812988e-01
3.697426915168762207e-01
3.690640032291412354e-01
3.683850467205047607e-01
3.677010834217071533e-01
3.670223057270050049e-01
3.663385510444641113e-01
3.656591773033142090e-01
3.649807870388031006e-01
3.642968833446502686e-01
3.636187016963958740e-01
3.629344105720520020e-01
3.622561395168304443e-01
3.615731894969940186e-01
3.608953952789306641e-01
3.602129220962524414e-01
3.595349192619323730e-01
3.588529825210571289e-01
3.581763505935668945e-01
3.574946522712707520e-01
3.568183779716491699e-01
3.561376035213470459e-01
3.554627299308776855e-01
3.547881841659545898e-01
3.541082739830017090e-01
3.534345924854278564e-01
3.527562022209167480e-01
3.521100282669067383e-01
3.514662683010101318e-01
3.508276343345642090e-01
3.501849472522735596e-01
3.495482504367828369e-01
3.489066958427429199e-01
3.482711315155029297e-01
3.476306498050689697e-01
3.469963371753692627e-01
3.463566899299621582e-01
3.457238078117370605e-01
3.450916111469268799e-01
3.444547355175018311e-01
3.438240289688110352e-01
3.431887626647949219e-01
3.425594568252563477e-01
3.419255614280700684e-01
3.412972092628479004e-01
3.406650424003601074e-01
3.400391638278961182e-01
3.394087851047515869e-01
3.387845754623413086e-01
3.381559550762176514e-01
3.375336527824401855e-01
3.369068801403045654e-01
3.362854123115539551e-01
3.356659710407257080e-01
3.350420296192169189e-01
3.344244956970214844e-01
3.338025808334350586e-01
3.331871032714843750e-01
3.325672149658203125e-01
3.319538533687591553e-01
3.313352465629577637e-01
3.307240009307861328e-01
3.301084935665130615e-01
3.294994235038757324e-01
3.288861811161041260e-01
3.282794356346130371e-01
3.276684582233428955e-01
3.270632922649383545e-01
3.264599740505218506e-01
3.258524537086486816e-01
3.252516388893127441e-01
3.246466219425201416e-01
3.240482211112976074e-01
3.234458267688751221e-01
3.228499293327331543e-01
3.222492337226867676e-01
3.216558992862701416e-01
3.210586011409759521e-01
3.204677999019622803e-01
3.198731541633605957e-01
3.192851245403289795e-01
3.186931014060974121e-01
3.181077539920806885e-01
3.175230324268341064e-01
3.169352412223815918e-01
3.163539767265319824e-01
3.157689571380615234e-01
3.151904940605163574e-01
3.146083056926727295e-01
3.140328228473663330e-01
3.134527802467346191e-01
3.128800988197326660e-01
3.123038113117218018e-01
3.117341399192810059e-01
3.111607432365417480e-01
3.105940520763397217e-01
3.100237250328063965e-01
3.094600737094879150e-01
3.088920116424560547e-01
3.083314001560211182e-01
3.077672421932220459e-01
3.072045743465423584e-01
3.066486716270446777e-01
3.060891926288604736e-01
3.055364191532135010e-01
3.049801290035247803e-01
3.044297993183135986e-01
3.038767576217651367e-01
3.033303618431091309e-01
3.027805685997009277e-01
3.022374510765075684e-01
3.016908764839172363e-01
3.011460602283477783e-01
3.006071448326110840e-01
3.000655770301818848e-01
2.995307147502899170e-01
2.989925742149353027e-01
2.984610497951507568e-01
2.979262769222259521e-01
2.973981797695159912e-01
2.968668639659881592e-01
2.963413894176483154e-01
2.958135008811950684e-01
2.952873706817626953e-01
2.947677969932556152e-01
2.942451238632202148e-01
2.937290668487548828e-01
2.932098805904388428e-01
2.926973402500152588e-01
2.921809852123260498e-01
2.916719615459442139e-01
2.911599278450012207e-01
2.906544804573059082e-01
2.901459634304046631e-01
2.896392345428466797e-01
2.891391217708587646e-01
2.886352837085723877e-01
2.881388068199157715e-01
2.876393198966979980e-01
2.871465682983398438e-01
2.866507470607757568e-01
2.861615121364593506e-01
2.856693565845489502e-01
2.851791083812713623e-01
2.846946120262145996e-01
2.842079997062683105e-01
2.837279736995697021e-01
2.832450568675994873e-01
2.827688753604888916e-01
2.822951078414916992e-01
2.818443775177001953e-01
2.813898622989654541e-01
2.809417247772216797e-01
2.804912328720092773e-01
2.800417542457580566e-01
2.795984148979187012e-01
2.791530489921569824e-01
2.787130177021026611e-01
2.782702445983886719e-01
2.778342366218566895e-01
2.773948013782501221e-01
2.769615948200225830e-01
2.765260934829711914e-01
2.760961949825286865e-01
2.756633758544921875e-01
2.752331197261810303e-01
2.748081386089324951e-01
2.743805646896362305e-01
2.739596664905548096e-01
2.735354900360107422e-01
2.731172442436218262e-01
2.726972103118896484e-01
2.722823917865753174e-01
2.718657255172729492e-01
2.714543044567108154e-01
2.710404694080352783e-01
2.706288397312164307e-01
2.702227234840393066e-01
2.698140442371368408e-01
2.694118618965148926e-01
2.690066099166870117e-01
2.686071991920471191e-01
2.682061493396759033e-01
2.678059339523315430e-01
2.674119174480438232e-01
2.670158743858337402e-01
2.666253149509429932e-01
2.662320733070373535e-01
2.658415138721466064e-01
2.654559314250946045e-01
2.650681734085083008e-01
2.646826505661010742e-01
2.643025517463684082e-01
2.639200985431671143e-01
2.635398805141448975e-01
2.631649971008300781e-01
2.627876102924346924e-01
2.624169886112213135e-01
2.620431184768676758e-01
2.616712749004364014e-01
2.613056302070617676e-01
2.609373629093170166e-01
2.605706453323364258e-01
2.602105438709259033e-01
2.598473727703094482e-01
2.594901621341705322e-01
2.591311931610107422e-01
2.587736248970031738e-01
2.584217190742492676e-01
2.580681443214416504e-01
2.577159404754638672e-01
2.573691308498382568e-01
2.570211887359619141e-01
2.566741108894348145e-01
2.563329041004180908e-01
2.559900879859924316e-01
2.556524574756622314e-01
2.553125917911529541e-01
2.549754083156585693e-01
2.546428740024566650e-01
2.543087005615234375e-01
2.539767026901245117e-01
2.536498606204986572e-01
2.533210515975952148e-01
2.529981434345245361e-01
2.526730298995971680e-01
2.523494064807891846e-01
2.520321905612945557e-01
2.517122030258178711e-01
2.513943314552307129e-01
2.510822415351867676e-01
2.507680356502532959e-01
2.504553496837615967e-01
2.501489222049713135e-01
2.498399019241333008e-01
2.495365142822265625e-01
2.492317110300064087e-01
2.489284723997116089e-01
2.486308366060256958e-01
2.483312189579010010e-01
2.480334937572479248e-01
2.477412670850753784e-01
2.474471777677536011e-01
2.471579909324645996e-01
2.468682080507278442e-01
2.465793043375015259e-01
2.462959140539169312e-01
2.460113018751144409e-01
2.457282692193984985e-01
2.454500347375869751e-01
2.451712787151336670e-01
2.448934465646743774e-01
2.446210235357284546e-01
2.443474829196929932e-01
2.440787404775619507e-01
2.438086420297622681e-01
2.435406148433685303e-01
2.432774007320404053e-01
2.430125176906585693e-01
2.427503913640975952e-01
2.424923479557037354e-01
2.422333806753158569e-01
2.419764995574951172e-01
2.417243421077728271e-01
2.414705902338027954e-01
2.412226945161819458e-01
2.409726828336715698e-01
2.407249063253402710e-01
2.404821813106536865e-01
2.402381300926208496e-01
2.399959564208984375e-01
2.397588044404983521e-01
2.395203709602355957e-01
2.392834424972534180e-01
2.390522360801696777e-01
2.388190627098083496e-01
2.385881543159484863e-01
2.383593022823333740e-01
2.381349951028823853e-01
2.379093468189239502e-01
2.376865148544311523e-01
2.374674379825592041e-01
2.372478246688842773e-01
2.370257973670959473e-01
2.367685139179229736e-01
2.365148365497589111e-01
2.362611889839172363e-01
2.360088676214218140e-01
2.357611507177352905e-01
2.355124652385711670e-01
2.352657616138458252e-01
2.350207716226577759e-01
2.347803562879562378e-01
2.345390468835830688e-01
2.342997193336486816e-01
2.340621352195739746e-01
2.338294535875320435e-01
2.335951626300811768e-01
2.333636730909347534e-01
2.331355959177017212e-01
2.329078316688537598e-01
2.326810210943222046e-01
2.324570119380950928e-01
2.322363704442977905e-01
2.320161163806915283e-01
2.317968159914016724e-01
2.315827012062072754e-01
2.313676029443740845e-01
2.311544865369796753e-01
2.309432029724121094e-01
2.307361811399459839e-01
2.305286824703216553e-01
2.303231805562973022e-01
2.301195263862609863e-01
2.299200594425201416e-01
2.297202348709106445e-01
2.295228242874145508e-01
2.293285727500915527e-01
2.291350066661834717e-01
2.289424538612365723e-01
2.287527769804000854e-01
2.285661995410919189e-01
2.283803820610046387e-01
2.281955927610397339e-01
2.280157059431076050e-01
2.278348207473754883e-01
2.276568114757537842e-01
2.274803072214126587e-01
2.273077368736267090e-01
2.271351516246795654e-01
