4.553163647651672363e-01
4.549713134765625000e-01
4.546235203742980957e-01
4.542722105979919434e-01
4.539193212985992432e-01
4.536875784397125244e-01
4.534862637519836426e-01
4.532777965068817139e-01
4.530625641345977783e-01
4.528403878211975098e-01
4.531153142452239990e-01
4.536651372909545898e-01
4.542035758495330811e-01
4.547293186187744141e-01
4.552448093891143799e-01
4.559054970741271973e-01
4.568443894386291504e-01
4.577776789665222168e-01
4.587033987045288086e-01
4.596225023269653320e-01
4.605358541011810303e-01
4.613301157951354980e-01
4.621120095252990723e-01
4.628913104534149170e-01
4.636682569980621338e-01
4.644420742988586426e-01
4.652827084064483643e-01
4.662779271602630615e-01
4.672734439373016357e-01
4.682692587375640869e-01
4.692653119564056396e-01
4.702615737915039062e-01
4.711183905601501465e-01
4.718495607376098633e-01
4.725823104381561279e-01
4.733163714408874512e-01
4.740522801876068115e-01
4.747895002365112305e-01
4.753386676311492920e-01
4.757398068904876709e-01
4.761415421962738037e-01
4.765451550483703613e-01
4.769481420516967773e-01
4.773517251014709473e-01
4.777509868144989014e-01
4.781433045864105225e-01
4.785362482070922852e-01
4.789297580718994141e-01
4.793238639831542969e-01
4.797185659408569336e-01
4.800842702388763428e-01
4.800161123275756836e-01
4.799463748931884766e-01
4.798770248889923096e-01
4.798061251640319824e-01
4.797355830669403076e-01
4.796634912490844727e-01
4.796670675277709961e-01
4.797436594963073730e-01
4.798200428485870361e-01
4.798964560031890869e-01
4.799724221229553223e-01
4.800481796264648438e-01
4.801237285137176514e-01
4.800918698310852051e-01
4.800218343734741211e-01
4.799500405788421631e-01
4.798779785633087158e-01
4.798053503036499023e-01
4.797319471836090088e-01
4.796592593193054199e-01
4.794597327709197998e-01
4.792133271694183350e-01
4.789665937423706055e-01
4.787194728851318359e-01
4.784720242023468018e-01
4.782242178916931152e-01
4.779760539531707764e-01
4.777308702468872070e-01
4.774911999702453613e-01
4.772499501705169678e-01
4.770083725452423096e-01
4.767677187919616699e-01
4.765254557132720947e-01
4.762828946113586426e-01
4.760412573814392090e-01
4.758060574531555176e-01
4.755718111991882324e-01
4.753362238407135010e-01
4.751013815402984619e-01
4.748649597167968750e-01
4.746294915676116943e-01
4.743926823139190674e-01
4.740923941135406494e-01
4.735557138919830322e-01
4.730195999145507812e-01
4.724840223789215088e-01
4.719489812850952148e-01
4.714142978191375732e-01
4.708803892135620117e-01
4.703470468521118164e-01
4.698620438575744629e-01
4.696160256862640381e-01
4.693710505962371826e-01
4.691250622272491455e-01
4.688800871372222900e-01
4.686341285705566406e-01
4.683881402015686035e-01
4.681432247161865234e-01
4.678972661495208740e-01
4.674502313137054443e-01
4.669568538665771484e-01
4.664637744426727295e-01
4.659723937511444092e-01
4.654802978038787842e-01
4.649888575077056885e-01
4.644987285137176514e-01
4.640082418918609619e-01
4.635352492332458496e-01
4.631548821926116943e-01
4.627759754657745361e-01
4.623965620994567871e-01
4.620184600353240967e-01
4.616400003433227539e-01
4.612630307674407959e-01
4.608863890171051025e-01
4.605093896389007568e-01
4.601550400257110596e-01
4.599192738533020020e-01
4.596836268901824951e-01
4.594481289386749268e-01
4.592127799987792969e-01
4.589785337448120117e-01
4.587434530258178711e-01
4.585085213184356689e-01
4.582737088203430176e-01
4.580390453338623047e-01
4.576184749603271484e-01
4.571539461612701416e-01
4.566903412342071533e-01
4.562263488769531250e-01
4.557643234729766846e-01
4.553028643131256104e-01
4.548413753509521484e-01
4.543814659118652344e-01
4.539214968681335449e-01
4.534707367420196533e-01
4.531112015247344971e-01
4.527511298656463623e-01
4.523925483226776123e-01
4.520305395126342773e-01
4.516716897487640381e-01
4.513144195079803467e-01
4.509566724300384521e-01
4.506003558635711670e-01
4.502443075180053711e-01
4.498879611492156982e-01
4.497363269329071045e-01
4.495931863784790039e-01
4.494498074054718018e-01
4.493063986301422119e-01
4.491640329360961914e-01
4.490204751491546631e-01
4.488770365715026855e-01
4.487333595752716064e-01
4.485896229743957520e-01
4.484459757804870605e-01
4.483410120010375977e-01
4.482893943786621094e-01
4.482375085353851318e-01
4.481853544712066650e-01
4.481329619884490967e-01
4.480804800987243652e-01
4.480275809764862061e-01
4.479744136333465576e-01
4.479209780693054199e-01
4.478672742843627930e-01
4.478133022785186768e-01
4.477665126323699951e-01
4.477296173572540283e-01
4.476923942565917969e-01
4.476551413536071777e-01
4.476175606250762939e-01
4.475799500942230225e-01
4.475421607494354248e-01
4.475039839744567871e-01
4.474658071994781494e-01
4.474272429943084717e-01
4.473886489868164062e-01
4.473498165607452393e-01
4.472662210464477539e-01
4.471810758113861084e-01
4.470948576927185059e-01
4.470094144344329834e-01
4.469228684902191162e-01
4.468370676040649414e-01
4.467501640319824219e-01
4.466639757156372070e-01
4.465766847133636475e-01
4.464901089668273926e-01
4.464024007320404053e-01
4.463153779506683350e-01
4.461719095706939697e-01
4.460265934467315674e-01
4.458809494972229004e-01
4.457358717918395996e-01
4.455894827842712402e-01
4.454425573348999023e-01
4.452963173389434814e-01
4.451487660408020020e-01
4.450007677078247070e-01
4.448523521423339844e-01
4.447043836116790771e-01
4.445548653602600098e-01
4.442609250545501709e-01
4.437927901744842529e-01
4.433247447013854980e-01
4.428569376468658447e-01
4.423890411853790283e-01
4.419222176074981689e-01
4.414543211460113525e-01
4.409863650798797607e-01
4.405184984207153320e-01
4.400503337383270264e-01
4.395830929279327393e-01
4.391145408153533936e-01
4.386457204818725586e-01
4.382509291172027588e-01
4.379923045635223389e-01
4.377339482307434082e-01
4.374736547470092773e-01
4.372134506702423096e-01
4.369511306285858154e-01
4.366886913776397705e-01
4.364238679409027100e-01
4.361586570739746094e-01
4.358907341957092285e-01
4.356220066547393799e-01
4.353501796722412109e-01
4.350770413875579834e-01
4.348001778125762939e-01
4.345670640468597412e-01
4.343583881855010986e-01
4.341455101966857910e-01
4.339281320571899414e-01
4.337055981159210205e-01
4.334783852100372314e-01
4.332460761070251465e-01
4.330177605152130127e-01
4.330120086669921875e-01
4.332923591136932373e-01
4.337182641029357910e-01
4.341733455657958984e-01
4.346122443675994873e-01
4.350085556507110596e-01
4.353385865688323975e-01
4.355665445327758789e-01
4.357360601425170898e-01
4.358490109443664551e-01
4.359128773212432861e-01
4.359316229820251465e-01
4.359131753444671631e-01
4.358620047569274902e-01
4.357819259166717529e-01
4.356793165206909180e-01
4.355557560920715332e-01
4.354164898395538330e-01
4.352620840072631836e-01
4.350968897342681885e-01
4.349217116832733154e-01
4.347362220287322998e-01
4.345344603061676025e-01
4.343276619911193848e-01
4.341152012348175049e-01
4.338984191417694092e-01
4.336783587932586670e-01
4.334561228752136230e-01
4.332307577133178711e-01
4.330032765865325928e-01
4.327741563320159912e-01
4.325447678565979004e-01
4.323132336139678955e-01
4.320810139179229736e-01
4.318488538265228271e-01
4.316154718399047852e-01
4.313815534114837646e-01
4.311602115631103516e-01
4.309894144535064697e-01
4.308175444602966309e-01
4.306464791297912598e-01
4.304744601249694824e-01
4.303034842014312744e-01
4.301315546035766602e-01
4.299605488777160645e-01
4.297887980937957764e-01
4.296180605888366699e-01
4.294466376304626465e-01
4.292762577533721924e-01
4.291054010391235352e-01
4.289345741271972656e-01
4.287648499011993408e-01
4.285944998264312744e-01
4.284252524375915527e-01
4.282779991626739502e-01
4.281555712223052979e-01
4.280339479446411133e-01
4.279117882251739502e-01
4.277897477149963379e-01
4.276686906814575195e-01
4.275467395782470703e-01
4.274251163005828857e-01
4.273044764995574951e-01
4.271830916404724121e-01
4.270618557929992676e-01
4.269405603408813477e-01
4.268204271793365479e-01
4.266995787620544434e-01
4.265788197517395020e-01
4.264590442180633545e-01
4.263383448123931885e-01
4.262179434299468994e-01
4.262920916080474854e-01
4.264034330844879150e-01
4.265142977237701416e-01
4.266249835491180420e-01
4.267353117465972900e-01
4.268442690372467041e-01
4.269539117813110352e-01
4.270631968975067139e-01
4.271719157695770264e-01
4.272804856300354004e-01
4.273886680603027344e-01
4.274964630603790283e-01
4.276028573513031006e-01
4.277099370956420898e-01
4.278165996074676514e-01
4.279226958751678467e-01
4.280285835266113281e-01
4.281340837478637695e-01
4.282529652118682861e-01
4.284230172634124756e-01
4.285935759544372559e-01
4.287634491920471191e-01
4.289329946041107178e-01
4.291026294231414795e-01
4.292719364166259766e-01
4.294413626194000244e-01
4.296106398105621338e-01
4.297796189785003662e-01
4.299486875534057617e-01
4.301173985004425049e-01
4.302861988544464111e-01
4.304546713829040527e-01
4.306232333183288574e-01
4.307922422885894775e-01
4.309605062007904053e-01
4.311286509037017822e-01
4.312964379787445068e-01
4.314642846584320068e-01
4.317123591899871826e-01
4.320293962955474854e-01
4.323466420173645020e-01
4.326641559600830078e-01
4.329818487167358398e-01
4.332998096942901611e-01
4.336179792881011963e-01
4.339363574981689453e-01
4.342549741268157959e-01
4.345737993717193604e-01
4.348928630352020264e-01
4.352121055126190186e-01
4.355315864086151123e-01
4.358512759208679199e-01
4.361711740493774414e-01
4.364904463291168213e-01
4.368107616901397705e-01
4.371312856674194336e-01
4.374520182609558105e-01
4.377729296684265137e-01
4.380940496921539307e-01
4.383870065212249756e-01
4.386674165725708008e-01
4.389492571353912354e-01
4.392304420471191406e-01
4.395130872726440430e-01
4.397950768470764160e-01
4.400784969329833984e-01
4.403612613677978516e-01
4.406454563140869141e-01
4.409289956092834473e-01
4.412139952182769775e-01
4.414983093738555908e-01
4.417840838432312012e-01
4.420691728591918945e-01
4.423557519912719727e-01
4.426416158676147461e-01
4.429289698600769043e-01
4.432156383991241455e-01
4.435037672519683838e-01
4.437912106513977051e-01
4.440801143646240234e-01
4.443683326244354248e-01
4.446343183517456055e-01
4.448861479759216309e-01
4.451375305652618408e-01
4.453888535499572754e-01
4.456414282321929932e-01
4.458931088447570801e-01
4.461452066898345947e-01
4.463981091976165771e-01
4.466505348682403564e-01
4.469029307365417480e-01
4.471565783023834229e-01
4.474093019962310791e-01
4.476622045040130615e-01
4.479163587093353271e-01
4.481695890426635742e-01
4.484232366085052490e-01
4.486776888370513916e-01
4.489316642284393311e-01
4.491864442825317383e-01
4.494407474994659424e-01
4.496949911117553711e-01
4.499505162239074707e-01
4.502050578594207764e-01
4.504184424877166748e-01
4.503392577171325684e-01
4.502591192722320557e-01
4.501780867576599121e-01
4.500961303710937500e-01
4.500132203102111816e-01
4.499293863773345947e-01
4.498448669910430908e-01
4.497591853141784668e-01
4.496725499629974365e-01
4.495849907398223877e-01
4.494964778423309326e-01
4.494070112705230713e-01
4.493166208267211914e-01
4.492252469062805176e-01
4.491329491138458252e-01
4.490387737751007080e-01
4.489445686340332031e-01
4.488493800163269043e-01
4.487532377243041992e-01
4.486561417579650879e-01
4.485580623149871826e-01
4.484592378139495850e-01
4.483592212200164795e-01
4.482582211494445801e-01
4.481499493122100830e-01
4.479965567588806152e-01
4.478425681591033936e-01
4.476879835128784180e-01
4.475327730178833008e-01
4.473769366741180420e-01
4.472204744815826416e-01
4.470634162425994873e-01
4.469057321548461914e-01
4.467474222183227539e-01
4.465884864330291748e-01
4.464289247989654541e-01
4.462678432464599609e-01
4.461070597171783447e-01
4.459456503391265869e-01
4.457835853099822998e-01
4.456211030483245850e-01
4.454578459262847900e-01
4.452939331531524658e-01
4.451293945312500000e-01
4.449642300605773926e-01
4.447984397411346436e-01
4.446320533752441406e-01
4.444650113582611084e-01
4.442973434925079346e-01
4.441290497779846191e-01
4.439601600170135498e-01
4.438010156154632568e-01
4.436520338058471680e-01
4.435032308101654053e-01
4.433525502681732178e-01
4.432022571563720703e-01
4.430502355098724365e-01
4.428983926773071289e-01
4.427448511123657227e-01
4.425914883613586426e-01
4.424364268779754639e-01
4.422805607318878174e-01
4.421247839927673340e-01
4.419673979282379150e-01
4.418102204799652100e-01
4.416513144969940186e-01
4.414925873279571533e-01
4.413321316242218018e-01
4.411718547344207764e-01
4.410097301006317139e-01
4.408479332923889160e-01
4.406843781471252441e-01
4.405210316181182861e-01
4.403559267520904541e-01
4.401910305023193359e-01
4.400243759155273438e-01
4.398577809333801270e-01
4.396895766258239746e-01
4.395215511322021484e-01
4.393517673015594482e-01
4.390351772308349609e-01
4.387125968933105469e-01
4.383892714977264404e-01
4.380641877651214600e-01
4.377392232418060303e-01
4.374133944511413574e-01
4.370868206024169922e-01
4.367584586143493652e-01
4.364301860332489014e-01
4.361011981964111328e-01
4.357714056968688965e-01
4.354407787322998047e-01
4.351083040237426758e-01
4.347760975360870361e-01
4.344430863857269287e-01
4.341092705726623535e-01
4.337745904922485352e-01
4.334382116794586182e-01
4.331020116806030273e-01
4.327649474143981934e-01
4.324271678924560547e-01
4.320876002311706543e-01
4.317482411861419678e-01
4.314080178737640381e-01
4.310670793056488037e-01
4.307253360748291016e-01
4.303818643093109131e-01
4.300385117530822754e-01
4.296944439411163330e-01
4.293496012687683105e-01
4.290134012699127197e-01
4.286907911300659180e-01
4.283665418624877930e-01
4.280425608158111572e-01
4.277179241180419922e-01
4.273916482925415039e-01
4.270657002925872803e-01
4.267381131649017334e-01
4.264108240604400635e-01
4.260828793048858643e-01
4.257533252239227295e-01
4.254240691661834717e-01
4.250941872596740723e-01
4.247626066207885742e-01
4.244313836097717285e-01
4.240985512733459473e-01
4.237660169601440430e-01
4.234328567981719971e-01
4.230980575084686279e-01
4.227636158466339111e-01
4.224285185337066650e-01
4.220917522907257080e-01
4.217553734779357910e-01
4.214173257350921631e-01
4.210796654224395752e-01
4.207413494586944580e-01
4.204013943672180176e-01
4.200617969036102295e-01
4.197215735912322998e-01
4.193797111511230469e-01
4.190382063388824463e-01
4.186950922012329102e-01
4.183523356914520264e-01
4.179172515869140625e-01
4.174278974533081055e-01
4.169370532035827637e-01
4.164467751979827881e-01
4.159560501575469971e-01
4.154638946056365967e-01
4.149722754955291748e-01
4.144802391529083252e-01
4.139867722988128662e-01
4.134938716888427734e-01
4.130005538463592529e-01
4.125068485736846924e-01
4.120116829872131348e-01
4.115171432495117188e-01
4.110221564769744873e-01
4.105258285999298096e-01
4.100300669670104980e-01
4.095338881015777588e-01
4.090373814105987549e-01
4.085394144058227539e-01
4.080421328544616699e-01
4.075444042682647705e-01
4.070453643798828125e-01
4.065468907356262207e-01
4.060481190681457520e-01
4.055489301681518555e-01
4.050484299659729004e-01
4.045484960079193115e-01
4.040482938289642334e-01
4.035466909408569336e-01
4.030457735061645508e-01
4.025444686412811279e-01
4.020428955554962158e-01
4.015399217605590820e-01
4.010376930236816406e-01
4.005630612373352051e-01
4.001516699790954590e-01
3.997389972209930420e-01
3.993271887302398682e-01
3.989150822162628174e-01
3.985028862953186035e-01
3.980904817581176758e-01
3.976767957210540771e-01
3.972640037536621094e-01
3.968509435653686523e-01
3.964377939701080322e-01
3.960243165493011475e-01
3.956098258495330811e-01
3.951959908008575439e-01
3.947820961475372314e-01
3.943679332733154297e-01
3.939536809921264648e-01
3.935381770133972168e-01
3.931235969066619873e-01
3.927087187767028809e-01
3.922937810420989990e-01
3.918785750865936279e-01
3.914623558521270752e-01
3.910468220710754395e-01
3.906312286853790283e-01
3.902153968811035156e-01
3.897995054721832275e-01
3.893823623657226562e-01
3.889661729335784912e-01
3.885496854782104492e-01
3.881332278251647949e-01
3.877164423465728760e-01
3.872987031936645508e-01
3.868816494941711426e-01
3.864645957946777344e-01
3.860472738742828369e-01
3.856289684772491455e-01
3.852113485336303711e-01
3.847619891166687012e-01
3.841462731361389160e-01
3.835309445858001709e-01
3.829170167446136475e-01
3.823025226593017578e-01
3.816884458065032959e-01
3.810747861862182617e-01
3.804579973220825195e-01
3.798452019691467285e-01
3.792328238487243652e-01
3.786208629608154297e-01
3.780093491077423096e-01
3.773992657661437988e-01
3.767886459827423096e-01
3.761784434318542480e-01
3.755687177181243896e-01
3.749594390392303467e-01
3.743506371974945068e-01
3.737422823905944824e-01
3.731343746185302734e-01
3.725269436836242676e-01
3.719209432601928711e-01
3.713144659996032715e-01
3.707084655761718750e-01
3.701029121875762939e-01
3.694978952407836914e-01
3.688933253288269043e-01
3.682892620563507080e-01
3.676856756210327148e-01
3.670825958251953125e-01
3.664809465408325195e-01
3.658788800239562988e-01
3.652772903442382812e-01
3.646762371063232422e-01
3.640756607055664062e-01
3.634756207466125488e-01
3.628760874271392822e-01
3.622770905494689941e-01
3.616786003112792969e-01
3.610818088054656982e-01
3.604843616485595703e-01
3.598874807357788086e-01
3.594636023044586182e-01
3.590756356716156006e-01
3.586884140968322754e-01
3.583016693592071533e-01
3.579151630401611328e-01
3.575294315814971924e-01
3.571439385414123535e-01
3.567591607570648193e-01
3.563746511936187744e-01
3.559908866882324219e-01
3.556073606014251709e-01
3.552245497703552246e-01
3.548420071601867676e-01
3.544602096080780029e-01
3.540786504745483398e-01
3.536978363990783691e-01
3.533172607421875000e-01
3.529374003410339355e-01
3.525578081607818604e-01
3.521789610385894775e-01
3.518003225326538086e-01
3.514224290847778320e-01
3.510448038578033447e-01
3.506687879562377930e-01
3.502923846244812012e-01
3.499161899089813232e-01
3.495407402515411377e-01
3.491655290126800537e-01
3.487910628318786621e-01
3.484168052673339844e-01
3.480432927608489990e-01
3.476700484752655029e-01
3.472974896430969238e-01
3.469251990318298340e-01
3.465536236763000488e-01
3.461822867393493652e-01
3.458116650581359863e-01
3.454413115978240967e-01
3.450716733932495117e-01
3.447022438049316406e-01
3.443335890769958496e-01
3.439651131629943848e-01
3.435974121093750000e-01
3.432299196720123291e-01
3.428631424903869629e-01
3.424962759017944336e-01
3.421292901039123535e-01
3.417636752128601074e-01
3.413976728916168213e-01
3.410333395004272461e-01
3.406683504581451416e-01
3.403047621250152588e-01
3.399407863616943359e-01
3.395775854587554932e-01
3.392154872417449951e-01
3.388530313968658447e-01
3.384919166564941406e-01
3.381304740905761719e-01
3.377706408500671387e-01
3.374101817607879639e-01
3.370501995086669922e-01
3.366916179656982422e-01
3.363329172134399414e-01
3.359753191471099854e-01
3.356173336505889893e-01
3.352607190608978271e-01
3.349037468433380127e-01
3.345475196838378906e-01
3.341923952102661133e-01
3.338368833065032959e-01
3.334827423095703125e-01
3.331284821033477783e-01
3.327753245830535889e-01
3.324218094348907471e-01
3.320687711238861084e-01
3.317170739173889160e-01
3.313652873039245605e-01
3.310145437717437744e-01
3.306634724140167236e-01
3.303137421607971191e-01
3.299638926982879639e-01
3.296142816543579102e-01
3.292659819126129150e-01
3.289173245429992676e-01
3.285700082778930664e-01
3.282226026058197021e-01
3.278762400150299072e-01
3.275295495986938477e-01
3.271833062171936035e-01
3.268386721611022949e-01
3.264934122562408447e-01
3.261494636535644531e-01
3.258051574230194092e-01
3.254621624946594238e-01
3.252450823783874512e-01
3.250401914119720459e-01
3.248361051082611084e-01
3.246316611766815186e-01
3.244282603263854980e-01
3.242242634296417236e-01
3.240210413932800293e-01
3.238174915313720703e-01
3.236149549484252930e-01
3.234118521213531494e-01
3.232097625732421875e-01
3.230068087577819824e-01
3.228051662445068359e-01
3.226029276847839355e-01
3.224017322063446045e-01
3.221999108791351318e-01
3.219988942146301270e-01
3.217975199222564697e-01
3.215971887111663818e-01
3.213962614536285400e-01
3.211963772773742676e-01
3.209955990314483643e-01
3.207961320877075195e-01
3.205960690975189209e-01
3.203970491886138916e-01
3.201982378959655762e-01
3.199985623359680176e-01
3.198001682758331299e-01
3.196012079715728760e-01
3.194032311439514160e-01
3.192046880722045898e-01
3.190068900585174561e-01
3.188087642192840576e-01
3.186116814613342285e-01
3.184139728546142578e-01
3.182173073291778564e-01
3.180197477340698242e-01
3.178234994411468506e-01
3.176266551017761230e-01
3.174308240413665771e-01
3.172343969345092773e-01
3.170386850833892822e-01
3.168426752090454102e-01
3.166477084159851074e-01
3.164521157741546631e-01
3.162572681903839111e-01
3.160620927810668945e-01
3.158679306507110596e-01
3.156731724739074707e-01
3.154794275760650635e-01
3.152848184108734131e-01
3.150914907455444336e-01
3.148975670337677002e-01
3.147116303443908691e-01
3.145489692687988281e-01
3.143863976001739502e-01
3.142239749431610107e-01
3.140606284141540527e-01
3.138984441757202148e-01
3.137363791465759277e-01
3.135744631290435791e-01
3.134126663208007812e-01
3.132502138614654541e-01
3.130883872509002686e-01
3.129269778728485107e-01
3.127656877040863037e-01
3.126045167446136475e-01
3.124426901340484619e-01
3.122814893722534180e-01
3.121207058429718018e-01
3.119600415229797363e-01
3.117994964122772217e-01
3.116390705108642578e-01
3.114777207374572754e-01
3.113175630569458008e-01
3.111575245857238770e-01
3.109976053237915039e-01
3.108378052711486816e-01
3.106773495674133301e-01
3.105175197124481201e-01
3.103581070899963379e-01
3.101987838745117188e-01
3.100396096706390381e-01
3.098797798156738281e-01
3.097205758094787598e-01
3.095617592334747314e-01
3.094030916690826416e-01
3.092445135116577148e-01
3.090860843658447266e-01
3.089267015457153320e-01
3.087685108184814453e-01
3.086104393005371094e-01
3.084525167942047119e-01
3.082946836948394775e-01
3.081361949443817139e-01
3.079783320426940918e-01
3.078208863735198975e-01
3.076635301113128662e-01
3.075063228607177734e-01
3.073484599590301514e-01
3.071912229061126709e-01
3.070343434810638428e-01
3.068776130676269531e-01
3.067210018634796143e-01
3.065637648105621338e-01
3.064071238040924072e-01
3.062508702278137207e-01
3.060947358608245850e-01
3.059387207031250000e-01
3.057828545570373535e-01
3.056263327598571777e-01
3.054704070091247559e-01
3.053234517574310303e-01
3.052119612693786621e-01
3.051007688045501709e-01
3.049893975257873535e-01
3.048783540725708008e-01
3.047673702239990234e-01
3.046561777591705322e-01
3.045453429222106934e-01
3.044342696666717529e-01
3.043227791786193848e-01
3.042118251323699951e-01
3.041012287139892578e-01
3.039904236793518066e-01
3.038799464702606201e-01
3.037692606449127197e-01
3.036589026451110840e-01
3.035483658313751221e-01
3.034381270408630371e-01
3.033276796340942383e-01
3.032168447971343994e-01
3.031065165996551514e-01
3.029965460300445557e-01
3.028863668441772461e-01
3.027765154838562012e-01
3.026667535305023193e-01
3.025567531585693359e-01
3.024151623249053955e-01
3.022710084915161133e-01
3.021261990070343018e-01
3.019814491271972656e-01
3.018375337123870850e-01
3.016929626464843750e-01
3.015484511852264404e-01
3.014047741889953613e-01
3.012604117393493652e-01
3.011161386966705322e-01
3.009719550609588623e-01
3.008285760879516602e-01
3.006845116615295410e-01
3.005405664443969727e-01
3.003974258899688721e-01
3.002535998821258545e-01
3.001098632812500000e-01
2.999669611454010010e-01
2.998233735561370850e-01
2.996798753738403320e-01
2.995372116565704346e-01
2.993938624858856201e-01
2.992505729198455811e-01
2.991081178188323975e-01
2.989650070667266846e-01
2.988219857215881348e-01
2.987265586853027344e-01
2.986705303192138672e-01
2.986145019531250000e-01
2.985585033893585205e-01
2.985032498836517334e-01
2.984472811222076416e-01
2.983913123607635498e-01
2.983353734016418457e-01
2.982794344425201416e-01
2.982242405414581299e-01
2.981683313846588135e-01
2.981124222278594971e-01
2.980565428733825684e-01
2.980014085769653320e-01
2.979455590248107910e-01
2.978897094726562500e-01
2.978338897228240967e-01
2.977780699729919434e-01
2.977229952812194824e-01
2.976672053337097168e-01
2.976114451885223389e-01
2.975556850433349609e-01
2.975006699562072754e-01
2.974449396133422852e-01
2.973892092704772949e-01
2.973335087299346924e-01
2.972778081893920898e-01
2.972222864627838135e-01
2.971587777137756348e-01
2.970952689647674561e-01
2.970325052738189697e-01
2.969690263271331787e-01
2.969058156013488770e-01
2.968423366546630859e-01
2.967788577079772949e-01
2.967160940170288086e-01
2.966526448726654053e-01
2.965891659259796143e-01
2.965257167816162109e-01
2.964629828929901123e-01
2.963995337486267090e-01
2.963363826274871826e-01
2.962729334831237793e-01
2.962102293968200684e-01
2.961467802524566650e-01
2.960833609104156494e-01
2.960199415683746338e-01
2.959572374820709229e-01
2.958938181400299072e-01
2.958306968212127686e-01
2.957673072814941406e-01
2.957046329975128174e-01
2.956412136554718018e-01
2.955778241157531738e-01
2.955144345760345459e-01
2.954517900943756104e-01
2.954105436801910400e-01
2.954038977622985840e-01
2.953979969024658203e-01
2.953910529613494873e-01
2.953851222991943359e-01
2.953784167766571045e-01
2.953717112541198730e-01
2.953656911849975586e-01
2.953589558601379395e-01
2.953526079654693604e-01
2.953458130359649658e-01
2.953389883041381836e-01
2.953329086303710938e-01
2.953260540962219238e-01
2.953191697597503662e-01
2.953127026557922363e-01
2.953057885169982910e-01
2.952996194362640381e-01
2.952926456928253174e-01
2.952856719493865967e-01
2.952794134616851807e-01
2.952721118927001953e-01
2.952658236026763916e-01
2.952587604522705078e-01
2.952516973018646240e-01
2.952453494071960449e-01
2.952382266521453857e-01
2.952315509319305420e-01
2.952243983745574951e-01
2.952172160148620605e-01
2.952083945274353027e-01
2.951964735984802246e-01
2.951844930648803711e-01
2.951727211475372314e-01
2.951605618000030518e-01
2.951483428478240967e-01
2.951360344886779785e-01
2.951232194900512695e-01
2.951107621192932129e-01
2.950982153415679932e-01
2.950859069824218750e-01
2.950732111930847168e-01
2.950604259967803955e-01
2.950478792190551758e-01
2.950349450111389160e-01
2.950219213962554932e-01
2.950083911418914795e-01
2.949951887130737305e-01
2.949819564819335938e-01
2.949686050415039062e-01
2.949554920196533203e-01
2.949419915676116943e-01
2.949284017086029053e-01
2.949150502681732178e-01
2.949013113975524902e-01
2.948874831199645996e-01
2.948731482028961182e-01
2.948591411113739014e-01
2.948450744152069092e-01
2.948312461376190186e-01
2.948170006275177002e-01
2.948103547096252441e-01
2.948495745658874512e-01
2.948890030384063721e-01
2.949279844760894775e-01
2.949675917625427246e-01
2.950066328048706055e-01
2.950452268123626709e-01
2.950837016105651855e-01
2.951223850250244141e-01
2.951613366603851318e-01
2.951994538307189941e-01
2.952377200126647949e-01
2.952755689620971680e-01
2.953132688999176025e-01
2.953519225120544434e-01
2.953893840312957764e-01
2.954270243644714355e-01
2.953636050224304199e-01
2.952940464019775391e-01
2.952241897583007812e-01
2.951533794403076172e-01
2.950811684131622314e-01
2.950091361999511719e-01
2.949364483356475830e-01
2.948627173900604248e-01
2.947887778282165527e-01
2.947142124176025391e-01
2.946382462978363037e-01
2.945624291896820068e-01
2.944863140583038330e-01
2.944091856479644775e-01
2.943306565284729004e-01
2.942522764205932617e-01
2.941761910915374756e-01
2.941053509712219238e-01
2.940328419208526611e-01
2.939594388008117676e-01
2.938843667507171631e-01
2.938079535961151123e-01
2.937298417091369629e-01
2.936508059501647949e-01
2.935708165168762207e-01
2.934890985488891602e-01
2.934063971042633057e-01
2.933219969272613525e-01
2.932358086109161377e-01
2.931486368179321289e-01
2.930604815483093262e-01
2.929705381393432617e-01
2.928791940212249756e-01
2.925829887390136719e-01
2.919889688491821289e-01
2.913916707038879395e-01
2.907895743846893311e-01
2.901841998100280762e-01
2.895743846893310547e-01
2.889608740806579590e-01
2.883432805538177490e-01
2.877207994461059570e-01
2.870950400829315186e-01
2.864643931388854980e-01
2.858304083347320557e-01
2.851923406124114990e-01
2.845497727394104004e-01
2.839034497737884521e-01
2.832522094249725342e-01
2.825976014137268066e-01
2.819300293922424316e-01
2.810943424701690674e-01
2.802576720714569092e-01
2.794182598590850830e-01
2.785758376121520996e-01
2.777324914932250977e-01
2.768856883049011230e-01
2.760374546051025391e-01
2.751867771148681641e-01
2.743342518806457520e-01
2.734795808792114258e-01
2.726225256919860840e-01
2.717636227607727051e-01
2.709018886089324951e-01
2.700393497943878174e-01
2.691734731197357178e-01
2.683068513870239258e-01
2.674376666545867920e-01
2.665575444698333740e-01
2.656524479389190674e-01
2.647487521171569824e-01
2.638439238071441650e-01
2.629400193691253662e-01
2.620362639427185059e-01
2.611324787139892578e-01
2.602291405200958252e-01
2.593252360820770264e-01
2.584223151206970215e-01
2.575201988220214844e-01
2.566170692443847656e-01
2.557149231433868408e-01
2.548131048679351807e-01
2.539114058017730713e-01
2.530102133750915527e-01
2.521086335182189941e-01
2.512086927890777588e-01
2.503191232681274414e-01
2.496479302644729614e-01
2.489774078130722046e-01
2.483069896697998047e-01
2.476385235786437988e-01
2.469700127840042114e-01
2.463016211986541748e-01
2.456344664096832275e-01
2.449680119752883911e-01
2.443016767501831055e-01
2.436366081237792969e-01
2.429716736078262329e-01
2.423080205917358398e-01
2.416450679302215576e-01
2.409822642803192139e-01
2.403207421302795410e-01
2.396606504917144775e-01
2.390000075101852417e-01
2.383406758308410645e-01
2.376814782619476318e-01
2.370236217975616455e-01
2.363664954900741577e-01
2.357095330953598022e-01
2.350539118051528931e-01
2.343990355730056763e-01
2.337443381547927856e-01
2.330909818410873413e-01
2.324378043413162231e-01
2.317859977483749390e-01
2.311356216669082642e-01
2.304847538471221924e-01
2.298352569341659546e-01
2.291865497827529907e-01
2.285380363464355469e-01
2.278909087181091309e-01
2.272445708513259888e-01
2.265984266996383667e-01
2.259536832571029663e-01
2.253490388393402100e-01
2.248641401529312134e-01
2.243804037570953369e-01
2.238959819078445435e-01
2.234133780002593994e-01
2.229307442903518677e-01
2.224486768245697021e-01
2.219671308994293213e-01
2.214862108230590820e-01
2.210058420896530151e-01
2.205260246992111206e-01
2.200468182563781738e-01
2.195681780576705933e-01
2.190907299518585205e-01
2.186126112937927246e-01
2.181363105773925781e-01
2.176599800586700439e-01
2.171842306852340698e-01
2.167090475559234619e-01
2.162344604730606079e-01
2.157604396343231201e-01
2.152869999408721924e-01
2.148141562938690186e-01
2.143419086933135986e-01
2.138708382844924927e-01
2.133991271257400513e-01
2.129292488098144531e-01
2.124593257904052734e-01
2.119899988174438477e-01
2.115212529897689819e-01
2.110531032085418701e-01
2.105855345726013184e-01
2.101191878318786621e-01
2.096521854400634766e-01
2.091864049434661865e-01
2.087218314409255981e-01
2.082566171884536743e-01
2.077932208776473999e-01
2.073298096656799316e-01
2.068669945001602173e-01
2.063637673854827881e-01
2.058219611644744873e-01
2.052800655364990234e-01
2.047387212514877319e-01
2.041985541582107544e-01
2.036582976579666138e-01
2.031192183494567871e-01
2.025800645351409912e-01
2.020414620637893677e-01
2.015040367841720581e-01
2.009665518999099731e-01
2.004302591085433960e-01
1.998944729566574097e-01
1.993586719036102295e-01
1.988240629434585571e-01
1.982893943786621094e-01
1.977559328079223633e-01
1.972223967313766479e-01
1.966894418001174927e-01
1.961576938629150391e-01
1.956259012222290039e-01
1.950953155755996704e-01
1.945646703243255615e-01
1.940346211194992065e-01
1.935057938098907471e-01
1.929769068956375122e-01
1.924492567777633667e-01
1.919215619564056396e-01
1.913944482803344727e-01
1.908691376447677612e-01
1.903432160615921021e-01
1.898185312747955322e-01
1.892938166856765747e-01
1.887703388929367065e-01
1.882468312978744507e-01
1.877239197492599487e-01
1.872022598981857300e-01
1.866805702447891235e-01
1.861601322889328003e-01
1.856396645307540894e-01
1.851198077201843262e-01
1.846012175083160400e-01
1.840857416391372681e-01
1.835731416940689087e-01
1.830606609582901001e-01
1.825489699840545654e-01
1.820387244224548340e-01
1.815285980701446533e-01
1.810199022293090820e-01
1.805113554000854492e-01
1.800042241811752319e-01
1.794972419738769531e-01
1.789917051792144775e-01
1.784862875938415527e-01
1.779823154211044312e-01
1.774784773588180542e-01
1.769760847091674805e-01
1.764738261699676514e-01
1.759730279445648193e-01
1.754723489284515381e-01
1.749724596738815308e-01
1.744740307331085205e-01
1.739757210016250610e-01
1.734788715839385986e-01
1.729821562767028809e-01
1.724869012832641602e-01
1.719917804002761841e-01
1.714981049299240112e-01
1.710045635700225830e-01
1.705124974250793457e-01
1.700205504894256592e-01
1.695300638675689697e-01
1.690397113561630249e-01
1.685508340597152710e-01
1.680620759725570679e-01
1.675747931003570557e-01
1.670876294374465942e-01
1.666012853384017944e-01
1.661163866519927979e-01
1.656316369771957397e-01
1.651483327150344849e-01
1.646651774644851685e-01
1.641834974288940430e-01
1.637019366025924683e-01
1.632218509912490845e-01
1.627414375543594360e-01
1.622619330883026123e-01
1.617831140756607056e-01
1.613046079874038696e-01
1.608277261257171631e-01
1.603513658046722412e-01
1.598757654428482056e-01
1.594018191099166870e-01
1.589281708002090454e-01
1.584556847810745239e-01
1.579846441745758057e-01
1.575139015913009644e-01
1.570443361997604370e-01
1.565755158662796021e-01
1.561083495616912842e-01
1.556421220302581787e-01
1.551757603883743286e-01
1.547114849090576172e-01
1.542481631040573120e-01
1.537851393222808838e-01
1.533232927322387695e-01
1.528621912002563477e-01
1.524026989936828613e-01
1.519441753625869751e-01
1.514855176210403442e-01
1.510289013385772705e-01
1.505725830793380737e-01
1.501178890466690063e-01
1.496637165546417236e-01
1.492102593183517456e-01
1.487584114074707031e-01
1.483068615198135376e-01
1.478565037250518799e-01
1.474075168371200562e-01
1.469588130712509155e-01
1.465117186307907104e-01
1.460651457309722900e-01
1.456192731857299805e-01
1.451750248670578003e-01
1.447310447692871094e-01
1.442882567644119263e-01
1.438468247652053833e-01
1.434056609869003296e-01
1.429661065340042114e-01
1.425264328718185425e-01
1.420887559652328491e-01
1.416520029306411743e-01
1.412173509597778320e-01
1.408076435327529907e-01
1.403985023498535156e-01
1.399913877248764038e-01
1.395841836929321289e-01
1.391790062189102173e-01
1.387741416692733765e-01
1.383704990148544312e-01
1.379675716161727905e-01
1.375651955604553223e-01
1.371648311614990234e-01
1.367647796869277954e-01
1.363659352064132690e-01
1.359677910804748535e-01
1.355708539485931396e-01
1.351746171712875366e-01
1.347789317369461060e-01
1.343852281570434570e-01
1.339918226003646851e-01
1.335996240377426147e-01
1.332081109285354614e-01
1.328171491622924805e-01
1.324281543493270874e-01
1.320394426584243774e-01
1.316519379615783691e-01
1.312650889158248901e-01
1.308794468641281128e-01
1.304944604635238647e-01
1.301103979349136353e-01
1.297275424003601074e-01
1.293453276157379150e-01
1.289643198251724243e-01
1.285839378833770752e-01
1.282051205635070801e-01
1.278262287378311157e-01
1.274486035108566284e-01
1.270721554756164551e-01
1.266963481903076172e-01
1.263220906257629395e-01
1.259477436542510986e-01
1.255746632814407349e-01
1.252027601003646851e-01
1.248314753174781799e-01
1.244613751769065857e-01
1.240918859839439392e-01
1.237239241600036621e-01
1.233558803796768188e-01
1.229890659451484680e-01
1.226234361529350281e-01
1.222584024071693420e-01
1.219536066055297852e-01
1.216594725847244263e-01
1.213657036423683167e-01
1.210723444819450378e-01
1.207803264260292053e-01
1.204890012741088867e-01
1.201977506279945374e-01
1.199074909090995789e-01
1.196182593703269958e-01
1.193290948867797852e-01
1.190412491559982300e-01
1.187540888786315918e-01
1.184666678309440613e-01
1.181808859109878540e-01
1.178951635956764221e-01
1.176107525825500488e-01
1.173270270228385925e-01
1.170430257916450500e-01
1.167606562376022339e-01
1.164789572358131409e-01
1.161973178386688232e-01
1.159169673919677734e-01
1.156369745731353760e-01
1.153573468327522278e-01
1.150790080428123474e-01
1.148013323545455933e-01
1.145233958959579468e-01
1.142470464110374451e-01
1.139707490801811218e-01
1.136957257986068726e-01
1.134213656187057495e-01
1.131467297673225403e-01
1.128736734390258789e-01
1.126012727618217468e-01
1.123289093375205994e-01
1.120578125119209290e-01
1.117870584130287170e-01
1.115166395902633667e-01
1.112474799156188965e-01
1.109789609909057617e-01
1.107104793190956116e-01
1.104429438710212708e-01
1.101757362484931946e-01
1.099097803235054016e-01
1.096444576978683472e-01
1.093791648745536804e-01
1.091148033738136292e-01
1.088513806462287903e-01
1.085879802703857422e-01
1.083258092403411865e-01
1.080642566084861755e-01
1.078024432063102722e-01
1.075495481491088867e-01
1.072990000247955322e-01
1.070487499237060547e-01
1.067999675869941711e-01
1.065508797764778137e-01
1.063026487827301025e-01
1.060549989342689514e-01
1.058082357048988342e-01
1.055617332458496094e-01
1.053155213594436646e-01
1.050701588392257690e-01
1.048259660601615906e-01
1.045814603567123413e-01
1.043378040194511414e-01
1.040950194001197815e-01
1.038524881005287170e-01
1.036105230450630188e-01
1.033688336610794067e-01
1.031285747885704041e-01
1.028882861137390137e-01
1.026482731103897095e-01
1.024096831679344177e-01
1.021707803010940552e-01
1.019327044486999512e-01
1.016951799392700195e-01
1.014585196971893311e-01
1.012220904231071472e-01
1.009859368205070496e-01
1.007511913776397705e-01
1.005163937807083130e-01
1.002818793058395386e-01
1.000481694936752319e-01
9.981531649827957153e-02
9.958268702030181885e-02
9.935059398412704468e-02
9.911935031414031982e-02
9.888833016157150269e-02
9.865757822990417480e-02
9.842761605978012085e-02
9.819877147674560547e-02
9.796961396932601929e-02
9.774123877286911011e-02
9.751313924789428711e-02
9.728639572858810425e-02
9.705960005521774292e-02
9.683306515216827393e-02
9.660789370536804199e-02
9.638265520334243774e-02
9.615769237279891968e-02
9.593349695205688477e-02
9.571013599634170532e-02
9.548696875572204590e-02
9.526431560516357422e-02
9.504249691963195801e-02
9.482086449861526489e-02
9.458953887224197388e-02
9.435019642114639282e-02
9.411141276359558105e-02
9.387262165546417236e-02
9.363470971584320068e-02
9.339760243892669678e-02
9.316104650497436523e-02
9.292448312044143677e-02
9.268903732299804688e-02
9.245390444993972778e-02
9.221899509429931641e-02
9.198520332574844360e-02
9.175195544958114624e-02
9.151869267225265503e-02
9.128654003143310547e-02
9.105469286441802979e-02
9.082362055778503418e-02
9.059253334999084473e-02
9.036254137754440308e-02
9.013309329748153687e-02
8.990339189767837524e-02
8.967500925064086914e-02
8.944717049598693848e-02
8.921930193901062012e-02
8.899252116680145264e-02
8.876627683639526367e-02
8.854032307863235474e-02
8.831457793712615967e-02
8.808991312980651855e-02
8.786576986312866211e-02
8.764160424470901489e-02
8.741828054189682007e-02
8.719570934772491455e-02
8.697365224361419678e-02
8.675157278776168823e-02
8.653055131435394287e-02
8.631005138158798218e-02
8.608929067850112915e-02
8.586981892585754395e-02
8.565086126327514648e-02
8.543185889720916748e-02
8.521392196416854858e-02
8.499626815319061279e-02
8.477934449911117554e-02
8.456238359212875366e-02
8.434646576642990112e-02
8.413105458021163940e-02
8.391559869050979614e-02
8.370097726583480835e-02
8.348707109689712524e-02
8.327312022447586060e-02
8.306020498275756836e-02
8.284778892993927002e-02
8.263564854860305786e-02
8.242367953062057495e-02
8.221274614334106445e-02
8.200229704380035400e-02
8.179180324077606201e-02
8.158233761787414551e-02
8.138468116521835327e-02
8.119057863950729370e-02
8.099692314863204956e-02
8.080372214317321777e-02
8.061096072196960449e-02
8.041864633560180664e-02
8.022677898406982422e-02
8.003535866737365723e-02
7.984437793493270874e-02
7.965383678674697876e-02
7.946353405714035034e-02
7.927387207746505737e-02
7.908464968204498291e-02
7.889586687088012695e-02
7.870751619338989258e-02
7.851960510015487671e-02
7.833212614059448242e-02
7.814507186412811279e-02
7.795845717191696167e-02
7.777227461338043213e-02
7.758631557226181030e-02
7.740098983049392700e-02
7.721608877182006836e-02
7.703161239624023438e-02
7.684756070375442505e-02
7.666393369436264038e-02
7.648072391748428345e-02
7.629794627428054810e-02
7.611557841300964355e-02
7.593363523483276367e-02
7.575210928916931152e-02
7.557081431150436401e-02
7.539012283086776733e-02
7.520984858274459839e-02
7.502998411655426025e-02
7.485052943229675293e-02
7.467149198055267334e-02
7.449286431074142456e-02
7.431465387344360352e-02
7.413683831691741943e-02
7.395892590284347534e-02
7.378175109624862671e-02
7.360516488552093506e-02
7.342898100614547729e-02
7.325319945812225342e-02
7.307782769203186035e-02
7.290285080671310425e-02
7.272827625274658203e-02
7.255409657955169678e-02
7.238031923770904541e-02
7.220694422721862793e-02
7.203378528356552124e-02
7.186119258403778076e-02
7.168900221586227417e-02
7.151719927787780762e-02
7.134579122066497803e-02
7.117477804422378540e-02
7.100415229797363281e-02
7.083391398191452026e-02
7.066406309604644775e-02
7.049460709095001221e-02
7.032553106546401978e-02
7.015742361545562744e-02
6.999173015356063843e-02
6.982626765966415405e-02
6.966139376163482666e-02
6.949692219495773315e-02
6.933285295963287354e-02
6.916919350624084473e-02
6.900593638420104980e-02
6.884291023015975952e-02
6.868045777082443237e-02
6.851840764284133911e-02
6.835675239562988281e-02
6.819549202919006348e-02
6.803463399410247803e-02
6.787400692701339722e-02
6.771393865346908569e-02
6.755426526069641113e-02
6.739497929811477661e-02
6.723608821630477905e-02
6.707758456468582153e-02
6.691931188106536865e-02
6.676158308982849121e-02
6.660424917936325073e-02
6.644729524850845337e-02
6.629072874784469604e-02
6.613454222679138184e-02
6.597857922315597534e-02
6.582316011190414429e-02
6.566812098026275635e-02
6.551345437765121460e-02
6.535917520523071289e-02
6.520526856184005737e-02
6.505157798528671265e-02
6.489842385053634644e-02
6.474515795707702637e-02
6.459274888038635254e-02
6.444071233272552490e-02
6.428904831409454346e-02
6.413759291172027588e-02
6.398666650056838989e-02
6.383610516786575317e-02
6.368590891361236572e-02
6.353607773780822754e-02
6.338661164045333862e-02
6.323736160993576050e-02
6.308861821889877319e-02
6.294023990631103516e-02
6.279221922159194946e-02
6.264456361532211304e-02
6.249725818634033203e-02
6.235016509890556335e-02
6.220357865095138550e-02
6.205734238028526306e-02
6.191146373748779297e-02
6.176593527197837830e-02
6.162076070904731750e-02
6.147594004869461060e-02
6.133132055401802063e-02
6.118719652295112610e-02
6.104341894388198853e-02
6.089999154210090637e-02
6.075691059231758118e-02
6.061417236924171448e-02
6.047163531184196472e-02
6.032958626747131348e-02
6.018787622451782227e-02
6.004651263356208801e-02
5.992352217435836792e-02
5.980976298451423645e-02
5.969641730189323425e-02
5.958274751901626587e-02
5.946980789303779602e-02
5.935727432370185852e-02
5.924487486481666565e-02
5.913287773728370667e-02
5.902101472020149231e-02
5.890941619873046875e-02
5.879822373390197754e-02
5.868715792894363403e-02
5.857649073004722595e-02
5.846595391631126404e-02
5.835523083806037903e-02
5.824535340070724487e-02
5.813560634851455688e-02
5.802625045180320740e-02
5.791702121496200562e-02
5.780805274844169617e-02
5.769947543740272522e-02
5.759102106094360352e-02
5.748295783996582031e-02
5.737501755356788635e-02
5.726702138781547546e-02
5.715959146618843079e-02
5.705241486430168152e-02
5.694562569260597229e-02
5.683895573019981384e-02
5.673266947269439697e-02
5.662650242447853088e-02
5.652058497071266174e-02
5.641504749655723572e-02
5.630962923169136047e-02
5.620414763689041138e-02
5.609922483563423157e-02
5.599455162882804871e-02
5.589024722576141357e-02
5.578606203198432922e-02
5.568224936723709106e-02
5.557855218648910522e-02
5.547522753477096558e-02
5.537201464176177979e-02
5.526904389262199402e-02
5.516600981354713440e-02
5.506351962685585022e-02
5.496139824390411377e-02
5.485938861966133118e-02
5.475761741399765015e-02
5.465620383620262146e-02
5.455490946769714355e-02
5.445396900177001953e-02
5.435314401984214783e-02
5.425255373120307922e-02
5.415188893675804138e-02
5.405176803469657898e-02
5.395199730992317200e-02
5.385233834385871887e-02
5.375291034579277039e-02
5.365383252501487732e-02
5.355486646294593811e-02
5.345625057816505432e-02
5.335773900151252747e-02
5.325957760214805603e-02
5.316110327839851379e-02
5.306327715516090393e-02
5.296579375863075256e-02
5.286841839551925659e-02
5.277138575911521912e-02
5.267445743083953857e-02
5.257775634527206421e-02
5.249388515949249268e-02
5.242813378572463989e-02
5.236263945698738098e-02
5.229715630412101746e-02
5.223222449421882629e-02
5.216700956225395203e-02
5.210192874073982239e-02
5.203697830438613892e-02
5.197216197848320007e-02
5.190788954496383667e-02
5.184333398938179016e-02
5.177890881896018982e-02
5.171461403369903564e-02
5.165045335888862610e-02
5.158682912588119507e-02
5.152292177081108093e-02
5.145914852619171143e-02
5.139550194144248962e-02
5.133198201656341553e-02
5.126899853348731995e-02
5.120573565363883972e-02
5.114259943366050720e-02
5.107959359884262085e-02
5.101671069860458374e-02
5.095435678958892822e-02
5.089172720909118652e-02
5.082922428846359253e-02
5.076684430241584778e-02
5.070459097623825073e-02
5.064286291599273682e-02
5.058096721768379211e-02
5.051908642053604126e-02
5.045732855796813965e-02
5.039569362998008728e-02
5.033418163657188416e-02
5.027318745851516724e-02
5.021192133426666260e-02
5.015077441930770874e-02
5.008975416421890259e-02
5.002884939312934875e-02
4.996846243739128113e-02
4.990780353546142578e-02
4.984726011753082275e-02
4.978683963418006897e-02
4.972653836011886597e-02
4.966674745082855225e-02
4.960668459534645081e-02
4.954674094915390015e-02
4.948691651225090027e-02
4.942720755934715271e-02
4.936800897121429443e-02
4.930853471159934998e-02
4.924917966127395630e-02
4.918994009494781494e-02
4.913081601262092590e-02
4.907219856977462769e-02
4.901330545544624329e-02
4.895453155040740967e-02
4.889597743749618530e-02
4.883743077516555786e-02
4.877938330173492432e-02
4.872106760740280151e-02
4.866286739706993103e-02
4.860477894544601440e-02
4.854680225253105164e-02
4.848932102322578430e-02
4.843157529830932617e-02
4.837393760681152344e-02
4.831641167402267456e-02
4.825900122523307800e-02
4.820207878947257996e-02
4.814488813281059265e-02
4.808780923485755920e-02
4.803084209561347961e-02
4.797398671507835388e-02
4.791761562228202820e-02
4.786155372858047485e-02
4.781221225857734680e-02
4.776322841644287109e-02
4.771395772695541382e-02
4.766514897346496582e-02
4.761605337262153625e-02
4.756741598248481750e-02
4.751886427402496338e-02
4.747002944350242615e-02
4.742164909839630127e-02
4.737298563122749329e-02
4.732477664947509766e-02
4.727665334939956665e-02
4.722824692726135254e-02
4.718029126524925232e-02
4.713205248117446899e-02
4.708426818251609802e-02
4.703656584024429321e-02
4.698858037590980530e-02
4.694104939699172974e-02
4.689323157072067261e-02
4.684586450457572937e-02
4.679831117391586304e-02
4.675111174583435059e-02
4.670399054884910583e-02
4.665658995509147644e-02
4.660963639616966248e-02
4.656239971518516541e-02
4.651561006903648376e-02
4.646889865398406982e-02
4.642191156744956970e-02
4.637536406517028809e-02
4.632853716611862183e-02
4.628215357661247253e-02
4.623548686504364014e-02
4.618926346302032471e-02
4.614312201738357544e-02
4.609670117497444153e-02
4.605071619153022766e-02
4.600445553660392761e-02
4.595863074064254761e-02
4.591288417577743530e-02
4.586695507168769836e-02
4.582136869430541992e-02
4.577550664544105530e-02
4.573007673025131226e-02
4.568436741828918457e-02
4.563909396529197693e-02
4.559389874339103699e-02
4.554842785000801086e-02
4.550338909029960632e-02
4.545807465910911560e-02
4.541318863630294800e-02
4.536837711930274963e-02
4.532329738140106201e-02
4.527864232659339905e-02
4.523371160030364990e-02
4.518920928239822388e-02
4.514478519558906555e-02
4.510008543729782104e-02
4.505581036210060120e-02
4.501126334071159363e-02
4.496714100241661072e-02
4.492283612489700317e-02
4.487886279821395874e-02
4.483496397733688354e-02
4.479079321026802063e-02
4.474704340100288391e-02
4.470302537083625793e-02
4.465942457318305969e-02
4.461589828133583069e-02
4.457210004329681396e-02
4.452872276306152344e-02
4.448507353663444519e-02
4.444184154272079468e-02
4.439833760261535645e-02
4.435525462031364441e-02
4.431223869323730469e-02
4.426895827054977417e-02
4.422609135508537292e-02
4.418295249342918396e-02
4.414023086428642273e-02
4.409877210855484009e-02
4.407236352562904358e-02
4.404598474502563477e-02
4.401954635977745056e-02
4.399356991052627563e-02
4.396728053689002991e-02
4.394102841615676880e-02
4.391471669077873230e-02
4.388885945081710815e-02
4.386269673705101013e-02
4.383656382560729980e-02
4.381071031093597412e-02
4.378464072942733765e-02
4.375860095024108887e-02
4.373259097337722778e-02
4.370694234967231750e-02
4.368090629577636719e-02
4.365498945116996765e-02
4.362943395972251892e-02
4.360357671976089478e-02
4.357765987515449524e-02
4.355186223983764648e-02
4.352642595767974854e-02
4.350068792700767517e-02
4.347497969865798950e-02
4.344921931624412537e-02
4.342389851808547974e-02
4.339827969670295715e-02
4.337269067764282227e-02
4.334737733006477356e-02
4.332184791564941406e-02
4.329634830355644226e-02
4.327087849378585815e-02
4.324576258659362793e-02
4.322026669979095459e-02
4.319488629698753357e-02
4.316953569650650024e-02
4.314453527331352234e-02
4.311915859580039978e-02
4.309389367699623108e-02
4.306898266077041626e-02
4.304377734661102295e-02
4.301851615309715271e-02
4.299336671829223633e-02
4.296857118606567383e-02
4.294348135590553284e-02
4.291842132806777954e-02
4.289330542087554932e-02
4.286862164735794067e-02
4.284364730119705200e-02
4.281869903206825256e-02
4.279401898384094238e-02
4.276913031935691833e-02
4.274426773190498352e-02
4.271943494677543640e-02
4.269495233893394470e-02
4.267009347677230835e-02
4.264534637331962585e-02
4.262094199657440186e-02
4.259625449776649475e-02
4.257150739431381226e-02
4.254687577486038208e-02
4.252258315682411194e-02
4.249800369143486023e-02
4.247337207198143005e-02
4.244885221123695374e-02
4.242467135190963745e-02
4.240020364522933960e-02
4.237576574087142944e-02
4.235158488154411316e-02
4.232720285654067993e-02
4.230284690856933594e-02
4.227852076292037964e-02
4.225444793701171875e-02
4.223017767071723938e-02
4.220593348145484924e-02
4.218171536922454834e-02
4.215783253312110901e-02
4.213358834385871887e-02
4.210945218801498413e-02
4.208565503358840942e-02
4.206157103180885315e-02
4.203743860125541687e-02
4.201341047883033752e-02
4.198971763253211975e-02
4.196574538946151733e-02
4.194179922342300415e-02
4.191780090332031250e-02
4.189421236515045166e-02
4.187979549169540405e-02
4.186824336647987366e-02
4.185638949275016785e-02
4.184475913643836975e-02
4.183321073651313782e-02
4.182166233658790588e-02
4.181011393666267395e-02
4.179848730564117432e-02
4.178693890571594238e-02
4.177509248256683350e-02
4.176354780793190002e-02
4.175192117691040039e-02
4.174037650227546692e-02
4.172883555293083191e-02
4.171729087829589844e-02
4.170567169785499573e-02
4.169382899999618530e-02
4.168228805065155029e-02
4.167074710130691528e-02
4.165920987725257874e-02
4.164759069681167603e-02
4.163605347275733948e-02
4.162451624870300293e-02
4.161268100142478943e-02
4.160106927156448364e-02
4.158953577280044556e-02
4.157800227403640747e-02
4.156646877527236938e-02
4.155485704541206360e-02
4.154332727193832397e-02
4.153150320053100586e-02
4.151997342705726624e-02
4.150836914777755737e-02
4.149683937430381775e-02
4.148531705141067505e-02
4.147379100322723389e-02
4.146219044923782349e-02
4.145037382841110229e-02
4.143885150551795959e-02
4.142733290791511536e-02
4.141573607921600342e-02
4.140421748161315918e-02
4.139269888401031494e-02
4.138089343905448914e-02
4.136930033564567566e-02
4.135778918862342834e-02
4.134627431631088257e-02
4.133476316928863525e-02
4.132317751646041870e-02
4.131167009472846985e-02
4.129987210035324097e-02
4.128836840391159058e-02
4.127678647637367249e-02
4.126528277993202209e-02
4.125377908349037170e-02
4.124227911233901978e-02
4.123070463538169861e-02
4.121891781687736511e-02
4.120742157101631165e-02
4.119592905044555664e-02
4.118435829877853394e-02
4.117286577820777893e-02
4.116137698292732239e-02
4.114988446235656738e-02
4.113803803920745850e-02
4.112655296921730042e-02
4.111506789922714233e-02
4.110358282923698425e-02
4.109210148453712463e-02
4.108054563403129578e-02
4.106906801462173462e-02
4.105730727314949036e-02
4.104583337903022766e-02
4.103428497910499573e-02
4.102281108498573303e-02
4.101134091615676880e-02
4.099987074732780457e-02
4.098832979798316956e-02
4.097658395767211914e-02
4.096511751413345337e-02
4.095365852117538452e-02
4.094212129712104797e-02
4.093066230416297913e-02
4.091920703649520874e-02
4.090775176882743835e-02
4.089594259858131409e-02
4.088449105620384216e-02
4.087304323911666870e-02
4.086159542202949524e-02
4.085007309913635254e-02
4.083862900733947754e-02
4.082718864083290100e-02
4.081546887755393982e-02
4.080395773053169250e-02
4.079252108931541443e-02
4.078335687518119812e-02
4.077779501676559448e-02
4.077194258570671082e-02
4.076642915606498718e-02
4.076055437326431274e-02
4.075494408607482910e-02
4.074904322624206543e-02
4.074348136782646179e-02
4.073755815625190735e-02
4.073189571499824524e-02
4.072602465748786926e-02
4.072033613920211792e-02
4.071436822414398193e-02
4.070865735411643982e-02
4.070273786783218384e-02
4.069700092077255249e-02
4.069098457694053650e-02
4.068522900342941284e-02
4.067926108837127686e-02
4.067347943782806396e-02
4.066741839051246643e-02
4.066168516874313354e-02
4.065560176968574524e-02
4.064977169036865234e-02
4.064366593956947327e-02
4.063788801431655884e-02
4.063175991177558899e-02
4.062588512897491455e-02
4.061980545520782471e-02
4.061390832066535950e-02
4.060773551464080811e-02
4.060181975364685059e-02
4.059569537639617920e-02
4.058975353837013245e-02
4.058353975415229797e-02
4.057764634490013123e-02
4.057141020894050598e-02
4.056542739272117615e-02
4.055916517972946167e-02
4.055323451757431030e-02
4.054695367813110352e-02
4.054092615842819214e-02
4.053462669253349304e-02
4.052864760160446167e-02
4.052232578396797180e-02
4.051625728607177734e-02
4.050998762249946594e-02
4.050389677286148071e-02
4.049753397703170776e-02
4.049142450094223022e-02
4.048511385917663574e-02
4.047898203134536743e-02
4.047257825732231140e-02
4.046649858355522156e-02
4.046007618308067322e-02
4.045390337705612183e-02
4.044746235013008118e-02
4.044134169816970825e-02
4.043488204479217529e-02
4.042866826057434082e-02
4.042226076126098633e-02
4.041602835059165955e-02
4.040953144431114197e-02
4.040328040719032288e-02
4.039683192968368530e-02
4.039056226611137390e-02
4.038402438163757324e-02
4.037773609161376953e-02
4.037125036120414734e-02
4.036494344472885132e-02
4.035836830735206604e-02
4.035210981965065002e-02
4.034551978111267090e-02
4.033917188644409180e-02
4.033256322145462036e-02
4.032627120614051819e-02
4.031964391469955444e-02
4.031325876712799072e-02
4.030668362975120544e-02
4.030028358101844788e-02
4.029361903667449951e-02
4.028720036149024963e-02
4.028059169650077820e-02
4.027415439486503601e-02
4.026745632290840149e-02
4.026107117533683777e-02
4.025435820221900940e-02
4.024788364768028259e-02
4.024115577340126038e-02
4.023473337292671204e-02
4.022798687219619751e-02
4.022147879004478455e-02
4.021471366286277771e-02
4.020826146006584167e-02
4.020148143172264099e-02
4.019493982195854187e-02
4.018821194767951965e-02
4.018165543675422668e-02
4.017484188079833984e-02
4.016827046871185303e-02
4.016150906682014465e-02
4.015491902828216553e-02
4.014807567000389099e-02
4.014222696423530579e-02
4.014422371983528137e-02
4.014645144343376160e-02
4.014841467142105103e-02
4.015053808689117432e-02
4.015270993113517761e-02
4.015462473034858704e-02
4.015676677227020264e-02
4.015858098864555359e-02
4.016068950295448303e-02
4.016253724694252014e-02
4.016461223363876343e-02
4.016667231917381287e-02
4.016840085387229919e-02
4.017042741179466248e-02
4.017219319939613342e-02
4.017418622970581055e-02
4.017585143446922302e-02
4.017781466245651245e-02
4.017975926399230957e-02
4.018144309520721436e-02
4.018328711390495300e-02
4.018494114279747009e-02
4.018681868910789490e-02
4.018844291567802429e-02
4.019021987915039062e-02
4.019205272197723389e-02
4.019362479448318481e-02
4.019542410969734192e-02
4.019696637988090515e-02
4.019866511225700378e-02
4.020017758011817932e-02
4.020191356539726257e-02
4.020363464951515198e-02
4.020502790808677673e-02
4.020671918988227844e-02
4.020814970135688782e-02
4.020980745553970337e-02
4.021114110946655273e-02
4.021276906132698059e-02
4.021437838673591614e-02
4.021573439240455627e-02
4.021724313497543335e-02
4.021856933832168579e-02
4.022011905908584595e-02
4.022141546010971069e-02
4.022293165326118469e-02
4.022436589002609253e-02
4.022561758756637573e-02
4.022708907723426819e-02
4.022830724716186523e-02
4.022968187928199768e-02
4.023087024688720703e-02
4.023228213191032410e-02
4.023367911577224731e-02
4.023475572466850281e-02
4.023612290620803833e-02
4.023724049329757690e-02
4.023857414722442627e-02
4.023959487676620483e-02
4.024090245366096497e-02
4.024219140410423279e-02
4.024323448538780212e-02
4.024449735879898071e-02
4.024544358253479004e-02
4.024667665362358093e-02
4.024766013026237488e-02
4.024886339902877808e-02
4.024975374341011047e-02
4.025092720985412598e-02
4.025208950042724609e-02
4.025300219655036926e-02
4.025406390428543091e-02
4.025495052337646484e-02
4.025605320930480957e-02
4.025691002607345581e-02
4.025791585445404053e-02
4.025897383689880371e-02
4.025978967547416687e-02
4.026082158088684082e-02
4.026160761713981628e-02
4.026254266500473022e-02
4.026330262422561646e-02
4.026427492499351501e-02
4.026523604989051819e-02
4.026588425040245056e-02
4.026681929826736450e-02
4.026750847697257996e-02
4.026841372251510620e-02
4.026900976896286011e-02
4.026988521218299866e-02
4.027074947953224182e-02
4.027136787772178650e-02
4.027213901281356812e-02
4.027273133397102356e-02
4.027353972196578979e-02
4.027410596609115601e-02
4.027482122182846069e-02
4.027558863162994385e-02
4.027611762285232544e-02
4.027685523033142090e-02
4.027735814452171326e-02
4.027800261974334717e-02
4.027847573161125183e-02
4.027916491031646729e-02
4.027983546257019043e-02
4.028020426630973816e-02
4.028085246682167053e-02
4.028125852346420288e-02
4.028188064694404602e-02
4.028219357132911682e-02
4.028278961777687073e-02
4.028336703777313232e-02
4.028092324733734131e-02
4.027765616774559021e-02
4.027431458234786987e-02
4.027103632688522339e-02
4.026775062084197998e-02
4.026446118950843811e-02
4.026116803288459778e-02
4.025808721780776978e-02
4.025478288531303406e-02
4.025140404701232910e-02
4.024808853864669800e-02
4.024476557970046997e-02
4.024143889546394348e-02
4.023810476064682007e-02
4.023476690053939819e-02
4.023142158985137939e-02
4.022829607129096985e-02
4.022487625479698181e-02
4.022151604294776917e-02
4.021814838051795959e-02
4.021478071808815002e-02
4.021140560507774353e-02
4.020802304148674011e-02
4.020463675260543823e-02
4.020124673843383789e-02
4.019800573587417603e-02
4.019460454583168030e-02
4.019119590520858765e-02
4.018778353929519653e-02
4.018436744809150696e-02
4.018094390630722046e-02
4.017751663923263550e-02
4.017408564686775208e-02
4.017080366611480713e-02
4.016736149787902832e-02
4.016391187906265259e-02
4.016045853495597839e-02
4.015700146555900574e-02
4.015354067087173462e-02
4.015007242560386658e-02
4.014653339982032776e-02
4.014305770397186279e-02
4.013979062438011169e-02
4.013630375266075134e-02
4.013281315565109253e-02
4.012931510806083679e-02
4.012581333518028259e-02
4.012230411171913147e-02
4.011872783303260803e-02
4.011521115899085999e-02
4.011169075965881348e-02
4.010837897658348083e-02
4.010484740138053894e-02
4.010131210088729858e-02
4.009776934981346130e-02
4.009422287344932556e-02
4.009060934185981750e-02
4.008705168962478638e-02
4.008349403738975525e-02
4.007992893457412720e-02
4.007657244801521301e-02
4.007299989461898804e-02
4.006941989064216614e-02
4.006577283143997192e-02
4.006218165159225464e-02
4.005859047174453735e-02
4.005499184131622314e-02
4.005138948559761047e-02
4.004799574613571167e-02
4.004438221454620361e-02
4.004076868295669556e-02
4.003708064556121826e-02
4.003345593810081482e-02
4.002982750535011292e-02
4.002619162201881409e-02
4.002255201339721680e-02
4.001890867948532104e-02
4.001547023653984070e-02
4.001181945204734802e-02
4.000809788703918457e-02
4.000443592667579651e-02
4.000077024102210999e-02
3.999709710478782654e-02
3.999342396855354309e-02
3.998974338173866272e-02
3.998605906963348389e-02
3.998252004384994507e-02
3.997882455587387085e-02
3.997512906789779663e-02
3.997142612934112549e-02
3.996771946549415588e-02
3.996400907635688782e-02
3.996029496192932129e-02
3.995657712221145630e-02
3.995278850197792053e-02
3.994927182793617249e-02
3.994553908705711365e-02
3.994180262088775635e-02
3.993805870413780212e-02
3.993431478738784790e-02
3.993056714534759521e-02
3.992681205272674561e-02
3.992299363017082214e-02
3.991923108696937561e-02
3.991567343473434448e-02
3.991189971566200256e-02
3.990812599658966064e-02
3.990434855222702026e-02
3.990056365728378296e-02
3.989671543240547180e-02
3.989292308688163757e-02
3.988912701606750488e-02
3.988553583621978760e-02
3.988173231482505798e-02
3.987792506814002991e-02
3.987411409616470337e-02
3.987029567360877991e-02
3.986641392111778259e-02
3.986258804798126221e-02
3.985876217484474182e-02
3.985492885112762451e-02
3.985130041837692261e-02
3.984617441892623901e-02
3.983822464942932129e-02
3.983000665903091431e-02
3.982200101017951965e-02
3.981385007500648499e-02
3.980584815144538879e-02
3.979764133691787720e-02
3.978970274329185486e-02
3.978150337934494019e-02
3.977350890636444092e-02
3.976537659764289856e-02
3.975738584995269775e-02
3.974939882755279541e-02
3.974127396941184998e-02
3.973329067230224609e-02
3.972510620951652527e-02
3.971718996763229370e-02
3.970901295542716980e-02
3.970104083418846130e-02
3.969292715191841125e-02
3.968495875597000122e-02
3.967678919434547424e-02
3.966888785362243652e-02
3.966072574257850647e-02
3.965282812714576721e-02
3.964466974139213562e-02
3.963671624660491943e-02
3.962862491607666016e-02
3.962067514657974243e-02
3.961272910237312317e-02
3.960464522242546082e-02
3.959670290350914001e-02
3.958855941891670227e-02
3.958068415522575378e-02
3.957254812121391296e-02
3.956461697816848755e-02
3.955654799938201904e-02
3.954862058162689209e-02
3.954049199819564819e-02
3.953263163566589355e-02
3.952451050281524658e-02
3.951659426093101501e-02
3.950853645801544189e-02
3.950062394142150879e-02
3.949271142482757568e-02
3.948466479778289795e-02
3.947675973176956177e-02
3.946865722537040710e-02
3.946081548929214478e-02
3.945271670818328857e-02
3.944481909275054932e-02
3.943678736686706543e-02
3.942889347672462463e-02
3.942080587148666382e-02
3.941297903656959534e-02
3.940489515662193298e-02
3.939701244235038757e-02
3.938899561762809753e-02
3.938111662864685059e-02
3.937324136495590210e-02
3.936523199081420898e-02
3.935736045241355896e-02
3.934929519891738892e-02
3.934149071574211121e-02
3.933342918753623962e-02
3.932556882500648499e-02
3.931757062673568726e-02
3.930971398949623108e-02
3.930166363716125488e-02
3.929387405514717102e-02
3.928582742810249329e-02
3.927798196673393250e-02
3.926999866962432861e-02
3.926215693354606628e-02
3.925431892275810242e-02
3.924634307622909546e-02
3.923850879073143005e-02
3.923048079013824463e-02
3.922270983457565308e-02
3.921468555927276611e-02
3.920686244964599609e-02
3.919890150427818298e-02
3.919108211994171143e-02
3.918306902050971985e-02
3.917531296610832214e-02
3.916730359196662903e-02
3.915949165821075439e-02
3.915154933929443359e-02
3.914374113082885742e-02
3.913580253720283508e-02
3.912800177931785583e-02
3.912020102143287659e-02
3.911226987838745117e-02
3.910447657108306885e-02
3.909648954868316650e-02
3.908875957131385803e-02
3.908077627420425415e-02
3.907299041748046875e-02
3.906507417559623718e-02
3.905729576945304871e-02
3.904932364821434021e-02
3.904160857200622559e-02
3.903364017605781555e-02
3.902586922049522400e-02
3.901796787977218628e-02
3.901020064949989319e-02
3.900243714451789856e-02
3.899454325437545776e-02
3.898678347468376160e-02
3.897883370518684387e-02
3.897114098072052002e-02
3.896319493651390076e-02
3.895544633269309998e-02
3.894756734371185303e-02
3.893982246518135071e-02
3.893188759684562683e-02
3.892420604825019836e-02
3.891627863049507141e-02
3.890854120254516602e-02
3.890067711472511292e-02
3.889294713735580444e-02
3.888521715998649597e-02
3.887736052274703979e-02
3.886963799595832825e-02
3.886172547936439514e-02
3.885406628251075745e-02
3.884615749120712280e-02
3.883844614028930664e-02
3.883060067892074585e-02
3.882289305329322815e-02
3.881499543786048889e-02
3.880735114216804504e-02
3.879945725202560425e-02
3.879175707697868347e-02
3.878256306052207947e-02
3.876140341162681580e-02
3.874001652002334595e-02
3.871889784932136536e-02
3.869773820042610168e-02
3.867646679282188416e-02
3.865534439682960510e-02
3.863411024212837219e-02
3.861302509903907776e-02
3.859182447195053101e-02
3.857077658176422119e-02
3.854961693286895752e-02
3.852860629558563232e-02
3.850767016410827637e-02
3.848650678992271423e-02
3.846560791134834290e-02
3.844448179006576538e-02
3.842361643910408020e-02
3.840252757072448730e-02
3.838170319795608521e-02
3.836064785718917847e-02
3.833985701203346252e-02
3.831884264945983887e-02
3.829808905720710754e-02
3.827729448676109314e-02
3.825639188289642334e-02
3.823563456535339355e-02
3.821476548910140991e-02
3.819404542446136475e-02
3.817321360111236572e-02
3.815253078937530518e-02
3.813173621892929077e-02
3.811108693480491638e-02
3.809051215648651123e-02
3.806971386075019836e-02
3.804917633533477783e-02
3.802841156721115112e-02
3.800791129469871521e-02
3.798718377947807312e-02
3.796671703457832336e-02
3.794602677226066589e-02
3.792559355497360229e-02
3.790494054555892944e-02
3.788454458117485046e-02
3.786411136388778687e-02
3.784356638789176941e-02
3.782316669821739197e-02
