# dFOM/di
3.905462034152462061e-04
2.931306184941410986e-03
1.363918723855363745e-02
3.757334308034400439e-02
7.719313540842628885e-02
1.321357848675336621e-01
1.996180477245603491e-01
2.750042736806327937e-01
3.524857034045431603e-01
4.258006932311301784e-01
4.889171150225268270e-01
5.366038460625845996e-01
5.648388363591118067e-01
5.710314846325569293e-01
5.540685856609030013e-01
5.142180550712631693e-01
4.529383407657426308e-01
3.726433001943800227e-01
2.764649456232826652e-01
1.680438780994629455e-01
5.136332338712482071e-02
-6.936980333758051287e-02
-1.898030623994184651e-01
-3.054887391121158813e-01
-4.119228645615664042e-01
-5.045912343016597523e-01
-5.790402008314953219e-01
-6.309875606468942077e-01
-6.564841022419904970e-01
-6.521289492160508017e-01
-6.153315992936969625e-01
-5.446010773750598055e-01
-4.398294908411174986e-01
-3.025262802034513476e-01
-1.359542163718809871e-01
5.487778253406395274e-02
2.633946718038807644e-01
4.818122210934948635e-01
7.016436128027430108e-01
9.142987194153059383e-01
1.111699102684401863e+00
1.286827462220516027e+00
1.434143033115494958e+00
1.549820606190143835e+00
1.631803058293282316e+00
1.679687255786226130e+00
1.694484511774749791e+00
1.678306512686624563e+00
1.634026435066850080e+00
1.564955956228988754e+00
1.474566015647331474e+00
1.366266062743266785e+00
1.243245522319920360e+00
1.108373420432452683e+00
9.641476100632345725e-01
8.126832651165551979e-01
6.557304753887451820e-01
4.947120926740211644e-01
3.307748190414683265e-01
1.648484535396732564e-01
-2.290043239369654593e-03
-1.699495834063508015e-01
-3.374559524393139220e-01
-5.040809842827287390e-01
-6.689698526128579070e-01
-8.310665593611556989e-01
-9.890382764937629689e-01
-1.141200253857892255e+00
-1.285444594627871417e+00
-1.419178346655201928e+00
-1.539279019209814692e+00
-1.642078630455204191e+00
-1.723390322856048540e+00
-1.778593750865008261e+00
-1.802795797705561309e+00
-1.791080365493392224e+00
-1.738853577511432658e+00
-1.642277692103007114e+00
-1.498768404183146163e+00
-1.307507940297846227e+00
-1.069904802523254927e+00
-7.899167581127644056e-01
-4.741540529802935611e-01
-1.317003114870767266e-01
2.263703725465404104e-01
5.877466888813506207e-01
9.398145469665575291e-01
1.270643006286479304e+00
1.569879381875792568e+00
1.829430747272710711e+00
2.043854690760916082e+00
2.210440018193200906e+00
2.329012065081331073e+00
2.401534945533997156e+00
2.431599033276266031e+00
2.423877947081183759e+00
2.383621648213836597e+00
2.316228677624543320e+00
2.226917578221067284e+00
2.120499202334599875e+00
2.063583485373576831e+00
